%%LAB     777  datapoints: v_lsr [km/s] and T_B [K]
    -399.83     0.034
    -398.80     0.050
    -397.77    -0.029
    -396.74     0.023
    -395.71    -0.064
    -394.68     0.108
    -393.65     0.017
    -392.62    -0.014
    -391.59     0.014
    -390.56    -0.023
    -389.53    -0.011
    -388.50    -0.018
    -387.47    -0.136
    -386.44    -0.033
    -385.41    -0.006
    -384.38    -0.080
    -383.34     0.050
    -382.31     0.055
    -381.28     0.048
    -380.25     0.053
    -379.22     0.042
    -378.19    -0.030
    -377.16    -0.103
    -376.13    -0.032
    -375.10    -0.084
    -374.07     0.007
    -373.04     0.170
    -372.01     0.053
    -370.98     0.079
    -369.95    -0.102
    -368.92     0.048
    -367.89    -0.043
    -366.86     0.024
    -365.83    -0.012
    -364.80     0.006
    -363.77    -0.005
    -362.73     0.007
    -361.70    -0.067
    -360.67    -0.009
    -359.64    -0.031
    -358.61     0.047
    -357.58    -0.115
    -356.55    -0.026
    -355.52    -0.039
    -354.49     0.073
    -353.46     0.025
    -352.43     0.039
    -351.40     0.005
    -350.37     0.072
    -349.34    -0.047
    -348.31    -0.031
    -347.28    -0.059
    -346.25    -0.034
    -345.22    -0.087
    -344.19     0.009
    -343.16     0.082
    -342.12     0.028
    -341.09     0.014
    -340.06    -0.079
    -339.03     0.005
    -338.00     0.054
    -336.97    -0.028
    -335.94     0.091
    -334.91    -0.003
    -333.88     0.060
    -332.85    -0.092
    -331.82     0.077
    -330.79    -0.111
    -329.76     0.007
    -328.73    -0.010
    -327.70     0.027
    -326.67    -0.025
    -325.64     0.183
    -324.61     0.021
    -323.58     0.067
    -322.55    -0.043
    -321.51    -0.004
    -320.48     0.041
    -319.45     0.094
    -318.42     0.044
    -317.39     0.094
    -316.36     0.002
    -315.33    -0.015
    -314.30    -0.070
    -313.27     0.000
    -312.24     0.009
    -311.21    -0.110
    -310.18    -0.009
    -309.15     0.021
    -308.12    -0.049
    -307.09     0.064
    -306.06    -0.004
    -305.03     0.024
    -304.00    -0.020
    -302.97    -0.036
    -301.94    -0.030
    -300.90     0.005
    -299.87     0.013
    -298.84    -0.034
    -297.81     0.039
    -296.78     0.038
    -295.75    -0.003
    -294.72     0.044
    -293.69    -0.051
    -292.66     0.065
    -291.63     0.036
    -290.60     0.017
    -289.57     0.056
    -288.54     0.124
    -287.51    -0.003
    -286.48     0.074
    -285.45     0.090
    -284.42     0.036
    -283.39    -0.028
    -282.36     0.044
    -281.33     0.062
    -280.30    -0.048
    -279.26    -0.087
    -278.23    -0.006
    -277.20     0.146
    -276.17     0.004
    -275.14    -0.056
    -274.11    -0.015
    -273.08    -0.099
    -272.05    -0.052
    -271.02     0.017
    -269.99     0.075
    -268.96     0.031
    -267.93     0.060
    -266.90     0.022
    -265.87     0.083
    -264.84     0.090
    -263.81     0.118
    -262.78    -0.039
    -261.75     0.054
    -260.72    -0.007
    -259.69    -0.006
    -258.65    -0.025
    -257.62    -0.012
    -256.59     0.014
    -255.56     0.024
    -254.53    -0.059
    -253.50     0.074
    -252.47    -0.108
    -251.44     0.006
    -250.41    -0.082
    -249.38     0.035
    -248.35    -0.027
    -247.32     0.031
    -246.29    -0.012
    -245.26     0.066
    -244.23     0.026
    -243.20     0.056
    -242.17    -0.015
    -241.14    -0.005
    -240.11    -0.025
    -239.08     0.031
    -238.04    -0.028
    -237.01     0.033
    -235.98    -0.074
    -234.95     0.038
    -233.92     0.018
    -232.89     0.044
    -231.86    -0.048
    -230.83     0.067
    -229.80     0.019
    -228.77    -0.066
    -227.74    -0.032
    -226.71     0.020
    -225.68     0.028
    -224.65    -0.057
    -223.62    -0.042
    -222.59     0.047
    -221.56     0.002
    -220.53    -0.012
    -219.50    -0.040
    -218.47     0.144
    -217.43    -0.029
    -216.40    -0.044
    -215.37    -0.033
    -214.34     0.061
    -213.31    -0.021
    -212.28     0.056
    -211.25    -0.037
    -210.22     0.021
    -209.19     0.008
    -208.16    -0.028
    -207.13     0.039
    -206.10     0.045
    -205.07    -0.035
    -204.04     0.146
    -203.01    -0.012
    -201.98    -0.002
    -200.95     0.101
    -199.92     0.030
    -198.89     0.000
    -197.86     0.122
    -196.82     0.023
    -195.79     0.052
    -194.76     0.009
    -193.73     0.066
    -192.70     0.059
    -191.67     0.042
    -190.64     0.017
    -189.61    -0.014
    -188.58     0.041
    -187.55    -0.064
    -186.52     0.014
    -185.49     0.007
    -184.46     0.047
    -183.43    -0.071
    -182.40    -0.005
    -181.37     0.014
    -180.34    -0.040
    -179.31     0.007
    -178.28    -0.019
    -177.25    -0.089
    -176.21     0.006
    -175.18     0.060
    -174.15    -0.003
    -173.12    -0.049
    -172.09    -0.021
    -171.06     0.020
    -170.03    -0.047
    -169.00     0.108
    -167.97    -0.087
    -166.94     0.036
    -165.91    -0.069
    -164.88     0.004
    -163.85    -0.041
    -162.82     0.140
    -161.79    -0.009
    -160.76     0.049
    -159.73     0.066
    -158.70     0.022
    -157.67    -0.036
    -156.64     0.011
    -155.60     0.056
    -154.57     0.027
    -153.54     0.066
    -152.51     0.125
    -151.48     0.034
    -150.45    -0.016
    -149.42     0.064
    -148.39     0.120
    -147.36     0.101
    -146.33     0.120
    -145.30     0.067
    -144.27     0.220
    -143.24     0.131
    -142.21     0.307
    -141.18     0.326
    -140.15     0.401
    -139.12     0.382
    -138.09     0.561
    -137.06     0.446
    -136.03     0.743
    -135.00     0.690
    -133.96     0.839
    -132.93     1.028
    -131.90     1.140
    -130.87     1.219
    -129.84     1.336
    -128.81     1.489
    -127.78     1.483
    -126.75     1.695
    -125.72     1.811
    -124.69     1.818
    -123.66     1.881
    -122.63     1.946
    -121.60     2.154
    -120.57     2.597
    -119.54     3.069
    -118.51     3.420
    -117.48     3.938
    -116.45     4.185
    -115.42     4.377
    -114.39     4.550
    -113.35     4.696
    -112.32     4.963
    -111.29     5.473
    -110.26     5.815
    -109.23     5.762
    -108.20     5.396
    -107.17     5.196
    -106.14     5.172
    -105.11     5.839
    -104.08     7.384
    -103.05     8.983
    -102.02    10.443
    -100.99    10.827
     -99.96    10.002
     -98.93     9.046
     -97.90     8.252
     -96.87     8.027
     -95.84     7.846
     -94.81     8.078
     -93.78     8.353
     -92.74     8.980
     -91.71     9.661
     -90.68    10.401
     -89.65    11.150
     -88.62    11.921
     -87.59    12.192
     -86.56    12.782
     -85.53    13.057
     -84.50    13.487
     -83.47    13.560
     -82.44    13.795
     -81.41    13.971
     -80.38    14.240
     -79.35    14.457
     -78.32    14.784
     -77.29    14.849
     -76.26    14.852
     -75.23    14.441
     -74.20    14.106
     -73.17    13.435
     -72.13    12.968
     -71.10    12.408
     -70.07    11.812
     -69.04    11.178
     -68.01    10.388
     -66.98     9.260
     -65.95     8.291
     -64.92     7.346
     -63.89     6.614
     -62.86     5.914
     -61.83     5.585
     -60.80     5.366
     -59.77     5.322
     -58.74     5.397
     -57.71     5.766
     -56.68     6.177
     -55.65     6.914
     -54.62     7.617
     -53.59     8.059
     -52.56     8.588
     -51.52     9.002
     -50.49     9.270
     -49.46     9.274
     -48.43     9.234
     -47.40     9.117
     -46.37     8.805
     -45.34     8.697
     -44.31     8.475
     -43.28     8.496
     -42.25     8.423
     -41.22     8.452
     -40.19     8.380
     -39.16     8.286
     -38.13     8.146
     -37.10     7.747
     -36.07     7.665
     -35.04     7.547
     -34.01     7.505
     -32.98     7.680
     -31.95     7.617
     -30.91     7.728
     -29.88     7.836
     -28.85     8.147
     -27.82     8.582
     -26.79     9.071
     -25.76     9.900
     -24.73    10.624
     -23.70    11.856
     -22.67    13.278
     -21.64    14.739
     -20.61    16.875
     -19.58    18.967
     -18.55    21.740
     -17.52    25.109
     -16.49    29.178
     -15.46    33.973
     -14.43    39.733
     -13.40    46.061
     -12.37    53.091
     -11.34    59.137
     -10.30    64.614
      -9.27    69.716
      -8.24    74.132
      -7.21    77.745
      -6.18    80.520
      -5.15    82.222
      -4.12    84.096
      -3.09    85.976
      -2.06    88.792
      -1.03    92.672
       0.00    97.353
       1.03   100.721
       2.06   104.360
       3.09   106.874
       4.12   106.130
       5.15   110.808
       6.18   115.859
       7.21   116.104
       8.24   114.658
       9.27   111.378
      10.30   105.692
      11.34    98.201
      12.37    89.064
      13.40    78.865
      14.43    68.339
      15.46    57.432
      16.49    46.826
      17.52    36.838
      18.55    28.292
      19.58    21.660
      20.61    16.882
      21.64    12.984
      22.67    10.259
      23.70     7.927
      24.73     6.291
      25.76     4.979
      26.79     3.954
      27.82     3.010
      28.85     2.459
      29.88     1.946
      30.91     1.583
      31.95     1.298
      32.98     1.143
      34.01     0.909
      35.04     0.759
      36.07     0.550
      37.10     0.485
      38.13     0.460
      39.16     0.381
      40.19     0.291
      41.22     0.288
      42.25     0.205
      43.28     0.122
      44.31     0.164
      45.34     0.233
      46.37    -0.019
      47.40     0.195
      48.43     0.064
      49.46     0.216
      50.49     0.087
      51.52     0.100
      52.56     0.115
      53.59     0.092
      54.62     0.020
      55.65     0.115
      56.68    -0.005
      57.71     0.078
      58.74     0.031
      59.77     0.035
      60.80     0.047
      61.83     0.119
      62.86     0.074
      63.89     0.124
      64.92    -0.025
      65.95     0.067
      66.98     0.044
      68.01     0.049
      69.04    -0.016
      70.07     0.102
      71.10    -0.097
      72.13    -0.011
      73.17     0.064
      74.20     0.061
      75.23    -0.056
      76.26     0.028
      77.29     0.093
      78.32     0.157
      79.35     0.011
      80.38    -0.053
      81.41    -0.051
      82.44     0.055
      83.47     0.041
      84.50    -0.089
      85.53     0.086
      86.56     0.057
      87.59    -0.017
      88.62     0.008
      89.65    -0.001
      90.68    -0.032
      91.71    -0.035
      92.74    -0.012
      93.78     0.024
      94.81     0.041
      95.84     0.005
      96.87    -0.030
      97.90    -0.029
      98.93    -0.003
      99.96    -0.004
     100.99    -0.001
     102.02    -0.068
     103.05    -0.049
     104.08     0.019
     105.11     0.002
     106.14     0.008
     107.17     0.054
     108.20    -0.004
     109.23     0.047
     110.26     0.038
     111.29     0.042
     112.32     0.018
     113.35     0.055
     114.39     0.046
     115.42    -0.010
     116.45    -0.009
     117.48     0.027
     118.51     0.024
     119.54     0.098
     120.57     0.083
     121.60     0.037
     122.63    -0.062
     123.66    -0.045
     124.69    -0.029
     125.72     0.049
     126.75     0.010
     127.78    -0.021
     128.81    -0.031
     129.84    -0.075
     130.87     0.029
     131.90     0.028
     132.93    -0.023
     133.96    -0.050
     134.99    -0.072
     136.03    -0.061
     137.06    -0.142
     138.09     0.092
     139.12    -0.091
     140.15    -0.055
     141.18    -0.020
     142.21    -0.028
     143.24     0.006
     144.27     0.079
     145.30    -0.074
     146.33    -0.029
     147.36    -0.046
     148.39    -0.038
     149.42    -0.002
     150.45    -0.047
     151.48    -0.051
     152.51     0.039
     153.54     0.090
     154.57     0.125
     155.60     0.031
     156.64     0.079
     157.67    -0.048
     158.70     0.042
     159.73     0.125
     160.76    -0.085
     161.79     0.001
     162.82     0.105
     163.85    -0.045
     164.88    -0.035
     165.91     0.067
     166.94    -0.011
     167.97     0.041
     169.00     0.107
     170.03    -0.022
     171.06     0.124
     172.09     0.031
     173.12     0.021
     174.15    -0.011
     175.18    -0.010
     176.21    -0.018
     177.25     0.067
     178.28     0.015
     179.31     0.089
     180.34    -0.029
     181.37     0.005
     182.40    -0.059
     183.43     0.086
     184.46     0.084
     185.49    -0.026
     186.52     0.029
     187.55    -0.046
     188.58     0.025
     189.61     0.023
     190.64    -0.040
     191.67    -0.012
     192.70    -0.046
     193.73     0.008
     194.76     0.020
     195.79     0.096
     196.82    -0.039
     197.86     0.021
     198.89     0.001
     199.92     0.021
     200.95    -0.070
     201.98     0.154
     203.01    -0.033
     204.04    -0.001
     205.07    -0.041
     206.10    -0.131
     207.13    -0.004
     208.16    -0.024
     209.19     0.051
     210.22     0.065
     211.25    -0.021
     212.28     0.007
     213.31     0.040
     214.34    -0.012
     215.37     0.034
     216.40     0.011
     217.43    -0.117
     218.47     0.072
     219.50    -0.013
     220.53     0.030
     221.56    -0.050
     222.59    -0.002
     223.62     0.044
     224.65    -0.021
     225.68    -0.023
     226.71     0.040
     227.74    -0.038
     228.77     0.099
     229.80    -0.007
     230.83    -0.055
     231.86    -0.004
     232.89    -0.046
     233.92     0.005
     234.95    -0.009
     235.98    -0.036
     237.01     0.068
     238.04    -0.120
     239.08     0.044
     240.11     0.001
     241.14    -0.014
     242.17    -0.030
     243.20    -0.019
     244.23    -0.037
     245.26    -0.090
     246.29    -0.065
     247.32    -0.056
     248.35     0.016
     249.38     0.060
     250.41    -0.006
     251.44     0.037
     252.47     0.013
     253.50     0.001
     254.53    -0.088
     255.56     0.031
     256.59     0.090
     257.62     0.118
     258.65     0.005
     259.69     0.075
     260.72    -0.060
     261.75     0.053
     262.78    -0.030
     263.81     0.048
     264.84    -0.072
     265.87     0.003
     266.90    -0.071
     267.93     0.016
     268.96    -0.045
     269.99    -0.007
     271.02    -0.008
     272.05     0.115
     273.08    -0.055
     274.11    -0.083
     275.14     0.015
     276.17     0.093
     277.20    -0.057
     278.23     0.065
     279.26    -0.040
     280.29     0.084
     281.33     0.002
     282.36     0.118
     283.39     0.045
     284.42    -0.059
     285.45    -0.009
     286.48    -0.010
     287.51     0.050
     288.54     0.027
     289.57    -0.047
     290.60     0.055
     291.63     0.032
     292.66    -0.044
     293.69    -0.056
     294.72    -0.028
     295.75    -0.048
     296.78    -0.019
     297.81    -0.000
     298.84     0.042
     299.87    -0.102
     300.90     0.013
     301.94     0.099
     302.97     0.073
     304.00     0.145
     305.03    -0.038
     306.06     0.061
     307.09     0.031
     308.12    -0.045
     309.15     0.010
     310.18    -0.055
     311.21     0.024
     312.24    -0.081
     313.27     0.003
     314.30     0.073
     315.33     0.061
     316.36     0.024
     317.39     0.081
     318.42     0.034
     319.45     0.013
     320.48    -0.054
     321.51     0.041
     322.55    -0.004
     323.58    -0.002
     324.61    -0.074
     325.64    -0.007
     326.67    -0.153
     327.70    -0.018
     328.73    -0.030
     329.76     0.047
     330.79    -0.079
     331.82    -0.051
     332.85    -0.017
     333.88     0.022
     334.91    -0.019
     335.94     0.005
     336.97     0.045
     338.00    -0.109
     339.03    -0.022
     340.06     0.017
     341.09     0.020
     342.12    -0.027
     343.16     0.009
     344.19     0.021
     345.22    -0.061
     346.25     0.041
     347.28     0.098
     348.31     0.056
     349.34     0.039
     350.37     0.121
     351.40     0.033
     352.43    -0.008
     353.46    -0.015
     354.49     0.102
     355.52     0.054
     356.55    -0.005
     357.58    -0.033
     358.61    -0.080
     359.64     0.047
     360.67     0.039
     361.70    -0.018
     362.73    -0.076
     363.77    -0.039
     364.80     0.003
     365.83    -0.042
     366.86    -0.012
     367.89    -0.039
     368.92     0.037
     369.95    -0.027
     370.98    -0.026
     372.01    -0.009
     373.04     0.015
     374.07    -0.057
     375.10     0.023
     376.13     0.036
     377.16     0.023
     378.19    -0.072
     379.22     0.034
     380.25     0.032
     381.28    -0.023
     382.31     0.072
     383.34     0.038
     384.38    -0.052
     385.41     0.086
     386.44     0.034
     387.47     0.018
     388.50    -0.010
     389.53    -0.058
     390.56    -0.068
     391.59     0.056
     392.62    -0.047
     393.65     0.095
     394.68     0.086
     395.71     0.017
     396.74     0.131
     397.77     0.027
     398.80    -0.003
     399.83     0.033