%%LAB     777  datapoints: v_lsr [km/s] and T_B [K]
    -399.82     0.012
    -398.79    -0.035
    -397.76    -0.058
    -396.73     0.059
    -395.70     0.021
    -394.67    -0.127
    -393.64     0.091
    -392.61    -0.004
    -391.58     0.026
    -390.55    -0.032
    -389.52     0.003
    -388.49    -0.054
    -387.46    -0.000
    -386.43    -0.053
    -385.40     0.023
    -384.36    -0.057
    -383.33     0.008
    -382.30    -0.068
    -381.27     0.081
    -380.24    -0.024
    -379.21    -0.006
    -378.18     0.006
    -377.15     0.001
    -376.12    -0.005
    -375.09     0.007
    -374.06     0.052
    -373.03    -0.059
    -372.00     0.042
    -370.97    -0.095
    -369.94    -0.063
    -368.91    -0.021
    -367.88     0.018
    -366.85    -0.084
    -365.82    -0.176
    -364.79     0.046
    -363.76     0.042
    -362.73     0.038
    -361.69     0.016
    -360.66    -0.058
    -359.63    -0.087
    -358.60    -0.054
    -357.57    -0.012
    -356.54    -0.013
    -355.51    -0.030
    -354.48    -0.004
    -353.45     0.069
    -352.42    -0.024
    -351.39    -0.022
    -350.36     0.089
    -349.33     0.048
    -348.30    -0.018
    -347.27     0.012
    -346.24    -0.015
    -345.21    -0.013
    -344.18     0.079
    -343.15     0.033
    -342.12     0.027
    -341.09    -0.054
    -340.05     0.023
    -339.02    -0.000
    -337.99     0.088
    -336.96    -0.061
    -335.93     0.021
    -334.90    -0.053
    -333.87    -0.023
    -332.84    -0.012
    -331.81     0.019
    -330.78    -0.070
    -329.75    -0.043
    -328.72    -0.038
    -327.69     0.003
    -326.66    -0.013
    -325.63     0.005
    -324.60     0.033
    -323.57     0.062
    -322.54    -0.052
    -321.51    -0.030
    -320.48     0.072
    -319.45     0.016
    -318.41     0.027
    -317.38     0.041
    -316.35    -0.063
    -315.32     0.087
    -314.29    -0.069
    -313.26     0.039
    -312.23    -0.009
    -311.20     0.038
    -310.17    -0.007
    -309.14    -0.018
    -308.11     0.019
    -307.08     0.052
    -306.05    -0.056
    -305.02     0.099
    -303.99    -0.025
    -302.96    -0.019
    -301.93    -0.114
    -300.90    -0.004
    -299.87    -0.060
    -298.84     0.008
    -297.81    -0.019
    -296.78     0.027
    -295.74    -0.023
    -294.71    -0.047
    -293.68     0.055
    -292.65     0.089
    -291.62     0.003
    -290.59     0.090
    -289.56     0.004
    -288.53     0.018
    -287.50    -0.092
    -286.47     0.012
    -285.44    -0.038
    -284.41     0.030
    -283.38    -0.089
    -282.35     0.006
    -281.32    -0.068
    -280.29     0.123
    -279.26    -0.041
    -278.23     0.074
    -277.20     0.023
    -276.17     0.052
    -275.14    -0.028
    -274.10    -0.001
    -273.07     0.067
    -272.04    -0.107
    -271.01    -0.050
    -269.98    -0.033
    -268.95     0.018
    -267.92     0.059
    -266.89    -0.024
    -265.86     0.054
    -264.83    -0.056
    -263.80     0.011
    -262.77     0.006
    -261.74    -0.006
    -260.71    -0.048
    -259.68     0.004
    -258.65    -0.010
    -257.62     0.055
    -256.59    -0.057
    -255.56     0.089
    -254.53     0.044
    -253.50     0.038
    -252.46    -0.022
    -251.43     0.056
    -250.40    -0.081
    -249.37     0.027
    -248.34    -0.095
    -247.31     0.011
    -246.28    -0.109
    -245.25    -0.048
    -244.22     0.072
    -243.19     0.078
    -242.16    -0.003
    -241.13     0.056
    -240.10    -0.110
    -239.07     0.082
    -238.04    -0.023
    -237.01     0.139
    -235.98     0.014
    -234.95     0.045
    -233.92    -0.034
    -232.89     0.057
    -231.86    -0.029
    -230.83     0.171
    -229.79    -0.047
    -228.76     0.031
    -227.73    -0.017
    -226.70    -0.038
    -225.67     0.042
    -224.64     0.023
    -223.61    -0.083
    -222.58    -0.021
    -221.55     0.018
    -220.52    -0.000
    -219.49     0.000
    -218.46     0.083
    -217.43     0.069
    -216.40    -0.022
    -215.37     0.023
    -214.34    -0.000
    -213.31     0.005
    -212.28     0.072
    -211.25     0.020
    -210.22    -0.067
    -209.19    -0.030
    -208.15    -0.011
    -207.12     0.010
    -206.09    -0.015
    -205.06    -0.008
    -204.03     0.045
    -203.00    -0.010
    -201.97     0.083
    -200.94     0.029
    -199.91    -0.086
    -198.88     0.056
    -197.85     0.000
    -196.82    -0.027
    -195.79     0.067
    -194.76    -0.119
    -193.73     0.017
    -192.70     0.010
    -191.67     0.098
    -190.64    -0.055
    -189.61     0.066
    -188.58     0.062
    -187.55    -0.028
    -186.51    -0.046
    -185.48     0.055
    -184.45     0.005
    -183.42    -0.067
    -182.39    -0.005
    -181.36    -0.070
    -180.33     0.032
    -179.30     0.011
    -178.27    -0.012
    -177.24     0.092
    -176.21     0.008
    -175.18     0.073
    -174.15    -0.015
    -173.12     0.062
    -172.09     0.113
    -171.06     0.013
    -170.03    -0.054
    -169.00     0.083
    -167.97    -0.008
    -166.94    -0.029
    -165.91    -0.006
    -164.88    -0.025
    -163.84     0.056
    -162.81     0.040
    -161.78     0.001
    -160.75     0.060
    -159.72    -0.023
    -158.69    -0.030
    -157.66    -0.094
    -156.63    -0.081
    -155.60    -0.095
    -154.57    -0.017
    -153.54    -0.028
    -152.51     0.011
    -151.48    -0.025
    -150.45    -0.079
    -149.42    -0.035
    -148.39     0.059
    -147.36     0.101
    -146.33     0.018
    -145.30    -0.044
    -144.27     0.036
    -143.24    -0.018
    -142.20    -0.021
    -141.17    -0.056
    -140.14     0.036
    -139.11    -0.103
    -138.08    -0.005
    -137.05    -0.020
    -136.02    -0.056
    -134.99    -0.048
    -133.96     0.043
    -132.93     0.015
    -131.90     0.006
    -130.87     0.010
    -129.84     0.064
    -128.81     0.118
    -127.78    -0.045
    -126.75     0.022
    -125.72     0.129
    -124.69     0.136
    -123.66     0.144
    -122.63     0.186
    -121.60     0.256
    -120.56     0.144
    -119.53     0.250
    -118.50     0.253
    -117.47     0.317
    -116.44     0.303
    -115.41     0.380
    -114.38     0.466
    -113.35     0.560
    -112.32     0.654
    -111.29     0.720
    -110.26     0.664
    -109.23     0.781
    -108.20     0.932
    -107.17     0.944
    -106.14     1.014
    -105.11     1.167
    -104.08     1.104
    -103.05     1.304
    -102.02     1.334
    -100.99     1.458
     -99.96     1.535
     -98.93     1.577
     -97.89     1.614
     -96.86     1.611
     -95.83     1.592
     -94.80     1.561
     -93.77     1.626
     -92.74     1.679
     -91.71     1.404
     -90.68     1.469
     -89.65     1.467
     -88.62     1.401
     -87.59     1.397
     -86.56     1.316
     -85.53     1.090
     -84.50     1.034
     -83.47     1.090
     -82.44     0.875
     -81.41     0.631
     -80.38     0.627
     -79.35     0.501
     -78.32     0.466
     -77.29     0.432
     -76.25     0.394
     -75.22     0.189
     -74.19     0.199
     -73.16     0.205
     -72.13     0.206
     -71.10     0.139
     -70.07     0.041
     -69.04    -0.006
     -68.01     0.027
     -66.98     0.047
     -65.95    -0.034
     -64.92    -0.045
     -63.89     0.112
     -62.86    -0.019
     -61.83     0.085
     -60.80    -0.044
     -59.77    -0.044
     -58.74     0.157
     -57.71     0.082
     -56.68     0.012
     -55.65     0.124
     -54.61    -0.016
     -53.58    -0.053
     -52.55    -0.041
     -51.52    -0.084
     -50.49    -0.015
     -49.46     0.049
     -48.43    -0.061
     -47.40     0.043
     -46.37    -0.008
     -45.34    -0.003
     -44.31     0.053
     -43.28     0.046
     -42.25     0.004
     -41.22     0.048
     -40.19     0.021
     -39.16     0.150
     -38.13     0.014
     -37.10     0.106
     -36.07     0.035
     -35.04     0.080
     -34.01     0.106
     -32.98     0.114
     -31.94     0.101
     -30.91     0.100
     -29.88     0.215
     -28.85     0.224
     -27.82     0.205
     -26.79     0.194
     -25.76     0.258
     -24.73     0.375
     -23.70     0.386
     -22.67     0.504
     -21.64     0.442
     -20.61     0.731
     -19.58     0.717
     -18.55     0.854
     -17.52     0.882
     -16.49     1.146
     -15.46     1.283
     -14.43     1.606
     -13.40     1.889
     -12.37     2.337
     -11.34     2.801
     -10.30     3.515
      -9.27     4.213
      -8.24     5.322
      -7.21     6.248
      -6.18     7.361
      -5.15     8.425
      -4.12     9.295
      -3.09    10.259
      -2.06    10.779
      -1.03    11.269
       0.00    11.687
       1.03    12.122
       2.06    13.038
       3.09    13.797
       4.12    14.143
       5.15    13.422
       6.18    12.432
       7.21    11.275
       8.24    10.227
       9.27     9.209
      10.30     8.130
      11.34     6.912
      12.37     6.051
      13.40     5.304
      14.43     4.670
      15.46     4.146
      16.49     3.603
      17.52     3.078
      18.55     2.778
      19.58     2.414
      20.61     2.003
      21.64     1.795
      22.67     1.410
      23.70     1.311
      24.73     1.108
      25.76     0.996
      26.79     0.759
      27.82     0.585
      28.85     0.503
      29.88     0.392
      30.91     0.265
      31.94     0.329
      32.97     0.174
      34.01     0.109
      35.04     0.156
      36.07     0.034
      37.10     0.085
      38.13     0.102
      39.16     0.034
      40.19    -0.081
      41.22     0.111
      42.25    -0.074
      43.28     0.054
      44.31     0.001
      45.34     0.039
      46.37    -0.040
      47.40     0.055
      48.43     0.099
      49.46     0.105
      50.49     0.044
      51.52     0.043
      52.55     0.067
      53.58    -0.000
      54.61     0.048
      55.65     0.010
      56.68     0.026
      57.71     0.166
      58.74     0.004
      59.77     0.062
      60.80     0.016
      61.83     0.060
      62.86    -0.085
      63.89     0.065
      64.92    -0.058
      65.95     0.079
      66.98    -0.013
      68.01     0.033
      69.04    -0.023
      70.07    -0.038
      71.10     0.092
      72.13    -0.044
      73.16     0.007
      74.19    -0.006
      75.22     0.050
      76.25     0.039
      77.29     0.008
      78.32     0.043
      79.35    -0.090
      80.38     0.100
      81.41    -0.040
      82.44     0.027
      83.47    -0.058
      84.50    -0.046
      85.53    -0.015
      86.56     0.012
      87.59     0.001
      88.62     0.068
      89.65    -0.066
      90.68     0.070
      91.71     0.024
      92.74    -0.076
      93.77    -0.054
      94.80     0.075
      95.83    -0.002
      96.86     0.017
      97.89    -0.031
      98.92    -0.012
      99.96    -0.027
     100.99    -0.036
     102.02    -0.122
     103.05    -0.134
     104.08     0.058
     105.11     0.039
     106.14    -0.029
     107.17    -0.051
     108.20     0.021
     109.23     0.064
     110.26    -0.000
     111.29     0.012
     112.32    -0.020
     113.35     0.136
     114.38    -0.084
     115.41     0.081
     116.44    -0.063
     117.47    -0.043
     118.50     0.015
     119.53     0.037
     120.56    -0.019
     121.60     0.004
     122.63    -0.044
     123.66     0.049
     124.69     0.016
     125.72     0.008
     126.75    -0.059
     127.78     0.024
     128.81     0.023
     129.84     0.018
     130.87     0.114
     131.90     0.080
     132.93    -0.033
     133.96    -0.016
     134.99    -0.036
     136.02     0.052
     137.05     0.040
     138.08     0.013
     139.11     0.033
     140.14     0.072
     141.17    -0.018
     142.20     0.058
     143.24    -0.016
     144.27     0.000
     145.30    -0.015
     146.33     0.057
     147.36    -0.024
     148.39     0.074
     149.42     0.072
     150.45    -0.091
     151.48    -0.017
     152.51    -0.038
     153.54     0.049
     154.57     0.122
     155.60     0.028
     156.63    -0.016
     157.66    -0.009
     158.69     0.042
     159.72    -0.087
     160.75    -0.040
     161.78    -0.060
     162.81     0.062
     163.84     0.082
     164.88    -0.003
     165.91     0.024
     166.94     0.051
     167.97     0.029
     169.00    -0.084
     170.03    -0.095
     171.06    -0.020
     172.09    -0.058
     173.12     0.005
     174.15    -0.072
     175.18     0.056
     176.21     0.005
     177.24     0.060
     178.27     0.006
     179.30     0.029
     180.33    -0.076
     181.36     0.041
     182.39    -0.003
     183.42     0.038
     184.45     0.010
     185.48     0.051
     186.51     0.022
     187.55     0.055
     188.58    -0.079
     189.61     0.027
     190.64     0.035
     191.67     0.055
     192.70    -0.054
     193.73     0.125
     194.76    -0.004
     195.79    -0.034
     196.82     0.052
     197.85     0.014
     198.88    -0.006
     199.91     0.054
     200.94     0.060
     201.97     0.020
     203.00    -0.020
     204.03     0.021
     205.06     0.038
     206.09     0.111
     207.12     0.040
     208.15     0.043
     209.19    -0.015
     210.22    -0.012
     211.25    -0.101
     212.28     0.071
     213.31    -0.066
     214.34     0.117
     215.37    -0.045
     216.40     0.043
     217.43     0.030
     218.46     0.016
     219.49     0.091
     220.52    -0.044
     221.55    -0.071
     222.58     0.041
     223.61    -0.030
     224.64     0.092
     225.67     0.067
     226.70     0.031
     227.73     0.013
     228.76     0.037
     229.79     0.017
     230.83     0.067
     231.86     0.080
     232.89    -0.182
     233.92    -0.011
     234.95    -0.153
     235.98    -0.090
     237.01    -0.024
     238.04    -0.172
     239.07    -0.124
     240.10     0.006
     241.13    -0.009
     242.16    -0.102
     243.19    -0.079
     244.22    -0.058
     245.25    -0.069
     246.28    -0.054
     247.31     0.069
     248.34     0.044
     249.37     0.080
     250.40    -0.009
     251.43     0.001
     252.46    -0.040
     253.50     0.010
     254.53     0.014
     255.56     0.009
     256.59    -0.133
     257.62     0.027
     258.65     0.052
     259.68    -0.035
     260.71     0.025
     261.74    -0.011
     262.77     0.050
     263.80    -0.087
     264.83    -0.035
     265.86     0.065
     266.89     0.057
     267.92     0.085
     268.95    -0.035
     269.98     0.029
     271.01     0.036
     272.04     0.017
     273.07     0.035
     274.10     0.039
     275.14     0.088
     276.17     0.082
     277.20    -0.082
     278.23    -0.074
     279.26     0.107
     280.29     0.055
     281.32     0.027
     282.35     0.009
     283.38    -0.000
     284.41    -0.026
     285.44     0.020
     286.47    -0.026
     287.50    -0.002
     288.53     0.001
     289.56    -0.040
     290.59     0.070
     291.62    -0.085
     292.65     0.010
     293.68    -0.012
     294.71     0.093
     295.74    -0.059
     296.78     0.046
     297.81    -0.044
     298.84     0.070
     299.87    -0.000
     300.90     0.034
     301.93    -0.043
     302.96     0.006
     303.99    -0.012
     305.02     0.017
     306.05     0.017
     307.08     0.035
     308.11     0.021
     309.14    -0.056
     310.17    -0.098
     311.20     0.049
     312.23    -0.007
     313.26    -0.102
     314.29    -0.057
     315.32     0.085
     316.35    -0.053
     317.38     0.013
     318.41     0.021
     319.45     0.090
     320.48    -0.004
     321.51     0.037
     322.54     0.045
     323.57     0.094
     324.60     0.073
     325.63    -0.036
     326.66    -0.057
     327.69     0.079
     328.72    -0.007
     329.75    -0.096
     330.78    -0.032
     331.81    -0.027
     332.84    -0.002
     333.87    -0.111
     334.90    -0.003
     335.93    -0.042
     336.96    -0.107
     337.99     0.029
     339.02     0.080
     340.05    -0.103
     341.09    -0.107
     342.12     0.070
     343.15    -0.112
     344.18     0.012
     345.21    -0.009
     346.24     0.069
     347.27    -0.027
     348.30     0.010
     349.33    -0.021
     350.36    -0.038
     351.39    -0.043
     352.42     0.141
     353.45     0.026
     354.48    -0.029
     355.51    -0.098
     356.54     0.045
     357.57    -0.090
     358.60     0.015
     359.63     0.078
     360.66     0.008
     361.69    -0.085
     362.73    -0.024
     363.76    -0.008
     364.79     0.097
     365.82    -0.033
     366.85    -0.018
     367.88    -0.005
     368.91     0.006
     369.94     0.039
     370.97     0.042
     372.00    -0.024
     373.03     0.097
     374.06    -0.059
     375.09    -0.040
     376.12     0.034
     377.15     0.130
     378.18    -0.036
     379.21     0.016
     380.24     0.062
     381.27     0.017
     382.30     0.038
     383.33    -0.064
     384.36    -0.038
     385.40     0.035
     386.43    -0.130
     387.46     0.021
     388.49     0.006
     389.52     0.132
     390.55    -0.044
     391.58     0.121
     392.61     0.110
     393.64     0.159
     394.67     0.070
     395.70     0.094
     396.73     0.045
     397.76     0.165
     398.79    -0.030
     399.82     0.008