%%LAB     777  datapoints: v_lsr [km/s] and T_B [K]
    -399.87     0.029
    -398.84     0.001
    -397.81    -0.009
    -396.78    -0.006
    -395.75     0.051
    -394.72    -0.021
    -393.68    -0.022
    -392.65    -0.056
    -391.62    -0.045
    -390.59    -0.036
    -389.56    -0.009
    -388.53    -0.027
    -387.50     0.013
    -386.47     0.072
    -385.44    -0.001
    -384.41     0.040
    -383.38     0.021
    -382.35     0.004
    -381.32     0.024
    -380.29    -0.004
    -379.26     0.025
    -378.23     0.057
    -377.20     0.013
    -376.16    -0.026
    -375.13     0.029
    -374.10    -0.098
    -373.07    -0.063
    -372.04    -0.015
    -371.01     0.019
    -369.98    -0.040
    -368.95    -0.022
    -367.92    -0.052
    -366.89     0.105
    -365.86     0.018
    -364.83     0.041
    -363.80    -0.040
    -362.77     0.029
    -361.74    -0.000
    -360.71    -0.047
    -359.68    -0.045
    -358.64     0.011
    -357.61     0.027
    -356.58     0.055
    -355.55    -0.089
    -354.52     0.051
    -353.49    -0.061
    -352.46     0.015
    -351.43    -0.025
    -350.40     0.070
    -349.37     0.041
    -348.34    -0.030
    -347.31     0.028
    -346.28    -0.042
    -345.25     0.012
    -344.22     0.078
    -343.19     0.089
    -342.16     0.075
    -341.12     0.006
    -340.09     0.071
    -339.06    -0.028
    -338.03     0.045
    -337.00     0.092
    -335.97    -0.041
    -334.94    -0.034
    -333.91     0.129
    -332.88    -0.097
    -331.85     0.011
    -330.82     0.010
    -329.79    -0.034
    -328.76    -0.038
    -327.73     0.082
    -326.70    -0.056
    -325.67     0.034
    -324.64     0.013
    -323.60    -0.054
    -322.57     0.003
    -321.54    -0.066
    -320.51    -0.004
    -319.48    -0.011
    -318.45     0.042
    -317.42    -0.005
    -316.39    -0.092
    -315.36     0.103
    -314.33    -0.032
    -313.30     0.020
    -312.27    -0.028
    -311.24    -0.056
    -310.21    -0.046
    -309.18     0.068
    -308.15    -0.084
    -307.12     0.088
    -306.08     0.011
    -305.05     0.019
    -304.02    -0.004
    -302.99     0.080
    -301.96     0.002
    -300.93     0.074
    -299.90    -0.098
    -298.87    -0.028
    -297.84    -0.051
    -296.81    -0.006
    -295.78    -0.037
    -294.75     0.108
    -293.72    -0.010
    -292.69     0.112
    -291.66    -0.000
    -290.63     0.022
    -289.60     0.018
    -288.56     0.054
    -287.53    -0.010
    -286.50     0.070
    -285.47    -0.055
    -284.44     0.076
    -283.41     0.006
    -282.38     0.027
    -281.35    -0.024
    -280.32     0.112
    -279.29     0.074
    -278.26     0.069
    -277.23    -0.013
    -276.20     0.035
    -275.17     0.011
    -274.14     0.020
    -273.11    -0.079
    -272.08     0.012
    -271.04    -0.046
    -270.01     0.082
    -268.98     0.041
    -267.95    -0.047
    -266.92    -0.083
    -265.89     0.054
    -264.86    -0.056
    -263.83     0.058
    -262.80    -0.019
    -261.77     0.026
    -260.74    -0.065
    -259.71     0.116
    -258.68    -0.028
    -257.65     0.010
    -256.62    -0.065
    -255.59     0.022
    -254.56    -0.021
    -253.52     0.007
    -252.49     0.057
    -251.46     0.146
    -250.43    -0.091
    -249.40     0.019
    -248.37     0.002
    -247.34     0.101
    -246.31    -0.059
    -245.28     0.015
    -244.25    -0.008
    -243.22     0.017
    -242.19    -0.016
    -241.16     0.002
    -240.13    -0.112
    -239.10    -0.031
    -238.07     0.057
    -237.04     0.032
    -236.00     0.023
    -234.97    -0.039
    -233.94    -0.042
    -232.91    -0.086
    -231.88    -0.089
    -230.85    -0.028
    -229.82     0.008
    -228.79     0.093
    -227.76    -0.045
    -226.73     0.008
    -225.70     0.055
    -224.67    -0.032
    -223.64    -0.055
    -222.61     0.050
    -221.58     0.052
    -220.55     0.013
    -219.52    -0.013
    -218.48     0.019
    -217.45    -0.034
    -216.42    -0.054
    -215.39    -0.080
    -214.36    -0.029
    -213.33    -0.048
    -212.30     0.044
    -211.27    -0.014
    -210.24    -0.018
    -209.21    -0.044
    -208.18    -0.036
    -207.15     0.091
    -206.12     0.019
    -205.09     0.097
    -204.06     0.014
    -203.03    -0.079
    -202.00    -0.018
    -200.96     0.043
    -199.93     0.017
    -198.90    -0.050
    -197.87    -0.060
    -196.84    -0.099
    -195.81     0.093
    -194.78    -0.022
    -193.75    -0.068
    -192.72    -0.072
    -191.69     0.041
    -190.66     0.003
    -189.63    -0.032
    -188.60    -0.012
    -187.57     0.063
    -186.54     0.082
    -185.51     0.069
    -184.48    -0.008
    -183.44     0.001
    -182.41     0.020
    -181.38    -0.052
    -180.35    -0.044
    -179.32     0.070
    -178.29    -0.003
    -177.26    -0.022
    -176.23     0.010
    -175.20     0.023
    -174.17    -0.034
    -173.14     0.042
    -172.11     0.064
    -171.08     0.070
    -170.05    -0.034
    -169.02    -0.032
    -167.99    -0.065
    -166.96     0.072
    -165.92    -0.038
    -164.89    -0.041
    -163.86    -0.015
    -162.83    -0.075
    -161.80     0.004
    -160.77     0.061
    -159.74    -0.076
    -158.71     0.003
    -157.68    -0.001
    -156.65    -0.000
    -155.62     0.015
    -154.59    -0.069
    -153.56     0.052
    -152.53     0.004
    -151.50    -0.121
    -150.47     0.072
    -149.44    -0.019
    -148.40     0.058
    -147.37     0.053
    -146.34     0.058
    -145.31    -0.046
    -144.28     0.098
    -143.25     0.041
    -142.22     0.090
    -141.19    -0.046
    -140.16    -0.009
    -139.13     0.044
    -138.10     0.040
    -137.07     0.109
    -136.04     0.046
    -135.01     0.053
    -133.98     0.064
    -132.95     0.020
    -131.92     0.008
    -130.88     0.129
    -129.85     0.077
    -128.82    -0.021
    -127.79     0.028
    -126.76     0.141
    -125.73     0.088
    -124.70     0.123
    -123.67     0.143
    -122.64     0.065
    -121.61     0.144
    -120.58     0.182
    -119.55     0.207
    -118.52     0.132
    -117.49     0.136
    -116.46     0.156
    -115.43     0.154
    -114.40     0.187
    -113.36     0.145
    -112.33     0.216
    -111.30     0.247
    -110.27     0.211
    -109.24     0.193
    -108.21     0.194
    -107.18     0.241
    -106.15     0.180
    -105.12     0.289
    -104.09     0.274
    -103.06     0.310
    -102.03     0.132
    -101.00     0.263
     -99.97     0.289
     -98.94     0.217
     -97.91     0.191
     -96.88     0.317
     -95.84     0.222
     -94.81     0.294
     -93.78     0.335
     -92.75     0.209
     -91.72     0.261
     -90.69     0.354
     -89.66     0.267
     -88.63     0.457
     -87.60     0.294
     -86.57     0.321
     -85.54     0.360
     -84.51     0.296
     -83.48     0.356
     -82.45     0.286
     -81.42     0.294
     -80.39     0.449
     -79.36     0.383
     -78.32     0.279
     -77.29     0.361
     -76.26     0.418
     -75.23     0.402
     -74.20     0.371
     -73.17     0.357
     -72.14     0.485
     -71.11     0.449
     -70.08     0.493
     -69.05     0.454
     -68.02     0.539
     -66.99     0.518
     -65.96     0.633
     -64.93     0.512
     -63.90     0.624
     -62.87     0.550
     -61.84     0.612
     -60.80     0.588
     -59.77     0.699
     -58.74     0.725
     -57.71     0.803
     -56.68     0.773
     -55.65     0.871
     -54.62     0.797
     -53.59     1.000
     -52.56     0.899
     -51.53     1.004
     -50.50     1.017
     -49.47     1.079
     -48.44     1.067
     -47.41     1.188
     -46.38     1.208
     -45.35     1.251
     -44.32     1.287
     -43.28     1.332
     -42.25     1.358
     -41.22     1.554
     -40.19     1.512
     -39.16     1.630
     -38.13     1.592
     -37.10     1.732
     -36.07     1.779
     -35.04     1.971
     -34.01     2.063
     -32.98     2.358
     -31.95     2.666
     -30.92     2.746
     -29.89     3.017
     -28.86     3.325
     -27.83     3.707
     -26.80     4.006
     -25.76     4.436
     -24.73     4.959
     -23.70     5.720
     -22.67     6.819
     -21.64     8.144
     -20.61     9.692
     -19.58    10.902
     -18.55    11.487
     -17.52    11.668
     -16.49    11.474
     -15.46    11.013
     -14.43    10.356
     -13.40     9.836
     -12.37     9.637
     -11.34     9.927
     -10.31    10.504
      -9.28    11.993
      -8.24    13.636
      -7.21    15.912
      -6.18    17.587
      -5.15    18.995
      -4.12    20.977
      -3.09    23.653
      -2.06    27.422
      -1.03    31.489
       0.00    35.245
       1.03    37.959
       2.06    39.532
       3.09    40.494
       4.12    40.502
       5.15    38.039
       6.18    32.615
       7.21    26.732
       8.24    23.014
       9.28    22.126
      10.31    20.077
      11.34    14.399
      12.37     9.230
      13.40     6.271
      14.43     4.694
      15.46     3.519
      16.49     2.924
      17.52     2.333
      18.55     1.893
      19.58     1.621
      20.61     1.437
      21.64     1.186
      22.67     1.001
      23.70     0.747
      24.73     0.649
      25.76     0.545
      26.80     0.574
      27.83     0.360
      28.86     0.308
      29.89     0.338
      30.92     0.347
      31.95     0.210
      32.98     0.291
      34.01     0.117
      35.04     0.227
      36.07     0.225
      37.10     0.135
      38.13     0.053
      39.16     0.012
      40.19     0.216
      41.22     0.074
      42.25     0.047
      43.28     0.059
      44.32     0.072
      45.35     0.112
      46.38    -0.013
      47.41     0.127
      48.44    -0.048
      49.47     0.111
      50.50     0.087
      51.53     0.068
      52.56     0.031
      53.59     0.036
      54.62     0.053
      55.65     0.016
      56.68    -0.020
      57.71    -0.052
      58.74     0.040
      59.77     0.055
      60.80    -0.032
      61.84     0.126
      62.87    -0.009
      63.90     0.099
      64.93     0.072
      65.96     0.040
      66.99    -0.040
      68.02     0.049
      69.05    -0.035
      70.08    -0.057
      71.11     0.027
      72.14     0.052
      73.17     0.054
      74.20     0.035
      75.23    -0.016
      76.26     0.138
      77.29    -0.027
      78.32    -0.011
      79.36     0.043
      80.39     0.095
      81.42     0.093
      82.45     0.046
      83.48     0.062
      84.51     0.016
      85.54    -0.036
      86.57     0.024
      87.60    -0.054
      88.63     0.020
      89.66    -0.014
      90.69    -0.022
      91.72    -0.004
      92.75    -0.001
      93.78     0.013
      94.81     0.088
      95.84    -0.027
      96.88     0.009
      97.91    -0.042
      98.94     0.002
      99.97     0.044
     101.00     0.030
     102.03    -0.049
     103.06     0.038
     104.09    -0.004
     105.12    -0.141
     106.15    -0.037
     107.18    -0.011
     108.21    -0.030
     109.24     0.099
     110.27     0.072
     111.30    -0.011
     112.33     0.029
     113.36     0.049
     114.40     0.033
     115.43    -0.014
     116.46    -0.135
     117.49    -0.078
     118.52    -0.050
     119.55     0.076
     120.58    -0.053
     121.61     0.028
     122.64    -0.097
     123.67     0.012
     124.70     0.064
     125.73     0.071
     126.76    -0.063
     127.79     0.022
     128.82    -0.002
     129.85    -0.009
     130.88    -0.057
     131.92     0.010
     132.95    -0.057
     133.98     0.092
     135.01     0.030
     136.04    -0.029
     137.07     0.047
     138.10     0.026
     139.13    -0.049
     140.16     0.099
     141.19    -0.029
     142.22    -0.026
     143.25     0.068
     144.28     0.057
     145.31     0.025
     146.34     0.063
     147.37     0.001
     148.40     0.017
     149.44    -0.018
     150.47     0.047
     151.50    -0.020
     152.53     0.052
     153.56     0.033
     154.59     0.060
     155.62     0.017
     156.65     0.013
     157.68    -0.062
     158.71     0.036
     159.74    -0.050
     160.77     0.087
     161.80    -0.045
     162.83    -0.053
     163.86    -0.039
     164.89    -0.031
     165.92     0.016
     166.96     0.070
     167.99    -0.092
     169.02    -0.005
     170.05     0.021
     171.08     0.006
     172.11    -0.022
     173.14     0.037
     174.17    -0.021
     175.20    -0.105
     176.23    -0.059
     177.26    -0.022
     178.29    -0.090
     179.32     0.020
     180.35    -0.019
     181.38     0.027
     182.41     0.044
     183.44    -0.018
     184.48    -0.009
     185.51     0.047
     186.54     0.017
     187.57     0.034
     188.60     0.014
     189.63     0.048
     190.66    -0.040
     191.69    -0.008
     192.72    -0.091
     193.75    -0.013
     194.78    -0.019
     195.81     0.073
     196.84    -0.065
     197.87     0.055
     198.90     0.042
     199.93     0.056
     200.96     0.105
     202.00    -0.054
     203.03    -0.058
     204.06    -0.035
     205.09    -0.010
     206.12     0.056
     207.15    -0.028
     208.18    -0.022
     209.21     0.056
     210.24     0.010
     211.27    -0.082
     212.30     0.008
     213.33    -0.078
     214.36    -0.007
     215.39    -0.048
     216.42    -0.013
     217.45     0.030
     218.48     0.052
     219.52    -0.037
     220.55     0.048
     221.58    -0.027
     222.61    -0.013
     223.64    -0.026
     224.67    -0.051
     225.70     0.062
     226.73     0.019
     227.76    -0.012
     228.79     0.013
     229.82    -0.074
     230.85     0.083
     231.88     0.018
     232.91     0.043
     233.94    -0.120
     234.97    -0.020
     236.00     0.026
     237.04     0.016
     238.07    -0.088
     239.10     0.018
     240.13     0.045
     241.16    -0.003
     242.19    -0.018
     243.22     0.002
     244.25     0.071
     245.28     0.020
     246.31    -0.079
     247.34     0.090
     248.37     0.007
     249.40    -0.000
     250.43    -0.027
     251.46     0.037
     252.49    -0.006
     253.52     0.024
     254.56    -0.046
     255.59     0.011
     256.62     0.081
     257.65    -0.117
     258.68     0.073
     259.71     0.016
     260.74     0.080
     261.77    -0.018
     262.80    -0.037
     263.83     0.062
     264.86    -0.002
     265.89    -0.034
     266.92     0.063
     267.95     0.067
     268.98     0.041
     270.01    -0.005
     271.04     0.061
     272.08     0.016
     273.11    -0.058
     274.14     0.034
     275.17     0.069
     276.20     0.051
     277.23     0.028
     278.26    -0.015
     279.29    -0.065
     280.32     0.145
     281.35     0.022
     282.38    -0.025
     283.41    -0.096
     284.44    -0.086
     285.47    -0.050
     286.50     0.042
     287.53    -0.013
     288.56    -0.037
     289.60     0.067
     290.63     0.014
     291.66    -0.038
     292.69    -0.041
     293.72    -0.043
     294.75    -0.022
     295.78     0.021
     296.81    -0.026
     297.84     0.005
     298.87     0.070
     299.90     0.009
     300.93    -0.028
     301.96    -0.081
     302.99     0.019
     304.02     0.016
     305.05    -0.099
     306.08    -0.091
     307.12    -0.059
     308.15     0.014
     309.18     0.074
     310.21    -0.053
     311.24     0.042
     312.27    -0.049
     313.30     0.018
     314.33    -0.071
     315.36     0.047
     316.39    -0.036
     317.42    -0.077
     318.45    -0.004
     319.48    -0.014
     320.51     0.059
     321.54     0.086
     322.57     0.079
     323.60     0.032
     324.64    -0.108
     325.67     0.084
     326.70     0.062
     327.73     0.030
     328.76     0.016
     329.79     0.037
     330.82    -0.030
     331.85    -0.008
     332.88    -0.033
     333.91     0.066
     334.94    -0.003
     335.97    -0.033
     337.00    -0.019
     338.03     0.021
     339.06     0.032
     340.09     0.051
     341.12     0.001
     342.16     0.021
     343.19     0.007
     344.22     0.001
     345.25    -0.048
     346.28    -0.038
     347.31    -0.123
     348.34    -0.038
     349.37    -0.016
     350.40     0.027
     351.43    -0.072
     352.46    -0.009
     353.49     0.046
     354.52     0.044
     355.55    -0.049
     356.58     0.003
     357.61    -0.039
     358.64    -0.008
     359.68    -0.058
     360.71     0.071
     361.74     0.073
     362.77     0.051
     363.80    -0.127
     364.83     0.036
     365.86     0.001
     366.89     0.049
     367.92    -0.046
     368.95     0.185
     369.98     0.057
     371.01     0.025
     372.04     0.013
     373.07     0.003
     374.10     0.028
     375.13     0.091
     376.16    -0.063
     377.20    -0.024
     378.23    -0.074
     379.26     0.027
     380.29     0.081
     381.32     0.042
     382.35    -0.004
     383.38    -0.095
     384.41    -0.091
     385.44     0.015
     386.47     0.088
     387.50    -0.052
     388.53    -0.031
     389.56     0.016
     390.59    -0.013
     391.62     0.004
     392.65     0.026
     393.68     0.029
     394.72    -0.018
     395.75     0.064
     396.78    -0.127
     397.81     0.092
     398.84    -0.063
     399.87    -0.005