%%LAB     777  datapoints: v_lsr [km/s] and T_B [K]
    -399.83     0.090
    -398.80    -0.073
    -397.77    -0.054
    -396.74     0.008
    -395.71    -0.013
    -394.68     0.027
    -393.65     0.030
    -392.62    -0.064
    -391.59     0.075
    -390.56     0.102
    -389.53     0.037
    -388.50    -0.019
    -387.47     0.065
    -386.44     0.045
    -385.41    -0.021
    -384.38    -0.047
    -383.35    -0.032
    -382.32    -0.014
    -381.29     0.038
    -380.26     0.035
    -379.22     0.087
    -378.19    -0.025
    -377.16     0.028
    -376.13     0.101
    -375.10     0.046
    -374.07    -0.010
    -373.04    -0.062
    -372.01    -0.049
    -370.98    -0.094
    -369.95    -0.014
    -368.92    -0.025
    -367.89    -0.014
    -366.86     0.003
    -365.83    -0.066
    -364.80    -0.040
    -363.77    -0.030
    -362.74    -0.050
    -361.71    -0.023
    -360.68     0.039
    -359.65     0.012
    -358.61     0.021
    -357.58     0.025
    -356.55     0.050
    -355.52    -0.021
    -354.49     0.045
    -353.46     0.024
    -352.43    -0.044
    -351.40    -0.022
    -350.37     0.059
    -349.34    -0.025
    -348.31    -0.007
    -347.28     0.003
    -346.25     0.114
    -345.22     0.086
    -344.19     0.002
    -343.16     0.006
    -342.13    -0.047
    -341.10     0.022
    -340.07     0.052
    -339.04     0.004
    -338.00     0.010
    -336.97    -0.068
    -335.94     0.013
    -334.91    -0.082
    -333.88     0.030
    -332.85    -0.049
    -331.82     0.117
    -330.79     0.056
    -329.76     0.027
    -328.73     0.088
    -327.70     0.047
    -326.67    -0.036
    -325.64     0.024
    -324.61    -0.123
    -323.58     0.045
    -322.55    -0.102
    -321.52     0.047
    -320.49     0.062
    -319.46     0.013
    -318.43    -0.085
    -317.39    -0.036
    -316.36     0.105
    -315.33     0.063
    -314.30     0.023
    -313.27     0.035
    -312.24     0.079
    -311.21     0.021
    -310.18    -0.122
    -309.15     0.093
    -308.12    -0.077
    -307.09     0.072
    -306.06    -0.027
    -305.03    -0.031
    -304.00    -0.061
    -302.97     0.056
    -301.94    -0.008
    -300.91     0.046
    -299.88    -0.042
    -298.85    -0.062
    -297.82    -0.028
    -296.78     0.015
    -295.75    -0.028
    -294.72    -0.035
    -293.69    -0.096
    -292.66    -0.005
    -291.63     0.067
    -290.60     0.019
    -289.57    -0.075
    -288.54    -0.057
    -287.51     0.064
    -286.48    -0.039
    -285.45     0.025
    -284.42    -0.032
    -283.39     0.002
    -282.36     0.075
    -281.33    -0.076
    -280.30     0.051
    -279.27     0.066
    -278.24     0.005
    -277.21     0.001
    -276.17     0.055
    -275.14    -0.054
    -274.11    -0.050
    -273.08    -0.032
    -272.05     0.090
    -271.02    -0.044
    -269.99     0.092
    -268.96    -0.002
    -267.93     0.097
    -266.90    -0.017
    -265.87     0.031
    -264.84    -0.021
    -263.81    -0.047
    -262.78    -0.118
    -261.75     0.023
    -260.72    -0.024
    -259.69    -0.022
    -258.66    -0.027
    -257.63     0.016
    -256.60     0.104
    -255.56     0.015
    -254.53    -0.050
    -253.50     0.050
    -252.47    -0.047
    -251.44     0.048
    -250.41    -0.056
    -249.38     0.025
    -248.35     0.068
    -247.32    -0.017
    -246.29     0.017
    -245.26    -0.084
    -244.23    -0.080
    -243.20     0.060
    -242.17    -0.068
    -241.14    -0.008
    -240.11    -0.020
    -239.08     0.102
    -238.05     0.032
    -237.02     0.024
    -235.99    -0.014
    -234.95     0.025
    -233.92     0.044
    -232.89     0.036
    -231.86     0.003
    -230.83     0.097
    -229.80     0.111
    -228.77     0.004
    -227.74     0.035
    -226.71     0.120
    -225.68    -0.058
    -224.65     0.005
    -223.62     0.004
    -222.59     0.022
    -221.56    -0.002
    -220.53    -0.045
    -219.50     0.097
    -218.47    -0.027
    -217.44     0.064
    -216.41    -0.054
    -215.37     0.047
    -214.34    -0.022
    -213.31     0.008
    -212.28     0.110
    -211.25    -0.006
    -210.22     0.021
    -209.19     0.050
    -208.16     0.068
    -207.13    -0.040
    -206.10     0.058
    -205.07     0.017
    -204.04    -0.013
    -203.01     0.059
    -201.98     0.017
    -200.95    -0.112
    -199.92     0.030
    -198.89     0.047
    -197.86     0.092
    -196.83    -0.064
    -195.80    -0.035
    -194.76    -0.094
    -193.73     0.049
    -192.70    -0.025
    -191.67     0.061
    -190.64    -0.023
    -189.61     0.020
    -188.58     0.063
    -187.55    -0.001
    -186.52    -0.018
    -185.49    -0.075
    -184.46     0.082
    -183.43    -0.020
    -182.40     0.053
    -181.37     0.080
    -180.34    -0.030
    -179.31    -0.112
    -178.28    -0.079
    -177.25    -0.008
    -176.22    -0.006
    -175.19    -0.018
    -174.15     0.037
    -173.12    -0.021
    -172.09    -0.038
    -171.06     0.145
    -170.03     0.046
    -169.00     0.096
    -167.97     0.048
    -166.94     0.001
    -165.91    -0.053
    -164.88    -0.033
    -163.85     0.077
    -162.82     0.025
    -161.79    -0.128
    -160.76     0.017
    -159.73     0.075
    -158.70     0.073
    -157.67     0.024
    -156.64     0.047
    -155.61    -0.041
    -154.58    -0.016
    -153.54     0.098
    -152.51     0.156
    -151.48    -0.021
    -150.45     0.113
    -149.42    -0.028
    -148.39     0.034
    -147.36     0.046
    -146.33     0.217
    -145.30     0.161
    -144.27     0.110
    -143.24     0.135
    -142.21     0.217
    -141.18     0.168
    -140.15     0.322
    -139.12     0.459
    -138.09     0.504
    -137.06     0.410
    -136.03     0.636
    -135.00     0.620
    -133.97     0.931
    -132.93     0.955
    -131.90     1.104
    -130.87     1.158
    -129.84     1.058
    -128.81     1.220
    -127.78     1.336
    -126.75     1.459
    -125.72     1.596
    -124.69     1.968
    -123.66     2.546
    -122.63     3.272
    -121.60     4.366
    -120.57     5.383
    -119.54     6.029
    -118.51     6.377
    -117.48     6.160
    -116.45     5.827
    -115.42     5.168
    -114.39     4.820
    -113.36     4.519
    -112.32     4.212
    -111.29     3.981
    -110.26     3.945
    -109.23     4.188
    -108.20     4.560
    -107.17     5.295
    -106.14     5.840
    -105.11     6.642
    -104.08     7.076
    -103.05     7.784
    -102.02     7.664
    -100.99     7.322
     -99.96     6.758
     -98.93     6.038
     -97.90     5.144
     -96.87     4.873
     -95.84     4.666
     -94.81     4.590
     -93.78     4.632
     -92.75     4.855
     -91.71     4.978
     -90.68     5.277
     -89.65     5.461
     -88.62     5.697
     -87.59     5.975
     -86.56     6.322
     -85.53     6.687
     -84.50     7.103
     -83.47     7.466
     -82.44     7.789
     -81.41     8.121
     -80.38     8.763
     -79.35     9.307
     -78.32     9.824
     -77.29    10.375
     -76.26    11.053
     -75.23    11.561
     -74.20    12.015
     -73.17    12.401
     -72.14    12.685
     -71.10    12.606
     -70.07    12.357
     -69.04    11.680
     -68.01    11.273
     -66.98    10.763
     -65.95    10.000
     -64.92     9.184
     -63.89     8.747
     -62.86     8.587
     -61.83     8.735
     -60.80     8.964
     -59.77     9.608
     -58.74    10.307
     -57.71    10.815
     -56.68    10.902
     -55.65    11.211
     -54.62    11.382
     -53.59    11.702
     -52.56    11.826
     -51.53    12.365
     -50.49    12.653
     -49.46    13.094
     -48.43    13.397
     -47.40    13.179
     -46.37    12.792
     -45.34    12.145
     -44.31    11.417
     -43.28    10.799
     -42.25    10.547
     -41.22    10.530
     -40.19    10.582
     -39.16    10.706
     -38.13    10.847
     -37.10    11.342
     -36.07    11.667
     -35.04    12.073
     -34.01    12.112
     -32.98    12.053
     -31.95    11.278
     -30.92    10.470
     -29.88     9.842
     -28.85     9.742
     -27.82     9.947
     -26.79    10.663
     -25.76    12.030
     -24.73    14.067
     -23.70    16.915
     -22.67    20.622
     -21.64    24.929
     -20.61    28.675
     -19.58    31.823
     -18.55    34.420
     -17.52    37.660
     -16.49    42.076
     -15.46    47.357
     -14.43    54.110
     -13.40    61.674
     -12.37    69.399
     -11.34    77.238
     -10.30    84.575
      -9.27    90.787
      -8.24    96.288
      -7.21   100.926
      -6.18   104.863
      -5.15   108.213
      -4.12   111.089
      -3.09   112.943
      -2.06   112.787
      -1.03   110.974
       0.00   107.421
       1.03   102.776
       2.06    97.289
       3.09    91.120
       4.12    85.180
       5.15    79.712
       6.18    75.033
       7.21    70.705
       8.24    66.871
       9.27    62.192
      10.30    57.767
      11.34    52.116
      12.37    45.156
      13.40    36.978
      14.43    29.456
      15.46    23.104
      16.49    17.678
      17.52    13.577
      18.55    10.415
      19.58     8.068
      20.61     6.229
      21.64     4.906
      22.67     3.817
      23.70     3.172
      24.73     2.589
      25.76     2.140
      26.79     1.833
      27.82     1.457
      28.85     1.303
      29.88     1.034
      30.92     0.923
      31.95     0.892
      32.98     0.689
      34.01     0.696
      35.04     0.604
      36.07     0.471
      37.10     0.357
      38.13     0.440
      39.16     0.395
      40.19     0.369
      41.22     0.288
      42.25     0.317
      43.28     0.287
      44.31     0.334
      45.34     0.329
      46.37     0.273
      47.40     0.120
      48.43     0.227
      49.46     0.199
      50.49     0.171
      51.53     0.272
      52.56     0.160
      53.59     0.126
      54.62     0.073
      55.65     0.137
      56.68     0.183
      57.71     0.196
      58.74     0.052
      59.77     0.115
      60.80     0.157
      61.83     0.131
      62.86     0.083
      63.89     0.153
      64.92     0.079
      65.95     0.147
      66.98     0.156
      68.01     0.123
      69.04     0.118
      70.07     0.168
      71.10     0.116
      72.14     0.183
      73.17     0.044
      74.20     0.211
      75.23     0.102
      76.26     0.075
      77.29     0.062
      78.32     0.048
      79.35     0.133
      80.38     0.032
      81.41     0.003
      82.44     0.048
      83.47    -0.059
      84.50     0.092
      85.53     0.009
      86.56     0.143
      87.59    -0.062
      88.62    -0.033
      89.65     0.079
      90.68     0.152
      91.71    -0.095
      92.75     0.010
      93.78    -0.038
      94.81    -0.015
      95.84    -0.021
      96.87     0.010
      97.90     0.013
      98.93     0.019
      99.96     0.079
     100.99     0.044
     102.02    -0.012
     103.05    -0.039
     104.08    -0.089
     105.11     0.206
     106.14     0.041
     107.17    -0.033
     108.20     0.037
     109.23     0.034
     110.26     0.001
     111.29     0.092
     112.32     0.066
     113.36     0.026
     114.39     0.043
     115.42     0.124
     116.45     0.031
     117.48    -0.013
     118.51    -0.003
     119.54     0.031
     120.57     0.149
     121.60    -0.040
     122.63    -0.077
     123.66     0.053
     124.69    -0.065
     125.72     0.072
     126.75     0.019
     127.78    -0.001
     128.81    -0.019
     129.84    -0.145
     130.87    -0.027
     131.90     0.058
     132.93     0.001
     133.97     0.034
     135.00    -0.028
     136.03    -0.013
     137.06    -0.074
     138.09     0.064
     139.12     0.064
     140.15     0.020
     141.18    -0.082
     142.21     0.069
     143.24     0.058
     144.27    -0.008
     145.30     0.062
     146.33     0.093
     147.36     0.042
     148.39     0.044
     149.42    -0.044
     150.45    -0.014
     151.48     0.021
     152.51     0.067
     153.54    -0.082
     154.58    -0.011
     155.61    -0.045
     156.64     0.052
     157.67     0.014
     158.70    -0.065
     159.73    -0.156
     160.76    -0.025
     161.79    -0.000
     162.82    -0.005
     163.85    -0.000
     164.88     0.025
     165.91    -0.056
     166.94     0.136
     167.97     0.058
     169.00     0.073
     170.03     0.028
     171.06     0.038
     172.09     0.071
     173.12     0.017
     174.15    -0.030
     175.19    -0.022
     176.22    -0.028
     177.25     0.003
     178.28    -0.037
     179.31     0.035
     180.34    -0.028
     181.37    -0.024
     182.40    -0.096
     183.43     0.016
     184.46     0.003
     185.49     0.051
     186.52    -0.071
     187.55    -0.029
     188.58     0.039
     189.61    -0.009
     190.64     0.047
     191.67     0.082
     192.70     0.052
     193.73    -0.009
     194.76    -0.049
     195.80    -0.036
     196.83    -0.060
     197.86    -0.068
     198.89    -0.047
     199.92     0.074
     200.95    -0.022
     201.98     0.006
     203.01    -0.042
     204.04     0.009
     205.07     0.076
     206.10    -0.022
     207.13     0.089
     208.16     0.146
     209.19    -0.037
     210.22    -0.039
     211.25     0.016
     212.28     0.143
     213.31    -0.000
     214.34     0.022
     215.37     0.035
     216.41     0.017
     217.44    -0.104
     218.47     0.033
     219.50     0.043
     220.53     0.029
     221.56    -0.011
     222.59    -0.007
     223.62     0.040
     224.65     0.028
     225.68    -0.031
     226.71    -0.055
     227.74     0.046
     228.77    -0.000
     229.80     0.000
     230.83     0.002
     231.86    -0.011
     232.89     0.053
     233.92    -0.130
     234.95    -0.061
     235.98     0.057
     237.02     0.007
     238.05    -0.015
     239.08     0.043
     240.11    -0.075
     241.14    -0.004
     242.17    -0.002
     243.20     0.130
     244.23    -0.031
     245.26     0.032
     246.29    -0.095
     247.32    -0.026
     248.35    -0.088
     249.38     0.041
     250.41    -0.024
     251.44    -0.068
     252.47    -0.019
     253.50     0.168
     254.53     0.030
     255.56    -0.069
     256.60    -0.031
     257.63    -0.008
     258.66     0.024
     259.69     0.131
     260.72     0.025
     261.75     0.077
     262.78    -0.048
     263.81     0.026
     264.84    -0.008
     265.87    -0.015
     266.90     0.066
     267.93    -0.055
     268.96    -0.009
     269.99     0.037
     271.02    -0.066
     272.05     0.069
     273.08    -0.038
     274.11     0.053
     275.14    -0.067
     276.17    -0.083
     277.21    -0.143
     278.24     0.035
     279.27    -0.027
     280.30    -0.021
     281.33    -0.031
     282.36    -0.058
     283.39     0.021
     284.42     0.076
     285.45    -0.088
     286.48     0.068
     287.51    -0.130
     288.54     0.034
     289.57    -0.164
     290.60     0.064
     291.63     0.008
     292.66     0.113
     293.69     0.035
     294.72     0.032
     295.75    -0.087
     296.78     0.002
     297.82    -0.036
     298.85     0.066
     299.88    -0.066
     300.91    -0.020
     301.94     0.029
     302.97     0.110
     304.00     0.014
     305.03    -0.066
     306.06    -0.047
     307.09     0.062
     308.12    -0.089
     309.15     0.102
     310.18    -0.018
     311.21    -0.051
     312.24    -0.023
     313.27    -0.009
     314.30    -0.007
     315.33    -0.045
     316.36    -0.043
     317.39     0.094
     318.43    -0.007
     319.46     0.058
     320.49    -0.142
     321.52     0.012
     322.55     0.050
     323.58     0.089
     324.61    -0.060
     325.64     0.001
     326.67    -0.067
     327.70     0.047
     328.73     0.091
     329.76    -0.003
     330.79     0.003
     331.82     0.067
     332.85    -0.017
     333.88     0.055
     334.91    -0.039
     335.94     0.074
     336.97    -0.035
     338.00     0.024
     339.04    -0.080
     340.07    -0.009
     341.10    -0.050
     342.13    -0.030
     343.16    -0.065
     344.19     0.071
     345.22    -0.058
     346.25    -0.005
     347.28     0.005
     348.31     0.015
     349.34    -0.030
     350.37     0.003
     351.40    -0.070
     352.43     0.044
     353.46     0.027
     354.49     0.100
     355.52    -0.035
     356.55    -0.062
     357.58     0.022
     358.61     0.089
     359.65    -0.074
     360.68     0.036
     361.71     0.017
     362.74    -0.036
     363.77     0.025
     364.80     0.114
     365.83    -0.006
     366.86     0.039
     367.89    -0.068
     368.92     0.014
     369.95     0.021
     370.98     0.044
     372.01    -0.027
     373.04     0.029
     374.07     0.077
     375.10    -0.007
     376.13    -0.036
     377.16     0.005
     378.19    -0.020
     379.22    -0.089
     380.26    -0.050
     381.29    -0.010
     382.32    -0.116
     383.35     0.048
     384.38     0.018
     385.41     0.011
     386.44    -0.008
     387.47     0.047
     388.50     0.003
     389.53     0.039
     390.56    -0.050
     391.59     0.123
     392.62    -0.013
     393.65    -0.052
     394.68    -0.055
     395.71     0.034
     396.74     0.051
     397.77     0.039
     398.80     0.095
     399.83     0.040