%%LAB     777  datapoints: v_lsr [km/s] and T_B [K]
    -399.84    -0.056
    -398.81     0.019
    -397.78    -0.029
    -396.75    -0.064
    -395.72     0.000
    -394.69    -0.022
    -393.66     0.026
    -392.63    -0.124
    -391.60     0.031
    -390.57     0.050
    -389.53    -0.001
    -388.50    -0.053
    -387.47     0.009
    -386.44     0.046
    -385.41    -0.004
    -384.38    -0.046
    -383.35    -0.009
    -382.32     0.009
    -381.29     0.020
    -380.26     0.010
    -379.23    -0.037
    -378.20     0.001
    -377.17    -0.010
    -376.14    -0.063
    -375.11    -0.120
    -374.08    -0.131
    -373.05    -0.102
    -372.02     0.025
    -370.99     0.052
    -369.95    -0.023
    -368.92     0.113
    -367.89     0.044
    -366.86    -0.019
    -365.83     0.003
    -364.80     0.138
    -363.77     0.010
    -362.74     0.016
    -361.71     0.033
    -360.68    -0.010
    -359.65    -0.042
    -358.62    -0.027
    -357.59     0.001
    -356.56     0.091
    -355.53    -0.001
    -354.50    -0.013
    -353.47     0.047
    -352.44     0.012
    -351.41    -0.027
    -350.38    -0.003
    -349.34    -0.141
    -348.31     0.003
    -347.28    -0.064
    -346.25     0.006
    -345.22    -0.028
    -344.19    -0.040
    -343.16     0.053
    -342.13     0.042
    -341.10    -0.026
    -340.07     0.097
    -339.04     0.059
    -338.01    -0.039
    -336.98     0.006
    -335.95    -0.100
    -334.92    -0.088
    -333.89    -0.039
    -332.86    -0.033
    -331.83     0.100
    -330.80     0.044
    -329.76    -0.021
    -328.73     0.017
    -327.70    -0.034
    -326.67    -0.000
    -325.64    -0.019
    -324.61     0.049
    -323.58     0.032
    -322.55     0.130
    -321.52    -0.059
    -320.49    -0.018
    -319.46    -0.024
    -318.43     0.018
    -317.40     0.055
    -316.37     0.040
    -315.34    -0.024
    -314.31    -0.023
    -313.28     0.063
    -312.25     0.013
    -311.22     0.085
    -310.18     0.043
    -309.15     0.082
    -308.12    -0.024
    -307.09    -0.050
    -306.06     0.056
    -305.03     0.002
    -304.00     0.044
    -302.97     0.020
    -301.94    -0.008
    -300.91     0.065
    -299.88     0.004
    -298.85     0.021
    -297.82    -0.020
    -296.79     0.041
    -295.76    -0.041
    -294.73    -0.017
    -293.70    -0.026
    -292.67     0.030
    -291.64    -0.028
    -290.61     0.087
    -289.57     0.022
    -288.54     0.026
    -287.51    -0.020
    -286.48    -0.036
    -285.45     0.009
    -284.42     0.008
    -283.39    -0.088
    -282.36     0.048
    -281.33     0.011
    -280.30    -0.032
    -279.27    -0.018
    -278.24    -0.012
    -277.21     0.031
    -276.18     0.025
    -275.15    -0.023
    -274.12     0.017
    -273.09    -0.023
    -272.06     0.051
    -271.03     0.007
    -269.99    -0.010
    -268.96    -0.081
    -267.93     0.029
    -266.90    -0.048
    -265.87    -0.047
    -264.84    -0.028
    -263.81    -0.039
    -262.78     0.071
    -261.75    -0.053
    -260.72     0.056
    -259.69    -0.045
    -258.66    -0.053
    -257.63    -0.012
    -256.60     0.006
    -255.57     0.003
    -254.54    -0.011
    -253.51    -0.042
    -252.48    -0.026
    -251.45     0.069
    -250.42    -0.038
    -249.38     0.078
    -248.35    -0.106
    -247.32    -0.027
    -246.29    -0.019
    -245.26    -0.051
    -244.23    -0.029
    -243.20     0.081
    -242.17    -0.034
    -241.14    -0.044
    -240.11    -0.068
    -239.08     0.027
    -238.05     0.068
    -237.02    -0.057
    -235.99     0.054
    -234.96     0.018
    -233.93     0.022
    -232.90     0.027
    -231.87    -0.025
    -230.84     0.034
    -229.80    -0.097
    -228.77     0.064
    -227.74    -0.085
    -226.71     0.045
    -225.68    -0.021
    -224.65     0.054
    -223.62    -0.011
    -222.59     0.041
    -221.56    -0.051
    -220.53    -0.027
    -219.50    -0.001
    -218.47    -0.049
    -217.44    -0.011
    -216.41     0.069
    -215.38    -0.078
    -214.35     0.102
    -213.32     0.035
    -212.29     0.005
    -211.26    -0.002
    -210.23     0.031
    -209.19    -0.021
    -208.16     0.028
    -207.13    -0.038
    -206.10     0.046
    -205.07    -0.108
    -204.04     0.092
    -203.01    -0.056
    -201.98    -0.051
    -200.95    -0.054
    -199.92     0.015
    -198.89    -0.044
    -197.86     0.088
    -196.83    -0.011
    -195.80    -0.028
    -194.77    -0.067
    -193.74     0.096
    -192.71    -0.014
    -191.68     0.066
    -190.65     0.060
    -189.61     0.011
    -188.58     0.049
    -187.55     0.061
    -186.52    -0.039
    -185.49     0.015
    -184.46    -0.005
    -183.43    -0.017
    -182.40    -0.067
    -181.37     0.070
    -180.34    -0.012
    -179.31     0.014
    -178.28    -0.028
    -177.25    -0.002
    -176.22    -0.018
    -175.19     0.006
    -174.16    -0.058
    -173.13    -0.010
    -172.10    -0.040
    -171.07     0.046
    -170.03    -0.030
    -169.00     0.036
    -167.97    -0.051
    -166.94     0.063
    -165.91     0.016
    -164.88     0.065
    -163.85     0.131
    -162.82     0.001
    -161.79    -0.012
    -160.76    -0.042
    -159.73    -0.013
    -158.70    -0.052
    -157.67    -0.070
    -156.64    -0.044
    -155.61     0.071
    -154.58     0.067
    -153.55     0.014
    -152.52     0.087
    -151.49     0.012
    -150.46     0.099
    -149.42     0.027
    -148.39     0.035
    -147.36     0.101
    -146.33     0.043
    -145.30     0.004
    -144.27     0.011
    -143.24     0.051
    -142.21    -0.009
    -141.18    -0.067
    -140.15     0.080
    -139.12     0.070
    -138.09     0.094
    -137.06    -0.006
    -136.03     0.051
    -135.00     0.046
    -133.97     0.031
    -132.94    -0.032
    -131.91     0.034
    -130.88     0.057
    -129.84     0.054
    -128.81     0.069
    -127.78     0.157
    -126.75    -0.001
    -125.72     0.135
    -124.69     0.074
    -123.66     0.080
    -122.63     0.036
    -121.60     0.016
    -120.57     0.051
    -119.54     0.056
    -118.51     0.026
    -117.48     0.139
    -116.45     0.067
    -115.42     0.056
    -114.39     0.074
    -113.36     0.116
    -112.33    -0.066
    -111.30     0.059
    -110.27    -0.048
    -109.23     0.090
    -108.20     0.055
    -107.17     0.112
    -106.14     0.034
    -105.11     0.094
    -104.08     0.080
    -103.05     0.067
    -102.02     0.035
    -100.99     0.121
     -99.96     0.129
     -98.93     0.142
     -97.90     0.109
     -96.87     0.161
     -95.84     0.194
     -94.81     0.153
     -93.78     0.150
     -92.75     0.200
     -91.72     0.113
     -90.69     0.236
     -89.65     0.215
     -88.62     0.207
     -87.59     0.270
     -86.56     0.405
     -85.53     0.342
     -84.50     0.396
     -83.47     0.550
     -82.44     0.502
     -81.41     0.465
     -80.38     0.626
     -79.35     0.696
     -78.32     0.651
     -77.29     0.744
     -76.26     0.803
     -75.23     0.803
     -74.20     0.855
     -73.17     0.997
     -72.14     0.924
     -71.11     0.942
     -70.08     0.991
     -69.04     0.945
     -68.01     1.049
     -66.98     1.076
     -65.95     1.012
     -64.92     1.089
     -63.89     1.020
     -62.86     1.034
     -61.83     0.995
     -60.80     0.964
     -59.77     0.933
     -58.74     0.949
     -57.71     0.873
     -56.68     0.862
     -55.65     0.886
     -54.62     0.915
     -53.59     0.938
     -52.56     0.882
     -51.53     0.957
     -50.50     0.918
     -49.46     0.888
     -48.43     0.901
     -47.40     0.989
     -46.37     0.909
     -45.34     1.044
     -44.31     0.998
     -43.28     1.153
     -42.25     1.098
     -41.22     1.052
     -40.19     1.127
     -39.16     1.262
     -38.13     1.314
     -37.10     1.284
     -36.07     1.426
     -35.04     1.523
     -34.01     1.611
     -32.98     1.551
     -31.95     1.608
     -30.92     1.734
     -29.88     1.612
     -28.85     1.660
     -27.82     1.673
     -26.79     1.863
     -25.76     1.889
     -24.73     2.018
     -23.70     2.085
     -22.67     2.331
     -21.64     2.382
     -20.61     2.649
     -19.58     2.953
     -18.55     3.307
     -17.52     3.364
     -16.49     3.897
     -15.46     3.991
     -14.43     4.225
     -13.40     4.759
     -12.37     5.391
     -11.34     5.835
     -10.31     6.389
      -9.27     7.028
      -8.24     7.516
      -7.21     8.058
      -6.18     8.503
      -5.15     8.896
      -4.12     9.573
      -3.09    10.178
      -2.06    11.191
      -1.03    12.049
       0.00    13.631
       1.03    15.980
       2.06    19.365
       3.09    23.834
       4.12    26.592
       5.15    26.372
       6.18    25.275
       7.21    23.684
       8.24    23.445
       9.27    25.085
      10.31    27.557
      11.34    29.436
      12.37    30.593
      13.40    29.581
      14.43    27.228
      15.46    24.142
      16.49    20.788
      17.52    17.660
      18.55    14.694
      19.58    12.122
      20.61    10.057
      21.64     8.477
      22.67     7.039
      23.70     6.100
      24.73     5.206
      25.76     4.517
      26.79     4.053
      27.82     3.504
      28.85     3.230
      29.88     2.771
      30.92     2.669
      31.95     2.415
      32.98     2.301
      34.01     2.098
      35.04     1.914
      36.07     1.713
      37.10     1.580
      38.13     1.311
      39.16     1.028
      40.19     0.894
      41.22     0.784
      42.25     0.614
      43.28     0.602
      44.31     0.450
      45.34     0.387
      46.37     0.292
      47.40     0.252
      48.43     0.228
      49.46     0.227
      50.50     0.244
      51.53     0.108
      52.56     0.126
      53.59     0.069
      54.62     0.005
      55.65     0.010
      56.68    -0.034
      57.71    -0.027
      58.74     0.079
      59.77     0.105
      60.80     0.036
      61.83     0.038
      62.86     0.016
      63.89     0.037
      64.92     0.017
      65.95    -0.010
      66.98     0.091
      68.01    -0.020
      69.04     0.062
      70.08     0.073
      71.11    -0.032
      72.14     0.031
      73.17     0.051
      74.20     0.075
      75.23    -0.027
      76.26     0.123
      77.29    -0.040
      78.32    -0.007
      79.35    -0.007
      80.38    -0.007
      81.41    -0.003
      82.44    -0.031
      83.47    -0.034
      84.50    -0.049
      85.53     0.091
      86.56    -0.069
      87.59     0.090
      88.62     0.006
      89.65     0.043
      90.69    -0.059
      91.72     0.049
      92.75    -0.017
      93.78    -0.007
      94.81     0.101
      95.84    -0.018
      96.87    -0.009
      97.90    -0.026
      98.93    -0.052
      99.96    -0.052
     100.99     0.129
     102.02     0.007
     103.05     0.064
     104.08     0.082
     105.11     0.065
     106.14    -0.071
     107.17     0.020
     108.20     0.033
     109.23     0.013
     110.27     0.032
     111.30     0.058
     112.33    -0.092
     113.36     0.092
     114.39     0.041
     115.42    -0.107
     116.45     0.040
     117.48     0.041
     118.51     0.085
     119.54     0.005
     120.57    -0.035
     121.60     0.033
     122.63    -0.011
     123.66    -0.044
     124.69    -0.043
     125.72     0.029
     126.75     0.102
     127.78     0.021
     128.81    -0.023
     129.84    -0.069
     130.88    -0.042
     131.91    -0.007
     132.94    -0.001
     133.97    -0.058
     135.00    -0.052
     136.03     0.030
     137.06     0.065
     138.09     0.071
     139.12     0.031
     140.15    -0.015
     141.18    -0.097
     142.21    -0.023
     143.24    -0.110
     144.27     0.024
     145.30     0.017
     146.33     0.105
     147.36    -0.039
     148.39    -0.033
     149.42     0.006
     150.46    -0.049
     151.49    -0.029
     152.52    -0.046
     153.55     0.018
     154.58     0.071
     155.61     0.017
     156.64     0.005
     157.67     0.028
     158.70     0.026
     159.73    -0.043
     160.76    -0.015
     161.79    -0.050
     162.82     0.018
     163.85     0.028
     164.88     0.082
     165.91    -0.037
     166.94     0.041
     167.97     0.018
     169.00     0.054
     170.03    -0.018
     171.07    -0.014
     172.10    -0.037
     173.13     0.046
     174.16    -0.065
     175.19     0.050
     176.22     0.032
     177.25    -0.043
     178.28     0.042
     179.31     0.012
     180.34     0.052
     181.37    -0.054
     182.40    -0.007
     183.43     0.112
     184.46    -0.012
     185.49     0.000
     186.52    -0.047
     187.55     0.067
     188.58     0.013
     189.61    -0.002
     190.65    -0.049
     191.68     0.049
     192.71     0.026
     193.74     0.087
     194.77     0.070
     195.80    -0.035
     196.83    -0.018
     197.86    -0.005
     198.89    -0.024
     199.92     0.066
     200.95    -0.050
     201.98    -0.072
     203.01    -0.037
     204.04    -0.061
     205.07    -0.041
     206.10     0.043
     207.13    -0.065
     208.16    -0.036
     209.19     0.109
     210.23     0.118
     211.26     0.014
     212.29     0.071
     213.32    -0.026
     214.35    -0.013
     215.38     0.040
     216.41     0.094
     217.44     0.005
     218.47     0.039
     219.50    -0.115
     220.53    -0.005
     221.56    -0.029
     222.59    -0.046
     223.62     0.048
     224.65     0.157
     225.68     0.008
     226.71     0.012
     227.74    -0.012
     228.77     0.057
     229.80    -0.133
     230.84     0.003
     231.87    -0.027
     232.90    -0.023
     233.93     0.065
     234.96    -0.041
     235.99    -0.049
     237.02     0.078
     238.05    -0.001
     239.08    -0.027
     240.11     0.016
     241.14     0.036
     242.17    -0.009
     243.20     0.065
     244.23    -0.022
     245.26    -0.002
     246.29     0.066
     247.32    -0.024
     248.35    -0.064
     249.38     0.036
     250.42     0.008
     251.45    -0.031
     252.48     0.009
     253.51    -0.029
     254.54    -0.019
     255.57    -0.089
     256.60    -0.007
     257.63    -0.056
     258.66    -0.011
     259.69     0.030
     260.72     0.008
     261.75     0.015
     262.78     0.001
     263.81     0.011
     264.84    -0.027
     265.87     0.107
     266.90     0.060
     267.93     0.053
     268.96     0.039
     269.99    -0.020
     271.03     0.002
     272.06     0.116
     273.09     0.037
     274.12     0.011
     275.15    -0.135
     276.18     0.042
     277.21    -0.055
     278.24     0.020
     279.27     0.026
     280.30     0.098
     281.33    -0.060
     282.36    -0.018
     283.39    -0.100
     284.42     0.011
     285.45    -0.065
     286.48     0.052
     287.51    -0.025
     288.54     0.070
     289.57    -0.004
     290.61     0.061
     291.64     0.002
     292.67     0.034
     293.70     0.041
     294.73     0.037
     295.76    -0.024
     296.79    -0.011
     297.82     0.037
     298.85     0.040
     299.88    -0.055
     300.91     0.017
     301.94    -0.082
     302.97    -0.009
     304.00    -0.066
     305.03     0.064
     306.06    -0.014
     307.09    -0.011
     308.12    -0.069
     309.15    -0.029
     310.18     0.065
     311.22     0.029
     312.25    -0.017
     313.28     0.048
     314.31     0.034
     315.34     0.052
     316.37     0.013
     317.40     0.001
     318.43     0.001
     319.46     0.121
     320.49    -0.094
     321.52     0.074
     322.55     0.064
     323.58     0.035
     324.61    -0.041
     325.64     0.083
     326.67    -0.003
     327.70     0.008
     328.73    -0.039
     329.76     0.011
     330.80    -0.086
     331.83    -0.055
     332.86    -0.094
     333.89     0.037
     334.92    -0.110
     335.95     0.005
     336.98     0.026
     338.01     0.002
     339.04    -0.069
     340.07     0.043
     341.10     0.060
     342.13     0.020
     343.16     0.010
     344.19    -0.017
     345.22    -0.038
     346.25     0.088
     347.28    -0.082
     348.31    -0.009
     349.34    -0.007
     350.38     0.013
     351.41    -0.004
     352.44    -0.010
     353.47    -0.002
     354.50     0.023
     355.53    -0.064
     356.56     0.004
     357.59    -0.016
     358.62    -0.049
     359.65     0.076
     360.68     0.051
     361.71    -0.111
     362.74    -0.037
     363.77    -0.028
     364.80     0.048
     365.83     0.005
     366.86    -0.015
     367.89    -0.011
     368.92    -0.025
     369.95    -0.023
     370.99    -0.017
     372.02    -0.011
     373.05    -0.006
     374.08    -0.013
     375.11     0.102
     376.14    -0.065
     377.17     0.069
     378.20    -0.042
     379.23     0.023
     380.26    -0.016
     381.29    -0.000
     382.32    -0.059
     383.35     0.031
     384.38     0.059
     385.41    -0.020
     386.44    -0.070
     387.47     0.039
     388.50    -0.026
     389.53    -0.008
     390.57     0.022
     391.60    -0.067
     392.63    -0.022
     393.66     0.025
     394.69    -0.078
     395.72     0.019
     396.75    -0.072
     397.78    -0.067
     398.81    -0.019
     399.84    -0.028