%%LAB     777  datapoints: v_lsr [km/s] and T_B [K]
    -399.83    -0.003
    -398.80    -0.045
    -397.77    -0.012
    -396.74    -0.050
    -395.71    -0.019
    -394.68     0.006
    -393.65     0.027
    -392.62    -0.007
    -391.59     0.062
    -390.56    -0.151
    -389.53     0.028
    -388.50     0.081
    -387.47     0.040
    -386.43     0.010
    -385.40    -0.066
    -384.37     0.009
    -383.34     0.004
    -382.31    -0.052
    -381.28     0.024
    -380.25    -0.053
    -379.22    -0.039
    -378.19    -0.022
    -377.16     0.033
    -376.13    -0.021
    -375.10    -0.007
    -374.07     0.051
    -373.04     0.013
    -372.01    -0.023
    -370.98     0.006
    -369.95    -0.055
    -368.92    -0.064
    -367.89     0.049
    -366.86     0.065
    -365.82    -0.035
    -364.79    -0.012
    -363.76     0.012
    -362.73    -0.025
    -361.70     0.010
    -360.67     0.054
    -359.64    -0.092
    -358.61    -0.128
    -357.58    -0.037
    -356.55     0.009
    -355.52     0.049
    -354.49    -0.068
    -353.46     0.010
    -352.43     0.057
    -351.40     0.060
    -350.37     0.047
    -349.34    -0.004
    -348.31     0.028
    -347.28     0.103
    -346.25    -0.013
    -345.21     0.014
    -344.18     0.021
    -343.15    -0.051
    -342.12    -0.017
    -341.09    -0.026
    -340.06     0.047
    -339.03     0.008
    -338.00    -0.046
    -336.97    -0.022
    -335.94     0.001
    -334.91    -0.041
    -333.88    -0.048
    -332.85    -0.037
    -331.82     0.052
    -330.79     0.071
    -329.76    -0.079
    -328.73    -0.003
    -327.70    -0.031
    -326.67     0.006
    -325.64     0.007
    -324.61    -0.010
    -323.57     0.077
    -322.54    -0.022
    -321.51     0.119
    -320.48     0.019
    -319.45     0.069
    -318.42    -0.011
    -317.39     0.064
    -316.36     0.075
    -315.33    -0.029
    -314.30    -0.101
    -313.27     0.067
    -312.24    -0.066
    -311.21     0.034
    -310.18     0.033
    -309.15    -0.007
    -308.12    -0.012
    -307.09     0.013
    -306.06     0.006
    -305.03     0.021
    -304.00     0.074
    -302.96     0.128
    -301.93     0.046
    -300.90     0.089
    -299.87     0.029
    -298.84     0.092
    -297.81    -0.091
    -296.78    -0.022
    -295.75    -0.008
    -294.72     0.006
    -293.69     0.016
    -292.66     0.130
    -291.63    -0.026
    -290.60     0.055
    -289.57    -0.040
    -288.54     0.063
    -287.51    -0.022
    -286.48     0.007
    -285.45    -0.024
    -284.42    -0.028
    -283.39    -0.127
    -282.35     0.062
    -281.32    -0.067
    -280.29    -0.042
    -279.26     0.002
    -278.23     0.026
    -277.20    -0.078
    -276.17     0.006
    -275.14     0.029
    -274.11     0.071
    -273.08    -0.066
    -272.05    -0.021
    -271.02    -0.110
    -269.99    -0.018
    -268.96    -0.101
    -267.93     0.062
    -266.90    -0.010
    -265.87     0.100
    -264.84    -0.046
    -263.81     0.116
    -262.78    -0.055
    -261.75     0.077
    -260.71     0.007
    -259.68    -0.011
    -258.65     0.038
    -257.62     0.082
    -256.59    -0.046
    -255.56    -0.067
    -254.53    -0.004
    -253.50     0.009
    -252.47    -0.000
    -251.44     0.014
    -250.41     0.041
    -249.38     0.023
    -248.35    -0.070
    -247.32    -0.010
    -246.29     0.020
    -245.26     0.051
    -244.23     0.069
    -243.20     0.009
    -242.17     0.019
    -241.14     0.082
    -240.10    -0.082
    -239.07    -0.017
    -238.04    -0.021
    -237.01     0.020
    -235.98    -0.025
    -234.95     0.029
    -233.92    -0.049
    -232.89     0.026
    -231.86     0.026
    -230.83     0.034
    -229.80     0.018
    -228.77    -0.004
    -227.74     0.052
    -226.71     0.004
    -225.68     0.131
    -224.65     0.098
    -223.62     0.021
    -222.59    -0.042
    -221.56     0.006
    -220.53    -0.048
    -219.49    -0.011
    -218.46     0.121
    -217.43    -0.032
    -216.40    -0.074
    -215.37     0.019
    -214.34     0.043
    -213.31     0.081
    -212.28     0.300
    -211.25     0.027
    -210.22     0.137
    -209.19     0.004
    -208.16     0.090
    -207.13     0.055
    -206.10     0.126
    -205.07     0.029
    -204.04     0.069
    -203.01    -0.001
    -201.98    -0.053
    -200.95     0.005
    -199.92     0.012
    -198.88    -0.045
    -197.85    -0.007
    -196.82     0.009
    -195.79     0.136
    -194.76    -0.014
    -193.73     0.015
    -192.70    -0.057
    -191.67     0.001
    -190.64    -0.067
    -189.61    -0.022
    -188.58    -0.121
    -187.55     0.014
    -186.52    -0.094
    -185.49     0.109
    -184.46    -0.067
    -183.43     0.134
    -182.40    -0.007
    -181.37     0.062
    -180.34    -0.054
    -179.31     0.049
    -178.28     0.066
    -177.24     0.098
    -176.21     0.045
    -175.18     0.158
    -174.15     0.014
    -173.12     0.054
    -172.09    -0.045
    -171.06     0.060
    -170.03     0.040
    -169.00     0.035
    -167.97     0.006
    -166.94     0.042
    -165.91    -0.027
    -164.88    -0.014
    -163.85    -0.100
    -162.82     0.106
    -161.79     0.005
    -160.76     0.091
    -159.73     0.054
    -158.70     0.064
    -157.67     0.037
    -156.63     0.056
    -155.60     0.095
    -154.57     0.131
    -153.54     0.121
    -152.51     0.104
    -151.48     0.187
    -150.45     0.223
    -149.42     0.195
    -148.39     0.234
    -147.36     0.178
    -146.33     0.184
    -145.30     0.200
    -144.27     0.222
    -143.24     0.273
    -142.21     0.354
    -141.18     0.319
    -140.15     0.451
    -139.12     0.432
    -138.09     0.617
    -137.06     0.649
    -136.02     0.735
    -134.99     0.700
    -133.96     0.914
    -132.93     1.082
    -131.90     1.373
    -130.87     1.584
    -129.84     1.913
    -128.81     2.448
    -127.78     3.187
    -126.75     3.723
    -125.72     4.362
    -124.69     5.042
    -123.66     5.845
    -122.63     6.307
    -121.60     6.868
    -120.57     7.411
    -119.54     7.953
    -118.51     8.748
    -117.48     9.315
    -116.45    10.139
    -115.42    11.023
    -114.38    12.443
    -113.35    14.632
    -112.32    17.722
    -111.29    21.575
    -110.26    24.229
    -109.23    23.938
    -108.20    21.339
    -107.17    18.621
    -106.14    16.009
    -105.11    14.241
    -104.08    13.360
    -103.05    13.958
    -102.02    15.487
    -100.99    18.391
     -99.96    20.592
     -98.93    21.617
     -97.90    21.703
     -96.87    22.487
     -95.84    23.373
     -94.81    24.305
     -93.77    24.420
     -92.74    23.352
     -91.71    22.062
     -90.68    20.517
     -89.65    18.969
     -88.62    17.614
     -87.59    16.519
     -86.56    16.426
     -85.53    17.267
     -84.50    18.238
     -83.47    18.987
     -82.44    19.404
     -81.41    19.237
     -80.38    18.877
     -79.35    18.567
     -78.32    18.149
     -77.29    17.816
     -76.26    18.072
     -75.23    18.973
     -74.20    21.009
     -73.16    24.625
     -72.13    29.250
     -71.10    33.261
     -70.07    37.212
     -69.04    40.402
     -68.01    42.329
     -66.98    42.793
     -65.95    42.031
     -64.92    39.588
     -63.89    36.279
     -62.86    32.633
     -61.83    28.793
     -60.80    24.201
     -59.77    19.438
     -58.74    15.569
     -57.71    13.132
     -56.68    11.427
     -55.65    10.532
     -54.62    10.322
     -53.59    10.467
     -52.56    10.508
     -51.52    10.461
     -50.49    10.371
     -49.46    10.024
     -48.43     9.596
     -47.40     9.373
     -46.37     9.162
     -45.34     9.171
     -44.31     9.130
     -43.28     9.419
     -42.25     9.589
     -41.22    10.183
     -40.19    10.858
     -39.16    11.620
     -38.13    12.684
     -37.10    13.686
     -36.07    15.260
     -35.04    17.283
     -34.01    19.849
     -32.98    22.047
     -31.95    23.414
     -30.91    24.819
     -29.88    26.862
     -28.85    29.425
     -27.82    32.082
     -26.79    34.344
     -25.76    34.977
     -24.73    34.316
     -23.70    31.781
     -22.67    28.664
     -21.64    25.440
     -20.61    22.486
     -19.58    19.643
     -18.55    17.960
     -17.52    17.342
     -16.49    18.102
     -15.46    19.783
     -14.43    21.838
     -13.40    23.616
     -12.37    26.211
     -11.34    29.513
     -10.30    33.493
      -9.27    38.447
      -8.24    44.646
      -7.21    51.736
      -6.18    58.794
      -5.15    65.054
      -4.12    69.080
      -3.09    69.521
      -2.06    67.386
      -1.03    67.313
       0.00    70.229
       1.03    70.553
       2.06    69.254
       3.09    66.766
       4.12    61.436
       5.15    54.384
       6.18    45.423
       7.21    36.076
       8.24    28.399
       9.27    22.434
      10.30    17.624
      11.34    13.993
      12.37    11.225
      13.40     9.057
      14.43     7.263
      15.46     5.695
      16.49     4.567
      17.52     3.441
      18.55     2.588
      19.58     2.062
      20.61     1.501
      21.64     1.085
      22.67     0.996
      23.70     0.621
      24.73     0.535
      25.76     0.439
      26.79     0.458
      27.82     0.188
      28.85     0.221
      29.88     0.073
      30.91     0.097
      31.95     0.129
      32.98     0.023
      34.01     0.051
      35.04     0.163
      36.07    -0.024
      37.10     0.012
      38.13    -0.009
      39.16     0.097
      40.19     0.011
      41.22     0.020
      42.25    -0.008
      43.28     0.029
      44.31    -0.029
      45.34     0.026
      46.37     0.075
      47.40     0.038
      48.43     0.050
      49.46    -0.023
      50.49     0.006
      51.52     0.074
      52.56    -0.038
      53.59     0.065
      54.62     0.046
      55.65    -0.029
      56.68    -0.003
      57.71     0.178
      58.74     0.002
      59.77     0.050
      60.80    -0.030
      61.83     0.004
      62.86     0.064
      63.89     0.033
      64.92     0.056
      65.95    -0.033
      66.98    -0.039
      68.01     0.020
      69.04    -0.030
      70.07     0.085
      71.10    -0.110
      72.13    -0.011
      73.16     0.011
      74.20     0.064
      75.23     0.023
      76.26    -0.025
      77.29     0.049
      78.32    -0.021
      79.35    -0.001
      80.38     0.077
      81.41     0.068
      82.44    -0.071
      83.47    -0.033
      84.50    -0.057
      85.53     0.061
      86.56    -0.017
      87.59     0.039
      88.62     0.083
      89.65     0.047
      90.68     0.026
      91.71     0.043
      92.74     0.047
      93.77     0.042
      94.81     0.092
      95.84    -0.010
      96.87     0.086
      97.90    -0.020
      98.93     0.066
      99.96    -0.036
     100.99     0.153
     102.02    -0.053
     103.05    -0.066
     104.08     0.058
     105.11     0.014
     106.14     0.122
     107.17    -0.018
     108.20    -0.115
     109.23    -0.067
     110.26    -0.070
     111.29     0.045
     112.32     0.032
     113.35     0.029
     114.38    -0.012
     115.42    -0.001
     116.45    -0.024
     117.48     0.061
     118.51    -0.031
     119.54     0.069
     120.57     0.004
     121.60     0.011
     122.63     0.018
     123.66     0.062
     124.69    -0.084
     125.72     0.077
     126.75     0.022
     127.78    -0.012
     128.81    -0.058
     129.84    -0.111
     130.87     0.066
     131.90    -0.029
     132.93    -0.004
     133.96     0.028
     134.99    -0.010
     136.02     0.022
     137.06    -0.073
     138.09    -0.045
     139.12    -0.010
     140.15    -0.037
     141.18     0.001
     142.21    -0.044
     143.24    -0.008
     144.27     0.043
     145.30     0.004
     146.33    -0.018
     147.36    -0.062
     148.39     0.037
     149.42    -0.031
     150.45     0.053
     151.48    -0.005
     152.51     0.016
     153.54    -0.050
     154.57     0.022
     155.60    -0.026
     156.63     0.048
     157.67    -0.033
     158.70     0.134
     159.73    -0.006
     160.76     0.137
     161.79     0.010
     162.82     0.091
     163.85     0.003
     164.88    -0.020
     165.91     0.008
     166.94     0.037
     167.97    -0.019
     169.00     0.035
     170.03    -0.006
     171.06     0.106
     172.09     0.020
     173.12    -0.003
     174.15     0.014
     175.18     0.060
     176.21    -0.019
     177.24     0.011
     178.28     0.005
     179.31    -0.041
     180.34     0.001
     181.37    -0.027
     182.40    -0.003
     183.43    -0.009
     184.46     0.014
     185.49    -0.060
     186.52    -0.045
     187.55     0.016
     188.58     0.107
     189.61    -0.015
     190.64     0.048
     191.67     0.011
     192.70     0.017
     193.73    -0.019
     194.76     0.048
     195.79     0.031
     196.82    -0.030
     197.85    -0.016
     198.89     0.084
     199.92     0.086
     200.95    -0.061
     201.98     0.011
     203.01    -0.004
     204.04    -0.021
     205.07    -0.027
     206.10     0.048
     207.13    -0.004
     208.16    -0.014
     209.19     0.070
     210.22    -0.072
     211.25     0.003
     212.28    -0.068
     213.31     0.013
     214.34    -0.026
     215.37     0.060
     216.40     0.010
     217.43    -0.024
     218.46     0.022
     219.49     0.037
     220.53    -0.027
     221.56     0.026
     222.59     0.060
     223.62    -0.015
     224.65     0.043
     225.68    -0.008
     226.71     0.062
     227.74    -0.003
     228.77    -0.024
     229.80     0.047
     230.83     0.057
     231.86    -0.045
     232.89     0.038
     233.92     0.079
     234.95    -0.032
     235.98    -0.071
     237.01     0.078
     238.04     0.016
     239.07    -0.042
     240.10    -0.076
     241.14     0.100
     242.17     0.113
     243.20     0.035
     244.23    -0.054
     245.26    -0.059
     246.29    -0.015
     247.32     0.089
     248.35    -0.060
     249.38    -0.018
     250.41    -0.096
     251.44    -0.038
     252.47    -0.088
     253.50    -0.054
     254.53    -0.034
     255.56     0.059
     256.59    -0.074
     257.62    -0.053
     258.65    -0.078
     259.68    -0.026
     260.71    -0.038
     261.74    -0.044
     262.78    -0.033
     263.81     0.030
     264.84    -0.111
     265.87     0.013
     266.90    -0.046
     267.93     0.026
     268.96    -0.067
     269.99    -0.049
     271.02    -0.002
     272.05     0.091
     273.08     0.033
     274.11     0.037
     275.14    -0.012
     276.17     0.101
     277.20     0.011
     278.23     0.031
     279.26    -0.004
     280.29    -0.023
     281.32    -0.037
     282.35     0.044
     283.39    -0.001
     284.42     0.035
     285.45     0.025
     286.48     0.044
     287.51    -0.034
     288.54    -0.030
     289.57    -0.032
     290.60    -0.033
     291.63    -0.031
     292.66     0.017
     293.69     0.042
     294.72     0.123
     295.75    -0.055
     296.78    -0.063
     297.81    -0.009
     298.84     0.123
     299.87     0.006
     300.90     0.036
     301.93     0.045
     302.96    -0.028
     304.00     0.009
     305.03     0.010
     306.06    -0.022
     307.09     0.070
     308.12     0.075
     309.15     0.147
     310.18     0.075
     311.21    -0.095
     312.24    -0.190
     313.27    -0.003
     314.30    -0.076
     315.33     0.025
     316.36    -0.017
     317.39    -0.033
     318.42    -0.072
     319.45     0.044
     320.48    -0.072
     321.51    -0.007
     322.54     0.047
     323.57     0.106
     324.61    -0.023
     325.64    -0.034
     326.67    -0.050
     327.70     0.108
     328.73    -0.109
     329.76     0.037
     330.79    -0.033
     331.82    -0.021
     332.85    -0.074
     333.88     0.002
     334.91     0.003
     335.94     0.018
     336.97     0.026
     338.00     0.023
     339.03     0.018
     340.06     0.079
     341.09    -0.029
     342.12    -0.010
     343.15    -0.069
     344.18    -0.051
     345.21     0.044
     346.25     0.087
     347.28     0.026
     348.31     0.012
     349.34    -0.012
     350.37     0.038
     351.40     0.012
     352.43     0.030
     353.46     0.027
     354.49     0.038
     355.52    -0.026
     356.55    -0.076
     357.58    -0.044
     358.61     0.014
     359.64    -0.002
     360.67    -0.030
     361.70    -0.017
     362.73    -0.021
     363.76     0.025
     364.79     0.030
     365.82    -0.074
     366.86     0.017
     367.89    -0.134
     368.92    -0.007
     369.95    -0.039
     370.98    -0.001
     372.01     0.114
     373.04     0.025
     374.07    -0.061
     375.10     0.077
     376.13     0.010
     377.16    -0.009
     378.19     0.034
     379.22     0.015
     380.25    -0.100
     381.28    -0.022
     382.31     0.019
     383.34    -0.040
     384.37    -0.023
     385.40     0.034
     386.43     0.032
     387.47    -0.013
     388.50    -0.022
     389.53     0.040
     390.56     0.000
     391.59    -0.025
     392.62    -0.072
     393.65     0.052
     394.68     0.050
     395.71    -0.038
     396.74     0.150
     397.77     0.045
     398.80    -0.095
     399.83    -0.018