%%LAB     777  datapoints: v_lsr [km/s] and T_B [K]
    -399.82     0.073
    -398.79     0.008
    -397.76    -0.031
    -396.73    -0.053
    -395.70     0.024
    -394.67    -0.112
    -393.64    -0.014
    -392.61    -0.051
    -391.58    -0.064
    -390.55     0.011
    -389.52    -0.019
    -388.49     0.009
    -387.46    -0.020
    -386.43     0.045
    -385.40     0.051
    -384.37    -0.040
    -383.34     0.053
    -382.31    -0.052
    -381.28    -0.023
    -380.25    -0.010
    -379.21     0.015
    -378.18    -0.070
    -377.15     0.052
    -376.12     0.023
    -375.09     0.055
    -374.06    -0.067
    -373.03    -0.012
    -372.00    -0.042
    -370.97    -0.048
    -369.94     0.014
    -368.91     0.068
    -367.88    -0.068
    -366.85     0.095
    -365.82     0.095
    -364.79     0.021
    -363.76     0.021
    -362.73    -0.012
    -361.70     0.053
    -360.67     0.017
    -359.64     0.028
    -358.61    -0.100
    -357.57     0.008
    -356.54    -0.027
    -355.51     0.040
    -354.48     0.063
    -353.45    -0.032
    -352.42    -0.018
    -351.39    -0.022
    -350.36     0.006
    -349.33     0.041
    -348.30     0.032
    -347.27    -0.113
    -346.24    -0.043
    -345.21    -0.033
    -344.18    -0.054
    -343.15     0.013
    -342.12    -0.015
    -341.09     0.011
    -340.06     0.066
    -339.03     0.048
    -338.00     0.017
    -336.97    -0.086
    -335.93     0.039
    -334.90     0.018
    -333.87     0.138
    -332.84     0.035
    -331.81    -0.008
    -330.78     0.021
    -329.75     0.036
    -328.72    -0.061
    -327.69    -0.034
    -326.66    -0.097
    -325.63     0.012
    -324.60     0.054
    -323.57     0.049
    -322.54    -0.012
    -321.51     0.045
    -320.48     0.004
    -319.45     0.037
    -318.42     0.037
    -317.39     0.021
    -316.36    -0.017
    -315.33     0.001
    -314.29    -0.041
    -313.26     0.040
    -312.23    -0.070
    -311.20     0.030
    -310.17     0.149
    -309.14     0.022
    -308.11     0.055
    -307.08    -0.012
    -306.05    -0.086
    -305.02     0.015
    -303.99     0.092
    -302.96     0.027
    -301.93     0.013
    -300.90    -0.019
    -299.87    -0.028
    -298.84     0.070
    -297.81    -0.024
    -296.78     0.016
    -295.75    -0.050
    -294.72    -0.034
    -293.69     0.010
    -292.65    -0.030
    -291.62    -0.023
    -290.59     0.032
    -289.56    -0.021
    -288.53     0.046
    -287.50     0.078
    -286.47     0.037
    -285.44     0.015
    -284.41     0.045
    -283.38     0.017
    -282.35     0.026
    -281.32    -0.050
    -280.29     0.019
    -279.26    -0.015
    -278.23    -0.011
    -277.20     0.042
    -276.17     0.034
    -275.14    -0.081
    -274.11     0.019
    -273.08     0.034
    -272.05     0.047
    -271.01     0.015
    -269.98    -0.046
    -268.95     0.007
    -267.92    -0.041
    -266.89    -0.056
    -265.86     0.075
    -264.83     0.074
    -263.80     0.003
    -262.77    -0.066
    -261.74     0.074
    -260.71    -0.077
    -259.68     0.003
    -258.65     0.010
    -257.62     0.062
    -256.59     0.077
    -255.56     0.079
    -254.53    -0.011
    -253.50     0.036
    -252.47     0.077
    -251.44    -0.027
    -250.41    -0.009
    -249.37    -0.051
    -248.34     0.046
    -247.31    -0.011
    -246.28    -0.042
    -245.25    -0.051
    -244.22    -0.045
    -243.19     0.011
    -242.16     0.006
    -241.13     0.031
    -240.10     0.053
    -239.07     0.040
    -238.04    -0.036
    -237.01     0.009
    -235.98    -0.071
    -234.95     0.005
    -233.92    -0.068
    -232.89    -0.036
    -231.86     0.045
    -230.83     0.015
    -229.80    -0.026
    -228.77     0.036
    -227.73    -0.010
    -226.70     0.033
    -225.67     0.048
    -224.64     0.015
    -223.61    -0.011
    -222.58    -0.032
    -221.55    -0.056
    -220.52    -0.024
    -219.49     0.026
    -218.46     0.010
    -217.43     0.092
    -216.40    -0.037
    -215.37    -0.085
    -214.34     0.036
    -213.31     0.093
    -212.28     0.140
    -211.25     0.005
    -210.22     0.157
    -209.19     0.045
    -208.16     0.084
    -207.13     0.066
    -206.09     0.118
    -205.06     0.131
    -204.03     0.034
    -203.00    -0.024
    -201.97     0.013
    -200.94    -0.018
    -199.91    -0.033
    -198.88    -0.080
    -197.85     0.051
    -196.82    -0.068
    -195.79     0.064
    -194.76     0.060
    -193.73    -0.005
    -192.70     0.011
    -191.67    -0.030
    -190.64     0.002
    -189.61     0.050
    -188.58     0.020
    -187.55     0.021
    -186.52     0.043
    -185.49     0.082
    -184.46     0.001
    -183.42    -0.006
    -182.39    -0.125
    -181.36    -0.010
    -180.33     0.022
    -179.30    -0.036
    -178.27    -0.029
    -177.24     0.031
    -176.21    -0.031
    -175.18    -0.049
    -174.15    -0.007
    -173.12    -0.013
    -172.09    -0.120
    -171.06    -0.081
    -170.03    -0.047
    -169.00    -0.066
    -167.97    -0.118
    -166.94     0.030
    -165.91     0.004
    -164.88     0.007
    -163.85    -0.092
    -162.82    -0.014
    -161.78    -0.023
    -160.75    -0.135
    -159.72    -0.092
    -158.69    -0.014
    -157.66     0.060
    -156.63     0.030
    -155.60    -0.083
    -154.57     0.116
    -153.54    -0.009
    -152.51     0.053
    -151.48     0.024
    -150.45    -0.017
    -149.42     0.021
    -148.39     0.087
    -147.36     0.100
    -146.33     0.089
    -145.30     0.131
    -144.27     0.126
    -143.24     0.083
    -142.21     0.087
    -141.18     0.197
    -140.14     0.060
    -139.11     0.087
    -138.08     0.150
    -137.05     0.130
    -136.02     0.060
    -134.99     0.183
    -133.96     0.151
    -132.93     0.146
    -131.90     0.144
    -130.87     0.150
    -129.84     0.154
    -128.81     0.209
    -127.78     0.114
    -126.75     0.111
    -125.72     0.199
    -124.69     0.242
    -123.66     0.154
    -122.63     0.152
    -121.60     0.314
    -120.57     0.264
    -119.54     0.432
    -118.50     0.490
    -117.47     0.484
    -116.44     0.495
    -115.41     0.603
    -114.38     0.753
    -113.35     0.756
    -112.32     0.853
    -111.29     1.074
    -110.26     1.022
    -109.23     1.310
    -108.20     1.396
    -107.17     1.456
    -106.14     1.382
    -105.11     1.476
    -104.08     1.473
    -103.05     1.541
    -102.02     1.586
    -100.99     1.625
     -99.96     1.564
     -98.93     1.535
     -97.90     1.495
     -96.86     1.479
     -95.83     1.426
     -94.80     1.355
     -93.77     1.273
     -92.74     1.263
     -91.71     1.102
     -90.68     1.011
     -89.65     0.911
     -88.62     0.858
     -87.59     0.858
     -86.56     0.722
     -85.53     0.654
     -84.50     0.671
     -83.47     0.682
     -82.44     0.603
     -81.41     0.557
     -80.38     0.588
     -79.35     0.498
     -78.32     0.586
     -77.29     0.506
     -76.26     0.547
     -75.22     0.537
     -74.19     0.533
     -73.16     0.514
     -72.13     0.551
     -71.10     0.418
     -70.07     0.531
     -69.04     0.548
     -68.01     0.470
     -66.98     0.445
     -65.95     0.417
     -64.92     0.444
     -63.89     0.411
     -62.86     0.357
     -61.83     0.353
     -60.80     0.328
     -59.77     0.343
     -58.74     0.327
     -57.71     0.192
     -56.68     0.334
     -55.65     0.333
     -54.62     0.320
     -53.58     0.287
     -52.55     0.280
     -51.52     0.275
     -50.49     0.193
     -49.46     0.387
     -48.43     0.224
     -47.40     0.247
     -46.37     0.247
     -45.34     0.353
     -44.31     0.305
     -43.28     0.249
     -42.25     0.332
     -41.22     0.300
     -40.19     0.256
     -39.16     0.436
     -38.13     0.370
     -37.10     0.461
     -36.07     0.351
     -35.04     0.511
     -34.01     0.445
     -32.98     0.427
     -31.94     0.417
     -30.91     0.500
     -29.88     0.468
     -28.85     0.600
     -27.82     0.621
     -26.79     0.720
     -25.76     0.675
     -24.73     0.827
     -23.70     0.798
     -22.67     1.107
     -21.64     1.112
     -20.61     1.217
     -19.58     1.337
     -18.55     1.605
     -17.52     1.649
     -16.49     1.939
     -15.46     2.244
     -14.43     2.583
     -13.40     3.055
     -12.37     3.547
     -11.34     4.159
     -10.30     4.708
      -9.27     5.533
      -8.24     6.420
      -7.21     7.002
      -6.18     7.966
      -5.15     8.719
      -4.12     9.656
      -3.09    10.494
      -2.06    11.360
      -1.03    12.306
       0.00    13.811
       1.03    16.229
       2.06    20.145
       3.09    22.841
       4.12    23.328
       5.15    21.901
       6.18    18.495
       7.21    15.458
       8.24    13.114
       9.27    11.349
      10.30     9.988
      11.34     8.914
      12.37     7.863
      13.40     7.062
      14.43     6.367
      15.46     5.733
      16.49     5.051
      17.52     4.117
      18.55     3.524
      19.58     2.915
      20.61     2.473
      21.64     2.066
      22.67     1.721
      23.70     1.370
      24.73     1.148
      25.76     0.872
      26.79     0.746
      27.82     0.663
      28.85     0.536
      29.88     0.493
      30.91     0.404
      31.94     0.411
      32.98     0.265
      34.01     0.157
      35.04     0.203
      36.07     0.096
      37.10     0.159
      38.13     0.177
      39.16     0.156
      40.19     0.051
      41.22     0.107
      42.25    -0.021
      43.28     0.097
      44.31     0.105
      45.34     0.053
      46.37     0.043
      47.40     0.129
      48.43     0.053
      49.46     0.064
      50.49     0.056
      51.52     0.103
      52.55     0.094
      53.58     0.002
      54.62     0.019
      55.65     0.102
      56.68     0.034
      57.71     0.069
      58.74    -0.071
      59.77     0.038
      60.80    -0.002
      61.83     0.037
      62.86     0.001
      63.89     0.058
      64.92     0.049
      65.95     0.035
      66.98    -0.020
      68.01    -0.032
      69.04    -0.052
      70.07     0.100
      71.10     0.019
      72.13    -0.030
      73.16    -0.098
      74.19     0.031
      75.22    -0.069
      76.26     0.109
      77.29    -0.092
      78.32    -0.045
      79.35    -0.105
      80.38    -0.015
      81.41     0.023
      82.44     0.024
      83.47    -0.058
      84.50     0.003
      85.53    -0.002
      86.56     0.034
      87.59    -0.037
      88.62    -0.026
      89.65     0.037
      90.68     0.104
      91.71    -0.063
      92.74     0.027
      93.77    -0.046
      94.80    -0.003
      95.83    -0.054
      96.86     0.056
      97.90    -0.038
      98.93    -0.001
      99.96     0.006
     100.99     0.022
     102.02    -0.019
     103.05    -0.017
     104.08    -0.002
     105.11     0.029
     106.14     0.038
     107.17     0.030
     108.20    -0.039
     109.23    -0.027
     110.26    -0.021
     111.29     0.073
     112.32     0.002
     113.35     0.017
     114.38     0.023
     115.41     0.075
     116.44     0.006
     117.47    -0.024
     118.50    -0.023
     119.54     0.039
     120.57     0.021
     121.60     0.036
     122.63     0.024
     123.66    -0.032
     124.69    -0.012
     125.72     0.019
     126.75     0.038
     127.78    -0.007
     128.81    -0.047
     129.84     0.050
     130.87     0.061
     131.90    -0.030
     132.93     0.026
     133.96    -0.004
     134.99     0.047
     136.02     0.030
     137.05     0.016
     138.08    -0.013
     139.11    -0.048
     140.14    -0.013
     141.18     0.078
     142.21     0.028
     143.24    -0.036
     144.27    -0.022
     145.30     0.028
     146.33     0.053
     147.36    -0.032
     148.39     0.103
     149.42     0.060
     150.45    -0.023
     151.48     0.011
     152.51     0.013
     153.54    -0.004
     154.57    -0.013
     155.60     0.112
     156.63    -0.013
     157.66    -0.087
     158.69     0.021
     159.72     0.070
     160.75     0.014
     161.78     0.012
     162.82     0.027
     163.85    -0.012
     164.88     0.007
     165.91    -0.026
     166.94    -0.011
     167.97    -0.043
     169.00    -0.004
     170.03    -0.008
     171.06    -0.053
     172.09     0.027
     173.12     0.009
     174.15     0.002
     175.18     0.001
     176.21    -0.082
     177.24     0.016
     178.27     0.033
     179.30    -0.045
     180.33     0.020
     181.36     0.040
     182.39    -0.030
     183.42     0.022
     184.46    -0.023
     185.49    -0.064
     186.52    -0.006
     187.55     0.001
     188.58     0.034
     189.61    -0.099
     190.64     0.056
     191.67     0.015
     192.70     0.028
     193.73    -0.022
     194.76    -0.025
     195.79     0.004
     196.82     0.013
     197.85     0.004
     198.88     0.102
     199.91    -0.005
     200.94     0.017
     201.97     0.056
     203.00    -0.021
     204.03     0.125
     205.06     0.042
     206.09    -0.005
     207.13    -0.007
     208.16     0.091
     209.19     0.005
     210.22     0.037
     211.25     0.074
     212.28     0.095
     213.31    -0.008
     214.34     0.065
     215.37     0.048
     216.40     0.015
     217.43    -0.018
     218.46    -0.054
     219.49    -0.077
     220.52    -0.029
     221.55    -0.036
     222.58    -0.054
     223.61    -0.047
     224.64     0.021
     225.67     0.041
     226.70     0.045
     227.73     0.001
     228.77    -0.018
     229.80    -0.094
     230.83    -0.095
     231.86    -0.050
     232.89     0.033
     233.92    -0.036
     234.95     0.002
     235.98     0.068
     237.01     0.054
     238.04    -0.052
     239.07    -0.001
     240.10    -0.052
     241.13    -0.028
     242.16     0.006
     243.19    -0.041
     244.22    -0.093
     245.25    -0.053
     246.28    -0.022
     247.31     0.014
     248.34    -0.038
     249.37    -0.040
     250.41    -0.057
     251.44     0.003
     252.47     0.053
     253.50     0.031
     254.53    -0.049
     255.56    -0.026
     256.59     0.013
     257.62     0.057
     258.65    -0.106
     259.68    -0.042
     260.71    -0.011
     261.74     0.023
     262.77     0.063
     263.80     0.017
     264.83     0.070
     265.86     0.023
     266.89    -0.078
     267.92     0.005
     268.95    -0.076
     269.98    -0.036
     271.01     0.031
     272.05     0.100
     273.08     0.032
     274.11    -0.013
     275.14    -0.021
     276.17     0.045
     277.20     0.024
     278.23    -0.030
     279.26     0.023
     280.29    -0.093
     281.32     0.006
     282.35    -0.076
     283.38    -0.043
     284.41    -0.060
     285.44     0.002
     286.47    -0.014
     287.50    -0.082
     288.53     0.002
     289.56    -0.003
     290.59     0.043
     291.62    -0.022
     292.65     0.009
     293.69    -0.025
     294.72     0.036
     295.75     0.090
     296.78     0.029
     297.81    -0.017
     298.84    -0.017
     299.87    -0.046
     300.90     0.085
     301.93    -0.021
     302.96     0.021
     303.99    -0.003
     305.02     0.020
     306.05     0.025
     307.08     0.026
     308.11    -0.066
     309.14     0.035
     310.17     0.013
     311.20    -0.030
     312.23     0.022
     313.26    -0.007
     314.29     0.018
     315.33     0.054
     316.36    -0.009
     317.39     0.002
     318.42     0.029
     319.45     0.057
     320.48     0.005
     321.51     0.075
     322.54    -0.015
     323.57     0.032
     324.60    -0.048
     325.63     0.054
     326.66    -0.019
     327.69     0.033
     328.72    -0.004
     329.75     0.002
     330.78    -0.055
     331.81    -0.049
     332.84    -0.120
     333.87     0.015
     334.90    -0.019
     335.93     0.011
     336.97    -0.022
     338.00     0.003
     339.03     0.075
     340.06     0.125
     341.09     0.027
     342.12    -0.011
     343.15     0.043
     344.18     0.016
     345.21    -0.019
     346.24     0.018
     347.27    -0.046
     348.30    -0.117
     349.33     0.049
     350.36    -0.054
     351.39     0.024
     352.42    -0.069
     353.45    -0.072
     354.48    -0.016
     355.51     0.105
     356.54     0.019
     357.57    -0.011
     358.61     0.020
     359.64    -0.090
     360.67     0.097
     361.70    -0.050
     362.73    -0.020
     363.76    -0.072
     364.79    -0.001
     365.82    -0.095
     366.85     0.041
     367.88    -0.024
     368.91     0.111
     369.94     0.022
     370.97    -0.000
     372.00     0.002
     373.03     0.059
     374.06     0.012
     375.09    -0.013
     376.12     0.085
     377.15     0.003
     378.18    -0.061
     379.21    -0.005
     380.25    -0.121
     381.28    -0.045
     382.31    -0.037
     383.34     0.052
     384.37    -0.042
     385.40    -0.068
     386.43    -0.006
     387.46     0.052
     388.49    -0.018
     389.52     0.007
     390.55    -0.095
     391.58    -0.002
     392.61    -0.031
     393.64     0.029
     394.67     0.091
     395.70     0.016
     396.73    -0.107
     397.76    -0.047
     398.79    -0.104
     399.82    -0.000