%%LAB     777  datapoints: v_lsr [km/s] and T_B [K]
    -399.82     0.062
    -398.79     0.013
    -397.76    -0.009
    -396.73     0.020
    -395.70     0.070
    -394.67     0.045
    -393.64     0.035
    -392.61    -0.056
    -391.58     0.039
    -390.55     0.015
    -389.52     0.030
    -388.49     0.078
    -387.46     0.079
    -386.43    -0.045
    -385.40    -0.010
    -384.37    -0.109
    -383.34    -0.013
    -382.31    -0.063
    -381.28    -0.006
    -380.24    -0.003
    -379.21    -0.035
    -378.18     0.023
    -377.15    -0.022
    -376.12    -0.123
    -375.09     0.052
    -374.06    -0.016
    -373.03     0.024
    -372.00     0.062
    -370.97     0.011
    -369.94    -0.008
    -368.91    -0.078
    -367.88     0.068
    -366.85     0.001
    -365.82     0.014
    -364.79     0.095
    -363.76     0.067
    -362.73     0.053
    -361.70    -0.071
    -360.67     0.020
    -359.64    -0.044
    -358.60    -0.024
    -357.57    -0.070
    -356.54     0.059
    -355.51     0.050
    -354.48     0.029
    -353.45    -0.009
    -352.42     0.017
    -351.39     0.012
    -350.36     0.063
    -349.33    -0.098
    -348.30     0.101
    -347.27     0.057
    -346.24    -0.055
    -345.21     0.016
    -344.18    -0.030
    -343.15     0.028
    -342.12     0.129
    -341.09     0.038
    -340.06     0.021
    -339.03    -0.121
    -338.00     0.037
    -336.96    -0.019
    -335.93    -0.014
    -334.90    -0.009
    -333.87     0.081
    -332.84    -0.070
    -331.81     0.143
    -330.78    -0.012
    -329.75     0.027
    -328.72     0.034
    -327.69     0.068
    -326.66    -0.075
    -325.63    -0.046
    -324.60     0.024
    -323.57    -0.032
    -322.54    -0.027
    -321.51     0.064
    -320.48    -0.049
    -319.45    -0.079
    -318.42    -0.024
    -317.39    -0.013
    -316.36     0.013
    -315.32    -0.014
    -314.29    -0.004
    -313.26     0.003
    -312.23     0.021
    -311.20     0.061
    -310.17     0.028
    -309.14    -0.039
    -308.11    -0.093
    -307.08    -0.046
    -306.05     0.040
    -305.02     0.083
    -303.99    -0.143
    -302.96    -0.036
    -301.93    -0.062
    -300.90     0.063
    -299.87    -0.082
    -298.84     0.056
    -297.81    -0.046
    -296.78     0.072
    -295.75    -0.019
    -294.72     0.088
    -293.68    -0.057
    -292.65     0.054
    -291.62    -0.026
    -290.59     0.089
    -289.56    -0.020
    -288.53    -0.008
    -287.50     0.027
    -286.47     0.010
    -285.44     0.034
    -284.41    -0.035
    -283.38     0.035
    -282.35     0.007
    -281.32    -0.130
    -280.29     0.019
    -279.26     0.016
    -278.23     0.009
    -277.20     0.026
    -276.17    -0.020
    -275.14    -0.006
    -274.11     0.032
    -273.08     0.062
    -272.04    -0.136
    -271.01    -0.059
    -269.98     0.099
    -268.95     0.083
    -267.92     0.053
    -266.89    -0.045
    -265.86    -0.003
    -264.83    -0.026
    -263.80    -0.024
    -262.77    -0.083
    -261.74    -0.057
    -260.71    -0.108
    -259.68    -0.023
    -258.65     0.024
    -257.62     0.040
    -256.59    -0.051
    -255.56     0.066
    -254.53    -0.011
    -253.50    -0.029
    -252.47    -0.044
    -251.44     0.032
    -250.41     0.037
    -249.37     0.083
    -248.34     0.110
    -247.31     0.005
    -246.28    -0.083
    -245.25    -0.037
    -244.22    -0.081
    -243.19     0.105
    -242.16    -0.043
    -241.13     0.086
    -240.10     0.040
    -239.07    -0.005
    -238.04     0.020
    -237.01    -0.033
    -235.98     0.066
    -234.95     0.036
    -233.92    -0.017
    -232.89     0.011
    -231.86     0.030
    -230.83     0.044
    -229.80    -0.000
    -228.77     0.017
    -227.73     0.018
    -226.70     0.005
    -225.67     0.028
    -224.64     0.105
    -223.61    -0.045
    -222.58     0.044
    -221.55     0.026
    -220.52    -0.030
    -219.49    -0.007
    -218.46     0.086
    -217.43     0.088
    -216.40     0.137
    -215.37    -0.038
    -214.34    -0.003
    -213.31    -0.086
    -212.28    -0.031
    -211.25    -0.030
    -210.22     0.109
    -209.19     0.088
    -208.16     0.047
    -207.13    -0.047
    -206.09    -0.056
    -205.06     0.022
    -204.03     0.110
    -203.00    -0.021
    -201.97    -0.030
    -200.94     0.025
    -199.91     0.014
    -198.88    -0.014
    -197.85    -0.064
    -196.82    -0.017
    -195.79     0.043
    -194.76     0.014
    -193.73     0.016
    -192.70    -0.010
    -191.67     0.078
    -190.64     0.028
    -189.61     0.033
    -188.58    -0.006
    -187.55     0.065
    -186.52     0.073
    -185.49     0.009
    -184.45    -0.017
    -183.42     0.020
    -182.39    -0.004
    -181.36     0.101
    -180.33     0.080
    -179.30     0.072
    -178.27     0.001
    -177.24    -0.038
    -176.21     0.054
    -175.18    -0.002
    -174.15    -0.027
    -173.12     0.036
    -172.09    -0.050
    -171.06    -0.043
    -170.03    -0.085
    -169.00    -0.047
    -167.97    -0.139
    -166.94     0.060
    -165.91    -0.054
    -164.88     0.044
    -163.85    -0.041
    -162.81    -0.051
    -161.78    -0.057
    -160.75    -0.032
    -159.72    -0.068
    -158.69     0.028
    -157.66    -0.016
    -156.63    -0.054
    -155.60    -0.008
    -154.57    -0.045
    -153.54    -0.019
    -152.51     0.071
    -151.48    -0.087
    -150.45    -0.076
    -149.42    -0.024
    -148.39    -0.036
    -147.36    -0.028
    -146.33    -0.167
    -145.30    -0.056
    -144.27    -0.016
    -143.24    -0.047
    -142.21    -0.025
    -141.17    -0.060
    -140.14     0.041
    -139.11    -0.031
    -138.08     0.077
    -137.05     0.128
    -136.02     0.052
    -134.99     0.034
    -133.96     0.026
    -132.93     0.072
    -131.90     0.111
    -130.87     0.021
    -129.84     0.123
    -128.81     0.139
    -127.78     0.175
    -126.75     0.056
    -125.72     0.198
    -124.69     0.127
    -123.66     0.210
    -122.63     0.184
    -121.60     0.224
    -120.57     0.283
    -119.53     0.250
    -118.50     0.263
    -117.47     0.234
    -116.44     0.373
    -115.41     0.369
    -114.38     0.428
    -113.35     0.431
    -112.32     0.380
    -111.29     0.548
    -110.26     0.487
    -109.23     0.498
    -108.20     0.571
    -107.17     0.528
    -106.14     0.498
    -105.11     0.519
    -104.08     0.608
    -103.05     0.614
    -102.02     0.624
    -100.99     0.744
     -99.96     0.746
     -98.93     0.631
     -97.89     0.665
     -96.86     0.772
     -95.83     0.670
     -94.80     0.717
     -93.77     0.702
     -92.74     0.693
     -91.71     0.538
     -90.68     0.573
     -89.65     0.399
     -88.62     0.427
     -87.59     0.452
     -86.56     0.421
     -85.53     0.355
     -84.50     0.451
     -83.47     0.297
     -82.44     0.366
     -81.41     0.259
     -80.38     0.254
     -79.35     0.237
     -78.32     0.248
     -77.29     0.261
     -76.26     0.167
     -75.22     0.120
     -74.19     0.131
     -73.16     0.175
     -72.13     0.094
     -71.10     0.059
     -70.07     0.142
     -69.04    -0.016
     -68.01     0.124
     -66.98     0.158
     -65.95     0.033
     -64.92     0.093
     -63.89     0.225
     -62.86     0.067
     -61.83     0.052
     -60.80     0.003
     -59.77     0.116
     -58.74     0.072
     -57.71     0.112
     -56.68     0.241
     -55.65     0.103
     -54.62     0.096
     -53.58     0.129
     -52.55     0.032
     -51.52     0.146
     -50.49     0.029
     -49.46     0.069
     -48.43    -0.017
     -47.40     0.177
     -46.37     0.206
     -45.34     0.171
     -44.31     0.182
     -43.28     0.233
     -42.25     0.077
     -41.22     0.220
     -40.19     0.146
     -39.16     0.222
     -38.13     0.241
     -37.10     0.159
     -36.07     0.177
     -35.04     0.234
     -34.01     0.366
     -32.98     0.321
     -31.94     0.343
     -30.91     0.316
     -29.88     0.460
     -28.85     0.543
     -27.82     0.503
     -26.79     0.549
     -25.76     0.566
     -24.73     0.680
     -23.70     0.724
     -22.67     0.805
     -21.64     0.778
     -20.61     0.832
     -19.58     1.088
     -18.55     1.189
     -17.52     1.277
     -16.49     1.449
     -15.46     1.632
     -14.43     1.924
     -13.40     2.237
     -12.37     2.727
     -11.34     3.046
     -10.30     3.618
      -9.27     4.207
      -8.24     4.866
      -7.21     5.731
      -6.18     6.761
      -5.15     7.940
      -4.12     9.302
      -3.09    10.872
      -2.06    12.743
      -1.03    12.900
       0.00    12.237
       1.03    12.158
       2.06    12.970
       3.09    14.352
       4.12    14.924
       5.15    14.087
       6.18    12.152
       7.21    10.199
       8.24     8.296
       9.27     6.832
      10.30     5.916
      11.34     5.216
      12.37     4.464
      13.40     4.025
      14.43     3.510
      15.46     3.090
      16.49     2.728
      17.52     2.380
      18.55     2.060
      19.58     1.821
      20.61     1.590
      21.64     1.343
      22.67     1.241
      23.70     0.956
      24.73     0.813
      25.76     0.637
      26.79     0.613
      27.82     0.416
      28.85     0.382
      29.88     0.307
      30.91     0.262
      31.94     0.194
      32.98     0.208
      34.01     0.150
      35.04     0.248
      36.07    -0.045
      37.10     0.010
      38.13     0.041
      39.16     0.017
      40.19     0.087
      41.22     0.012
      42.25    -0.026
      43.28     0.019
      44.31    -0.012
      45.34     0.025
      46.37     0.047
      47.40    -0.017
      48.43     0.052
      49.46     0.126
      50.49     0.050
      51.52     0.087
      52.55    -0.025
      53.58     0.077
      54.62     0.048
      55.65     0.099
      56.68    -0.027
      57.71     0.113
      58.74    -0.104
      59.77     0.150
      60.80     0.117
      61.83    -0.030
      62.86    -0.016
      63.89     0.113
      64.92     0.055
      65.95     0.079
      66.98    -0.042
      68.01     0.096
      69.04    -0.062
      70.07     0.020
      71.10     0.038
      72.13     0.028
      73.16    -0.018
      74.19    -0.029
      75.22    -0.008
      76.26     0.129
      77.29    -0.028
      78.32     0.029
      79.35     0.056
      80.38     0.084
      81.41     0.049
      82.44     0.042
      83.47     0.057
      84.50    -0.020
      85.53    -0.092
      86.56    -0.003
      87.59    -0.093
      88.62     0.002
      89.65     0.003
      90.68     0.023
      91.71     0.046
      92.74     0.061
      93.77     0.043
      94.80     0.077
      95.83    -0.023
      96.86    -0.001
      97.89     0.016
      98.93     0.026
      99.96     0.011
     100.99     0.016
     102.02    -0.043
     103.05     0.175
     104.08    -0.049
     105.11    -0.047
     106.14    -0.051
     107.17    -0.012
     108.20     0.063
     109.23    -0.022
     110.26     0.014
     111.29     0.123
     112.32    -0.041
     113.35    -0.005
     114.38     0.066
     115.41     0.018
     116.44    -0.096
     117.47     0.060
     118.50    -0.002
     119.53     0.116
     120.57     0.000
     121.60     0.013
     122.63    -0.059
     123.66     0.067
     124.69    -0.032
     125.72    -0.023
     126.75    -0.037
     127.78     0.127
     128.81    -0.006
     129.84    -0.052
     130.87    -0.022
     131.90    -0.029
     132.93     0.011
     133.96     0.020
     134.99     0.059
     136.02    -0.021
     137.05    -0.030
     138.08    -0.030
     139.11    -0.004
     140.14    -0.009
     141.17     0.070
     142.21     0.076
     143.24     0.033
     144.27     0.109
     145.30    -0.059
     146.33     0.035
     147.36    -0.102
     148.39     0.006
     149.42    -0.055
     150.45     0.091
     151.48     0.047
     152.51    -0.042
     153.54     0.067
     154.57     0.065
     155.60    -0.138
     156.63    -0.023
     157.66     0.030
     158.69     0.038
     159.72    -0.100
     160.75     0.004
     161.78    -0.039
     162.81     0.084
     163.85    -0.081
     164.88    -0.081
     165.91     0.046
     166.94     0.083
     167.97     0.102
     169.00    -0.000
     170.03    -0.015
     171.06     0.071
     172.09     0.006
     173.12     0.087
     174.15     0.038
     175.18    -0.057
     176.21     0.013
     177.24    -0.074
     178.27    -0.012
     179.30     0.023
     180.33     0.011
     181.36     0.082
     182.39    -0.049
     183.42     0.010
     184.45    -0.083
     185.49    -0.037
     186.52    -0.001
     187.55     0.089
     188.58     0.029
     189.61     0.117
     190.64    -0.023
     191.67     0.006
     192.70    -0.028
     193.73     0.040
     194.76    -0.086
     195.79    -0.042
     196.82    -0.050
     197.85     0.060
     198.88     0.049
     199.91     0.072
     200.94    -0.018
     201.97     0.044
     203.00     0.080
     204.03     0.068
     205.06    -0.086
     206.09     0.048
     207.13    -0.097
     208.16     0.052
     209.19     0.003
     210.22    -0.069
     211.25    -0.014
     212.28     0.058
     213.31     0.069
     214.34    -0.021
     215.37    -0.018
     216.40     0.089
     217.43    -0.065
     218.46     0.076
     219.49    -0.047
     220.52     0.117
     221.55     0.009
     222.58     0.016
     223.61    -0.038
     224.64     0.079
     225.67    -0.066
     226.70     0.009
     227.73     0.078
     228.77    -0.073
     229.80     0.027
     230.83     0.006
     231.86     0.013
     232.89    -0.035
     233.92     0.000
     234.95    -0.059
     235.98    -0.133
     237.01    -0.009
     238.04    -0.090
     239.07    -0.077
     240.10    -0.072
     241.13     0.021
     242.16     0.062
     243.19    -0.028
     244.22    -0.001
     245.25    -0.036
     246.28    -0.010
     247.31     0.045
     248.34     0.049
     249.37     0.029
     250.41    -0.030
     251.44     0.123
     252.47     0.021
     253.50     0.032
     254.53    -0.050
     255.56    -0.007
     256.59    -0.045
     257.62     0.009
     258.65    -0.049
     259.68    -0.011
     260.71    -0.010
     261.74     0.050
     262.77    -0.046
     263.80     0.004
     264.83     0.079
     265.86    -0.038
     266.89    -0.034
     267.92    -0.086
     268.95    -0.086
     269.98     0.070
     271.01    -0.045
     272.04     0.064
     273.08    -0.083
     274.11    -0.040
     275.14     0.062
     276.17     0.087
     277.20    -0.126
     278.23    -0.089
     279.26    -0.011
     280.29    -0.047
     281.32    -0.089
     282.35     0.013
     283.38     0.007
     284.41     0.096
     285.44     0.071
     286.47     0.010
     287.50    -0.060
     288.53    -0.022
     289.56    -0.053
     290.59     0.042
     291.62     0.041
     292.65     0.136
     293.68     0.075
     294.72     0.105
     295.75    -0.084
     296.78    -0.001
     297.81    -0.010
     298.84     0.033
     299.87    -0.030
     300.90    -0.089
     301.93    -0.109
     302.96     0.067
     303.99     0.001
     305.02     0.024
     306.05     0.019
     307.08    -0.028
     308.11    -0.059
     309.14     0.109
     310.17     0.018
     311.20     0.039
     312.23     0.074
     313.26    -0.005
     314.29     0.070
     315.32     0.005
     316.36    -0.010
     317.39     0.105
     318.42     0.039
     319.45     0.024
     320.48    -0.017
     321.51    -0.075
     322.54     0.031
     323.57    -0.074
     324.60     0.041
     325.63    -0.010
     326.66    -0.138
     327.69    -0.032
     328.72    -0.104
     329.75    -0.081
     330.78    -0.010
     331.81     0.064
     332.84    -0.003
     333.87    -0.025
     334.90    -0.026
     335.93     0.026
     336.96    -0.114
     338.00     0.017
     339.03     0.048
     340.06     0.025
     341.09    -0.048
     342.12    -0.082
     343.15     0.035
     344.18    -0.038
     345.21    -0.069
     346.24     0.086
     347.27     0.052
     348.30     0.071
     349.33    -0.073
     350.36     0.002
     351.39    -0.027
     352.42    -0.014
     353.45     0.117
     354.48     0.055
     355.51    -0.018
     356.54     0.072
     357.57    -0.049
     358.60     0.040
     359.64    -0.045
     360.67    -0.005
     361.70    -0.038
     362.73    -0.007
     363.76    -0.047
     364.79     0.070
     365.82    -0.048
     366.85     0.027
     367.88     0.154
     368.91     0.007
     369.94    -0.028
     370.97     0.124
     372.00    -0.109
     373.03    -0.014
     374.06    -0.044
     375.09     0.014
     376.12    -0.007
     377.15    -0.047
     378.18    -0.023
     379.21     0.056
     380.24    -0.025
     381.28    -0.055
     382.31    -0.016
     383.34     0.017
     384.37    -0.050
     385.40    -0.002
     386.43    -0.005
     387.46     0.162
     388.49    -0.016
     389.52     0.005
     390.55     0.017
     391.58     0.001
     392.61     0.045
     393.64    -0.041
     394.67     0.062
     395.70     0.010
     396.73     0.039
     397.76     0.069
     398.79     0.040
     399.82     0.130