%%LAB     777  datapoints: v_lsr [km/s] and T_B [K]
    -399.83     0.134
    -398.80     0.002
    -397.77    -0.062
    -396.74    -0.077
    -395.71    -0.003
    -394.68     0.025
    -393.65     0.028
    -392.61    -0.028
    -391.58     0.035
    -390.55    -0.114
    -389.52    -0.017
    -388.49     0.058
    -387.46     0.088
    -386.43    -0.029
    -385.40     0.034
    -384.37    -0.084
    -383.34     0.019
    -382.31     0.023
    -381.28    -0.009
    -380.25     0.051
    -379.22    -0.004
    -378.19    -0.063
    -377.16    -0.002
    -376.13     0.017
    -375.10    -0.034
    -374.07     0.041
    -373.04     0.007
    -372.01     0.014
    -370.97    -0.021
    -369.94     0.044
    -368.91    -0.025
    -367.88    -0.036
    -366.85    -0.031
    -365.82    -0.053
    -364.79     0.104
    -363.76    -0.028
    -362.73    -0.000
    -361.70    -0.001
    -360.67    -0.009
    -359.64     0.061
    -358.61     0.023
    -357.58     0.030
    -356.55    -0.055
    -355.52    -0.065
    -354.49    -0.096
    -353.46    -0.141
    -352.43     0.011
    -351.40    -0.157
    -350.37     0.036
    -349.33    -0.057
    -348.30    -0.006
    -347.27     0.074
    -346.24     0.033
    -345.21     0.042
    -344.18     0.083
    -343.15     0.033
    -342.12     0.029
    -341.09    -0.032
    -340.06     0.041
    -339.03     0.009
    -338.00     0.066
    -336.97    -0.004
    -335.94    -0.031
    -334.91    -0.091
    -333.88     0.053
    -332.85     0.025
    -331.82     0.003
    -330.79    -0.062
    -329.76     0.005
    -328.72     0.050
    -327.69    -0.095
    -326.66    -0.081
    -325.63     0.060
    -324.60    -0.107
    -323.57     0.030
    -322.54     0.035
    -321.51     0.047
    -320.48    -0.041
    -319.45     0.038
    -318.42     0.031
    -317.39     0.085
    -316.36    -0.096
    -315.33     0.097
    -314.30    -0.083
    -313.27     0.104
    -312.24     0.077
    -311.21     0.035
    -310.18    -0.032
    -309.15     0.028
    -308.12    -0.019
    -307.08     0.034
    -306.05    -0.025
    -305.02     0.009
    -303.99    -0.090
    -302.96     0.088
    -301.93     0.068
    -300.90     0.035
    -299.87    -0.088
    -298.84    -0.008
    -297.81    -0.032
    -296.78     0.106
    -295.75    -0.001
    -294.72    -0.001
    -293.69     0.041
    -292.66    -0.047
    -291.63    -0.026
    -290.60    -0.075
    -289.57    -0.101
    -288.54     0.024
    -287.51    -0.079
    -286.47     0.096
    -285.44     0.043
    -284.41     0.014
    -283.38    -0.020
    -282.35    -0.068
    -281.32    -0.039
    -280.29     0.131
    -279.26    -0.074
    -278.23     0.146
    -277.20     0.054
    -276.17     0.068
    -275.14     0.037
    -274.11    -0.041
    -273.08     0.005
    -272.05     0.009
    -271.02    -0.019
    -269.99     0.102
    -268.96     0.018
    -267.93     0.028
    -266.90     0.022
    -265.87    -0.021
    -264.83     0.003
    -263.80    -0.064
    -262.77    -0.009
    -261.74     0.003
    -260.71    -0.000
    -259.68     0.096
    -258.65     0.024
    -257.62     0.102
    -256.59     0.042
    -255.56     0.027
    -254.53     0.024
    -253.50    -0.013
    -252.47     0.041
    -251.44     0.008
    -250.41    -0.022
    -249.38    -0.104
    -248.35    -0.036
    -247.32    -0.062
    -246.29    -0.049
    -245.26    -0.042
    -244.23     0.000
    -243.19     0.074
    -242.16    -0.097
    -241.13     0.000
    -240.10     0.060
    -239.07     0.064
    -238.04    -0.036
    -237.01     0.052
    -235.98    -0.006
    -234.95     0.043
    -233.92     0.058
    -232.89    -0.021
    -231.86    -0.031
    -230.83     0.143
    -229.80     0.007
    -228.77     0.076
    -227.74     0.048
    -226.71    -0.101
    -225.68    -0.064
    -224.65     0.119
    -223.62    -0.040
    -222.58    -0.099
    -221.55     0.058
    -220.52     0.040
    -219.49    -0.001
    -218.46    -0.032
    -217.43     0.021
    -216.40     0.003
    -215.37     0.006
    -214.34     0.020
    -213.31     0.078
    -212.28     0.079
    -211.25    -0.038
    -210.22    -0.046
    -209.19     0.115
    -208.16     0.031
    -207.13    -0.006
    -206.10     0.062
    -205.07    -0.052
    -204.04    -0.006
    -203.01    -0.033
    -201.98    -0.042
    -200.94     0.015
    -199.91     0.023
    -198.88    -0.013
    -197.85     0.037
    -196.82     0.022
    -195.79     0.012
    -194.76     0.062
    -193.73    -0.010
    -192.70    -0.023
    -191.67     0.018
    -190.64    -0.046
    -189.61     0.047
    -188.58     0.012
    -187.55    -0.019
    -186.52    -0.064
    -185.49    -0.080
    -184.46    -0.009
    -183.43     0.051
    -182.40     0.038
    -181.37     0.006
    -180.33    -0.031
    -179.30     0.025
    -178.27    -0.031
    -177.24     0.076
    -176.21     0.045
    -175.18    -0.027
    -174.15     0.049
    -173.12     0.032
    -172.09     0.042
    -171.06    -0.011
    -170.03     0.042
    -169.00     0.033
    -167.97     0.006
    -166.94     0.104
    -165.91     0.050
    -164.88     0.013
    -163.85    -0.013
    -162.82     0.158
    -161.79     0.037
    -160.76     0.079
    -159.73     0.027
    -158.69     0.068
    -157.66     0.030
    -156.63     0.087
    -155.60     0.045
    -154.57     0.214
    -153.54     0.096
    -152.51     0.229
    -151.48     0.096
    -150.45     0.164
    -149.42     0.211
    -148.39     0.296
    -147.36     0.309
    -146.33     0.381
    -145.30     0.373
    -144.27     0.410
    -143.24     0.566
    -142.21     0.654
    -141.18     0.768
    -140.15     0.812
    -139.12     1.005
    -138.09     1.119
    -137.05     1.138
    -136.02     1.290
    -134.99     1.401
    -133.96     1.420
    -132.93     1.564
    -131.90     1.593
    -130.87     1.707
    -129.84     1.930
    -128.81     2.196
    -127.78     2.330
    -126.75     2.335
    -125.72     2.376
    -124.69     2.506
    -123.66     2.488
    -122.63     2.362
    -121.60     2.564
    -120.57     2.854
    -119.54     3.527
    -118.51     4.400
    -117.48     5.896
    -116.44     7.339
    -115.41     8.659
    -114.38     9.085
    -113.35     9.640
    -112.32    11.125
    -111.29    12.831
    -110.26    13.958
    -109.23    12.971
    -108.20    11.150
    -107.17    10.261
    -106.14    10.338
    -105.11    10.943
    -104.08    11.714
    -103.05    12.547
    -102.02    13.553
    -100.99    14.430
     -99.96    15.280
     -98.93    15.887
     -97.90    16.218
     -96.87    16.357
     -95.84    16.098
     -94.80    15.825
     -93.77    15.059
     -92.74    14.329
     -91.71    13.700
     -90.68    13.352
     -89.65    13.134
     -88.62    13.107
     -87.59    12.809
     -86.56    12.788
     -85.53    12.357
     -84.50    11.846
     -83.47    11.272
     -82.44    10.688
     -81.41    10.003
     -80.38     9.637
     -79.35     9.326
     -78.32     9.354
     -77.29     9.731
     -76.26    10.143
     -75.23    10.989
     -74.19    11.691
     -73.16    12.314
     -72.13    13.027
     -71.10    13.212
     -70.07    13.305
     -69.04    12.879
     -68.01    12.109
     -66.98    11.275
     -65.95    10.832
     -64.92    10.411
     -63.89    10.193
     -62.86     9.933
     -61.83     9.716
     -60.80     9.703
     -59.77     9.741
     -58.74     9.915
     -57.71    10.497
     -56.68    11.293
     -55.65    12.627
     -54.62    14.047
     -53.59    15.925
     -52.55    17.319
     -51.52    18.281
     -50.49    18.561
     -49.46    17.679
     -48.43    16.252
     -47.40    14.794
     -46.37    13.623
     -45.34    12.909
     -44.31    12.508
     -43.28    12.339
     -42.25    12.301
     -41.22    12.506
     -40.19    12.713
     -39.16    13.125
     -38.13    13.553
     -37.10    13.840
     -36.07    13.611
     -35.04    13.327
     -34.01    13.095
     -32.98    13.223
     -31.95    13.139
     -30.91    13.320
     -29.88    13.605
     -28.85    14.072
     -27.82    15.185
     -26.79    16.865
     -25.76    19.010
     -24.73    21.514
     -23.70    24.045
     -22.67    26.613
     -21.64    28.708
     -20.61    31.078
     -19.58    33.606
     -18.55    36.875
     -17.52    41.417
     -16.49    47.523
     -15.46    54.144
     -14.43    61.852
     -13.40    69.207
     -12.37    75.245
     -11.34    78.626
     -10.30    79.544
      -9.27    78.313
      -8.24    77.317
      -7.21    76.476
      -6.18    75.929
      -5.15    75.880
      -4.12    77.418
      -3.09    79.340
      -2.06    80.968
      -1.03    80.918
       0.00    78.596
       1.03    73.974
       2.06    68.502
       3.09    64.707
       4.12    63.512
       5.15    62.158
       6.18    60.457
       7.21    55.862
       8.24    47.938
       9.27    39.474
      10.30    33.156
      11.34    28.837
      12.37    25.577
      13.40    22.248
      14.43    18.765
      15.46    15.421
      16.49    12.600
      17.52    10.283
      18.55     8.422
      19.58     6.714
      20.61     5.114
      21.64     3.734
      22.67     2.813
      23.70     2.254
      24.73     1.830
      25.76     1.425
      26.79     1.221
      27.82     0.919
      28.85     0.791
      29.88     0.643
      30.91     0.623
      31.95     0.594
      32.98     0.441
      34.01     0.176
      35.04     0.300
      36.07     0.222
      37.10     0.107
      38.13     0.073
      39.16    -0.017
      40.19     0.103
      41.22    -0.024
      42.25     0.057
      43.28     0.063
      44.31    -0.013
      45.34     0.041
      46.37     0.053
      47.40     0.051
      48.43     0.031
      49.46     0.031
      50.49     0.005
      51.52     0.072
      52.55     0.034
      53.59     0.050
      54.62    -0.075
      55.65     0.059
      56.68    -0.014
      57.71    -0.001
      58.74     0.051
      59.77     0.014
      60.80     0.026
      61.83    -0.031
      62.86    -0.131
      63.89     0.007
      64.92     0.005
      65.95     0.029
      66.98     0.044
      68.01     0.132
      69.04     0.091
      70.07     0.072
      71.10     0.041
      72.13     0.119
      73.16    -0.004
      74.19     0.048
      75.23    -0.055
      76.26     0.071
      77.29    -0.031
      78.32    -0.080
      79.35    -0.049
      80.38     0.014
      81.41    -0.033
      82.44     0.025
      83.47    -0.015
      84.50     0.101
      85.53     0.041
      86.56    -0.012
      87.59     0.022
      88.62     0.032
      89.65     0.018
      90.68    -0.029
      91.71     0.068
      92.74     0.139
      93.77     0.053
      94.80     0.010
      95.84     0.067
      96.87     0.046
      97.90     0.008
      98.93     0.069
      99.96    -0.033
     100.99     0.067
     102.02    -0.042
     103.05     0.050
     104.08     0.032
     105.11     0.004
     106.14     0.061
     107.17    -0.009
     108.20     0.017
     109.23     0.058
     110.26     0.077
     111.29     0.143
     112.32    -0.017
     113.35     0.150
     114.38     0.028
     115.41     0.031
     116.44     0.082
     117.48     0.088
     118.51    -0.056
     119.54     0.023
     120.57    -0.100
     121.60     0.102
     122.63     0.031
     123.66    -0.005
     124.69     0.066
     125.72     0.005
     126.75    -0.026
     127.78     0.128
     128.81    -0.052
     129.84     0.090
     130.87     0.021
     131.90    -0.039
     132.93    -0.090
     133.96     0.048
     134.99     0.006
     136.02    -0.033
     137.05    -0.053
     138.09     0.015
     139.12    -0.003
     140.15     0.070
     141.18    -0.012
     142.21     0.034
     143.24     0.012
     144.27    -0.001
     145.30    -0.014
     146.33     0.008
     147.36    -0.041
     148.39     0.057
     149.42    -0.003
     150.45    -0.040
     151.48    -0.066
     152.51    -0.062
     153.54    -0.101
     154.57     0.115
     155.60    -0.082
     156.63    -0.067
     157.66    -0.029
     158.69    -0.051
     159.73     0.072
     160.76     0.077
     161.79     0.097
     162.82    -0.013
     163.85    -0.028
     164.88     0.055
     165.91    -0.022
     166.94     0.058
     167.97     0.051
     169.00     0.065
     170.03    -0.040
     171.06    -0.000
     172.09     0.050
     173.12     0.050
     174.15    -0.012
     175.18    -0.067
     176.21    -0.051
     177.24    -0.064
     178.27    -0.121
     179.30     0.003
     180.33    -0.033
     181.37    -0.098
     182.40    -0.128
     183.43    -0.044
     184.46    -0.132
     185.49     0.076
     186.52    -0.051
     187.55     0.051
     188.58     0.079
     189.61    -0.029
     190.64     0.034
     191.67     0.007
     192.70    -0.072
     193.73     0.043
     194.76     0.005
     195.79     0.058
     196.82    -0.076
     197.85     0.005
     198.88     0.053
     199.91    -0.027
     200.94    -0.099
     201.98    -0.008
     203.01    -0.045
     204.04    -0.085
     205.07    -0.035
     206.10     0.051
     207.13     0.044
     208.16     0.046
     209.19     0.074
     210.22     0.019
     211.25    -0.081
     212.28    -0.019
     213.31    -0.034
     214.34    -0.027
     215.37     0.018
     216.40     0.037
     217.43     0.002
     218.46    -0.060
     219.49    -0.025
     220.52     0.115
     221.55    -0.069
     222.58     0.012
     223.62    -0.049
     224.65     0.065
     225.68     0.056
     226.71     0.055
     227.74    -0.041
     228.77     0.116
     229.80     0.124
     230.83     0.006
     231.86     0.010
     232.89     0.035
     233.92     0.005
     234.95     0.068
     235.98    -0.001
     237.01     0.098
     238.04     0.003
     239.07     0.065
     240.10    -0.070
     241.13    -0.006
     242.16    -0.088
     243.19     0.060
     244.23     0.032
     245.26    -0.033
     246.29     0.117
     247.32     0.007
     248.35     0.008
     249.38    -0.015
     250.41    -0.074
     251.44    -0.010
     252.47    -0.042
     253.50     0.057
     254.53    -0.035
     255.56     0.009
     256.59    -0.068
     257.62    -0.022
     258.65     0.106
     259.68    -0.043
     260.71     0.006
     261.74     0.085
     262.77     0.052
     263.80     0.025
     264.83    -0.023
     265.87     0.051
     266.90     0.076
     267.93    -0.023
     268.96    -0.039
     269.99     0.151
     271.02     0.014
     272.05     0.019
     273.08     0.113
     274.11     0.060
     275.14    -0.085
     276.17    -0.054
     277.20    -0.054
     278.23    -0.015
     279.26    -0.042
     280.29     0.001
     281.32    -0.141
     282.35     0.105
     283.38    -0.081
     284.41    -0.012
     285.44     0.020
     286.47    -0.002
     287.51    -0.044
     288.54    -0.025
     289.57     0.013
     290.60     0.010
     291.63    -0.021
     292.66    -0.030
     293.69    -0.095
     294.72    -0.043
     295.75    -0.033
     296.78    -0.085
     297.81     0.047
     298.84     0.068
     299.87    -0.027
     300.90     0.041
     301.93    -0.031
     302.96    -0.035
     303.99    -0.009
     305.02     0.049
     306.05    -0.074
     307.08     0.009
     308.12    -0.022
     309.15     0.080
     310.18    -0.072
     311.21     0.006
     312.24    -0.040
     313.27     0.043
     314.30    -0.020
     315.33     0.030
     316.36    -0.052
     317.39     0.050
     318.42    -0.017
     319.45     0.009
     320.48    -0.042
     321.51     0.049
     322.54    -0.016
     323.57     0.029
     324.60    -0.026
     325.63     0.015
     326.66    -0.007
     327.69     0.069
     328.72    -0.043
     329.76     0.041
     330.79    -0.031
     331.82     0.089
     332.85     0.014
     333.88    -0.055
     334.91    -0.031
     335.94    -0.015
     336.97    -0.086
     338.00     0.047
     339.03    -0.076
     340.06    -0.003
     341.09    -0.064
     342.12    -0.018
     343.15     0.002
     344.18     0.081
     345.21     0.016
     346.24     0.036
     347.27    -0.007
     348.30     0.100
     349.33    -0.050
     350.37     0.006
     351.40    -0.037
     352.43     0.004
     353.46     0.066
     354.49    -0.011
     355.52     0.056
     356.55     0.099
     357.58    -0.019
     358.61     0.083
     359.64    -0.048
     360.67     0.075
     361.70    -0.118
     362.73    -0.109
     363.76    -0.015
     364.79     0.029
     365.82     0.031
     366.85    -0.090
     367.88     0.014
     368.91     0.063
     369.94    -0.045
     370.97     0.042
     372.01    -0.042
     373.04     0.052
     374.07    -0.034
     375.10    -0.008
     376.13    -0.078
     377.16     0.000
     378.19     0.090
     379.22    -0.019
     380.25     0.036
     381.28     0.041
     382.31     0.015
     383.34     0.045
     384.37     0.072
     385.40    -0.033
     386.43    -0.047
     387.46    -0.070
     388.49    -0.024
     389.52     0.083
     390.55    -0.071
     391.58     0.001
     392.61     0.053
     393.65     0.130
     394.68     0.107
     395.71     0.079
     396.74    -0.004
     397.77     0.177
     398.80    -0.005
     399.83     0.043