%%LAB     777  datapoints: v_lsr [km/s] and T_B [K]
    -399.82     0.036
    -398.79    -0.041
    -397.76     0.016
    -396.73    -0.046
    -395.70    -0.082
    -394.67    -0.010
    -393.64     0.037
    -392.61    -0.015
    -391.58     0.038
    -390.55     0.051
    -389.52     0.026
    -388.49     0.040
    -387.46    -0.016
    -386.43     0.016
    -385.40     0.024
    -384.37    -0.063
    -383.34    -0.103
    -382.31    -0.021
    -381.28     0.031
    -380.25    -0.090
    -379.22    -0.035
    -378.18    -0.023
    -377.15     0.016
    -376.12     0.003
    -375.09    -0.076
    -374.06     0.005
    -373.03    -0.043
    -372.00    -0.021
    -370.97     0.023
    -369.94     0.013
    -368.91     0.064
    -367.88    -0.020
    -366.85     0.116
    -365.82    -0.053
    -364.79     0.046
    -363.76    -0.039
    -362.73     0.092
    -361.70     0.004
    -360.67    -0.018
    -359.64    -0.062
    -358.61     0.001
    -357.58     0.017
    -356.54    -0.108
    -355.51     0.013
    -354.48     0.003
    -353.45    -0.026
    -352.42     0.003
    -351.39    -0.045
    -350.36     0.017
    -349.33     0.009
    -348.30     0.002
    -347.27     0.049
    -346.24     0.058
    -345.21    -0.024
    -344.18     0.024
    -343.15     0.027
    -342.12    -0.006
    -341.09    -0.028
    -340.06     0.097
    -339.03     0.085
    -338.00     0.073
    -336.97    -0.079
    -335.94    -0.001
    -334.90    -0.050
    -333.87    -0.013
    -332.84     0.023
    -331.81    -0.131
    -330.78    -0.061
    -329.75    -0.029
    -328.72    -0.021
    -327.69     0.075
    -326.66    -0.051
    -325.63     0.064
    -324.60    -0.035
    -323.57    -0.015
    -322.54     0.093
    -321.51    -0.011
    -320.48    -0.070
    -319.45     0.099
    -318.42    -0.017
    -317.39     0.021
    -316.36    -0.021
    -315.33     0.064
    -314.30     0.048
    -313.26    -0.008
    -312.23     0.063
    -311.20     0.014
    -310.17    -0.088
    -309.14    -0.034
    -308.11    -0.024
    -307.08    -0.069
    -306.05    -0.015
    -305.02     0.054
    -303.99    -0.036
    -302.96     0.056
    -301.93    -0.020
    -300.90     0.000
    -299.87    -0.024
    -298.84     0.070
    -297.81    -0.040
    -296.78    -0.049
    -295.75    -0.076
    -294.72     0.044
    -293.69    -0.050
    -292.66     0.083
    -291.62    -0.021
    -290.59     0.134
    -289.56     0.008
    -288.53     0.012
    -287.50    -0.022
    -286.47     0.056
    -285.44    -0.040
    -284.41     0.032
    -283.38     0.055
    -282.35     0.072
    -281.32    -0.009
    -280.29    -0.035
    -279.26     0.090
    -278.23     0.072
    -277.20     0.003
    -276.17    -0.055
    -275.14     0.078
    -274.11     0.064
    -273.08    -0.064
    -272.05    -0.046
    -271.02    -0.037
    -269.98     0.060
    -268.95    -0.029
    -267.92     0.106
    -266.89     0.079
    -265.86     0.012
    -264.83     0.030
    -263.80    -0.062
    -262.77    -0.081
    -261.74     0.002
    -260.71    -0.023
    -259.68     0.101
    -258.65     0.038
    -257.62     0.004
    -256.59     0.051
    -255.56     0.070
    -254.53     0.072
    -253.50    -0.087
    -252.47    -0.010
    -251.44     0.014
    -250.41    -0.009
    -249.38     0.012
    -248.34    -0.136
    -247.31    -0.040
    -246.28    -0.013
    -245.25    -0.012
    -244.22     0.023
    -243.19     0.037
    -242.16    -0.100
    -241.13     0.080
    -240.10    -0.026
    -239.07     0.070
    -238.04    -0.002
    -237.01     0.065
    -235.98     0.050
    -234.95    -0.029
    -233.92     0.087
    -232.89    -0.061
    -231.86     0.092
    -230.83     0.053
    -229.80     0.067
    -228.77     0.026
    -227.74     0.037
    -226.70     0.061
    -225.67    -0.078
    -224.64     0.073
    -223.61     0.050
    -222.58    -0.003
    -221.55     0.012
    -220.52    -0.036
    -219.49    -0.024
    -218.46    -0.099
    -217.43    -0.099
    -216.40     0.093
    -215.37     0.040
    -214.34    -0.003
    -213.31     0.031
    -212.28    -0.001
    -211.25    -0.002
    -210.22     0.005
    -209.19    -0.034
    -208.16    -0.086
    -207.13     0.027
    -206.10     0.109
    -205.06    -0.018
    -204.03     0.003
    -203.00     0.005
    -201.97     0.029
    -200.94     0.009
    -199.91     0.044
    -198.88     0.114
    -197.85     0.092
    -196.82     0.020
    -195.79    -0.001
    -194.76     0.003
    -193.73     0.064
    -192.70    -0.048
    -191.67     0.069
    -190.64     0.067
    -189.61     0.076
    -188.58    -0.087
    -187.55     0.002
    -186.52     0.040
    -185.49    -0.003
    -184.46    -0.050
    -183.42     0.004
    -182.39    -0.045
    -181.36     0.076
    -180.33    -0.011
    -179.30     0.089
    -178.27    -0.019
    -177.24     0.108
    -176.21     0.046
    -175.18     0.129
    -174.15     0.071
    -173.12    -0.033
    -172.09    -0.031
    -171.06     0.042
    -170.03    -0.064
    -169.00     0.005
    -167.97    -0.048
    -166.94    -0.030
    -165.91    -0.031
    -164.88    -0.070
    -163.85    -0.039
    -162.82     0.036
    -161.78    -0.021
    -160.75     0.000
    -159.72    -0.001
    -158.69     0.074
    -157.66     0.004
    -156.63    -0.098
    -155.60    -0.024
    -154.57     0.060
    -153.54     0.012
    -152.51    -0.107
    -151.48    -0.099
    -150.45     0.157
    -149.42     0.061
    -148.39    -0.047
    -147.36     0.014
    -146.33     0.016
    -145.30    -0.150
    -144.27    -0.077
    -143.24     0.113
    -142.21     0.152
    -141.18     0.068
    -140.14     0.051
    -139.11     0.074
    -138.08     0.091
    -137.05     0.051
    -136.02     0.202
    -134.99     0.118
    -133.96     0.194
    -132.93     0.081
    -131.90     0.148
    -130.87     0.268
    -129.84     0.259
    -128.81     0.268
    -127.78     0.368
    -126.75     0.264
    -125.72     0.475
    -124.69     0.425
    -123.66     0.458
    -122.63     0.422
    -121.60     0.532
    -120.57     0.525
    -119.54     0.511
    -118.50     0.484
    -117.47     0.548
    -116.44     0.581
    -115.41     0.645
    -114.38     0.554
    -113.35     0.480
    -112.32     0.578
    -111.29     0.545
    -110.26     0.558
    -109.23     0.508
    -108.20     0.405
    -107.17     0.508
    -106.14     0.432
    -105.11     0.497
    -104.08     0.472
    -103.05     0.323
    -102.02     0.422
    -100.99     0.309
     -99.96     0.347
     -98.93     0.323
     -97.90     0.263
     -96.86     0.281
     -95.83     0.268
     -94.80     0.290
     -93.77     0.223
     -92.74     0.405
     -91.71     0.315
     -90.68     0.319
     -89.65     0.305
     -88.62     0.354
     -87.59     0.460
     -86.56     0.362
     -85.53     0.438
     -84.50     0.439
     -83.47     0.564
     -82.44     0.501
     -81.41     0.564
     -80.38     0.628
     -79.35     0.627
     -78.32     0.698
     -77.29     0.639
     -76.26     0.712
     -75.22     0.655
     -74.19     0.754
     -73.16     0.675
     -72.13     0.723
     -71.10     0.656
     -70.07     0.690
     -69.04     0.639
     -68.01     0.762
     -66.98     0.625
     -65.95     0.710
     -64.92     0.702
     -63.89     0.659
     -62.86     0.840
     -61.83     0.949
     -60.80     0.985
     -59.77     1.214
     -58.74     1.092
     -57.71     1.080
     -56.68     0.948
     -55.65     0.769
     -54.62     0.774
     -53.58     0.722
     -52.55     0.666
     -51.52     0.666
     -50.49     0.617
     -49.46     0.669
     -48.43     0.605
     -47.40     0.666
     -46.37     0.601
     -45.34     0.665
     -44.31     0.772
     -43.28     0.835
     -42.25     0.865
     -41.22     0.859
     -40.19     1.026
     -39.16     1.112
     -38.13     1.006
     -37.10     1.279
     -36.07     1.278
     -35.04     1.470
     -34.01     1.454
     -32.98     1.571
     -31.94     1.609
     -30.91     1.551
     -29.88     1.472
     -28.85     1.519
     -27.82     1.480
     -26.79     1.514
     -25.76     1.383
     -24.73     1.471
     -23.70     1.516
     -22.67     1.476
     -21.64     1.312
     -20.61     1.530
     -19.58     1.542
     -18.55     1.671
     -17.52     1.792
     -16.49     1.923
     -15.46     2.156
     -14.43     2.336
     -13.40     2.624
     -12.37     3.075
     -11.34     3.601
     -10.30     3.896
      -9.27     4.480
      -8.24     5.242
      -7.21     5.858
      -6.18     6.715
      -5.15     7.683
      -4.12     8.735
      -3.09     9.734
      -2.06    10.931
      -1.03    12.082
       0.00    13.105
       1.03    13.809
       2.06    14.226
       3.09    14.218
       4.12    13.939
       5.15    13.087
       6.18    12.272
       7.21    11.185
       8.24    10.221
       9.27     9.376
      10.30     8.761
      11.34     8.238
      12.37     7.964
      13.40     7.853
      14.43     8.279
      15.46     8.536
      16.49     8.897
      17.52     8.931
      18.55     8.663
      19.58     7.888
      20.61     6.837
      21.64     5.784
      22.67     4.706
      23.70     4.037
      24.73     3.409
      25.76     2.754
      26.79     2.328
      27.82     1.938
      28.85     1.618
      29.88     1.234
      30.91     1.057
      31.94     0.912
      32.98     0.530
      34.01     0.435
      35.04     0.521
      36.07     0.417
      37.10     0.348
      38.13     0.248
      39.16     0.227
      40.19     0.161
      41.22     0.172
      42.25     0.148
      43.28     0.137
      44.31     0.108
      45.34     0.080
      46.37     0.048
      47.40     0.044
      48.43     0.030
      49.46     0.009
      50.49     0.032
      51.52     0.053
      52.55     0.170
      53.58     0.150
      54.62     0.125
      55.65     0.058
      56.68     0.010
      57.71     0.053
      58.74     0.083
      59.77     0.052
      60.80     0.025
      61.83     0.036
      62.86    -0.029
      63.89    -0.009
      64.92     0.010
      65.95     0.008
      66.98     0.029
      68.01     0.034
      69.04     0.019
      70.07     0.010
      71.10    -0.044
      72.13    -0.043
      73.16    -0.020
      74.19    -0.001
      75.22    -0.028
      76.26     0.099
      77.29    -0.011
      78.32     0.046
      79.35    -0.013
      80.38     0.005
      81.41     0.040
      82.44     0.037
      83.47    -0.003
      84.50     0.071
      85.53    -0.076
      86.56    -0.116
      87.59    -0.005
      88.62    -0.016
      89.65    -0.073
      90.68     0.114
      91.71    -0.124
      92.74     0.045
      93.77    -0.111
      94.80     0.047
      95.83     0.011
      96.86     0.024
      97.90    -0.023
      98.93     0.047
      99.96    -0.035
     100.99     0.017
     102.02     0.028
     103.05     0.052
     104.08    -0.104
     105.11     0.111
     106.14     0.015
     107.17     0.093
     108.20    -0.015
     109.23    -0.011
     110.26    -0.079
     111.29     0.120
     112.32    -0.211
     113.35     0.055
     114.38     0.003
     115.41    -0.049
     116.44     0.084
     117.47    -0.036
     118.50     0.031
     119.54    -0.020
     120.57     0.032
     121.60    -0.060
     122.63     0.043
     123.66     0.067
     124.69    -0.012
     125.72    -0.004
     126.75    -0.017
     127.78     0.094
     128.81     0.057
     129.84     0.075
     130.87    -0.053
     131.90    -0.052
     132.93     0.086
     133.96     0.052
     134.99    -0.044
     136.02    -0.021
     137.05     0.040
     138.08     0.018
     139.11     0.058
     140.14     0.041
     141.18     0.001
     142.21     0.047
     143.24     0.102
     144.27     0.095
     145.30     0.014
     146.33     0.014
     147.36    -0.036
     148.39     0.030
     149.42    -0.082
     150.45     0.027
     151.48     0.008
     152.51    -0.040
     153.54     0.012
     154.57    -0.006
     155.60     0.050
     156.63     0.107
     157.66    -0.005
     158.69     0.074
     159.72    -0.056
     160.75     0.037
     161.78     0.010
     162.82     0.074
     163.85     0.026
     164.88    -0.071
     165.91     0.030
     166.94    -0.026
     167.97    -0.043
     169.00     0.088
     170.03     0.052
     171.06    -0.023
     172.09    -0.032
     173.12     0.106
     174.15    -0.033
     175.18     0.076
     176.21    -0.136
     177.24    -0.118
     178.27     0.037
     179.30     0.065
     180.33     0.059
     181.36     0.011
     182.39     0.095
     183.42     0.003
     184.46     0.024
     185.49    -0.017
     186.52     0.032
     187.55     0.050
     188.58    -0.054
     189.61     0.057
     190.64     0.052
     191.67    -0.051
     192.70     0.033
     193.73     0.045
     194.76    -0.001
     195.79     0.006
     196.82    -0.030
     197.85     0.063
     198.88     0.009
     199.91     0.090
     200.94     0.019
     201.97    -0.006
     203.00    -0.002
     204.03     0.024
     205.06     0.009
     206.10     0.024
     207.13     0.085
     208.16    -0.064
     209.19     0.087
     210.22     0.028
     211.25    -0.020
     212.28    -0.147
     213.31    -0.027
     214.34     0.005
     215.37     0.023
     216.40    -0.039
     217.43    -0.017
     218.46    -0.046
     219.49     0.006
     220.52     0.054
     221.55    -0.058
     222.58     0.024
     223.61     0.041
     224.64     0.011
     225.67    -0.060
     226.70     0.033
     227.74    -0.084
     228.77    -0.038
     229.80     0.035
     230.83    -0.066
     231.86    -0.063
     232.89     0.167
     233.92    -0.050
     234.95     0.040
     235.98     0.085
     237.01     0.075
     238.04    -0.062
     239.07    -0.002
     240.10    -0.041
     241.13    -0.021
     242.16    -0.065
     243.19     0.028
     244.22    -0.011
     245.25     0.065
     246.28    -0.069
     247.31     0.069
     248.34     0.022
     249.38    -0.007
     250.41    -0.097
     251.44    -0.065
     252.47    -0.052
     253.50     0.052
     254.53    -0.011
     255.56    -0.026
     256.59     0.003
     257.62     0.082
     258.65    -0.162
     259.68     0.116
     260.71    -0.095
     261.74     0.018
     262.77    -0.009
     263.80     0.055
     264.83     0.039
     265.86     0.041
     266.89    -0.023
     267.92     0.068
     268.95     0.029
     269.98     0.012
     271.02     0.034
     272.05     0.011
     273.08    -0.070
     274.11     0.013
     275.14    -0.080
     276.17    -0.021
     277.20    -0.090
     278.23    -0.027
     279.26    -0.097
     280.29     0.044
     281.32     0.004
     282.35     0.039
     283.38    -0.035
     284.41     0.099
     285.44    -0.078
     286.47     0.043
     287.50     0.050
     288.53     0.057
     289.56     0.026
     290.59    -0.066
     291.62     0.030
     292.66    -0.015
     293.69    -0.073
     294.72     0.011
     295.75     0.008
     296.78    -0.048
     297.81    -0.037
     298.84    -0.067
     299.87     0.036
     300.90    -0.027
     301.93    -0.035
     302.96    -0.033
     303.99    -0.065
     305.02    -0.012
     306.05    -0.079
     307.08     0.052
     308.11     0.011
     309.14     0.016
     310.17    -0.001
     311.20     0.016
     312.23     0.041
     313.26     0.012
     314.30    -0.066
     315.33    -0.006
     316.36    -0.035
     317.39    -0.043
     318.42    -0.028
     319.45     0.018
     320.48     0.040
     321.51    -0.102
     322.54     0.070
     323.57     0.095
     324.60     0.106
     325.63     0.043
     326.66    -0.012
     327.69     0.025
     328.72     0.062
     329.75    -0.070
     330.78    -0.063
     331.81    -0.021
     332.84    -0.129
     333.87    -0.006
     334.90     0.029
     335.94     0.051
     336.97    -0.044
     338.00    -0.046
     339.03     0.059
     340.06     0.039
     341.09     0.105
     342.12     0.011
     343.15    -0.013
     344.18     0.022
     345.21    -0.029
     346.24     0.024
     347.27    -0.005
     348.30     0.020
     349.33     0.028
     350.36    -0.032
     351.39    -0.092
     352.42     0.100
     353.45    -0.029
     354.48    -0.024
     355.51    -0.023
     356.54     0.014
     357.58     0.029
     358.61    -0.027
     359.64     0.048
     360.67    -0.020
     361.70     0.005
     362.73     0.116
     363.76    -0.033
     364.79     0.021
     365.82     0.011
     366.85     0.014
     367.88     0.049
     368.91    -0.032
     369.94     0.011
     370.97    -0.015
     372.00     0.025
     373.03     0.053
     374.06    -0.069
     375.09     0.012
     376.12    -0.024
     377.15     0.082
     378.18    -0.076
     379.22    -0.064
     380.25    -0.123
     381.28     0.035
     382.31     0.013
     383.34     0.051
     384.37     0.047
     385.40     0.038
     386.43     0.038
     387.46    -0.029
     388.49    -0.018
     389.52    -0.023
     390.55    -0.071
     391.58    -0.036
     392.61    -0.015
     393.64     0.042
     394.67    -0.047
     395.70    -0.029
     396.73    -0.038
     397.76     0.017
     398.79    -0.033
     399.82     0.045