%%LAB     777  datapoints: v_lsr [km/s] and T_B [K]
    -399.84     0.145
    -398.81     0.033
    -397.78     0.010
    -396.75     0.003
    -395.72    -0.044
    -394.69    -0.046
    -393.66     0.074
    -392.62    -0.000
    -391.59     0.049
    -390.56     0.012
    -389.53     0.041
    -388.50    -0.008
    -387.47    -0.085
    -386.44     0.001
    -385.41     0.089
    -384.38     0.036
    -383.35     0.055
    -382.32    -0.022
    -381.29    -0.058
    -380.26    -0.017
    -379.23     0.011
    -378.20    -0.035
    -377.17    -0.083
    -376.14     0.073
    -375.11     0.100
    -374.08     0.077
    -373.05     0.008
    -372.01     0.103
    -370.98     0.017
    -369.95    -0.065
    -368.92     0.098
    -367.89    -0.062
    -366.86     0.062
    -365.83     0.062
    -364.80     0.031
    -363.77    -0.037
    -362.74    -0.026
    -361.71    -0.020
    -360.68    -0.031
    -359.65    -0.078
    -358.62     0.060
    -357.59    -0.019
    -356.56    -0.028
    -355.53     0.016
    -354.50     0.004
    -353.47     0.077
    -352.43     0.042
    -351.40     0.023
    -350.37     0.007
    -349.34    -0.042
    -348.31    -0.009
    -347.28    -0.010
    -346.25    -0.083
    -345.22    -0.039
    -344.19    -0.131
    -343.16     0.051
    -342.13     0.070
    -341.10    -0.073
    -340.07    -0.003
    -339.04    -0.113
    -338.01     0.056
    -336.98    -0.073
    -335.95     0.015
    -334.92     0.016
    -333.89    -0.000
    -332.86    -0.011
    -331.82     0.087
    -330.79    -0.015
    -329.76     0.020
    -328.73    -0.013
    -327.70     0.025
    -326.67    -0.026
    -325.64    -0.010
    -324.61     0.017
    -323.58     0.029
    -322.55     0.065
    -321.52     0.075
    -320.49    -0.044
    -319.46     0.128
    -318.43    -0.021
    -317.40     0.031
    -316.37     0.077
    -315.34     0.059
    -314.31     0.016
    -313.28     0.042
    -312.25    -0.041
    -311.21    -0.019
    -310.18     0.085
    -309.15     0.073
    -308.12    -0.074
    -307.09    -0.023
    -306.06    -0.015
    -305.03    -0.033
    -304.00     0.019
    -302.97    -0.064
    -301.94    -0.012
    -300.91     0.059
    -299.88     0.035
    -298.85    -0.042
    -297.82     0.026
    -296.79     0.024
    -295.76    -0.014
    -294.73     0.039
    -293.70    -0.034
    -292.67    -0.101
    -291.63    -0.065
    -290.60     0.006
    -289.57    -0.038
    -288.54     0.035
    -287.51     0.062
    -286.48     0.046
    -285.45     0.011
    -284.42     0.001
    -283.39     0.019
    -282.36     0.026
    -281.33    -0.031
    -280.30    -0.047
    -279.27    -0.113
    -278.24    -0.003
    -277.21    -0.052
    -276.18    -0.012
    -275.15     0.019
    -274.12     0.126
    -273.09    -0.056
    -272.06     0.006
    -271.02     0.019
    -269.99    -0.033
    -268.96    -0.064
    -267.93     0.032
    -266.90    -0.010
    -265.87     0.055
    -264.84     0.009
    -263.81     0.047
    -262.78    -0.048
    -261.75     0.001
    -260.72     0.001
    -259.69     0.178
    -258.66    -0.079
    -257.63     0.067
    -256.60    -0.023
    -255.57    -0.042
    -254.54    -0.052
    -253.51     0.055
    -252.48    -0.026
    -251.44     0.020
    -250.41    -0.017
    -249.38    -0.013
    -248.35     0.058
    -247.32     0.020
    -246.29    -0.029
    -245.26     0.008
    -244.23     0.017
    -243.20    -0.065
    -242.17    -0.038
    -241.14    -0.041
    -240.11    -0.025
    -239.08    -0.030
    -238.05     0.020
    -237.02     0.038
    -235.99    -0.010
    -234.96     0.005
    -233.93     0.090
    -232.90     0.067
    -231.87     0.121
    -230.83    -0.006
    -229.80    -0.008
    -228.77     0.030
    -227.74    -0.029
    -226.71     0.051
    -225.68    -0.110
    -224.65     0.027
    -223.62     0.010
    -222.59    -0.035
    -221.56    -0.025
    -220.53    -0.101
    -219.50     0.015
    -218.47    -0.056
    -217.44    -0.014
    -216.41     0.006
    -215.38     0.007
    -214.35    -0.035
    -213.32    -0.079
    -212.29     0.020
    -211.25    -0.068
    -210.22    -0.023
    -209.19     0.105
    -208.16     0.145
    -207.13    -0.033
    -206.10     0.040
    -205.07    -0.148
    -204.04     0.029
    -203.01     0.006
    -201.98     0.040
    -200.95    -0.013
    -199.92     0.082
    -198.89    -0.066
    -197.86     0.027
    -196.83     0.048
    -195.80     0.049
    -194.77     0.078
    -193.74    -0.033
    -192.71    -0.065
    -191.68    -0.038
    -190.64     0.072
    -189.61     0.063
    -188.58    -0.045
    -187.55     0.109
    -186.52    -0.052
    -185.49    -0.090
    -184.46     0.030
    -183.43     0.047
    -182.40     0.026
    -181.37    -0.050
    -180.34     0.007
    -179.31     0.089
    -178.28    -0.071
    -177.25     0.014
    -176.22     0.088
    -175.19     0.103
    -174.16     0.034
    -173.13     0.001
    -172.10    -0.053
    -171.06     0.044
    -170.03     0.020
    -169.00     0.112
    -167.97     0.073
    -166.94     0.086
    -165.91     0.036
    -164.88     0.073
    -163.85     0.111
    -162.82     0.106
    -161.79     0.083
    -160.76     0.081
    -159.73     0.054
    -158.70     0.238
    -157.67     0.044
    -156.64     0.162
    -155.61     0.165
    -154.58     0.122
    -153.55     0.072
    -152.52     0.191
    -151.49     0.200
    -150.45     0.089
    -149.42     0.083
    -148.39     0.247
    -147.36     0.128
    -146.33     0.117
    -145.30     0.148
    -144.27     0.161
    -143.24     0.074
    -142.21     0.248
    -141.18     0.198
    -140.15     0.260
    -139.12     0.234
    -138.09     0.272
    -137.06     0.286
    -136.03     0.362
    -135.00     0.284
    -133.97     0.307
    -132.94     0.254
    -131.91     0.347
    -130.88     0.436
    -129.84     0.496
    -128.81     0.473
    -127.78     0.372
    -126.75     0.348
    -125.72     0.490
    -124.69     0.443
    -123.66     0.786
    -122.63     0.613
    -121.60     0.749
    -120.57     0.807
    -119.54     0.860
    -118.51     0.938
    -117.48     1.047
    -116.45     1.203
    -115.42     1.220
    -114.39     1.429
    -113.36     1.571
    -112.33     1.716
    -111.30     1.937
    -110.26     2.227
    -109.23     2.312
    -108.20     2.632
    -107.17     2.890
    -106.14     3.023
    -105.11     3.363
    -104.08     3.692
    -103.05     3.935
    -102.02     4.220
    -100.99     4.616
     -99.96     4.862
     -98.93     5.211
     -97.90     5.128
     -96.87     5.117
     -95.84     5.060
     -94.81     4.792
     -93.78     4.664
     -92.75     4.391
     -91.72     4.215
     -90.69     4.135
     -89.65     3.920
     -88.62     3.930
     -87.59     3.753
     -86.56     3.749
     -85.53     3.706
     -84.50     3.780
     -83.47     3.748
     -82.44     3.976
     -81.41     4.092
     -80.38     4.082
     -79.35     4.290
     -78.32     4.578
     -77.29     4.868
     -76.26     5.233
     -75.23     5.553
     -74.20     6.067
     -73.17     6.664
     -72.14     7.294
     -71.11     7.876
     -70.07     8.435
     -69.04     8.927
     -68.01     9.641
     -66.98    10.354
     -65.95    11.441
     -64.92    12.424
     -63.89    13.474
     -62.86    14.549
     -61.83    15.686
     -60.80    16.522
     -59.77    17.688
     -58.74    18.261
     -57.71    18.707
     -56.68    18.956
     -55.65    19.096
     -54.62    19.185
     -53.59    19.461
     -52.56    19.568
     -51.53    19.202
     -50.50    18.553
     -49.46    17.759
     -48.43    16.703
     -47.40    16.133
     -46.37    15.583
     -45.34    15.250
     -44.31    14.803
     -43.28    14.615
     -42.25    14.086
     -41.22    14.070
     -40.19    14.062
     -39.16    14.661
     -38.13    15.826
     -37.10    17.378
     -36.07    19.218
     -35.04    20.878
     -34.01    22.267
     -32.98    23.908
     -31.95    26.179
     -30.92    29.126
     -29.88    31.877
     -28.85    33.565
     -27.82    33.842
     -26.79    33.222
     -25.76    32.355
     -24.73    31.278
     -23.70    29.553
     -22.67    27.692
     -21.64    25.547
     -20.61    23.622
     -19.58    21.656
     -18.55    20.019
     -17.52    18.625
     -16.49    17.934
     -15.46    17.617
     -14.43    18.144
     -13.40    18.744
     -12.37    19.429
     -11.34    19.841
     -10.31    20.401
      -9.27    20.979
      -8.24    22.044
      -7.21    22.840
      -6.18    23.856
      -5.15    25.274
      -4.12    27.668
      -3.09    31.984
      -2.06    38.940
      -1.03    46.725
       0.00    52.850
       1.03    54.568
       2.06    52.520
       3.09    49.374
       4.12    45.806
       5.15    40.461
       6.18    34.601
       7.21    26.675
       8.24    18.240
       9.27    11.996
      10.31     8.429
      11.34     6.195
      12.37     4.741
      13.40     3.628
      14.43     2.973
      15.46     2.241
      16.49     1.852
      17.52     1.474
      18.55     1.252
      19.58     1.064
      20.61     0.847
      21.64     0.663
      22.67     0.606
      23.70     0.556
      24.73     0.593
      25.76     0.484
      26.79     0.468
      27.82     0.379
      28.85     0.412
      29.88     0.326
      30.92     0.238
      31.95     0.280
      32.98     0.281
      34.01     0.210
      35.04     0.174
      36.07     0.190
      37.10     0.145
      38.13     0.026
      39.16     0.217
      40.19     0.017
      41.22     0.173
      42.25    -0.013
      43.28     0.061
      44.31     0.063
      45.34     0.117
      46.37     0.131
      47.40     0.178
      48.43     0.048
      49.46     0.214
      50.50     0.094
      51.53     0.206
      52.56     0.069
      53.59     0.177
      54.62     0.033
      55.65     0.111
      56.68     0.021
      57.71     0.125
      58.74    -0.010
      59.77     0.047
      60.80    -0.064
      61.83     0.086
      62.86    -0.006
      63.89     0.090
      64.92    -0.005
      65.95     0.119
      66.98     0.008
      68.01     0.058
      69.04    -0.000
      70.07     0.014
      71.11    -0.040
      72.14     0.070
      73.17    -0.029
      74.20    -0.013
      75.23    -0.055
      76.26    -0.062
      77.29    -0.029
      78.32     0.029
      79.35    -0.013
      80.38     0.014
      81.41    -0.036
      82.44     0.047
      83.47    -0.026
      84.50     0.083
      85.53    -0.030
      86.56     0.107
      87.59    -0.012
      88.62     0.046
      89.65    -0.074
      90.69     0.037
      91.72    -0.082
      92.75     0.037
      93.78     0.004
      94.81     0.036
      95.84    -0.018
      96.87     0.006
      97.90     0.029
      98.93     0.048
      99.96     0.032
     100.99    -0.082
     102.02    -0.027
     103.05    -0.016
     104.08     0.006
     105.11     0.047
     106.14    -0.007
     107.17    -0.026
     108.20     0.009
     109.23     0.060
     110.26     0.004
     111.30     0.047
     112.33    -0.018
     113.36    -0.013
     114.39    -0.038
     115.42     0.028
     116.45    -0.005
     117.48     0.001
     118.51     0.003
     119.54    -0.072
     120.57     0.005
     121.60     0.034
     122.63     0.028
     123.66     0.004
     124.69    -0.006
     125.72     0.038
     126.75    -0.026
     127.78    -0.046
     128.81    -0.041
     129.84    -0.062
     130.88     0.068
     131.91     0.029
     132.94    -0.113
     133.97     0.044
     135.00    -0.015
     136.03     0.090
     137.06    -0.035
     138.09     0.139
     139.12    -0.010
     140.15    -0.046
     141.18     0.007
     142.21     0.023
     143.24     0.000
     144.27     0.062
     145.30    -0.016
     146.33    -0.052
     147.36    -0.033
     148.39    -0.033
     149.42     0.107
     150.45     0.027
     151.49     0.125
     152.52     0.019
     153.55    -0.070
     154.58     0.066
     155.61    -0.003
     156.64     0.115
     157.67    -0.047
     158.70     0.022
     159.73     0.076
     160.76    -0.115
     161.79     0.021
     162.82    -0.017
     163.85     0.016
     164.88     0.103
     165.91     0.020
     166.94    -0.068
     167.97    -0.040
     169.00     0.042
     170.03    -0.055
     171.06     0.040
     172.10    -0.009
     173.13    -0.078
     174.16     0.093
     175.19     0.048
     176.22     0.015
     177.25     0.031
     178.28     0.019
     179.31    -0.099
     180.34     0.014
     181.37     0.048
     182.40    -0.049
     183.43     0.034
     184.46     0.007
     185.49     0.055
     186.52    -0.024
     187.55     0.094
     188.58    -0.082
     189.61     0.037
     190.64    -0.013
     191.68    -0.044
     192.71    -0.030
     193.74     0.057
     194.77    -0.077
     195.80     0.070
     196.83     0.032
     197.86    -0.070
     198.89    -0.002
     199.92     0.029
     200.95    -0.013
     201.98     0.004
     203.01     0.028
     204.04     0.037
     205.07    -0.136
     206.10    -0.006
     207.13    -0.068
     208.16     0.007
     209.19     0.011
     210.22    -0.053
     211.25    -0.099
     212.29    -0.035
     213.32    -0.062
     214.35     0.117
     215.38     0.015
     216.41     0.020
     217.44    -0.047
     218.47     0.059
     219.50     0.006
     220.53    -0.063
     221.56    -0.099
     222.59     0.003
     223.62     0.011
     224.65     0.069
     225.68    -0.021
     226.71    -0.038
     227.74    -0.032
     228.77     0.036
     229.80    -0.053
     230.83     0.114
     231.87    -0.000
     232.90    -0.040
     233.93     0.047
     234.96     0.034
     235.99    -0.082
     237.02    -0.045
     238.05     0.002
     239.08     0.070
     240.11     0.006
     241.14     0.075
     242.17    -0.051
     243.20    -0.083
     244.23     0.038
     245.26     0.058
     246.29    -0.020
     247.32    -0.121
     248.35    -0.002
     249.38     0.056
     250.41    -0.036
     251.44    -0.030
     252.48     0.065
     253.51     0.021
     254.54    -0.086
     255.57     0.084
     256.60    -0.018
     257.63    -0.023
     258.66     0.012
     259.69    -0.077
     260.72    -0.065
     261.75     0.030
     262.78     0.025
     263.81    -0.060
     264.84    -0.019
     265.87     0.060
     266.90    -0.041
     267.93     0.023
     268.96     0.011
     269.99     0.061
     271.02     0.027
     272.06     0.031
     273.09     0.019
     274.12    -0.022
     275.15    -0.093
     276.18     0.087
     277.21    -0.073
     278.24     0.030
     279.27     0.072
     280.30     0.025
     281.33     0.015
     282.36     0.015
     283.39     0.088
     284.42     0.029
     285.45    -0.023
     286.48     0.020
     287.51    -0.062
     288.54     0.015
     289.57    -0.066
     290.60     0.040
     291.63    -0.032
     292.67     0.067
     293.70    -0.002
     294.73     0.068
     295.76    -0.001
     296.79    -0.018
     297.82     0.013
     298.85     0.101
     299.88    -0.062
     300.91    -0.002
     301.94    -0.037
     302.97    -0.017
     304.00    -0.020
     305.03    -0.006
     306.06     0.025
     307.09     0.011
     308.12    -0.023
     309.15     0.009
     310.18    -0.066
     311.21    -0.088
     312.25    -0.009
     313.28     0.024
     314.31     0.036
     315.34     0.022
     316.37     0.043
     317.40     0.062
     318.43     0.012
     319.46    -0.031
     320.49     0.028
     321.52    -0.015
     322.55     0.017
     323.58     0.064
     324.61    -0.021
     325.64    -0.051
     326.67     0.019
     327.70     0.065
     328.73    -0.005
     329.76    -0.060
     330.79    -0.046
     331.82     0.022
     332.86     0.041
     333.89     0.142
     334.92     0.042
     335.95     0.039
     336.98    -0.064
     338.01    -0.007
     339.04     0.004
     340.07    -0.023
     341.10    -0.071
     342.13     0.062
     343.16     0.084
     344.19    -0.093
     345.22    -0.039
     346.25    -0.113
     347.28     0.032
     348.31     0.089
     349.34    -0.099
     350.37     0.024
     351.40     0.004
     352.43     0.014
     353.47     0.048
     354.50    -0.057
     355.53    -0.082
     356.56    -0.065
     357.59    -0.052
     358.62    -0.039
     359.65    -0.015
     360.68     0.086
     361.71     0.066
     362.74    -0.028
     363.77     0.021
     364.80     0.027
     365.83    -0.055
     366.86    -0.061
     367.89    -0.044
     368.92    -0.023
     369.95    -0.054
     370.98     0.033
     372.01     0.064
     373.05     0.055
     374.08    -0.018
     375.11     0.029
     376.14    -0.103
     377.17    -0.006
     378.20     0.114
     379.23     0.049
     380.26    -0.024
     381.29     0.063
     382.32    -0.052
     383.35     0.060
     384.38     0.031
     385.41     0.021
     386.44     0.002
     387.47     0.064
     388.50    -0.059
     389.53     0.073
     390.56     0.022
     391.59     0.062
     392.62    -0.018
     393.66    -0.025
     394.69    -0.036
     395.72    -0.067
     396.75    -0.012
     397.78    -0.010
     398.81    -0.066
     399.84     0.064