%%LAB     777  datapoints: v_lsr [km/s] and T_B [K]
    -399.84     0.012
    -398.81    -0.114
    -397.78    -0.042
    -396.74    -0.045
    -395.71    -0.035
    -394.68    -0.068
    -393.65     0.000
    -392.62    -0.134
    -391.59    -0.035
    -390.56    -0.035
    -389.53    -0.019
    -388.50     0.056
    -387.47    -0.028
    -386.44    -0.009
    -385.41     0.026
    -384.38     0.055
    -383.35     0.020
    -382.32    -0.013
    -381.29    -0.109
    -380.26     0.025
    -379.23     0.133
    -378.20    -0.029
    -377.17     0.093
    -376.13     0.001
    -375.10    -0.005
    -374.07    -0.077
    -373.04    -0.055
    -372.01    -0.033
    -370.98     0.020
    -369.95    -0.128
    -368.92     0.086
    -367.89    -0.058
    -366.86    -0.062
    -365.83    -0.119
    -364.80     0.070
    -363.77    -0.104
    -362.74     0.039
    -361.71     0.029
    -360.68     0.047
    -359.65     0.080
    -358.62     0.139
    -357.59     0.006
    -356.55    -0.033
    -355.52    -0.192
    -354.49    -0.031
    -353.46    -0.014
    -352.43    -0.060
    -351.40    -0.042
    -350.37    -0.059
    -349.34    -0.001
    -348.31    -0.142
    -347.28     0.090
    -346.25    -0.063
    -345.22     0.002
    -344.19     0.089
    -343.16     0.067
    -342.13     0.053
    -341.10     0.023
    -340.07    -0.028
    -339.04     0.089
    -338.01    -0.070
    -336.98     0.063
    -335.94     0.053
    -334.91     0.048
    -333.88     0.031
    -332.85    -0.058
    -331.82     0.001
    -330.79    -0.033
    -329.76     0.080
    -328.73    -0.043
    -327.70     0.059
    -326.67    -0.050
    -325.64     0.017
    -324.61     0.148
    -323.58    -0.006
    -322.55     0.003
    -321.52     0.016
    -320.49     0.010
    -319.46     0.106
    -318.43    -0.068
    -317.40    -0.048
    -316.37    -0.048
    -315.33    -0.015
    -314.30     0.068
    -313.27     0.003
    -312.24     0.016
    -311.21     0.066
    -310.18    -0.018
    -309.15     0.052
    -308.12     0.000
    -307.09    -0.132
    -306.06     0.017
    -305.03     0.228
    -304.00    -0.013
    -302.97    -0.002
    -301.94     0.009
    -300.91     0.067
    -299.88     0.044
    -298.85    -0.030
    -297.82    -0.150
    -296.79    -0.019
    -295.76     0.007
    -294.72     0.080
    -293.69    -0.094
    -292.66     0.088
    -291.63    -0.075
    -290.60     0.066
    -289.57     0.029
    -288.54    -0.058
    -287.51    -0.105
    -286.48     0.004
    -285.45    -0.216
    -284.42     0.052
    -283.39    -0.076
    -282.36     0.008
    -281.33     0.094
    -280.30     0.030
    -279.27    -0.012
    -278.24     0.002
    -277.21    -0.071
    -276.18    -0.092
    -275.15    -0.050
    -274.11     0.043
    -273.08     0.059
    -272.05     0.024
    -271.02    -0.100
    -269.99    -0.038
    -268.96    -0.012
    -267.93    -0.013
    -266.90    -0.106
    -265.87     0.115
    -264.84     0.074
    -263.81    -0.023
    -262.78     0.013
    -261.75     0.125
    -260.72    -0.036
    -259.69     0.000
    -258.66     0.101
    -257.63    -0.088
    -256.60    -0.057
    -255.57    -0.011
    -254.53     0.084
    -253.50     0.064
    -252.47     0.014
    -251.44    -0.036
    -250.41     0.037
    -249.38     0.070
    -248.35     0.039
    -247.32    -0.019
    -246.29    -0.039
    -245.26     0.150
    -244.23     0.098
    -243.20    -0.026
    -242.17     0.057
    -241.14    -0.041
    -240.11     0.048
    -239.08    -0.047
    -238.05    -0.123
    -237.02     0.090
    -235.99    -0.059
    -234.96     0.052
    -233.92    -0.056
    -232.89     0.006
    -231.86     0.078
    -230.83     0.025
    -229.80     0.022
    -228.77     0.034
    -227.74     0.056
    -226.71     0.078
    -225.68    -0.008
    -224.65    -0.086
    -223.62    -0.032
    -222.59     0.032
    -221.56     0.046
    -220.53     0.130
    -219.50     0.035
    -218.47    -0.067
    -217.44    -0.045
    -216.41    -0.026
    -215.38    -0.006
    -214.35     0.055
    -213.31    -0.022
    -212.28    -0.009
    -211.25    -0.058
    -210.22    -0.065
    -209.19     0.093
    -208.16    -0.011
    -207.13    -0.019
    -206.10     0.142
    -205.07    -0.068
    -204.04    -0.028
    -203.01     0.012
    -201.98     0.192
    -200.95    -0.057
    -199.92     0.024
    -198.89     0.020
    -197.86     0.012
    -196.83     0.064
    -195.80     0.023
    -194.77     0.027
    -193.74     0.070
    -192.70    -0.111
    -191.67     0.030
    -190.64    -0.133
    -189.61     0.035
    -188.58     0.002
    -187.55     0.037
    -186.52    -0.120
    -185.49     0.041
    -184.46     0.044
    -183.43     0.045
    -182.40     0.040
    -181.37     0.065
    -180.34     0.062
    -179.31     0.055
    -178.28     0.071
    -177.25     0.145
    -176.22    -0.018
    -175.19     0.072
    -174.16    -0.086
    -173.12     0.049
    -172.09    -0.016
    -171.06     0.018
    -170.03    -0.011
    -169.00     0.148
    -167.97     0.029
    -166.94     0.107
    -165.91     0.070
    -164.88     0.052
    -163.85     0.012
    -162.82     0.083
    -161.79    -0.109
    -160.76     0.034
    -159.73    -0.004
    -158.70     0.100
    -157.67    -0.004
    -156.64     0.004
    -155.61    -0.057
    -154.58     0.055
    -153.55     0.016
    -152.51     0.111
    -151.48     0.076
    -150.45     0.003
    -149.42    -0.003
    -148.39     0.068
    -147.36     0.168
    -146.33     0.245
    -145.30     0.189
    -144.27     0.208
    -143.24     0.176
    -142.21     0.231
    -141.18     0.253
    -140.15     0.285
    -139.12     0.257
    -138.09     0.237
    -137.06     0.203
    -136.03     0.251
    -135.00     0.199
    -133.97     0.386
    -132.94     0.342
    -131.90     0.261
    -130.87     0.245
    -129.84     0.373
    -128.81     0.254
    -127.78     0.504
    -126.75     0.189
    -125.72     0.340
    -124.69     0.390
    -123.66     0.582
    -122.63     0.451
    -121.60     0.510
    -120.57     0.533
    -119.54     0.559
    -118.51     0.552
    -117.48     0.556
    -116.45     0.619
    -115.42     0.395
    -114.39     0.569
    -113.36     0.599
    -112.33     0.519
    -111.29     0.640
    -110.26     0.585
    -109.23     0.796
    -108.20     0.862
    -107.17     1.000
    -106.14     1.085
    -105.11     1.274
    -104.08     1.596
    -103.05     1.840
    -102.02     2.080
    -100.99     2.537
     -99.96     2.931
     -98.93     3.249
     -97.90     3.670
     -96.87     4.308
     -95.84     4.826
     -94.81     5.515
     -93.78     6.721
     -92.75     8.204
     -91.71    10.072
     -90.68    11.367
     -89.65    11.740
     -88.62    11.680
     -87.59    11.211
     -86.56    11.353
     -85.53    11.533
     -84.50    12.198
     -83.47    12.771
     -82.44    13.563
     -81.41    14.197
     -80.38    15.055
     -79.35    15.876
     -78.32    16.746
     -77.29    18.261
     -76.26    19.906
     -75.23    22.746
     -74.20    25.890
     -73.17    29.215
     -72.14    32.612
     -71.10    35.244
     -70.07    37.093
     -69.04    38.492
     -68.01    39.029
     -66.98    38.872
     -65.95    38.765
     -64.92    38.325
     -63.89    36.766
     -62.86    33.526
     -61.83    28.637
     -60.80    24.560
     -59.77    21.877
     -58.74    19.560
     -57.71    17.972
     -56.68    17.300
     -55.65    17.533
     -54.62    18.741
     -53.59    21.060
     -52.56    23.763
     -51.53    27.555
     -50.49    31.997
     -49.46    36.535
     -48.43    39.658
     -47.40    41.603
     -46.37    42.995
     -45.34    45.107
     -44.31    47.972
     -43.28    50.617
     -42.25    51.281
     -41.22    50.196
     -40.19    47.635
     -39.16    43.708
     -38.13    39.418
     -37.10    35.521
     -36.07    32.356
     -35.04    29.796
     -34.01    28.276
     -32.98    26.716
     -31.95    25.294
     -30.92    24.007
     -29.88    22.796
     -28.85    22.249
     -27.82    21.981
     -26.79    22.131
     -25.76    23.087
     -24.73    23.416
     -23.70    23.132
     -22.67    22.365
     -21.64    20.922
     -20.61    20.012
     -19.58    19.478
     -18.55    19.916
     -17.52    21.413
     -16.49    24.328
     -15.46    28.938
     -14.43    34.695
     -13.40    41.810
     -12.37    49.797
     -11.34    57.763
     -10.31    65.927
      -9.27    74.314
      -8.24    83.097
      -7.21    91.615
      -6.18    97.731
      -5.15    99.890
      -4.12   100.085
      -3.09    99.063
      -2.06    96.389
      -1.03    94.295
       0.00    94.736
       1.03    94.447
       2.06    94.709
       3.09    95.134
       4.12    96.935
       5.15    97.251
       6.18    98.415
       7.21   103.034
       8.24   108.439
       9.27   109.745
      10.31   105.961
      11.34   102.033
      12.37    97.219
      13.40    90.873
      14.43    80.066
      15.46    64.804
      16.49    51.041
      17.52    40.805
      18.55    33.086
      19.58    26.257
      20.61    20.755
      21.64    16.361
      22.67    12.768
      23.70    10.115
      24.73     8.097
      25.76     6.309
      26.79     5.044
      27.82     4.120
      28.85     3.286
      29.88     2.718
      30.92     2.218
      31.95     1.745
      32.98     1.407
      34.01     1.113
      35.04     0.913
      36.07     0.761
      37.10     0.859
      38.13     0.598
      39.16     0.609
      40.19     0.438
      41.22     0.395
      42.25     0.251
      43.28     0.350
      44.31     0.242
      45.34     0.319
      46.37     0.304
      47.40     0.200
      48.43     0.167
      49.46     0.148
      50.49     0.038
      51.53     0.199
      52.56     0.091
      53.59     0.019
      54.62     0.117
      55.65     0.144
      56.68    -0.020
      57.71    -0.053
      58.74    -0.055
      59.77     0.171
      60.80    -0.028
      61.83     0.103
      62.86     0.078
      63.89     0.100
      64.92     0.061
      65.95     0.043
      66.98     0.022
      68.01     0.079
      69.04     0.070
      70.07     0.057
      71.10     0.020
      72.14     0.196
      73.17     0.150
      74.20     0.039
      75.23    -0.099
      76.26     0.152
      77.29     0.066
      78.32     0.126
      79.35     0.060
      80.38    -0.018
      81.41     0.136
      82.44     0.021
      83.47     0.015
      84.50     0.160
      85.53    -0.088
      86.56    -0.038
      87.59    -0.020
      88.62     0.111
      89.65     0.007
      90.68     0.027
      91.72     0.060
      92.75     0.005
      93.78    -0.004
      94.81     0.124
      95.84     0.062
      96.87     0.109
      97.90     0.060
      98.93     0.074
      99.96    -0.033
     100.99     0.111
     102.02    -0.147
     103.05    -0.062
     104.08     0.007
     105.11    -0.070
     106.14     0.053
     107.17    -0.037
     108.20     0.048
     109.23     0.063
     110.26     0.011
     111.29     0.075
     112.33     0.048
     113.36     0.110
     114.39     0.018
     115.42    -0.016
     116.45    -0.039
     117.48     0.193
     118.51    -0.116
     119.54     0.044
     120.57     0.002
     121.60     0.102
     122.63    -0.022
     123.66     0.088
     124.69     0.019
     125.72     0.127
     126.75     0.086
     127.78     0.014
     128.81    -0.079
     129.84    -0.009
     130.87    -0.120
     131.90    -0.013
     132.94    -0.040
     133.97    -0.002
     135.00    -0.188
     136.03    -0.029
     137.06    -0.062
     138.09    -0.058
     139.12    -0.131
     140.15    -0.044
     141.18     0.038
     142.21    -0.050
     143.24    -0.112
     144.27    -0.003
     145.30    -0.050
     146.33    -0.068
     147.36     0.026
     148.39    -0.017
     149.42     0.050
     150.45    -0.075
     151.48    -0.057
     152.51    -0.009
     153.55     0.052
     154.58     0.047
     155.61     0.106
     156.64     0.008
     157.67    -0.061
     158.70    -0.051
     159.73    -0.052
     160.76     0.039
     161.79    -0.063
     162.82    -0.027
     163.85     0.025
     164.88     0.148
     165.91     0.059
     166.94     0.037
     167.97    -0.045
     169.00     0.092
     170.03    -0.013
     171.06    -0.058
     172.09     0.034
     173.12     0.030
     174.16     0.005
     175.19    -0.070
     176.22    -0.009
     177.25     0.123
     178.28    -0.064
     179.31     0.033
     180.34    -0.032
     181.37    -0.087
     182.40    -0.066
     183.43    -0.040
     184.46    -0.076
     185.49     0.021
     186.52    -0.028
     187.55    -0.018
     188.58    -0.051
     189.61     0.008
     190.64    -0.009
     191.67    -0.005
     192.70    -0.062
     193.74     0.065
     194.77    -0.019
     195.80     0.178
     196.83     0.046
     197.86     0.095
     198.89     0.084
     199.92     0.041
     200.95    -0.006
     201.98     0.045
     203.01     0.009
     204.04     0.054
     205.07    -0.030
     206.10     0.043
     207.13    -0.006
     208.16     0.063
     209.19    -0.016
     210.22     0.025
     211.25    -0.089
     212.28     0.017
     213.31    -0.064
     214.35     0.147
     215.38     0.004
     216.41    -0.029
     217.44    -0.191
     218.47    -0.004
     219.50    -0.050
     220.53     0.153
     221.56    -0.022
     222.59     0.096
     223.62    -0.028
     224.65     0.081
     225.68     0.022
     226.71     0.062
     227.74     0.023
     228.77     0.044
     229.80    -0.111
     230.83     0.070
     231.86    -0.071
     232.89     0.087
     233.92    -0.070
     234.96     0.087
     235.99     0.143
     237.02     0.033
     238.05     0.109
     239.08     0.057
     240.11    -0.112
     241.14     0.044
     242.17     0.028
     243.20     0.043
     244.23    -0.077
     245.26    -0.051
     246.29    -0.030
     247.32     0.030
     248.35    -0.070
     249.38    -0.094
     250.41     0.031
     251.44    -0.006
     252.47    -0.029
     253.50     0.005
     254.53     0.007
     255.57     0.104
     256.60    -0.081
     257.63    -0.079
     258.66    -0.060
     259.69    -0.000
     260.72     0.101
     261.75    -0.021
     262.78    -0.067
     263.81    -0.072
     264.84    -0.060
     265.87     0.033
     266.90     0.009
     267.93    -0.055
     268.96    -0.084
     269.99     0.105
     271.02     0.072
     272.05     0.109
     273.08     0.044
     274.11    -0.005
     275.15    -0.051
     276.18     0.108
     277.21    -0.034
     278.24     0.006
     279.27    -0.042
     280.30     0.059
     281.33    -0.087
     282.36     0.168
     283.39     0.051
     284.42     0.114
     285.45     0.126
     286.48     0.052
     287.51     0.173
     288.54     0.084
     289.57    -0.127
     290.60     0.260
     291.63     0.024
     292.66     0.039
     293.69    -0.070
     294.72    -0.034
     295.76    -0.097
     296.79    -0.013
     297.82     0.137
     298.85    -0.039
     299.88     0.020
     300.91    -0.067
     301.94    -0.071
     302.97     0.043
     304.00     0.012
     305.03     0.049
     306.06    -0.136
     307.09     0.067
     308.12    -0.049
     309.15     0.045
     310.18    -0.089
     311.21     0.068
     312.24     0.089
     313.27    -0.041
     314.30    -0.014
     315.33    -0.007
     316.37    -0.032
     317.40    -0.056
     318.43    -0.125
     319.46     0.095
     320.49     0.196
     321.52     0.028
     322.55    -0.089
     323.58     0.057
     324.61     0.037
     325.64     0.050
     326.67    -0.148
     327.70     0.054
     328.73     0.008
     329.76    -0.133
     330.79    -0.042
     331.82     0.003
     332.85    -0.097
     333.88     0.149
     334.91     0.076
     335.94     0.009
     336.98    -0.022
     338.01     0.039
     339.04     0.039
     340.07    -0.034
     341.10    -0.122
     342.13     0.130
     343.16    -0.100
     344.19     0.025
     345.22     0.018
     346.25     0.018
     347.28     0.001
     348.31     0.086
     349.34    -0.063
     350.37     0.118
     351.40     0.084
     352.43     0.023
     353.46    -0.048
     354.49     0.041
     355.52     0.032
     356.55     0.059
     357.59     0.021
     358.62    -0.073
     359.65     0.097
     360.68     0.123
     361.71     0.033
     362.74    -0.015
     363.77    -0.115
     364.80     0.029
     365.83    -0.228
     366.86     0.025
     367.89    -0.053
     368.92    -0.033
     369.95    -0.125
     370.98     0.063
     372.01    -0.117
     373.04     0.174
     374.07    -0.051
     375.10     0.052
     376.13    -0.151
     377.17    -0.023
     378.20    -0.049
     379.23     0.070
     380.26     0.061
     381.29     0.078
     382.32     0.091
     383.35     0.115
     384.38    -0.036
     385.41     0.063
     386.44    -0.036
     387.47     0.031
     388.50     0.050
     389.53    -0.011
     390.56    -0.094
     391.59     0.051
     392.62     0.087
     393.65     0.016
     394.68     0.018
     395.71     0.209
     396.74    -0.080
     397.78     0.031
     398.81     0.104
     399.84     0.166