%%LAB     777  datapoints: v_lsr [km/s] and T_B [K]
    -399.83     0.060
    -398.80    -0.075
    -397.77    -0.079
    -396.74    -0.112
    -395.71    -0.008
    -394.68    -0.015
    -393.65     0.167
    -392.62     0.003
    -391.59     0.104
    -390.56     0.038
    -389.53     0.069
    -388.50     0.079
    -387.47     0.041
    -386.44     0.000
    -385.41    -0.062
    -384.37    -0.025
    -383.34     0.036
    -382.31     0.007
    -381.28    -0.034
    -380.25    -0.115
    -379.22     0.074
    -378.19    -0.103
    -377.16     0.043
    -376.13     0.040
    -375.10     0.018
    -374.07     0.018
    -373.04     0.044
    -372.01     0.041
    -370.98    -0.077
    -369.95    -0.046
    -368.92    -0.044
    -367.89    -0.007
    -366.86    -0.059
    -365.83     0.004
    -364.80    -0.041
    -363.76    -0.075
    -362.73    -0.030
    -361.70    -0.037
    -360.67     0.028
    -359.64    -0.058
    -358.61    -0.056
    -357.58    -0.096
    -356.55    -0.060
    -355.52    -0.015
    -354.49     0.024
    -353.46     0.005
    -352.43     0.102
    -351.40     0.069
    -350.37     0.064
    -349.34    -0.020
    -348.31     0.005
    -347.28    -0.065
    -346.25     0.027
    -345.22    -0.002
    -344.19    -0.008
    -343.15    -0.031
    -342.12    -0.010
    -341.09     0.034
    -340.06    -0.050
    -339.03    -0.010
    -338.00     0.041
    -336.97    -0.003
    -335.94     0.095
    -334.91     0.034
    -333.88     0.031
    -332.85    -0.049
    -331.82     0.116
    -330.79    -0.092
    -329.76     0.080
    -328.73    -0.023
    -327.70    -0.013
    -326.67     0.004
    -325.64    -0.028
    -324.61     0.012
    -323.58     0.007
    -322.54     0.003
    -321.51     0.041
    -320.48    -0.047
    -319.45     0.039
    -318.42    -0.048
    -317.39     0.018
    -316.36     0.065
    -315.33     0.035
    -314.30    -0.056
    -313.27    -0.010
    -312.24    -0.007
    -311.21    -0.005
    -310.18    -0.115
    -309.15     0.047
    -308.12     0.100
    -307.09     0.072
    -306.06     0.039
    -305.03     0.009
    -304.00     0.025
    -302.97    -0.024
    -301.94    -0.012
    -300.90    -0.026
    -299.87    -0.115
    -298.84     0.098
    -297.81     0.016
    -296.78     0.026
    -295.75     0.025
    -294.72     0.003
    -293.69    -0.031
    -292.66     0.048
    -291.63    -0.111
    -290.60     0.062
    -289.57     0.006
    -288.54    -0.022
    -287.51     0.002
    -286.48     0.042
    -285.45    -0.103
    -284.42     0.003
    -283.39     0.010
    -282.36     0.015
    -281.33    -0.030
    -280.29     0.046
    -279.26     0.004
    -278.23     0.016
    -277.20     0.015
    -276.17     0.056
    -275.14    -0.004
    -274.11     0.006
    -273.08     0.005
    -272.05    -0.028
    -271.02     0.008
    -269.99     0.116
    -268.96     0.029
    -267.93    -0.010
    -266.90    -0.025
    -265.87     0.064
    -264.84    -0.021
    -263.81     0.075
    -262.78     0.045
    -261.75     0.022
    -260.72    -0.009
    -259.68     0.112
    -258.65     0.092
    -257.62    -0.003
    -256.59     0.009
    -255.56     0.018
    -254.53    -0.039
    -253.50    -0.018
    -252.47     0.048
    -251.44     0.073
    -250.41    -0.034
    -249.38     0.090
    -248.35     0.014
    -247.32     0.031
    -246.29    -0.053
    -245.26     0.029
    -244.23    -0.070
    -243.20     0.035
    -242.17     0.004
    -241.14    -0.040
    -240.11    -0.038
    -239.07     0.039
    -238.04     0.006
    -237.01     0.020
    -235.98     0.012
    -234.95    -0.009
    -233.92    -0.053
    -232.89     0.014
    -231.86     0.039
    -230.83     0.092
    -229.80    -0.024
    -228.77     0.010
    -227.74    -0.066
    -226.71     0.014
    -225.68     0.062
    -224.65     0.072
    -223.62    -0.003
    -222.59     0.051
    -221.56    -0.019
    -220.53     0.071
    -219.50     0.086
    -218.46     0.073
    -217.43     0.034
    -216.40    -0.017
    -215.37    -0.064
    -214.34     0.094
    -213.31    -0.052
    -212.28     0.005
    -211.25     0.053
    -210.22     0.084
    -209.19     0.099
    -208.16     0.014
    -207.13     0.027
    -206.10     0.043
    -205.07     0.001
    -204.04    -0.051
    -203.01    -0.027
    -201.98     0.081
    -200.95     0.009
    -199.92    -0.061
    -198.89     0.009
    -197.86     0.022
    -196.82    -0.021
    -195.79     0.025
    -194.76     0.024
    -193.73     0.026
    -192.70    -0.049
    -191.67     0.062
    -190.64     0.063
    -189.61    -0.043
    -188.58    -0.004
    -187.55    -0.006
    -186.52     0.013
    -185.49     0.121
    -184.46     0.093
    -183.43     0.014
    -182.40    -0.032
    -181.37    -0.026
    -180.34     0.009
    -179.31    -0.014
    -178.28     0.024
    -177.25    -0.023
    -176.21    -0.026
    -175.18    -0.046
    -174.15    -0.027
    -173.12     0.014
    -172.09     0.039
    -171.06    -0.016
    -170.03    -0.005
    -169.00    -0.037
    -167.97    -0.015
    -166.94     0.009
    -165.91    -0.045
    -164.88     0.046
    -163.85    -0.025
    -162.82    -0.051
    -161.79    -0.042
    -160.76     0.050
    -159.73     0.047
    -158.70     0.025
    -157.67     0.074
    -156.64     0.086
    -155.60     0.140
    -154.57     0.060
    -153.54     0.144
    -152.51     0.062
    -151.48     0.113
    -150.45     0.260
    -149.42     0.177
    -148.39     0.295
    -147.36     0.272
    -146.33     0.379
    -145.30     0.316
    -144.27     0.483
    -143.24     0.540
    -142.21     0.610
    -141.18     0.597
    -140.15     0.703
    -139.12     0.863
    -138.09     0.975
    -137.06     1.015
    -136.03     1.178
    -134.99     1.177
    -133.96     1.407
    -132.93     1.502
    -131.90     1.690
    -130.87     1.736
    -129.84     2.010
    -128.81     2.217
    -127.78     2.431
    -126.75     2.478
    -125.72     2.846
    -124.69     2.862
    -123.66     2.934
    -122.63     2.835
    -121.60     2.806
    -120.57     2.691
    -119.54     2.670
    -118.51     2.631
    -117.48     2.441
    -116.45     2.247
    -115.42     2.137
    -114.38     2.042
    -113.35     1.974
    -112.32     1.781
    -111.29     1.687
    -110.26     1.441
    -109.23     1.517
    -108.20     1.293
    -107.17     1.270
    -106.14     1.113
    -105.11     1.133
    -104.08     1.085
    -103.05     1.097
    -102.02     0.933
    -100.99     0.862
     -99.96     0.963
     -98.93     0.966
     -97.90     0.941
     -96.87     1.011
     -95.84     1.049
     -94.81     1.066
     -93.78     1.048
     -92.74     1.189
     -91.71     1.218
     -90.68     1.302
     -89.65     1.397
     -88.62     1.459
     -87.59     1.525
     -86.56     1.660
     -85.53     1.784
     -84.50     1.901
     -83.47     1.874
     -82.44     1.798
     -81.41     1.745
     -80.38     1.721
     -79.35     1.609
     -78.32     1.546
     -77.29     1.519
     -76.26     1.525
     -75.23     1.367
     -74.20     1.418
     -73.17     1.310
     -72.13     1.327
     -71.10     1.263
     -70.07     1.228
     -69.04     1.136
     -68.01     1.163
     -66.98     1.092
     -65.95     1.150
     -64.92     1.086
     -63.89     1.076
     -62.86     1.123
     -61.83     1.030
     -60.80     1.051
     -59.77     1.059
     -58.74     0.917
     -57.71     1.062
     -56.68     1.021
     -55.65     1.046
     -54.62     1.001
     -53.59     1.077
     -52.56     1.050
     -51.52     1.092
     -50.49     1.102
     -49.46     1.209
     -48.43     1.281
     -47.40     1.354
     -46.37     1.429
     -45.34     1.537
     -44.31     1.583
     -43.28     1.554
     -42.25     1.539
     -41.22     1.619
     -40.19     1.676
     -39.16     1.827
     -38.13     1.720
     -37.10     1.899
     -36.07     1.999
     -35.04     2.051
     -34.01     2.198
     -32.98     2.547
     -31.95     2.712
     -30.91     2.991
     -29.88     3.301
     -28.85     3.628
     -27.82     3.877
     -26.79     4.296
     -25.76     4.673
     -24.73     5.118
     -23.70     5.788
     -22.67     6.542
     -21.64     7.078
     -20.61     8.012
     -19.58     9.027
     -18.55    10.300
     -17.52    11.785
     -16.49    13.956
     -15.46    17.411
     -14.43    23.377
     -13.40    33.383
     -12.37    45.285
     -11.34    54.382
     -10.30    60.311
      -9.27    64.981
      -8.24    68.363
      -7.21    70.059
      -6.18    71.027
      -5.15    71.199
      -4.12    72.100
      -3.09    74.700
      -2.06    77.212
      -1.03    76.998
       0.00    74.806
       1.03    68.430
       2.06    56.828
       3.09    44.293
       4.12    32.538
       5.15    23.532
       6.18    16.997
       7.21    11.180
       8.24     7.289
       9.27     4.940
      10.30     3.662
      11.34     2.743
      12.37     2.103
      13.40     1.630
      14.43     1.278
      15.46     0.983
      16.49     0.810
      17.52     0.519
      18.55     0.496
      19.58     0.332
      20.61     0.313
      21.64     0.124
      22.67     0.264
      23.70     0.125
      24.73     0.153
      25.76     0.072
      26.79     0.215
      27.82     0.114
      28.85     0.079
      29.88     0.037
      30.91     0.088
      31.95     0.040
      32.98     0.017
      34.01     0.024
      35.04    -0.012
      36.07     0.062
      37.10     0.137
      38.13    -0.060
      39.16     0.052
      40.19     0.079
      41.22     0.054
      42.25     0.013
      43.28     0.114
      44.31     0.052
      45.34     0.007
      46.37     0.037
      47.40    -0.065
      48.43    -0.093
      49.46     0.030
      50.49    -0.071
      51.52     0.041
      52.56     0.068
      53.59     0.063
      54.62     0.082
      55.65     0.075
      56.68     0.021
      57.71     0.140
      58.74    -0.022
      59.77     0.009
      60.80     0.064
      61.83    -0.022
      62.86    -0.042
      63.89     0.028
      64.92     0.020
      65.95     0.028
      66.98     0.070
      68.01     0.016
      69.04    -0.090
      70.07     0.001
      71.10    -0.065
      72.13     0.056
      73.17    -0.035
      74.20     0.030
      75.23    -0.039
      76.26     0.089
      77.29    -0.046
      78.32     0.092
      79.35    -0.071
      80.38    -0.040
      81.41     0.053
      82.44     0.094
      83.47    -0.032
      84.50     0.055
      85.53    -0.016
      86.56     0.033
      87.59     0.018
      88.62    -0.091
      89.65    -0.055
      90.68     0.012
      91.71    -0.066
      92.74     0.102
      93.78    -0.004
      94.81     0.043
      95.84    -0.050
      96.87    -0.043
      97.90    -0.094
      98.93    -0.040
      99.96    -0.051
     100.99     0.024
     102.02    -0.024
     103.05     0.090
     104.08     0.083
     105.11     0.009
     106.14    -0.111
     107.17     0.159
     108.20     0.097
     109.23     0.022
     110.26    -0.066
     111.29    -0.053
     112.32     0.086
     113.35    -0.023
     114.38     0.014
     115.42     0.030
     116.45    -0.027
     117.48     0.065
     118.51    -0.041
     119.54    -0.012
     120.57    -0.048
     121.60     0.152
     122.63     0.013
     123.66    -0.119
     124.69     0.078
     125.72     0.084
     126.75     0.045
     127.78    -0.031
     128.81    -0.101
     129.84     0.041
     130.87    -0.058
     131.90     0.004
     132.93     0.032
     133.96     0.017
     134.99     0.037
     136.03    -0.009
     137.06     0.048
     138.09     0.075
     139.12     0.024
     140.15     0.122
     141.18    -0.006
     142.21    -0.038
     143.24     0.001
     144.27     0.042
     145.30     0.093
     146.33     0.155
     147.36     0.041
     148.39     0.014
     149.42    -0.035
     150.45    -0.011
     151.48    -0.067
     152.51     0.023
     153.54    -0.052
     154.57     0.057
     155.60     0.030
     156.64     0.031
     157.67    -0.006
     158.70    -0.143
     159.73    -0.042
     160.76     0.009
     161.79     0.022
     162.82     0.175
     163.85     0.032
     164.88     0.004
     165.91    -0.084
     166.94     0.014
     167.97    -0.079
     169.00    -0.034
     170.03     0.024
     171.06     0.056
     172.09    -0.091
     173.12     0.049
     174.15    -0.028
     175.18    -0.048
     176.21    -0.017
     177.25    -0.042
     178.28     0.037
     179.31    -0.018
     180.34    -0.050
     181.37    -0.014
     182.40    -0.003
     183.43     0.052
     184.46    -0.010
     185.49     0.063
     186.52    -0.031
     187.55    -0.050
     188.58     0.063
     189.61     0.036
     190.64    -0.023
     191.67     0.077
     192.70    -0.058
     193.73     0.037
     194.76    -0.063
     195.79     0.004
     196.82     0.005
     197.86    -0.030
     198.89    -0.085
     199.92     0.030
     200.95     0.007
     201.98     0.010
     203.01    -0.045
     204.04    -0.009
     205.07    -0.088
     206.10     0.021
     207.13    -0.028
     208.16     0.043
     209.19     0.001
     210.22     0.125
     211.25    -0.053
     212.28     0.054
     213.31    -0.018
     214.34    -0.046
     215.37    -0.028
     216.40    -0.006
     217.43     0.005
     218.46    -0.036
     219.50     0.001
     220.53     0.047
     221.56    -0.037
     222.59     0.052
     223.62     0.069
     224.65     0.034
     225.68     0.008
     226.71     0.041
     227.74    -0.071
     228.77     0.010
     229.80     0.001
     230.83    -0.009
     231.86    -0.043
     232.89     0.105
     233.92    -0.089
     234.95     0.000
     235.98     0.071
     237.01     0.101
     238.04     0.007
     239.07    -0.022
     240.11     0.007
     241.14     0.002
     242.17     0.016
     243.20     0.001
     244.23    -0.050
     245.26     0.072
     246.29    -0.053
     247.32     0.027
     248.35    -0.020
     249.38     0.007
     250.41    -0.062
     251.44    -0.055
     252.47    -0.099
     253.50    -0.023
     254.53     0.049
     255.56     0.010
     256.59    -0.032
     257.62    -0.004
     258.65    -0.031
     259.68    -0.027
     260.72    -0.109
     261.75    -0.051
     262.78     0.011
     263.81     0.055
     264.84    -0.101
     265.87    -0.011
     266.90     0.004
     267.93     0.019
     268.96    -0.005
     269.99     0.024
     271.02     0.020
     272.05    -0.057
     273.08     0.034
     274.11     0.046
     275.14    -0.040
     276.17     0.038
     277.20    -0.022
     278.23     0.106
     279.26    -0.014
     280.29    -0.025
     281.33    -0.050
     282.36     0.019
     283.39    -0.106
     284.42    -0.013
     285.45     0.089
     286.48    -0.008
     287.51    -0.001
     288.54     0.031
     289.57     0.005
     290.60     0.071
     291.63     0.091
     292.66    -0.012
     293.69    -0.013
     294.72    -0.022
     295.75     0.015
     296.78     0.017
     297.81     0.048
     298.84     0.012
     299.87    -0.007
     300.90     0.056
     301.94     0.010
     302.97     0.015
     304.00    -0.005
     305.03    -0.023
     306.06    -0.052
     307.09     0.021
     308.12     0.001
     309.15    -0.007
     310.18    -0.014
     311.21    -0.003
     312.24     0.017
     313.27     0.087
     314.30     0.006
     315.33    -0.049
     316.36    -0.035
     317.39    -0.038
     318.42     0.061
     319.45    -0.007
     320.48     0.007
     321.51     0.084
     322.54     0.107
     323.58     0.045
     324.61    -0.001
     325.64     0.009
     326.67     0.017
     327.70    -0.012
     328.73    -0.062
     329.76    -0.001
     330.79     0.069
     331.82    -0.041
     332.85    -0.094
     333.88     0.005
     334.91     0.015
     335.94     0.036
     336.97    -0.099
     338.00    -0.077
     339.03    -0.061
     340.06     0.088
     341.09     0.031
     342.12    -0.078
     343.15     0.040
     344.19     0.042
     345.22     0.117
     346.25     0.089
     347.28    -0.023
     348.31     0.072
     349.34    -0.093
     350.37    -0.041
     351.40     0.017
     352.43     0.021
     353.46     0.047
     354.49    -0.010
     355.52     0.035
     356.55    -0.080
     357.58    -0.053
     358.61     0.001
     359.64     0.057
     360.67     0.024
     361.70    -0.101
     362.73     0.048
     363.76    -0.008
     364.80     0.015
     365.83     0.001
     366.86     0.016
     367.89    -0.095
     368.92    -0.057
     369.95    -0.010
     370.98     0.013
     372.01    -0.044
     373.04     0.074
     374.07    -0.110
     375.10    -0.006
     376.13     0.001
     377.16     0.016
     378.19    -0.008
     379.22     0.046
     380.25    -0.000
     381.28     0.071
     382.31    -0.015
     383.34     0.077
     384.37    -0.003
     385.41    -0.041
     386.44    -0.031
     387.47    -0.004
     388.50    -0.065
     389.53     0.011
     390.56    -0.033
     391.59     0.059
     392.62    -0.050
     393.65    -0.003
     394.68     0.006
     395.71     0.072
     396.74    -0.031
     397.77    -0.018
     398.80    -0.009
     399.83     0.031