%%LAB     777  datapoints: v_lsr [km/s] and T_B [K]
    -399.83     0.060
    -398.80    -0.076
    -397.77     0.015
    -396.73    -0.077
    -395.70    -0.012
    -394.67    -0.109
    -393.64     0.060
    -392.61    -0.053
    -391.58    -0.038
    -390.55     0.028
    -389.52    -0.105
    -388.49    -0.020
    -387.46     0.038
    -386.43    -0.028
    -385.40     0.032
    -384.37     0.019
    -383.34     0.040
    -382.31     0.059
    -381.28     0.026
    -380.25     0.021
    -379.22     0.006
    -378.19     0.030
    -377.16    -0.031
    -376.13    -0.043
    -375.09    -0.092
    -374.06    -0.037
    -373.03     0.015
    -372.00     0.080
    -370.97     0.078
    -369.94     0.058
    -368.91     0.046
    -367.88     0.106
    -366.85    -0.004
    -365.82    -0.072
    -364.79    -0.026
    -363.76    -0.075
    -362.73    -0.015
    -361.70     0.013
    -360.67     0.006
    -359.64    -0.004
    -358.61     0.020
    -357.58     0.011
    -356.55    -0.021
    -355.52     0.048
    -354.49    -0.053
    -353.45    -0.052
    -352.42     0.042
    -351.39    -0.042
    -350.36    -0.018
    -349.33     0.020
    -348.30     0.038
    -347.27    -0.068
    -346.24     0.039
    -345.21     0.040
    -344.18    -0.022
    -343.15    -0.087
    -342.12     0.028
    -341.09    -0.042
    -340.06     0.031
    -339.03    -0.034
    -338.00     0.059
    -336.97     0.096
    -335.94     0.042
    -334.91    -0.010
    -333.88    -0.011
    -332.85    -0.038
    -331.81    -0.021
    -330.78     0.045
    -329.75    -0.008
    -328.72    -0.080
    -327.69     0.083
    -326.66    -0.081
    -325.63     0.041
    -324.60    -0.071
    -323.57     0.035
    -322.54     0.021
    -321.51    -0.055
    -320.48    -0.020
    -319.45    -0.052
    -318.42     0.121
    -317.39     0.086
    -316.36    -0.031
    -315.33     0.057
    -314.30    -0.018
    -313.27     0.111
    -312.24     0.030
    -311.21    -0.053
    -310.17    -0.078
    -309.14     0.038
    -308.11    -0.002
    -307.08     0.139
    -306.05     0.023
    -305.02     0.078
    -303.99     0.106
    -302.96     0.016
    -301.93    -0.020
    -300.90     0.004
    -299.87    -0.032
    -298.84    -0.022
    -297.81    -0.019
    -296.78     0.055
    -295.75    -0.049
    -294.72     0.016
    -293.69    -0.004
    -292.66     0.040
    -291.63     0.006
    -290.60    -0.059
    -289.57    -0.021
    -288.53     0.037
    -287.50    -0.075
    -286.47    -0.037
    -285.44    -0.080
    -284.41    -0.035
    -283.38    -0.034
    -282.35     0.048
    -281.32    -0.007
    -280.29     0.045
    -279.26    -0.100
    -278.23    -0.039
    -277.20     0.001
    -276.17     0.076
    -275.14    -0.064
    -274.11    -0.004
    -273.08    -0.021
    -272.05     0.019
    -271.02    -0.071
    -269.99     0.040
    -268.96     0.030
    -267.92    -0.022
    -266.89    -0.046
    -265.86     0.086
    -264.83    -0.012
    -263.80     0.058
    -262.77    -0.087
    -261.74     0.011
    -260.71    -0.024
    -259.68    -0.013
    -258.65    -0.093
    -257.62     0.133
    -256.59     0.040
    -255.56     0.030
    -254.53     0.047
    -253.50     0.029
    -252.47    -0.079
    -251.44     0.002
    -250.41     0.044
    -249.38     0.047
    -248.35     0.025
    -247.32     0.026
    -246.28    -0.043
    -245.25     0.036
    -244.22     0.023
    -243.19    -0.049
    -242.16     0.043
    -241.13     0.022
    -240.10    -0.072
    -239.07    -0.015
    -238.04     0.014
    -237.01     0.075
    -235.98    -0.050
    -234.95     0.027
    -233.92     0.049
    -232.89     0.013
    -231.86     0.019
    -230.83     0.046
    -229.80     0.058
    -228.77     0.149
    -227.74     0.046
    -226.71    -0.001
    -225.68     0.045
    -224.64    -0.002
    -223.61    -0.050
    -222.58     0.001
    -221.55    -0.055
    -220.52     0.046
    -219.49    -0.057
    -218.46     0.028
    -217.43    -0.054
    -216.40     0.006
    -215.37    -0.037
    -214.34     0.092
    -213.31     0.022
    -212.28     0.134
    -211.25    -0.019
    -210.22     0.093
    -209.19    -0.032
    -208.16     0.116
    -207.13     0.014
    -206.10     0.106
    -205.07     0.060
    -204.04     0.046
    -203.00    -0.064
    -201.97    -0.034
    -200.94     0.025
    -199.91     0.105
    -198.88     0.071
    -197.85     0.012
    -196.82    -0.013
    -195.79    -0.014
    -194.76    -0.043
    -193.73     0.039
    -192.70    -0.084
    -191.67     0.018
    -190.64    -0.034
    -189.61     0.083
    -188.58     0.005
    -187.55     0.028
    -186.52     0.053
    -185.49    -0.028
    -184.46     0.015
    -183.43     0.044
    -182.40     0.034
    -181.36    -0.025
    -180.33    -0.034
    -179.30    -0.066
    -178.27    -0.087
    -177.24    -0.025
    -176.21    -0.043
    -175.18    -0.012
    -174.15    -0.007
    -173.12     0.029
    -172.09    -0.032
    -171.06    -0.030
    -170.03    -0.035
    -169.00    -0.004
    -167.97    -0.007
    -166.94    -0.003
    -165.91     0.027
    -164.88     0.043
    -163.85     0.038
    -162.82     0.057
    -161.79    -0.003
    -160.75    -0.056
    -159.72     0.059
    -158.69     0.020
    -157.66     0.024
    -156.63    -0.009
    -155.60    -0.049
    -154.57     0.048
    -153.54     0.009
    -152.51     0.087
    -151.48    -0.038
    -150.45     0.091
    -149.42    -0.082
    -148.39    -0.058
    -147.36    -0.041
    -146.33    -0.034
    -145.30    -0.054
    -144.27     0.028
    -143.24    -0.035
    -142.21     0.083
    -141.18    -0.030
    -140.15     0.139
    -139.11     0.002
    -138.08     0.085
    -137.05     0.030
    -136.02    -0.002
    -134.99     0.088
    -133.96     0.173
    -132.93     0.031
    -131.90     0.142
    -130.87     0.134
    -129.84     0.140
    -128.81     0.217
    -127.78     0.283
    -126.75     0.280
    -125.72     0.289
    -124.69     0.355
    -123.66     0.438
    -122.63     0.600
    -121.60     0.641
    -120.57     0.642
    -119.54     0.859
    -118.51     0.977
    -117.47     1.281
    -116.44     1.364
    -115.41     1.594
    -114.38     1.830
    -113.35     2.187
    -112.32     2.445
    -111.29     2.750
    -110.26     3.035
    -109.23     3.350
    -108.20     3.772
    -107.17     4.385
    -106.14     5.072
    -105.11     5.546
    -104.08     5.810
    -103.05     5.905
    -102.02     5.752
    -100.99     5.468
     -99.96     4.962
     -98.93     4.202
     -97.90     3.704
     -96.87     3.424
     -95.83     3.069
     -94.80     3.091
     -93.77     2.927
     -92.74     2.830
     -91.71     2.834
     -90.68     2.797
     -89.65     2.634
     -88.62     2.547
     -87.59     2.614
     -86.56     2.506
     -85.53     2.298
     -84.50     2.271
     -83.47     2.111
     -82.44     1.981
     -81.41     1.949
     -80.38     1.977
     -79.35     1.984
     -78.32     2.034
     -77.29     2.034
     -76.26     2.203
     -75.23     2.333
     -74.19     2.437
     -73.16     2.471
     -72.13     2.754
     -71.10     2.722
     -70.07     2.682
     -69.04     2.695
     -68.01     2.779
     -66.98     2.670
     -65.95     2.664
     -64.92     2.417
     -63.89     2.446
     -62.86     2.265
     -61.83     2.172
     -60.80     2.139
     -59.77     2.061
     -58.74     1.903
     -57.71     1.895
     -56.68     1.802
     -55.65     1.728
     -54.62     1.726
     -53.58     1.770
     -52.55     1.724
     -51.52     1.594
     -50.49     1.620
     -49.46     1.438
     -48.43     1.513
     -47.40     1.343
     -46.37     1.346
     -45.34     1.203
     -44.31     1.170
     -43.28     1.163
     -42.25     1.141
     -41.22     1.007
     -40.19     0.999
     -39.16     1.051
     -38.13     1.058
     -37.10     1.093
     -36.07     1.069
     -35.04     1.076
     -34.01     1.193
     -32.98     1.166
     -31.94     1.230
     -30.91     1.319
     -29.88     1.334
     -28.85     1.537
     -27.82     1.642
     -26.79     1.940
     -25.76     1.941
     -24.73     2.168
     -23.70     2.322
     -22.67     2.662
     -21.64     2.780
     -20.61     3.079
     -19.58     3.437
     -18.55     3.904
     -17.52     4.408
     -16.49     4.898
     -15.46     5.361
     -14.43     6.096
     -13.40     6.830
     -12.37     7.654
     -11.34     8.683
     -10.30    10.007
      -9.27    11.761
      -8.24    13.837
      -7.21    16.055
      -6.18    18.509
      -5.15    20.446
      -4.12    22.508
      -3.09    24.211
      -2.06    25.669
      -1.03    27.008
       0.00    28.093
       1.03    28.699
       2.06    28.854
       3.09    29.368
       4.12    29.944
       5.15    28.596
       6.18    24.642
       7.21    21.541
       8.24    19.612
       9.27    18.185
      10.30    17.207
      11.34    15.885
      12.37    14.353
      13.40    12.681
      14.43    11.120
      15.46     9.869
      16.49     8.382
      17.52     7.074
      18.55     6.008
      19.58     5.103
      20.61     4.313
      21.64     3.714
      22.67     3.157
      23.70     2.648
      24.73     2.179
      25.76     1.817
      26.79     1.626
      27.82     1.383
      28.85     1.166
      29.88     0.945
      30.91     0.806
      31.94     0.706
      32.98     0.617
      34.01     0.530
      35.04     0.494
      36.07     0.356
      37.10     0.377
      38.13     0.286
      39.16     0.296
      40.19     0.310
      41.22     0.300
      42.25     0.247
      43.28     0.277
      44.31     0.280
      45.34     0.169
      46.37     0.157
      47.40     0.244
      48.43     0.069
      49.46     0.144
      50.49     0.174
      51.52     0.132
      52.55     0.025
      53.58     0.042
      54.62     0.058
      55.65     0.045
      56.68     0.031
      57.71     0.125
      58.74     0.006
      59.77     0.110
      60.80     0.083
      61.83    -0.004
      62.86    -0.038
      63.89    -0.007
      64.92    -0.083
      65.95     0.078
      66.98     0.085
      68.01     0.016
      69.04    -0.010
      70.07    -0.019
      71.10    -0.073
      72.13     0.111
      73.16     0.052
      74.19     0.042
      75.23     0.058
      76.26    -0.021
      77.29    -0.046
      78.32    -0.023
      79.35     0.009
      80.38     0.002
      81.41    -0.007
      82.44     0.017
      83.47     0.064
      84.50     0.076
      85.53     0.065
      86.56     0.110
      87.59     0.002
      88.62     0.042
      89.65     0.034
      90.68     0.066
      91.71     0.023
      92.74     0.084
      93.77     0.079
      94.80     0.080
      95.83     0.037
      96.87     0.114
      97.90    -0.010
      98.93     0.033
      99.96    -0.089
     100.99    -0.042
     102.02    -0.121
     103.05    -0.052
     104.08    -0.013
     105.11    -0.010
     106.14    -0.104
     107.17     0.008
     108.20     0.053
     109.23    -0.017
     110.26    -0.017
     111.29     0.081
     112.32     0.001
     113.35     0.091
     114.38     0.043
     115.41    -0.050
     116.44    -0.047
     117.47     0.089
     118.51    -0.033
     119.54     0.048
     120.57    -0.114
     121.60     0.042
     122.63    -0.018
     123.66    -0.027
     124.69    -0.025
     125.72     0.032
     126.75     0.009
     127.78     0.100
     128.81     0.049
     129.84     0.061
     130.87     0.039
     131.90     0.025
     132.93     0.077
     133.96     0.053
     134.99     0.008
     136.02     0.012
     137.05    -0.005
     138.08    -0.057
     139.11    -0.010
     140.15     0.013
     141.18     0.056
     142.21     0.014
     143.24    -0.031
     144.27     0.145
     145.30     0.072
     146.33     0.013
     147.36     0.015
     148.39     0.063
     149.42     0.027
     150.45     0.005
     151.48     0.003
     152.51     0.019
     153.54    -0.051
     154.57    -0.002
     155.60    -0.044
     156.63    -0.033
     157.66     0.002
     158.69    -0.005
     159.72    -0.064
     160.75    -0.036
     161.79    -0.044
     162.82     0.052
     163.85     0.042
     164.88    -0.073
     165.91    -0.005
     166.94     0.050
     167.97    -0.014
     169.00     0.024
     170.03    -0.004
     171.06     0.066
     172.09    -0.064
     173.12     0.009
     174.15     0.048
     175.18    -0.027
     176.21    -0.081
     177.24     0.019
     178.27     0.011
     179.30     0.067
     180.33    -0.050
     181.36     0.069
     182.40     0.002
     183.43     0.010
     184.46    -0.060
     185.49    -0.015
     186.52     0.028
     187.55    -0.047
     188.58    -0.032
     189.61    -0.039
     190.64     0.022
     191.67    -0.023
     192.70    -0.035
     193.73    -0.001
     194.76    -0.026
     195.79     0.069
     196.82    -0.066
     197.85     0.044
     198.88     0.016
     199.91    -0.008
     200.94     0.007
     201.97     0.061
     203.00     0.061
     204.04     0.072
     205.07     0.075
     206.10     0.036
     207.13    -0.063
     208.16     0.012
     209.19    -0.025
     210.22    -0.109
     211.25     0.041
     212.28    -0.022
     213.31    -0.116
     214.34     0.009
     215.37    -0.060
     216.40    -0.036
     217.43     0.075
     218.46     0.040
     219.49     0.038
     220.52     0.111
     221.55     0.023
     222.58     0.067
     223.61    -0.077
     224.64     0.115
     225.68    -0.079
     226.71     0.025
     227.74    -0.050
     228.77     0.047
     229.80    -0.032
     230.83     0.109
     231.86    -0.018
     232.89     0.010
     233.92    -0.033
     234.95    -0.023
     235.98    -0.026
     237.01     0.001
     238.04    -0.034
     239.07     0.105
     240.10    -0.011
     241.13     0.070
     242.16     0.005
     243.19     0.015
     244.22    -0.033
     245.25    -0.021
     246.28    -0.093
     247.32     0.004
     248.35     0.028
     249.38     0.001
     250.41     0.030
     251.44     0.062
     252.47    -0.026
     253.50     0.049
     254.53     0.042
     255.56    -0.023
     256.59    -0.002
     257.62     0.115
     258.65    -0.058
     259.68     0.054
     260.71     0.040
     261.74     0.050
     262.77    -0.030
     263.80     0.032
     264.83    -0.095
     265.86    -0.008
     266.89    -0.003
     267.92     0.029
     268.96    -0.010
     269.99    -0.005
     271.02     0.072
     272.05    -0.012
     273.08     0.060
     274.11     0.102
     275.14    -0.037
     276.17     0.013
     277.20    -0.093
     278.23     0.019
     279.26    -0.041
     280.29     0.082
     281.32    -0.038
     282.35     0.070
     283.38     0.050
     284.41     0.022
     285.44     0.063
     286.47     0.058
     287.50    -0.052
     288.53    -0.016
     289.57    -0.006
     290.60     0.017
     291.63    -0.038
     292.66    -0.010
     293.69    -0.150
     294.72     0.029
     295.75    -0.028
     296.78    -0.089
     297.81    -0.093
     298.84    -0.064
     299.87    -0.027
     300.90    -0.008
     301.93    -0.021
     302.96    -0.019
     303.99    -0.009
     305.02     0.114
     306.05     0.037
     307.08    -0.121
     308.11     0.003
     309.14    -0.017
     310.17    -0.020
     311.21    -0.072
     312.24    -0.026
     313.27     0.049
     314.30     0.021
     315.33     0.006
     316.36    -0.039
     317.39    -0.005
     318.42    -0.025
     319.45    -0.037
     320.48     0.004
     321.51    -0.070
     322.54     0.036
     323.57    -0.029
     324.60     0.035
     325.63     0.002
     326.66    -0.095
     327.69     0.005
     328.72    -0.011
     329.75     0.028
     330.78    -0.120
     331.81    -0.017
     332.85    -0.095
     333.88    -0.077
     334.91     0.008
     335.94     0.012
     336.97     0.044
     338.00    -0.044
     339.03    -0.003
     340.06     0.027
     341.09     0.024
     342.12     0.022
     343.15     0.030
     344.18     0.084
     345.21     0.000
     346.24     0.049
     347.27     0.032
     348.30     0.043
     349.33    -0.018
     350.36     0.018
     351.39     0.021
     352.42     0.002
     353.45    -0.009
     354.49     0.017
     355.52    -0.009
     356.55     0.052
     357.58    -0.068
     358.61    -0.072
     359.64    -0.055
     360.67     0.011
     361.70     0.036
     362.73     0.037
     363.76    -0.002
     364.79     0.051
     365.82    -0.021
     366.85     0.004
     367.88     0.034
     368.91     0.003
     369.94    -0.004
     370.97     0.020
     372.00    -0.086
     373.03     0.022
     374.06     0.020
     375.09    -0.054
     376.13    -0.049
     377.16     0.041
     378.19     0.063
     379.22     0.110
     380.25    -0.066
     381.28     0.039
     382.31    -0.030
     383.34    -0.014
     384.37    -0.001
     385.40     0.083
     386.43     0.022
     387.46     0.017
     388.49     0.021
     389.52    -0.028
     390.55    -0.083
     391.58     0.054
     392.61     0.065
     393.64    -0.052
     394.67     0.006
     395.70    -0.041
     396.73     0.001
     397.77    -0.010
     398.80     0.029
     399.83     0.066