%%LAB     777  datapoints: v_lsr [km/s] and T_B [K]
    -399.87     0.006
    -398.84    -0.077
    -397.81     0.052
    -396.78     0.106
    -395.75     0.033
    -394.72     0.038
    -393.69     0.046
    -392.66    -0.026
    -391.62     0.059
    -390.59    -0.009
    -389.56    -0.013
    -388.53     0.004
    -387.50     0.067
    -386.47    -0.051
    -385.44    -0.055
    -384.41    -0.076
    -383.38     0.025
    -382.35    -0.079
    -381.32     0.029
    -380.29    -0.045
    -379.26    -0.046
    -378.23    -0.041
    -377.20    -0.015
    -376.17    -0.049
    -375.14     0.017
    -374.10     0.040
    -373.07    -0.053
    -372.04    -0.049
    -371.01     0.051
    -369.98    -0.000
    -368.95     0.043
    -367.92    -0.027
    -366.89    -0.052
    -365.86    -0.116
    -364.83    -0.074
    -363.80    -0.049
    -362.77     0.021
    -361.74    -0.043
    -360.71     0.054
    -359.68    -0.056
    -358.65     0.073
    -357.62    -0.004
    -356.58     0.100
    -355.55     0.037
    -354.52     0.076
    -353.49    -0.005
    -352.46    -0.034
    -351.43     0.046
    -350.40     0.023
    -349.37     0.023
    -348.34     0.053
    -347.31    -0.040
    -346.28     0.017
    -345.25    -0.061
    -344.22    -0.088
    -343.19    -0.015
    -342.16    -0.084
    -341.13    -0.062
    -340.10     0.058
    -339.06    -0.009
    -338.03     0.059
    -337.00     0.021
    -335.97     0.045
    -334.94    -0.050
    -333.91     0.058
    -332.88    -0.031
    -331.85    -0.074
    -330.82    -0.013
    -329.79    -0.016
    -328.76     0.043
    -327.73    -0.066
    -326.70     0.038
    -325.67     0.103
    -324.64    -0.002
    -323.61     0.032
    -322.58     0.034
    -321.54    -0.042
    -320.51    -0.039
    -319.48    -0.017
    -318.45     0.024
    -317.42     0.061
    -316.39    -0.083
    -315.36     0.102
    -314.33    -0.016
    -313.30     0.013
    -312.27     0.067
    -311.24    -0.023
    -310.21     0.025
    -309.18    -0.040
    -308.15    -0.070
    -307.12    -0.028
    -306.09    -0.090
    -305.06     0.051
    -304.02     0.035
    -302.99     0.015
    -301.96    -0.007
    -300.93    -0.026
    -299.90     0.048
    -298.87     0.045
    -297.84    -0.067
    -296.81     0.031
    -295.78     0.030
    -294.75    -0.066
    -293.72    -0.032
    -292.69     0.111
    -291.66    -0.029
    -290.63     0.113
    -289.60    -0.041
    -288.57    -0.035
    -287.54    -0.000
    -286.50     0.056
    -285.47     0.022
    -284.44     0.033
    -283.41     0.016
    -282.38     0.035
    -281.35    -0.013
    -280.32    -0.022
    -279.29    -0.014
    -278.26     0.047
    -277.23    -0.055
    -276.20    -0.067
    -275.17     0.011
    -274.14     0.027
    -273.11    -0.087
    -272.08     0.003
    -271.05     0.022
    -270.02     0.062
    -268.98     0.042
    -267.95     0.026
    -266.92     0.068
    -265.89     0.050
    -264.86    -0.156
    -263.83    -0.069
    -262.80     0.043
    -261.77     0.066
    -260.74    -0.034
    -259.71     0.046
    -258.68    -0.018
    -257.65     0.019
    -256.62     0.025
    -255.59     0.005
    -254.56    -0.032
    -253.53     0.099
    -252.49    -0.010
    -251.46     0.092
    -250.43     0.047
    -249.40     0.050
    -248.37    -0.028
    -247.34     0.030
    -246.31    -0.102
    -245.28     0.024
    -244.25     0.047
    -243.22     0.136
    -242.19     0.018
    -241.16    -0.026
    -240.13    -0.065
    -239.10     0.060
    -238.07    -0.040
    -237.04     0.013
    -236.01     0.051
    -234.97     0.044
    -233.94    -0.010
    -232.91    -0.056
    -231.88    -0.002
    -230.85     0.012
    -229.82     0.023
    -228.79    -0.035
    -227.76    -0.020
    -226.73     0.008
    -225.70     0.007
    -224.67     0.088
    -223.64    -0.015
    -222.61     0.003
    -221.58    -0.065
    -220.55    -0.037
    -219.52     0.007
    -218.49    -0.006
    -217.45     0.029
    -216.42    -0.001
    -215.39    -0.059
    -214.36     0.024
    -213.33     0.011
    -212.30     0.058
    -211.27     0.047
    -210.24    -0.015
    -209.21     0.001
    -208.18     0.082
    -207.15    -0.094
    -206.12     0.022
    -205.09    -0.032
    -204.06     0.015
    -203.03    -0.033
    -202.00    -0.020
    -200.97     0.008
    -199.93     0.060
    -198.90     0.045
    -197.87     0.035
    -196.84    -0.040
    -195.81     0.015
    -194.78    -0.119
    -193.75    -0.010
    -192.72     0.074
    -191.69    -0.016
    -190.66     0.037
    -189.63     0.012
    -188.60    -0.009
    -187.57     0.020
    -186.54    -0.020
    -185.51    -0.052
    -184.48     0.025
    -183.45     0.021
    -182.41    -0.023
    -181.38     0.053
    -180.35    -0.076
    -179.32     0.101
    -178.29     0.046
    -177.26     0.024
    -176.23     0.001
    -175.20    -0.082
    -174.17     0.041
    -173.14     0.136
    -172.11     0.007
    -171.08     0.027
    -170.05    -0.022
    -169.02     0.036
    -167.99     0.098
    -166.96     0.010
    -165.93    -0.110
    -164.89    -0.003
    -163.86     0.001
    -162.83    -0.049
    -161.80    -0.085
    -160.77     0.061
    -159.74    -0.081
    -158.71     0.013
    -157.68     0.012
    -156.65     0.033
    -155.62     0.031
    -154.59     0.011
    -153.56     0.045
    -152.53     0.076
    -151.50     0.040
    -150.47     0.053
    -149.44     0.074
    -148.41     0.053
    -147.37     0.024
    -146.34    -0.058
    -145.31    -0.044
    -144.28     0.063
    -143.25     0.065
    -142.22     0.006
    -141.19    -0.023
    -140.16     0.012
    -139.13     0.042
    -138.10    -0.005
    -137.07     0.021
    -136.04    -0.029
    -135.01     0.005
    -133.98     0.086
    -132.95     0.019
    -131.92     0.051
    -130.89    -0.040
    -129.85     0.020
    -128.82    -0.058
    -127.79    -0.014
    -126.76     0.079
    -125.73    -0.023
    -124.70     0.003
    -123.67     0.001
    -122.64     0.063
    -121.61     0.032
    -120.58    -0.033
    -119.55     0.055
    -118.52     0.069
    -117.49     0.098
    -116.46     0.033
    -115.43     0.190
    -114.40     0.104
    -113.37     0.212
    -112.33     0.162
    -111.30     0.159
    -110.27     0.205
    -109.24     0.306
    -108.21     0.266
    -107.18     0.216
    -106.15     0.258
    -105.12     0.267
    -104.09     0.160
    -103.06     0.380
    -102.03     0.275
    -101.00     0.340
     -99.97     0.222
     -98.94     0.226
     -97.91     0.186
     -96.88     0.180
     -95.85     0.121
     -94.81     0.251
     -93.78     0.167
     -92.75     0.235
     -91.72     0.163
     -90.69     0.195
     -89.66     0.137
     -88.63     0.198
     -87.60     0.101
     -86.57     0.149
     -85.54     0.117
     -84.51     0.215
     -83.48     0.136
     -82.45     0.229
     -81.42     0.167
     -80.39     0.191
     -79.36     0.285
     -78.32     0.245
     -77.29     0.118
     -76.26     0.170
     -75.23     0.157
     -74.20     0.245
     -73.17     0.209
     -72.14     0.185
     -71.11     0.228
     -70.08     0.249
     -69.05     0.202
     -68.02     0.213
     -66.99     0.281
     -65.96     0.329
     -64.93     0.224
     -63.90     0.281
     -62.87     0.272
     -61.84     0.348
     -60.80     0.290
     -59.77     0.416
     -58.74     0.305
     -57.71     0.406
     -56.68     0.381
     -55.65     0.503
     -54.62     0.355
     -53.59     0.488
     -52.56     0.462
     -51.53     0.587
     -50.50     0.642
     -49.47     0.711
     -48.44     0.680
     -47.41     0.776
     -46.38     0.952
     -45.35     1.038
     -44.32     1.088
     -43.28     1.220
     -42.25     1.390
     -41.22     1.604
     -40.19     1.875
     -39.16     2.162
     -38.13     2.380
     -37.10     2.748
     -36.07     3.133
     -35.04     3.497
     -34.01     3.926
     -32.98     4.376
     -31.95     4.885
     -30.92     5.499
     -29.89     5.970
     -28.86     6.502
     -27.83     7.113
     -26.80     7.894
     -25.76     8.905
     -24.73     9.888
     -23.70    10.829
     -22.67    11.836
     -21.64    12.634
     -20.61    13.432
     -19.58    14.202
     -18.55    14.883
     -17.52    15.185
     -16.49    14.913
     -15.46    14.154
     -14.43    13.133
     -13.40    12.152
     -12.37    11.624
     -11.34    11.255
     -10.31    11.242
      -9.28    11.550
      -8.24    12.279
      -7.21    13.543
      -6.18    15.535
      -5.15    17.708
      -4.12    20.666
      -3.09    25.271
      -2.06    30.943
      -1.03    33.970
       0.00    34.533
       1.03    36.108
       2.06    37.283
       3.09    35.754
       4.12    30.882
       5.15    23.274
       6.18    15.785
       7.21    10.781
       8.24     7.984
       9.28     5.942
      10.31     4.630
      11.34     3.454
      12.37     2.732
      13.40     1.958
      14.43     1.545
      15.46     1.084
      16.49     0.830
      17.52     0.738
      18.55     0.577
      19.58     0.480
      20.61     0.486
      21.64     0.386
      22.67     0.340
      23.70     0.216
      24.73     0.222
      25.76     0.214
      26.80     0.223
      27.83     0.150
      28.86     0.164
      29.89     0.066
      30.92     0.140
      31.95     0.069
      32.98     0.062
      34.01     0.055
      35.04     0.190
      36.07    -0.031
      37.10     0.009
      38.13     0.020
      39.16     0.061
      40.19     0.051
      41.22     0.040
      42.25     0.071
      43.28    -0.015
      44.32     0.062
      45.35     0.054
      46.38     0.017
      47.41     0.057
      48.44     0.001
      49.47     0.061
      50.50     0.010
      51.53    -0.021
      52.56    -0.014
      53.59     0.049
      54.62    -0.020
      55.65     0.034
      56.68    -0.018
      57.71     0.106
      58.74     0.048
      59.77     0.106
      60.80     0.053
      61.84     0.022
      62.87    -0.043
      63.90     0.055
      64.93     0.080
      65.96    -0.046
      66.99    -0.117
      68.02    -0.036
      69.05    -0.077
      70.08     0.028
      71.11     0.114
      72.14     0.047
      73.17    -0.022
      74.20    -0.070
      75.23    -0.024
      76.26    -0.023
      77.29     0.032
      78.32     0.026
      79.36     0.070
      80.39    -0.002
      81.42    -0.019
      82.45     0.011
      83.48    -0.042
      84.51     0.154
      85.54     0.015
      86.57     0.088
      87.60     0.095
      88.63     0.046
      89.66     0.014
      90.69     0.036
      91.72     0.026
      92.75    -0.009
      93.78    -0.031
      94.81    -0.009
      95.85    -0.025
      96.88     0.026
      97.91     0.033
      98.94    -0.046
      99.97     0.029
     101.00     0.002
     102.03     0.036
     103.06     0.102
     104.09    -0.052
     105.12    -0.089
     106.15     0.014
     107.18     0.057
     108.21     0.019
     109.24     0.070
     110.27    -0.004
     111.30     0.030
     112.33    -0.019
     113.37     0.025
     114.40     0.047
     115.43     0.024
     116.46    -0.004
     117.49     0.039
     118.52     0.006
     119.55     0.004
     120.58    -0.024
     121.61     0.017
     122.64     0.058
     123.67    -0.007
     124.70     0.015
     125.73     0.002
     126.76     0.051
     127.79     0.058
     128.82    -0.002
     129.85     0.003
     130.89    -0.006
     131.92    -0.041
     132.95     0.033
     133.98     0.086
     135.01    -0.015
     136.04     0.054
     137.07    -0.011
     138.10     0.046
     139.13     0.006
     140.16     0.010
     141.19     0.007
     142.22    -0.003
     143.25     0.005
     144.28    -0.067
     145.31    -0.026
     146.34    -0.058
     147.37    -0.049
     148.41    -0.031
     149.44    -0.095
     150.47    -0.035
     151.50     0.035
     152.53     0.018
     153.56    -0.001
     154.59    -0.046
     155.62     0.029
     156.65    -0.000
     157.68    -0.041
     158.71     0.061
     159.74     0.067
     160.77    -0.048
     161.80    -0.063
     162.83     0.038
     163.86     0.076
     164.89     0.071
     165.93    -0.017
     166.96     0.004
     167.99     0.007
     169.02    -0.014
     170.05    -0.011
     171.08     0.014
     172.11    -0.037
     173.14     0.044
     174.17    -0.000
     175.20    -0.001
     176.23     0.033
     177.26    -0.040
     178.29    -0.022
     179.32    -0.022
     180.35    -0.036
     181.38     0.017
     182.41    -0.004
     183.45    -0.038
     184.48    -0.065
     185.51     0.073
     186.54    -0.001
     187.57    -0.062
     188.60     0.004
     189.63    -0.024
     190.66     0.003
     191.69     0.053
     192.72     0.014
     193.75    -0.049
     194.78    -0.067
     195.81    -0.090
     196.84     0.042
     197.87     0.039
     198.90    -0.035
     199.93     0.096
     200.97     0.035
     202.00     0.002
     203.03    -0.093
     204.06     0.040
     205.09    -0.078
     206.12    -0.107
     207.15     0.015
     208.18     0.089
     209.21    -0.015
     210.24    -0.005
     211.27     0.013
     212.30     0.051
     213.33    -0.010
     214.36    -0.005
     215.39     0.006
     216.42    -0.047
     217.45     0.090
     218.49    -0.005
     219.52    -0.008
     220.55     0.024
     221.58    -0.056
     222.61     0.004
     223.64    -0.041
     224.67     0.014
     225.70     0.009
     226.73     0.000
     227.76     0.057
     228.79     0.141
     229.82    -0.018
     230.85    -0.021
     231.88    -0.013
     232.91     0.065
     233.94     0.006
     234.97     0.020
     236.01    -0.034
     237.04     0.028
     238.07    -0.019
     239.10    -0.064
     240.13    -0.029
     241.16     0.014
     242.19     0.078
     243.22     0.041
     244.25    -0.031
     245.28     0.060
     246.31     0.023
     247.34    -0.026
     248.37    -0.018
     249.40    -0.031
     250.43     0.081
     251.46     0.032
     252.49    -0.029
     253.53    -0.023
     254.56    -0.084
     255.59     0.030
     256.62    -0.021
     257.65     0.035
     258.68     0.001
     259.71    -0.052
     260.74    -0.012
     261.77     0.108
     262.80    -0.003
     263.83     0.033
     264.86    -0.062
     265.89    -0.019
     266.92     0.084
     267.95    -0.017
     268.98    -0.074
     270.02     0.063
     271.05     0.093
     272.08     0.025
     273.11    -0.073
     274.14    -0.063
     275.17     0.026
     276.20     0.071
     277.23    -0.001
     278.26     0.007
     279.29    -0.034
     280.32     0.077
     281.35    -0.015
     282.38    -0.041
     283.41    -0.008
     284.44     0.001
     285.47    -0.026
     286.50     0.105
     287.54    -0.033
     288.57     0.101
     289.60    -0.039
     290.63     0.056
     291.66    -0.057
     292.69    -0.060
     293.72    -0.076
     294.75    -0.003
     295.78     0.041
     296.81     0.015
     297.84     0.022
     298.87     0.063
     299.90    -0.114
     300.93     0.099
     301.96     0.058
     302.99     0.122
     304.02    -0.045
     305.06     0.092
     306.09    -0.006
     307.12    -0.019
     308.15    -0.029
     309.18    -0.066
     310.21     0.009
     311.24     0.053
     312.27     0.029
     313.30     0.019
     314.33     0.006
     315.36    -0.012
     316.39     0.041
     317.42    -0.063
     318.45    -0.083
     319.48     0.007
     320.51    -0.109
     321.54    -0.053
     322.58    -0.120
     323.61     0.022
     324.64    -0.065
     325.67    -0.047
     326.70     0.019
     327.73     0.045
     328.76    -0.058
     329.79     0.046
     330.82     0.008
     331.85    -0.041
     332.88    -0.091
     333.91    -0.012
     334.94    -0.053
     335.97     0.018
     337.00     0.080
     338.03     0.016
     339.06    -0.099
     340.10     0.030
     341.13    -0.014
     342.16     0.047
     343.19     0.004
     344.22    -0.057
     345.25    -0.039
     346.28    -0.052
     347.31     0.019
     348.34     0.081
     349.37     0.034
     350.40     0.071
     351.43    -0.040
     352.46     0.004
     353.49     0.006
     354.52     0.046
     355.55     0.002
     356.58    -0.061
     357.62     0.031
     358.65     0.028
     359.68     0.028
     360.71    -0.057
     361.74    -0.107
     362.77     0.001
     363.80     0.027
     364.83     0.072
     365.86    -0.028
     366.89     0.023
     367.92    -0.015
     368.95     0.145
     369.98    -0.041
     371.01    -0.003
     372.04     0.045
     373.07     0.009
     374.10    -0.046
     375.14     0.011
     376.17     0.035
     377.20     0.107
     378.23     0.000
     379.26    -0.007
     380.29     0.052
     381.32    -0.051
     382.35     0.026
     383.38     0.071
     384.41    -0.088
     385.44     0.048
     386.47    -0.087
     387.50     0.028
     388.53     0.053
     389.56    -0.029
     390.59    -0.031
     391.62     0.024
     392.66    -0.011
     393.69     0.073
     394.72     0.032
     395.75     0.114
     396.78     0.016
     397.81    -0.048
     398.84    -0.000
     399.87     0.026