%%LAB     777  datapoints: v_lsr [km/s] and T_B [K]
    -399.87     0.040
    -398.84     0.019
    -397.81    -0.004
    -396.78    -0.023
    -395.75    -0.022
    -394.72    -0.006
    -393.69    -0.112
    -392.66     0.067
    -391.62    -0.040
    -390.59    -0.045
    -389.56     0.090
    -388.53    -0.016
    -387.50    -0.029
    -386.47     0.006
    -385.44    -0.030
    -384.41    -0.108
    -383.38    -0.054
    -382.35    -0.035
    -381.32    -0.052
    -380.29    -0.111
    -379.26    -0.028
    -378.23    -0.028
    -377.20     0.023
    -376.17    -0.004
    -375.14     0.035
    -374.10    -0.089
    -373.07     0.013
    -372.04    -0.027
    -371.01    -0.077
    -369.98    -0.024
    -368.95    -0.022
    -367.92    -0.082
    -366.89     0.070
    -365.86     0.010
    -364.83    -0.028
    -363.80    -0.056
    -362.77     0.015
    -361.74     0.037
    -360.71    -0.020
    -359.68    -0.064
    -358.65    -0.077
    -357.62     0.011
    -356.58     0.121
    -355.55    -0.033
    -354.52     0.070
    -353.49    -0.032
    -352.46     0.042
    -351.43    -0.009
    -350.40     0.011
    -349.37    -0.058
    -348.34    -0.045
    -347.31    -0.012
    -346.28     0.025
    -345.25     0.001
    -344.22    -0.034
    -343.19     0.014
    -342.16     0.019
    -341.13     0.053
    -340.10    -0.011
    -339.06    -0.027
    -338.03    -0.002
    -337.00     0.053
    -335.97     0.047
    -334.94    -0.003
    -333.91     0.146
    -332.88     0.013
    -331.85    -0.037
    -330.82     0.085
    -329.79     0.011
    -328.76     0.060
    -327.73    -0.034
    -326.70    -0.076
    -325.67    -0.024
    -324.64    -0.061
    -323.61     0.070
    -322.58     0.054
    -321.54     0.046
    -320.51    -0.052
    -319.48    -0.057
    -318.45    -0.077
    -317.42     0.063
    -316.39    -0.050
    -315.36    -0.001
    -314.33    -0.025
    -313.30     0.003
    -312.27    -0.003
    -311.24    -0.037
    -310.21    -0.003
    -309.18     0.098
    -308.15     0.028
    -307.12    -0.021
    -306.09    -0.007
    -305.06    -0.034
    -304.02     0.050
    -302.99     0.047
    -301.96    -0.011
    -300.93     0.024
    -299.90     0.017
    -298.87     0.017
    -297.84    -0.016
    -296.81    -0.020
    -295.78    -0.007
    -294.75     0.071
    -293.72    -0.022
    -292.69     0.064
    -291.66    -0.001
    -290.63     0.073
    -289.60     0.052
    -288.57    -0.037
    -287.53     0.036
    -286.50     0.002
    -285.47    -0.035
    -284.44    -0.035
    -283.41     0.027
    -282.38    -0.055
    -281.35    -0.028
    -280.32    -0.013
    -279.29     0.035
    -278.26     0.008
    -277.23     0.088
    -276.20    -0.014
    -275.17     0.006
    -274.14     0.101
    -273.11    -0.023
    -272.08     0.015
    -271.05    -0.052
    -270.01     0.051
    -268.98     0.020
    -267.95     0.148
    -266.92     0.013
    -265.89     0.057
    -264.86    -0.047
    -263.83     0.035
    -262.80    -0.029
    -261.77     0.016
    -260.74     0.047
    -259.71     0.091
    -258.68    -0.062
    -257.65     0.004
    -256.62     0.009
    -255.59     0.083
    -254.56    -0.004
    -253.53     0.030
    -252.49    -0.080
    -251.46     0.098
    -250.43     0.016
    -249.40    -0.092
    -248.37     0.048
    -247.34    -0.041
    -246.31    -0.027
    -245.28     0.006
    -244.25     0.004
    -243.22    -0.014
    -242.19     0.060
    -241.16    -0.004
    -240.13    -0.032
    -239.10     0.152
    -238.07    -0.051
    -237.04     0.074
    -236.01     0.089
    -234.97     0.061
    -233.94     0.078
    -232.91     0.056
    -231.88    -0.089
    -230.85     0.052
    -229.82     0.031
    -228.79     0.060
    -227.76     0.009
    -226.73     0.037
    -225.70     0.042
    -224.67     0.014
    -223.64     0.032
    -222.61     0.045
    -221.58    -0.016
    -220.55     0.098
    -219.52     0.030
    -218.49     0.013
    -217.45    -0.030
    -216.42     0.033
    -215.39    -0.020
    -214.36     0.010
    -213.33    -0.032
    -212.30     0.060
    -211.27     0.037
    -210.24     0.093
    -209.21    -0.051
    -208.18     0.042
    -207.15    -0.027
    -206.12     0.067
    -205.09    -0.026
    -204.06    -0.005
    -203.03    -0.017
    -202.00     0.030
    -200.97    -0.028
    -199.93     0.044
    -198.90    -0.013
    -197.87     0.086
    -196.84    -0.119
    -195.81    -0.005
    -194.78    -0.001
    -193.75    -0.035
    -192.72     0.010
    -191.69     0.075
    -190.66    -0.063
    -189.63     0.062
    -188.60     0.030
    -187.57    -0.020
    -186.54     0.049
    -185.51    -0.017
    -184.48    -0.119
    -183.45    -0.013
    -182.41    -0.016
    -181.38     0.014
    -180.35    -0.024
    -179.32     0.038
    -178.29     0.053
    -177.26     0.038
    -176.23    -0.049
    -175.20     0.052
    -174.17    -0.084
    -173.14    -0.035
    -172.11    -0.074
    -171.08    -0.012
    -170.05    -0.037
    -169.02    -0.011
    -167.99    -0.071
    -166.96    -0.056
    -165.93     0.012
    -164.89     0.011
    -163.86     0.048
    -162.83    -0.018
    -161.80    -0.018
    -160.77    -0.019
    -159.74    -0.052
    -158.71    -0.110
    -157.68     0.052
    -156.65     0.014
    -155.62     0.023
    -154.59    -0.036
    -153.56    -0.042
    -152.53     0.045
    -151.50    -0.054
    -150.47    -0.028
    -149.44    -0.039
    -148.41    -0.029
    -147.37    -0.022
    -146.34     0.003
    -145.31    -0.107
    -144.28     0.054
    -143.25    -0.009
    -142.22    -0.045
    -141.19    -0.112
    -140.16    -0.018
    -139.13    -0.090
    -138.10    -0.015
    -137.07    -0.038
    -136.04     0.015
    -135.01    -0.121
    -133.98     0.038
    -132.95    -0.023
    -131.92     0.039
    -130.89    -0.073
    -129.85    -0.010
    -128.82     0.030
    -127.79     0.063
    -126.76    -0.070
    -125.73     0.093
    -124.70    -0.023
    -123.67     0.043
    -122.64     0.029
    -121.61     0.034
    -120.58    -0.034
    -119.55     0.142
    -118.52     0.165
    -117.49     0.081
    -116.46     0.096
    -115.43     0.179
    -114.40     0.141
    -113.37     0.154
    -112.33     0.126
    -111.30     0.224
    -110.27     0.096
    -109.24     0.273
    -108.21     0.142
    -107.18     0.211
    -106.15     0.136
    -105.12     0.167
    -104.09     0.134
    -103.06     0.172
    -102.03     0.020
    -101.00     0.157
     -99.97     0.247
     -98.94     0.156
     -97.91     0.086
     -96.88     0.137
     -95.85    -0.020
     -94.81     0.087
     -93.78     0.105
     -92.75     0.055
     -91.72     0.085
     -90.69     0.183
     -89.66     0.035
     -88.63     0.182
     -87.60     0.085
     -86.57     0.109
     -85.54     0.057
     -84.51     0.177
     -83.48     0.067
     -82.45     0.171
     -81.42     0.106
     -80.39     0.075
     -79.36     0.130
     -78.32     0.196
     -77.29     0.156
     -76.26     0.142
     -75.23     0.211
     -74.20     0.120
     -73.17     0.029
     -72.14     0.148
     -71.11     0.067
     -70.08     0.152
     -69.05     0.177
     -68.02     0.169
     -66.99     0.184
     -65.96     0.126
     -64.93     0.153
     -63.90     0.066
     -62.87     0.142
     -61.84     0.094
     -60.80     0.123
     -59.77     0.116
     -58.74     0.105
     -57.71     0.222
     -56.68     0.073
     -55.65     0.145
     -54.62     0.242
     -53.59     0.272
     -52.56     0.289
     -51.53     0.308
     -50.50     0.311
     -49.47     0.303
     -48.44     0.325
     -47.41     0.301
     -46.38     0.238
     -45.35     0.394
     -44.32     0.330
     -43.28     0.341
     -42.25     0.355
     -41.22     0.319
     -40.19     0.354
     -39.16     0.352
     -38.13     0.415
     -37.10     0.393
     -36.07     0.302
     -35.04     0.370
     -34.01     0.446
     -32.98     0.472
     -31.95     0.491
     -30.92     0.512
     -29.89     0.543
     -28.86     0.596
     -27.83     0.598
     -26.80     0.830
     -25.76     1.016
     -24.73     1.231
     -23.70     1.401
     -22.67     1.748
     -21.64     2.002
     -20.61     2.450
     -19.58     2.922
     -18.55     3.301
     -17.52     3.975
     -16.49     4.867
     -15.46     5.514
     -14.43     6.403
     -13.40     7.623
     -12.37     8.889
     -11.34    10.199
     -10.31    11.275
      -9.28    11.997
      -8.24    12.940
      -7.21    14.195
      -6.18    14.968
      -5.15    14.906
      -4.12    15.331
      -3.09    16.569
      -2.06    19.196
      -1.03    23.196
       0.00    27.699
       1.03    31.169
       2.06    32.744
       3.09    32.152
       4.12    30.020
       5.15    26.856
       6.18    23.212
       7.21    19.697
       8.24    16.505
       9.28    14.313
      10.31    12.891
      11.34    10.716
      12.37     7.760
      13.40     5.774
      14.43     4.463
      15.46     3.492
      16.49     2.877
      17.52     2.163
      18.55     2.007
      19.58     1.399
      20.61     1.269
      21.64     1.004
      22.67     0.915
      23.70     0.772
      24.73     0.649
      25.76     0.574
      26.80     0.394
      27.83     0.309
      28.86     0.315
      29.89     0.229
      30.92     0.297
      31.95     0.217
      32.98     0.165
      34.01     0.149
      35.04     0.225
      36.07     0.125
      37.10     0.138
      38.13     0.135
      39.16     0.127
      40.19     0.084
      41.22     0.148
      42.25    -0.004
      43.28     0.056
      44.32     0.000
      45.35     0.092
      46.38     0.023
      47.41     0.048
      48.44     0.022
      49.47    -0.024
      50.50     0.001
      51.53     0.085
      52.56     0.025
      53.59    -0.033
      54.62    -0.038
      55.65    -0.063
      56.68    -0.043
      57.71    -0.019
      58.74    -0.114
      59.77     0.014
      60.80    -0.101
      61.84     0.036
      62.87    -0.037
      63.90    -0.043
      64.93     0.019
      65.96     0.036
      66.99    -0.013
      68.02     0.042
      69.05    -0.019
      70.08     0.118
      71.11    -0.018
      72.14    -0.015
      73.17    -0.078
      74.20     0.067
      75.23    -0.007
      76.26    -0.038
      77.29    -0.009
      78.32    -0.023
      79.36     0.045
      80.39     0.026
      81.42     0.002
      82.45    -0.085
      83.48     0.070
      84.51    -0.036
      85.54    -0.096
      86.57     0.036
      87.60     0.050
      88.63    -0.021
      89.66    -0.005
      90.69    -0.003
      91.72    -0.012
      92.75     0.021
      93.78     0.038
      94.81     0.026
      95.84     0.028
      96.88     0.030
      97.91    -0.222
      98.94    -0.059
      99.97     0.003
     101.00    -0.004
     102.03     0.036
     103.06     0.017
     104.09    -0.030
     105.12    -0.036
     106.15     0.072
     107.18     0.066
     108.21     0.003
     109.24     0.061
     110.27    -0.055
     111.30     0.027
     112.33    -0.041
     113.37     0.034
     114.40    -0.008
     115.43    -0.019
     116.46    -0.045
     117.49     0.020
     118.52    -0.075
     119.55    -0.058
     120.58    -0.013
     121.61     0.144
     122.64     0.010
     123.67     0.020
     124.70     0.065
     125.73    -0.019
     126.76    -0.015
     127.79     0.048
     128.82    -0.028
     129.85     0.017
     130.89    -0.012
     131.92     0.017
     132.95     0.010
     133.98     0.125
     135.01     0.084
     136.04    -0.018
     137.07    -0.017
     138.10     0.017
     139.13     0.018
     140.16     0.059
     141.19     0.035
     142.22     0.094
     143.25    -0.019
     144.28     0.050
     145.31     0.038
     146.34     0.114
     147.37     0.014
     148.41     0.005
     149.44     0.032
     150.47     0.116
     151.50     0.064
     152.53     0.100
     153.56     0.067
     154.59     0.076
     155.62    -0.020
     156.65    -0.087
     157.68    -0.032
     158.71     0.027
     159.74     0.001
     160.77     0.066
     161.80    -0.017
     162.83     0.063
     163.86    -0.041
     164.89     0.062
     165.93     0.035
     166.96     0.097
     167.99    -0.025
     169.02     0.022
     170.05    -0.007
     171.08     0.009
     172.11     0.045
     173.14     0.053
     174.17     0.048
     175.20    -0.005
     176.23    -0.047
     177.26     0.004
     178.29     0.024
     179.32    -0.019
     180.35    -0.032
     181.38    -0.022
     182.41     0.020
     183.45     0.029
     184.48     0.005
     185.51    -0.042
     186.54     0.081
     187.57     0.013
     188.60     0.061
     189.63     0.001
     190.66    -0.047
     191.69    -0.010
     192.72    -0.017
     193.75    -0.034
     194.78    -0.016
     195.81     0.014
     196.84    -0.033
     197.87    -0.013
     198.90     0.010
     199.93     0.050
     200.97    -0.014
     202.00    -0.104
     203.03    -0.009
     204.06    -0.008
     205.09    -0.085
     206.12    -0.051
     207.15    -0.022
     208.18     0.085
     209.21     0.061
     210.24     0.051
     211.27     0.027
     212.30     0.032
     213.33    -0.057
     214.36     0.011
     215.39    -0.085
     216.42     0.088
     217.45     0.014
     218.49    -0.031
     219.52    -0.008
     220.55     0.088
     221.58    -0.015
     222.61     0.045
     223.64     0.066
     224.67     0.072
     225.70    -0.025
     226.73     0.004
     227.76     0.004
     228.79     0.042
     229.82    -0.057
     230.85    -0.002
     231.88     0.031
     232.91     0.085
     233.94    -0.011
     234.97     0.026
     236.01     0.023
     237.04    -0.053
     238.07    -0.119
     239.10     0.026
     240.13     0.002
     241.16     0.003
     242.19    -0.009
     243.22    -0.051
     244.25     0.028
     245.28     0.005
     246.31    -0.064
     247.34    -0.010
     248.37    -0.002
     249.40    -0.079
     250.43    -0.023
     251.46     0.123
     252.49    -0.048
     253.53     0.060
     254.56    -0.050
     255.59     0.068
     256.62     0.016
     257.65    -0.002
     258.68    -0.002
     259.71     0.027
     260.74     0.046
     261.77    -0.062
     262.80     0.074
     263.83     0.049
     264.86     0.031
     265.89     0.067
     266.92     0.070
     267.95    -0.013
     268.98    -0.059
     270.01     0.085
     271.05    -0.088
     272.08    -0.040
     273.11    -0.037
     274.14    -0.047
     275.17    -0.096
     276.20     0.025
     277.23    -0.042
     278.26    -0.004
     279.29     0.001
     280.32     0.021
     281.35    -0.097
     282.38     0.020
     283.41     0.018
     284.44     0.052
     285.47     0.023
     286.50     0.076
     287.53    -0.106
     288.57     0.038
     289.60    -0.061
     290.63     0.021
     291.66    -0.026
     292.69    -0.049
     293.72    -0.029
     294.75    -0.012
     295.78     0.046
     296.81     0.028
     297.84    -0.015
     298.87    -0.035
     299.90    -0.011
     300.93     0.049
     301.96    -0.022
     302.99     0.012
     304.02    -0.116
     305.06     0.013
     306.09     0.091
     307.12    -0.006
     308.15     0.034
     309.18     0.003
     310.21     0.008
     311.24     0.045
     312.27    -0.058
     313.30    -0.026
     314.33    -0.025
     315.36     0.016
     316.39    -0.061
     317.42    -0.089
     318.45     0.047
     319.48     0.049
     320.51    -0.014
     321.54    -0.028
     322.58    -0.032
     323.61     0.082
     324.64    -0.003
     325.67    -0.039
     326.70    -0.044
     327.73    -0.006
     328.76    -0.063
     329.79     0.033
     330.82    -0.062
     331.85    -0.038
     332.88    -0.023
     333.91     0.014
     334.94    -0.020
     335.97     0.018
     337.00     0.012
     338.03     0.075
     339.06    -0.037
     340.10     0.035
     341.13    -0.079
     342.16     0.159
     343.19    -0.013
     344.22    -0.028
     345.25     0.029
     346.28    -0.010
     347.31    -0.074
     348.34    -0.002
     349.37    -0.011
     350.40     0.077
     351.43    -0.084
     352.46     0.131
     353.49    -0.036
     354.52     0.055
     355.55     0.026
     356.58     0.017
     357.62     0.007
     358.65     0.090
     359.68    -0.057
     360.71     0.072
     361.74    -0.012
     362.77    -0.022
     363.80    -0.057
     364.83     0.011
     365.86    -0.040
     366.89     0.012
     367.92    -0.065
     368.95     0.006
     369.98    -0.042
     371.01     0.044
     372.04     0.045
     373.07     0.084
     374.10    -0.010
     375.14    -0.003
     376.17     0.041
     377.20     0.080
     378.23    -0.082
     379.26    -0.062
     380.29     0.001
     381.32     0.031
     382.35    -0.109
     383.38    -0.041
     384.41    -0.014
     385.44    -0.016
     386.47    -0.052
     387.50    -0.040
     388.53    -0.073
     389.56    -0.049
     390.59    -0.031
     391.62     0.075
     392.66    -0.046
     393.69    -0.030
     394.72     0.031
     395.75     0.033
     396.78     0.018
     397.81    -0.036
     398.84    -0.024
     399.87    -0.048