%%LAB     777  datapoints: v_lsr [km/s] and T_B [K]
    -399.87     0.019
    -398.84    -0.006
    -397.81     0.030
    -396.78    -0.063
    -395.75     0.122
    -394.72    -0.074
    -393.69     0.026
    -392.65    -0.054
    -391.62     0.003
    -390.59     0.024
    -389.56     0.014
    -388.53    -0.038
    -387.50    -0.028
    -386.47    -0.053
    -385.44    -0.070
    -384.41     0.045
    -383.38     0.024
    -382.35    -0.011
    -381.32     0.040
    -380.29     0.015
    -379.26    -0.033
    -378.23    -0.071
    -377.20     0.002
    -376.17    -0.057
    -375.13     0.045
    -374.10    -0.014
    -373.07    -0.003
    -372.04    -0.022
    -371.01     0.033
    -369.98     0.036
    -368.95     0.025
    -367.92    -0.037
    -366.89     0.075
    -365.86    -0.055
    -364.83     0.042
    -363.80     0.043
    -362.77    -0.005
    -361.74    -0.041
    -360.71    -0.011
    -359.68     0.025
    -358.65    -0.008
    -357.61    -0.019
    -356.58    -0.015
    -355.55    -0.031
    -354.52     0.025
    -353.49    -0.040
    -352.46     0.032
    -351.43    -0.056
    -350.40    -0.027
    -349.37     0.002
    -348.34    -0.033
    -347.31    -0.061
    -346.28     0.046
    -345.25    -0.087
    -344.22    -0.031
    -343.19    -0.037
    -342.16     0.070
    -341.13    -0.089
    -340.09    -0.077
    -339.06     0.019
    -338.03     0.015
    -337.00     0.004
    -335.97     0.048
    -334.94    -0.045
    -333.91     0.012
    -332.88    -0.007
    -331.85     0.080
    -330.82    -0.032
    -329.79     0.045
    -328.76    -0.003
    -327.73     0.002
    -326.70    -0.033
    -325.67    -0.060
    -324.64     0.053
    -323.61    -0.063
    -322.57    -0.026
    -321.54     0.034
    -320.51     0.012
    -319.48    -0.003
    -318.45    -0.045
    -317.42     0.058
    -316.39     0.004
    -315.36     0.030
    -314.33     0.014
    -313.30     0.197
    -312.27     0.062
    -311.24    -0.070
    -310.21     0.068
    -309.18     0.037
    -308.15    -0.000
    -307.12    -0.018
    -306.09     0.072
    -305.05     0.068
    -304.02    -0.003
    -302.99     0.039
    -301.96     0.074
    -300.93     0.067
    -299.90     0.040
    -298.87    -0.024
    -297.84    -0.005
    -296.81    -0.003
    -295.78    -0.038
    -294.75    -0.019
    -293.72    -0.022
    -292.69     0.058
    -291.66     0.086
    -290.63    -0.023
    -289.60     0.008
    -288.57    -0.005
    -287.53     0.051
    -286.50     0.013
    -285.47     0.043
    -284.44     0.086
    -283.41    -0.037
    -282.38     0.102
    -281.35     0.026
    -280.32    -0.011
    -279.29    -0.047
    -278.26     0.012
    -277.23    -0.008
    -276.20     0.005
    -275.17     0.003
    -274.14    -0.000
    -273.11    -0.008
    -272.08    -0.070
    -271.05    -0.001
    -270.01     0.054
    -268.98    -0.094
    -267.95     0.015
    -266.92     0.094
    -265.89     0.025
    -264.86    -0.055
    -263.83     0.027
    -262.80     0.004
    -261.77    -0.034
    -260.74     0.048
    -259.71     0.050
    -258.68    -0.061
    -257.65     0.078
    -256.62     0.057
    -255.59     0.020
    -254.56    -0.026
    -253.53    -0.024
    -252.49     0.034
    -251.46     0.037
    -250.43    -0.029
    -249.40     0.014
    -248.37    -0.114
    -247.34    -0.017
    -246.31    -0.087
    -245.28     0.017
    -244.25    -0.030
    -243.22    -0.023
    -242.19    -0.029
    -241.16     0.074
    -240.13     0.015
    -239.10     0.048
    -238.07    -0.043
    -237.04     0.049
    -236.01    -0.033
    -234.97    -0.054
    -233.94    -0.007
    -232.91     0.080
    -231.88    -0.028
    -230.85    -0.026
    -229.82     0.052
    -228.79    -0.010
    -227.76    -0.089
    -226.73     0.084
    -225.70    -0.004
    -224.67     0.017
    -223.64    -0.082
    -222.61     0.103
    -221.58     0.059
    -220.55     0.019
    -219.52    -0.057
    -218.49     0.008
    -217.45    -0.011
    -216.42    -0.062
    -215.39    -0.032
    -214.36     0.034
    -213.33    -0.043
    -212.30     0.016
    -211.27    -0.044
    -210.24     0.003
    -209.21    -0.001
    -208.18     0.025
    -207.15    -0.102
    -206.12     0.005
    -205.09     0.005
    -204.06     0.036
    -203.03     0.010
    -202.00    -0.022
    -200.97     0.011
    -199.93     0.051
    -198.90     0.042
    -197.87    -0.033
    -196.84     0.012
    -195.81     0.061
    -194.78    -0.077
    -193.75    -0.009
    -192.72    -0.071
    -191.69     0.003
    -190.66     0.004
    -189.63     0.093
    -188.60     0.040
    -187.57     0.063
    -186.54     0.013
    -185.51     0.073
    -184.48    -0.036
    -183.44    -0.048
    -182.41     0.024
    -181.38    -0.054
    -180.35    -0.045
    -179.32     0.043
    -178.29    -0.088
    -177.26     0.049
    -176.23    -0.001
    -175.20     0.014
    -174.17     0.052
    -173.14     0.103
    -172.11     0.006
    -171.08     0.085
    -170.05    -0.050
    -169.02    -0.011
    -167.99    -0.040
    -166.96    -0.001
    -165.92    -0.044
    -164.89     0.079
    -163.86     0.039
    -162.83     0.035
    -161.80     0.011
    -160.77     0.065
    -159.74    -0.049
    -158.71     0.020
    -157.68    -0.045
    -156.65     0.064
    -155.62    -0.038
    -154.59     0.022
    -153.56    -0.025
    -152.53    -0.013
    -151.50    -0.045
    -150.47    -0.024
    -149.44    -0.129
    -148.40     0.104
    -147.37    -0.048
    -146.34     0.052
    -145.31    -0.001
    -144.28    -0.007
    -143.25    -0.007
    -142.22     0.118
    -141.19    -0.032
    -140.16     0.113
    -139.13    -0.042
    -138.10    -0.024
    -137.07    -0.041
    -136.04     0.002
    -135.01    -0.022
    -133.98     0.072
    -132.95    -0.016
    -131.92     0.110
    -130.88     0.054
    -129.85     0.065
    -128.82     0.060
    -127.79     0.084
    -126.76     0.149
    -125.73    -0.045
    -124.70     0.030
    -123.67     0.059
    -122.64     0.068
    -121.61     0.116
    -120.58    -0.103
    -119.55    -0.002
    -118.52     0.082
    -117.49     0.102
    -116.46     0.120
    -115.43     0.135
    -114.40     0.092
    -113.36     0.115
    -112.33     0.080
    -111.30     0.127
    -110.27     0.153
    -109.24     0.110
    -108.21     0.100
    -107.18     0.103
    -106.15     0.104
    -105.12     0.162
    -104.09     0.179
    -103.06     0.248
    -102.03     0.182
    -101.00     0.228
     -99.97     0.206
     -98.94     0.316
     -97.91     0.333
     -96.88     0.328
     -95.84     0.277
     -94.81     0.282
     -93.78     0.350
     -92.75     0.309
     -91.72     0.392
     -90.69     0.365
     -89.66     0.375
     -88.63     0.392
     -87.60     0.380
     -86.57     0.430
     -85.54     0.462
     -84.51     0.494
     -83.48     0.567
     -82.45     0.633
     -81.42     0.592
     -80.39     0.610
     -79.36     0.654
     -78.32     0.819
     -77.29     0.828
     -76.26     0.872
     -75.23     0.849
     -74.20     0.900
     -73.17     0.874
     -72.14     0.945
     -71.11     0.917
     -70.08     0.990
     -69.05     0.829
     -68.02     1.003
     -66.99     0.917
     -65.96     1.083
     -64.93     1.030
     -63.90     1.007
     -62.87     0.945
     -61.84     1.071
     -60.80     0.919
     -59.77     1.049
     -58.74     0.997
     -57.71     1.064
     -56.68     0.934
     -55.65     0.907
     -54.62     0.839
     -53.59     0.849
     -52.56     0.768
     -51.53     0.731
     -50.50     0.699
     -49.47     0.722
     -48.44     0.634
     -47.41     0.709
     -46.38     0.601
     -45.35     0.642
     -44.32     0.621
     -43.28     0.665
     -42.25     0.684
     -41.22     0.706
     -40.19     0.754
     -39.16     0.869
     -38.13     0.716
     -37.10     0.881
     -36.07     0.883
     -35.04     1.025
     -34.01     1.197
     -32.98     1.566
     -31.95     1.869
     -30.92     2.387
     -29.89     2.765
     -28.86     3.611
     -27.83     4.359
     -26.80     4.979
     -25.76     5.347
     -24.73     5.568
     -23.70     5.744
     -22.67     5.873
     -21.64     5.971
     -20.61     5.799
     -19.58     5.550
     -18.55     5.397
     -17.52     5.235
     -16.49     5.486
     -15.46     5.708
     -14.43     6.002
     -13.40     6.246
     -12.37     6.878
     -11.34     7.888
     -10.31     9.602
      -9.28    12.249
      -8.24    15.671
      -7.21    20.278
      -6.18    25.239
      -5.15    31.042
      -4.12    36.053
      -3.09    39.551
      -2.06    41.287
      -1.03    40.641
       0.00    38.797
       1.03    36.673
       2.06    35.955
       3.09    36.458
       4.12    36.396
       5.15    34.291
       6.18    29.083
       7.21    22.091
       8.24    15.955
       9.28    11.753
      10.31     8.822
      11.34     6.709
      12.37     5.149
      13.40     4.181
      14.43     3.304
      15.46     2.766
      16.49     2.142
      17.52     1.676
      18.55     1.341
      19.58     1.047
      20.61     0.965
      21.64     0.650
      22.67     0.656
      23.70     0.330
      24.73     0.283
      25.76     0.201
      26.80     0.242
      27.83     0.241
      28.86     0.191
      29.89     0.079
      30.92     0.104
      31.95     0.151
      32.98     0.179
      34.01     0.015
      35.04     0.095
      36.07     0.153
      37.10     0.046
      38.13    -0.013
      39.16    -0.028
      40.19    -0.002
      41.22     0.087
      42.25    -0.062
      43.28    -0.009
      44.32    -0.075
      45.35    -0.028
      46.38    -0.078
      47.41    -0.021
      48.44     0.101
      49.47     0.068
      50.50    -0.071
      51.53     0.087
      52.56     0.043
      53.59     0.106
      54.62     0.001
      55.65    -0.013
      56.68    -0.025
      57.71     0.075
      58.74    -0.021
      59.77    -0.002
      60.80    -0.011
      61.84     0.078
      62.87    -0.048
      63.90    -0.000
      64.93     0.121
      65.96    -0.050
      66.99     0.063
      68.02    -0.033
      69.05    -0.032
      70.08     0.041
      71.11     0.002
      72.14     0.050
      73.17    -0.027
      74.20     0.093
      75.23     0.086
      76.26    -0.025
      77.29     0.077
      78.32     0.075
      79.36    -0.005
      80.39    -0.004
      81.42     0.038
      82.45     0.032
      83.48    -0.087
      84.51     0.029
      85.54     0.174
      86.57     0.039
      87.60     0.045
      88.63     0.139
      89.66     0.087
      90.69     0.029
      91.72    -0.035
      92.75     0.049
      93.78    -0.028
      94.81     0.039
      95.84     0.005
      96.88     0.016
      97.91     0.074
      98.94    -0.004
      99.97    -0.059
     101.00     0.006
     102.03    -0.027
     103.06     0.121
     104.09    -0.051
     105.12     0.085
     106.15    -0.093
     107.18     0.033
     108.21    -0.100
     109.24     0.017
     110.27     0.014
     111.30    -0.016
     112.33     0.003
     113.36    -0.036
     114.40     0.128
     115.43    -0.012
     116.46     0.062
     117.49    -0.008
     118.52    -0.030
     119.55     0.073
     120.58    -0.058
     121.61     0.047
     122.64    -0.058
     123.67    -0.004
     124.70     0.013
     125.73     0.034
     126.76     0.057
     127.79     0.085
     128.82    -0.002
     129.85    -0.081
     130.88    -0.015
     131.92    -0.009
     132.95    -0.008
     133.98     0.083
     135.01    -0.006
     136.04     0.057
     137.07     0.004
     138.10     0.082
     139.13     0.025
     140.16    -0.003
     141.19    -0.054
     142.22     0.028
     143.25    -0.069
     144.28     0.015
     145.31     0.017
     146.34     0.007
     147.37     0.099
     148.40     0.119
     149.44     0.008
     150.47     0.049
     151.50     0.039
     152.53    -0.021
     153.56    -0.083
     154.59     0.029
     155.62    -0.021
     156.65    -0.011
     157.68    -0.035
     158.71     0.046
     159.74    -0.105
     160.77     0.053
     161.80     0.020
     162.83    -0.037
     163.86    -0.076
     164.89     0.118
     165.92     0.014
     166.96    -0.031
     167.99    -0.117
     169.02     0.005
     170.05     0.012
     171.08     0.001
     172.11    -0.047
     173.14     0.127
     174.17    -0.053
     175.20    -0.076
     176.23     0.040
     177.26    -0.079
     178.29    -0.037
     179.32     0.009
     180.35    -0.052
     181.38    -0.079
     182.41    -0.050
     183.45    -0.025
     184.48     0.014
     185.51     0.063
     186.54    -0.003
     187.57     0.094
     188.60    -0.048
     189.63    -0.002
     190.66     0.018
     191.69     0.031
     192.72    -0.060
     193.75     0.048
     194.78     0.076
     195.81     0.018
     196.84     0.135
     197.87    -0.017
     198.90     0.049
     199.93     0.135
     200.97    -0.022
     202.00     0.051
     203.03    -0.070
     204.06     0.033
     205.09    -0.001
     206.12    -0.097
     207.15     0.055
     208.18    -0.082
     209.21     0.034
     210.24     0.114
     211.27     0.058
     212.30     0.034
     213.33    -0.018
     214.36     0.019
     215.39    -0.016
     216.42    -0.018
     217.45    -0.112
     218.49     0.016
     219.52    -0.029
     220.55    -0.017
     221.58    -0.019
     222.61     0.002
     223.64    -0.006
     224.67     0.068
     225.70     0.009
     226.73     0.068
     227.76    -0.002
     228.79    -0.002
     229.82    -0.004
     230.85     0.048
     231.88    -0.082
     232.91     0.033
     233.94     0.030
     234.97     0.029
     236.01     0.024
     237.04    -0.015
     238.07    -0.097
     239.10    -0.065
     240.13    -0.067
     241.16     0.003
     242.19     0.039
     243.22     0.052
     244.25    -0.075
     245.28    -0.013
     246.31    -0.007
     247.34     0.022
     248.37     0.012
     249.40     0.072
     250.43    -0.021
     251.46     0.090
     252.49    -0.023
     253.53     0.025
     254.56     0.002
     255.59    -0.077
     256.62    -0.018
     257.65     0.030
     258.68    -0.044
     259.71     0.025
     260.74    -0.007
     261.77     0.167
     262.80    -0.038
     263.83     0.010
     264.86    -0.047
     265.89     0.027
     266.92    -0.016
     267.95    -0.067
     268.98    -0.099
     270.01     0.099
     271.05     0.032
     272.08    -0.084
     273.11    -0.024
     274.14    -0.029
     275.17    -0.069
     276.20     0.113
     277.23     0.016
     278.26    -0.042
     279.29    -0.007
     280.32    -0.022
     281.35    -0.001
     282.38    -0.001
     283.41    -0.021
     284.44     0.041
     285.47    -0.012
     286.50    -0.011
     287.53    -0.051
     288.57     0.005
     289.60     0.072
     290.63     0.043
     291.66     0.046
     292.69    -0.021
     293.72    -0.127
     294.75     0.085
     295.78     0.053
     296.81     0.023
     297.84     0.160
     298.87     0.103
     299.90    -0.015
     300.93    -0.025
     301.96     0.036
     302.99     0.122
     304.02    -0.086
     305.05     0.050
     306.09    -0.028
     307.12    -0.067
     308.15    -0.028
     309.18     0.035
     310.21    -0.036
     311.24    -0.021
     312.27    -0.049
     313.30     0.021
     314.33     0.029
     315.36    -0.012
     316.39     0.016
     317.42     0.044
     318.45    -0.037
     319.48     0.054
     320.51    -0.010
     321.54    -0.004
     322.57    -0.109
     323.61    -0.085
     324.64     0.013
     325.67     0.046
     326.70     0.021
     327.73    -0.011
     328.76     0.036
     329.79     0.075
     330.82     0.041
     331.85    -0.001
     332.88    -0.048
     333.91     0.065
     334.94    -0.028
     335.97     0.197
     337.00    -0.002
     338.03    -0.050
     339.06    -0.034
     340.09     0.061
     341.13    -0.073
     342.16    -0.074
     343.19    -0.016
     344.22     0.019
     345.25     0.008
     346.28     0.023
     347.31    -0.009
     348.34     0.017
     349.37    -0.114
     350.40     0.079
     351.43     0.040
     352.46     0.074
     353.49    -0.038
     354.52    -0.100
     355.55    -0.003
     356.58     0.003
     357.61    -0.085
     358.65    -0.059
     359.68    -0.015
     360.71     0.046
     361.74     0.110
     362.77    -0.020
     363.80     0.039
     364.83    -0.068
     365.86    -0.033
     366.89    -0.037
     367.92     0.033
     368.95     0.062
     369.98     0.010
     371.01     0.060
     372.04    -0.103
     373.07     0.052
     374.10    -0.092
     375.13     0.010
     376.17     0.062
     377.20    -0.005
     378.23     0.041
     379.26     0.045
     380.29    -0.001
     381.32    -0.021
     382.35     0.021
     383.38    -0.029
     384.41     0.055
     385.44     0.046
     386.47     0.025
     387.50     0.039
     388.53    -0.014
     389.56     0.067
     390.59    -0.019
     391.62     0.086
     392.65     0.040
     393.69     0.095
     394.72    -0.000
     395.75     0.028
     396.78     0.028
     397.81     0.000
     398.84    -0.058
     399.87     0.050