%%LAB     777  datapoints: v_lsr [km/s] and T_B [K]
    -399.83     0.039
    -398.80    -0.012
    -397.77     0.040
    -396.74    -0.122
    -395.71    -0.082
    -394.68    -0.068
    -393.65     0.081
    -392.61     0.034
    -391.58     0.066
    -390.55    -0.029
    -389.52     0.025
    -388.49     0.084
    -387.46    -0.032
    -386.43     0.000
    -385.40    -0.006
    -384.37     0.040
    -383.34     0.177
    -382.31    -0.049
    -381.28     0.065
    -380.25     0.030
    -379.22     0.003
    -378.19     0.031
    -377.16     0.028
    -376.13    -0.046
    -375.10     0.047
    -374.07    -0.017
    -373.04     0.020
    -372.01    -0.010
    -370.97     0.020
    -369.94    -0.019
    -368.91    -0.001
    -367.88    -0.053
    -366.85    -0.012
    -365.82     0.019
    -364.79     0.112
    -363.76    -0.023
    -362.73    -0.086
    -361.70    -0.093
    -360.67     0.022
    -359.64    -0.118
    -358.61    -0.043
    -357.58    -0.037
    -356.55     0.035
    -355.52     0.020
    -354.49     0.030
    -353.46     0.005
    -352.43     0.017
    -351.40     0.041
    -350.36    -0.024
    -349.33     0.075
    -348.30    -0.064
    -347.27    -0.061
    -346.24     0.035
    -345.21    -0.002
    -344.18     0.004
    -343.15    -0.008
    -342.12    -0.009
    -341.09    -0.006
    -340.06     0.033
    -339.03    -0.021
    -338.00    -0.102
    -336.97     0.040
    -335.94    -0.027
    -334.91    -0.090
    -333.88    -0.016
    -332.85     0.025
    -331.82     0.007
    -330.79     0.063
    -329.76     0.001
    -328.72    -0.083
    -327.69     0.012
    -326.66     0.004
    -325.63    -0.049
    -324.60    -0.125
    -323.57     0.063
    -322.54    -0.094
    -321.51    -0.027
    -320.48    -0.038
    -319.45     0.056
    -318.42     0.070
    -317.39     0.017
    -316.36    -0.007
    -315.33     0.036
    -314.30    -0.027
    -313.27     0.042
    -312.24     0.005
    -311.21     0.088
    -310.18    -0.014
    -309.15     0.049
    -308.12    -0.049
    -307.08     0.032
    -306.05    -0.027
    -305.02     0.107
    -303.99    -0.017
    -302.96    -0.018
    -301.93     0.039
    -300.90     0.046
    -299.87    -0.061
    -298.84     0.019
    -297.81    -0.012
    -296.78     0.041
    -295.75     0.067
    -294.72    -0.035
    -293.69    -0.029
    -292.66     0.056
    -291.63    -0.047
    -290.60    -0.008
    -289.57    -0.065
    -288.54    -0.024
    -287.51    -0.052
    -286.47    -0.048
    -285.44    -0.025
    -284.41    -0.061
    -283.38    -0.038
    -282.35     0.056
    -281.32     0.002
    -280.29     0.059
    -279.26     0.027
    -278.23    -0.054
    -277.20     0.012
    -276.17     0.041
    -275.14    -0.023
    -274.11     0.013
    -273.08     0.055
    -272.05     0.017
    -271.02     0.019
    -269.99     0.043
    -268.96    -0.042
    -267.93    -0.012
    -266.90    -0.031
    -265.87     0.006
    -264.83    -0.000
    -263.80     0.008
    -262.77     0.003
    -261.74     0.013
    -260.71     0.040
    -259.68     0.049
    -258.65    -0.046
    -257.62     0.105
    -256.59    -0.037
    -255.56     0.045
    -254.53     0.103
    -253.50    -0.001
    -252.47    -0.078
    -251.44     0.025
    -250.41     0.040
    -249.38     0.089
    -248.35     0.056
    -247.32     0.026
    -246.29     0.035
    -245.26    -0.045
    -244.23    -0.002
    -243.19    -0.034
    -242.16    -0.005
    -241.13     0.047
    -240.10    -0.025
    -239.07    -0.035
    -238.04    -0.022
    -237.01     0.029
    -235.98     0.069
    -234.95    -0.027
    -233.92     0.008
    -232.89     0.023
    -231.86     0.133
    -230.83     0.060
    -229.80    -0.052
    -228.77     0.027
    -227.74    -0.030
    -226.71     0.014
    -225.68    -0.018
    -224.65     0.063
    -223.62     0.047
    -222.58     0.017
    -221.55     0.003
    -220.52    -0.047
    -219.49     0.031
    -218.46     0.056
    -217.43     0.041
    -216.40     0.030
    -215.37    -0.021
    -214.34    -0.008
    -213.31    -0.014
    -212.28     0.175
    -211.25     0.016
    -210.22     0.014
    -209.19     0.033
    -208.16    -0.043
    -207.13    -0.042
    -206.10     0.010
    -205.07    -0.047
    -204.04     0.088
    -203.01     0.057
    -201.98     0.021
    -200.94    -0.037
    -199.91    -0.066
    -198.88     0.062
    -197.85     0.073
    -196.82    -0.025
    -195.79     0.050
    -194.76    -0.003
    -193.73    -0.036
    -192.70    -0.088
    -191.67     0.107
    -190.64     0.086
    -189.61     0.022
    -188.58    -0.076
    -187.55     0.014
    -186.52     0.020
    -185.49    -0.023
    -184.46     0.009
    -183.43     0.019
    -182.40     0.070
    -181.37     0.061
    -180.33    -0.112
    -179.30     0.067
    -178.27    -0.007
    -177.24     0.039
    -176.21    -0.006
    -175.18     0.002
    -174.15     0.019
    -173.12     0.010
    -172.09    -0.002
    -171.06    -0.039
    -170.03    -0.006
    -169.00     0.048
    -167.97    -0.015
    -166.94    -0.122
    -165.91    -0.070
    -164.88     0.015
    -163.85    -0.067
    -162.82    -0.055
    -161.79    -0.000
    -160.76    -0.003
    -159.73     0.051
    -158.69     0.038
    -157.66    -0.056
    -156.63     0.069
    -155.60     0.008
    -154.57     0.025
    -153.54     0.071
    -152.51    -0.053
    -151.48     0.088
    -150.45     0.059
    -149.42     0.097
    -148.39     0.083
    -147.36     0.026
    -146.33    -0.058
    -145.30     0.023
    -144.27     0.006
    -143.24    -0.005
    -142.21     0.104
    -141.18    -0.029
    -140.15    -0.020
    -139.12     0.067
    -138.09    -0.012
    -137.05    -0.009
    -136.02     0.058
    -134.99     0.098
    -133.96     0.177
    -132.93     0.101
    -131.90     0.114
    -130.87     0.148
    -129.84     0.145
    -128.81     0.161
    -127.78     0.273
    -126.75     0.280
    -125.72     0.505
    -124.69     0.515
    -123.66     0.615
    -122.63     0.713
    -121.60     0.874
    -120.57     0.972
    -119.54     1.304
    -118.51     1.518
    -117.48     1.934
    -116.44     2.459
    -115.41     3.360
    -114.38     4.574
    -113.35     5.767
    -112.32     6.564
    -111.29     7.238
    -110.26     7.063
    -109.23     6.550
    -108.20     5.659
    -107.17     5.323
    -106.14     5.308
    -105.11     5.328
    -104.08     5.192
    -103.05     5.122
    -102.02     4.940
    -100.99     4.823
     -99.96     4.675
     -98.93     4.904
     -97.90     4.955
     -96.87     5.331
     -95.84     5.635
     -94.80     5.855
     -93.77     5.832
     -92.74     5.990
     -91.71     5.926
     -90.68     5.984
     -89.65     5.827
     -88.62     5.705
     -87.59     5.506
     -86.56     5.296
     -85.53     4.791
     -84.50     4.594
     -83.47     4.163
     -82.44     3.892
     -81.41     3.633
     -80.38     3.321
     -79.35     3.039
     -78.32     2.797
     -77.29     2.674
     -76.26     2.558
     -75.23     2.453
     -74.19     2.374
     -73.16     2.224
     -72.13     2.287
     -71.10     2.323
     -70.07     2.327
     -69.04     2.129
     -68.01     2.224
     -66.98     2.193
     -65.95     2.193
     -64.92     2.124
     -63.89     2.253
     -62.86     2.172
     -61.83     1.994
     -60.80     1.949
     -59.77     2.007
     -58.74     1.868
     -57.71     1.887
     -56.68     1.731
     -55.65     1.815
     -54.62     1.723
     -53.59     1.642
     -52.55     1.606
     -51.52     1.601
     -50.49     1.475
     -49.46     1.506
     -48.43     1.415
     -47.40     1.356
     -46.37     1.457
     -45.34     1.481
     -44.31     1.373
     -43.28     1.455
     -42.25     1.558
     -41.22     1.588
     -40.19     1.626
     -39.16     1.730
     -38.13     1.750
     -37.10     1.782
     -36.07     1.790
     -35.04     1.851
     -34.01     2.012
     -32.98     2.085
     -31.95     2.125
     -30.91     2.361
     -29.88     2.610
     -28.85     2.898
     -27.82     3.136
     -26.79     3.489
     -25.76     3.809
     -24.73     4.173
     -23.70     4.541
     -22.67     5.255
     -21.64     5.954
     -20.61     6.501
     -19.58     7.218
     -18.55     7.975
     -17.52     8.991
     -16.49    10.343
     -15.46    11.846
     -14.43    13.655
     -13.40    15.375
     -12.37    17.366
     -11.34    19.264
     -10.30    21.413
      -9.27    23.102
      -8.24    25.256
      -7.21    28.010
      -6.18    30.822
      -5.15    33.304
      -4.12    35.536
      -3.09    37.469
      -2.06    39.828
      -1.03    42.197
       0.00    45.302
       1.03    49.285
       2.06    53.727
       3.09    58.069
       4.12    60.387
       5.15    60.853
       6.18    59.194
       7.21    56.077
       8.24    51.355
       9.27    45.582
      10.30    39.143
      11.34    32.494
      12.37    26.016
      13.40    20.491
      14.43    16.409
      15.46    13.323
      16.49    11.583
      17.52    10.395
      18.55     9.741
      19.58     8.476
      20.61     6.913
      21.64     5.679
      22.67     4.537
      23.70     3.611
      24.73     2.938
      25.76     2.379
      26.79     1.910
      27.82     1.576
      28.85     1.308
      29.88     0.980
      30.91     0.941
      31.95     0.756
      32.98     0.607
      34.01     0.604
      35.04     0.430
      36.07     0.459
      37.10     0.458
      38.13     0.266
      39.16     0.262
      40.19     0.241
      41.22     0.152
      42.25     0.116
      43.28     0.157
      44.31     0.066
      45.34     0.173
      46.37     0.126
      47.40     0.146
      48.43     0.143
      49.46     0.106
      50.49     0.157
      51.52     0.110
      52.55     0.093
      53.59     0.169
      54.62     0.050
      55.65     0.040
      56.68     0.021
      57.71     0.075
      58.74     0.078
      59.77     0.074
      60.80     0.079
      61.83     0.063
      62.86     0.009
      63.89    -0.025
      64.92     0.071
      65.95     0.028
      66.98     0.018
      68.01     0.061
      69.04    -0.049
      70.07     0.089
      71.10     0.017
      72.13    -0.057
      73.16    -0.050
      74.19     0.082
      75.23     0.027
      76.26     0.045
      77.29     0.025
      78.32     0.078
      79.35    -0.172
      80.38    -0.041
      81.41     0.044
      82.44     0.142
      83.47     0.006
      84.50    -0.033
      85.53    -0.041
      86.56    -0.027
      87.59    -0.045
      88.62     0.080
      89.65     0.021
      90.68     0.056
      91.71     0.017
      92.74     0.080
      93.77     0.006
      94.80     0.154
      95.84    -0.018
      96.87     0.041
      97.90     0.023
      98.93     0.054
      99.96    -0.067
     100.99     0.061
     102.02    -0.051
     103.05     0.000
     104.08    -0.016
     105.11     0.061
     106.14     0.031
     107.17    -0.025
     108.20    -0.032
     109.23     0.083
     110.26     0.028
     111.29     0.072
     112.32    -0.001
     113.35    -0.002
     114.38     0.013
     115.41     0.063
     116.44    -0.013
     117.48     0.017
     118.51    -0.053
     119.54     0.044
     120.57    -0.047
     121.60     0.045
     122.63     0.017
     123.66     0.064
     124.69    -0.005
     125.72     0.131
     126.75     0.043
     127.78     0.094
     128.81     0.019
     129.84     0.073
     130.87     0.062
     131.90     0.111
     132.93    -0.003
     133.96     0.116
     134.99     0.022
     136.02    -0.031
     137.05    -0.006
     138.09     0.024
     139.12     0.030
     140.15     0.024
     141.18    -0.113
     142.21     0.095
     143.24    -0.036
     144.27     0.055
     145.30     0.058
     146.33     0.040
     147.36    -0.001
     148.39     0.040
     149.42    -0.096
     150.45     0.049
     151.48     0.023
     152.51     0.157
     153.54    -0.031
     154.57    -0.055
     155.60    -0.025
     156.63    -0.028
     157.66    -0.035
     158.69     0.001
     159.73    -0.049
     160.76     0.061
     161.79    -0.073
     162.82     0.081
     163.85    -0.145
     164.88    -0.068
     165.91    -0.099
     166.94     0.017
     167.97    -0.047
     169.00    -0.027
     170.03    -0.043
     171.06    -0.024
     172.09    -0.067
     173.12    -0.000
     174.15    -0.024
     175.18     0.048
     176.21    -0.051
     177.24     0.045
     178.27    -0.056
     179.30     0.112
     180.33     0.053
     181.37     0.010
     182.40     0.040
     183.43    -0.011
     184.46    -0.014
     185.49     0.121
     186.52    -0.061
     187.55    -0.007
     188.58    -0.079
     189.61    -0.037
     190.64    -0.041
     191.67     0.078
     192.70    -0.058
     193.73    -0.007
     194.76    -0.075
     195.79     0.018
     196.82    -0.082
     197.85     0.049
     198.88    -0.057
     199.91     0.093
     200.94     0.019
     201.98     0.076
     203.01     0.009
     204.04     0.039
     205.07     0.032
     206.10    -0.017
     207.13     0.073
     208.16    -0.047
     209.19    -0.042
     210.22    -0.055
     211.25    -0.075
     212.28     0.032
     213.31    -0.019
     214.34    -0.021
     215.37    -0.010
     216.40    -0.052
     217.43    -0.013
     218.46     0.016
     219.49     0.085
     220.52     0.005
     221.55     0.092
     222.58     0.078
     223.62    -0.068
     224.65    -0.002
     225.68     0.005
     226.71     0.062
     227.74     0.009
     228.77     0.024
     229.80    -0.050
     230.83     0.024
     231.86    -0.023
     232.89     0.044
     233.92     0.036
     234.95    -0.039
     235.98     0.065
     237.01    -0.009
     238.04    -0.000
     239.07     0.055
     240.10    -0.008
     241.13     0.051
     242.16     0.045
     243.19    -0.059
     244.23    -0.042
     245.26    -0.008
     246.29    -0.005
     247.32    -0.024
     248.35    -0.031
     249.38     0.017
     250.41     0.003
     251.44    -0.047
     252.47    -0.003
     253.50     0.026
     254.53    -0.140
     255.56     0.020
     256.59    -0.098
     257.62     0.034
     258.65    -0.030
     259.68     0.013
     260.71     0.009
     261.74    -0.018
     262.77    -0.051
     263.80    -0.042
     264.83     0.007
     265.87     0.059
     266.90     0.053
     267.93     0.075
     268.96    -0.029
     269.99     0.024
     271.02     0.002
     272.05     0.004
     273.08     0.073
     274.11     0.046
     275.14     0.075
     276.17    -0.016
     277.20    -0.058
     278.23     0.058
     279.26     0.029
     280.29    -0.013
     281.32    -0.061
     282.35     0.010
     283.38    -0.039
     284.41    -0.010
     285.44     0.071
     286.47    -0.025
     287.51    -0.028
     288.54     0.074
     289.57     0.012
     290.60    -0.068
     291.63    -0.045
     292.66     0.102
     293.69     0.014
     294.72     0.076
     295.75    -0.018
     296.78     0.083
     297.81    -0.044
     298.84     0.079
     299.87    -0.100
     300.90    -0.006
     301.93     0.022
     302.96    -0.031
     303.99    -0.067
     305.02     0.024
     306.05    -0.023
     307.08     0.005
     308.12     0.079
     309.15    -0.019
     310.18     0.014
     311.21     0.060
     312.24     0.042
     313.27     0.029
     314.30    -0.046
     315.33    -0.007
     316.36    -0.068
     317.39     0.013
     318.42     0.010
     319.45     0.091
     320.48    -0.022
     321.51     0.078
     322.54    -0.011
     323.57     0.073
     324.60    -0.019
     325.63    -0.075
     326.66    -0.163
     327.69     0.080
     328.72    -0.056
     329.76     0.022
     330.79    -0.031
     331.82    -0.030
     332.85    -0.037
     333.88    -0.035
     334.91    -0.003
     335.94     0.037
     336.97    -0.007
     338.00    -0.001
     339.03    -0.039
     340.06     0.041
     341.09    -0.006
     342.12     0.003
     343.15    -0.055
     344.18     0.080
     345.21    -0.033
     346.24     0.045
     347.27    -0.132
     348.30    -0.004
     349.33     0.003
     350.36    -0.028
     351.40    -0.015
     352.43     0.092
     353.46     0.015
     354.49     0.026
     355.52     0.030
     356.55    -0.008
     357.58    -0.071
     358.61     0.113
     359.64     0.027
     360.67     0.052
     361.70    -0.034
     362.73    -0.025
     363.76    -0.028
     364.79     0.092
     365.82    -0.019
     366.85    -0.004
     367.88    -0.051
     368.91     0.071
     369.94     0.013
     370.97    -0.054
     372.01     0.003
     373.04    -0.028
     374.07     0.039
     375.10    -0.041
     376.13    -0.037
     377.16    -0.012
     378.19    -0.068
     379.22     0.015
     380.25     0.001
     381.28     0.065
     382.31     0.009
     383.34    -0.004
     384.37    -0.037
     385.40     0.008
     386.43    -0.009
     387.46    -0.035
     388.49     0.017
     389.52     0.101
     390.55    -0.037
     391.58     0.112
     392.61     0.029
     393.65    -0.044
     394.68    -0.028
     395.71     0.046
     396.74    -0.118
     397.77     0.007
     398.80    -0.087
     399.83     0.139