%%LAB     777  datapoints: v_lsr [km/s] and T_B [K]
    -399.86     0.060
    -398.83     0.007
    -397.79     0.045
    -396.76     0.045
    -395.73     0.098
    -394.70     0.022
    -393.67    -0.040
    -392.64    -0.056
    -391.61    -0.036
    -390.58     0.025
    -389.55     0.017
    -388.52     0.002
    -387.49     0.092
    -386.46     0.031
    -385.43     0.056
    -384.40    -0.030
    -383.37    -0.010
    -382.34    -0.084
    -381.31     0.041
    -380.28     0.008
    -379.24    -0.017
    -378.21    -0.067
    -377.18    -0.033
    -376.15    -0.042
    -375.12     0.115
    -374.09    -0.070
    -373.06     0.054
    -372.03     0.003
    -371.00     0.022
    -369.97    -0.029
    -368.94    -0.064
    -367.91     0.013
    -366.88     0.100
    -365.85     0.061
    -364.82    -0.050
    -363.79    -0.061
    -362.76    -0.004
    -361.73     0.033
    -360.69    -0.052
    -359.66     0.035
    -358.63     0.010
    -357.60     0.004
    -356.57    -0.065
    -355.54     0.042
    -354.51     0.066
    -353.48    -0.027
    -352.45     0.023
    -351.42    -0.032
    -350.39     0.084
    -349.36    -0.065
    -348.33     0.017
    -347.30     0.006
    -346.27    -0.071
    -345.24    -0.050
    -344.21    -0.088
    -343.18    -0.084
    -342.14    -0.032
    -341.11    -0.056
    -340.08    -0.002
    -339.05     0.036
    -338.02    -0.039
    -336.99     0.014
    -335.96     0.035
    -334.93    -0.069
    -333.90    -0.066
    -332.87    -0.015
    -331.84     0.081
    -330.81    -0.023
    -329.78     0.008
    -328.75     0.040
    -327.72     0.082
    -326.69    -0.059
    -325.66     0.031
    -324.63    -0.048
    -323.59     0.010
    -322.56    -0.034
    -321.53    -0.080
    -320.50    -0.048
    -319.47     0.075
    -318.44    -0.050
    -317.41     0.043
    -316.38     0.006
    -315.35     0.040
    -314.32    -0.002
    -313.29     0.052
    -312.26    -0.030
    -311.23    -0.008
    -310.20    -0.053
    -309.17     0.021
    -308.14     0.014
    -307.11     0.064
    -306.08     0.052
    -305.04     0.003
    -304.01     0.054
    -302.98    -0.076
    -301.95    -0.011
    -300.92    -0.047
    -299.89    -0.037
    -298.86     0.082
    -297.83     0.014
    -296.80     0.011
    -295.77     0.018
    -294.74     0.085
    -293.71    -0.111
    -292.68     0.056
    -291.65    -0.006
    -290.62    -0.068
    -289.59     0.111
    -288.56    -0.001
    -287.53    -0.036
    -286.49     0.045
    -285.46    -0.009
    -284.43    -0.031
    -283.40    -0.002
    -282.37     0.064
    -281.34    -0.005
    -280.31     0.055
    -279.28     0.037
    -278.25    -0.055
    -277.22    -0.071
    -276.19     0.018
    -275.16     0.014
    -274.13    -0.007
    -273.10    -0.041
    -272.07     0.042
    -271.04    -0.038
    -270.01     0.092
    -268.98    -0.052
    -267.94    -0.054
    -266.91    -0.076
    -265.88     0.081
    -264.85    -0.050
    -263.82     0.062
    -262.79    -0.004
    -261.76    -0.014
    -260.73     0.003
    -259.70    -0.010
    -258.67     0.038
    -257.64    -0.036
    -256.61     0.046
    -255.58     0.001
    -254.55    -0.033
    -253.52     0.012
    -252.49    -0.024
    -251.46    -0.056
    -250.43     0.070
    -249.39    -0.050
    -248.36    -0.064
    -247.33     0.073
    -246.30     0.078
    -245.27    -0.035
    -244.24    -0.068
    -243.21     0.029
    -242.18    -0.034
    -241.15     0.077
    -240.12     0.034
    -239.09    -0.045
    -238.06    -0.020
    -237.03     0.001
    -236.00     0.025
    -234.97     0.116
    -233.94    -0.014
    -232.91    -0.045
    -231.88     0.016
    -230.84     0.110
    -229.81    -0.041
    -228.78     0.117
    -227.75    -0.030
    -226.72     0.013
    -225.69    -0.016
    -224.66     0.091
    -223.63     0.093
    -222.60     0.093
    -221.57    -0.004
    -220.54     0.009
    -219.51    -0.044
    -218.48     0.065
    -217.45     0.074
    -216.42    -0.028
    -215.39    -0.073
    -214.36     0.099
    -213.33     0.049
    -212.29     0.064
    -211.26     0.016
    -210.23     0.016
    -209.20    -0.008
    -208.17    -0.052
    -207.14    -0.038
    -206.11     0.040
    -205.08     0.061
    -204.05    -0.007
    -203.02     0.037
    -201.99     0.038
    -200.96     0.042
    -199.93     0.041
    -198.90     0.011
    -197.87     0.032
    -196.84    -0.022
    -195.81     0.071
    -194.78    -0.034
    -193.74    -0.025
    -192.71     0.016
    -191.68     0.017
    -190.65    -0.123
    -189.62    -0.046
    -188.59     0.046
    -187.56    -0.023
    -186.53    -0.079
    -185.50    -0.040
    -184.47    -0.016
    -183.44     0.070
    -182.41    -0.069
    -181.38     0.062
    -180.35    -0.022
    -179.32     0.042
    -178.29     0.036
    -177.26     0.031
    -176.23     0.018
    -175.19     0.064
    -174.16     0.013
    -173.13     0.083
    -172.10     0.022
    -171.07     0.035
    -170.04    -0.038
    -169.01    -0.006
    -167.98    -0.042
    -166.95     0.088
    -165.92     0.034
    -164.89    -0.012
    -163.86    -0.021
    -162.83    -0.058
    -161.80    -0.000
    -160.77     0.009
    -159.74    -0.023
    -158.71    -0.008
    -157.68    -0.013
    -156.64     0.094
    -155.61    -0.016
    -154.58     0.034
    -153.55     0.070
    -152.52     0.080
    -151.49    -0.037
    -150.46     0.061
    -149.43     0.008
    -148.40     0.147
    -147.37     0.083
    -146.34     0.084
    -145.31     0.021
    -144.28     0.103
    -143.25     0.209
    -142.22     0.124
    -141.19     0.237
    -140.16     0.181
    -139.13     0.235
    -138.09     0.140
    -137.06     0.221
    -136.03     0.285
    -135.00     0.250
    -133.97     0.269
    -132.94     0.318
    -131.91     0.387
    -130.88     0.432
    -129.85     0.417
    -128.82     0.458
    -127.79     0.502
    -126.76     0.492
    -125.73     0.463
    -124.70     0.392
    -123.67     0.500
    -122.64     0.509
    -121.61     0.555
    -120.58     0.460
    -119.54     0.523
    -118.51     0.433
    -117.48     0.517
    -116.45     0.398
    -115.42     0.425
    -114.39     0.326
    -113.36     0.471
    -112.33     0.303
    -111.30     0.441
    -110.27     0.417
    -109.24     0.290
    -108.21     0.346
    -107.18     0.309
    -106.15     0.227
    -105.12     0.255
    -104.09     0.183
    -103.06     0.298
    -102.03     0.266
    -100.99     0.316
     -99.96     0.324
     -98.93     0.194
     -97.90     0.273
     -96.87     0.273
     -95.84     0.294
     -94.81     0.284
     -93.78     0.319
     -92.75     0.308
     -91.72     0.466
     -90.69     0.395
     -89.66     0.428
     -88.63     0.416
     -87.60     0.517
     -86.57     0.590
     -85.54     0.694
     -84.51     0.776
     -83.48     0.920
     -82.44     0.941
     -81.41     1.027
     -80.38     1.027
     -79.35     1.104
     -78.32     1.166
     -77.29     1.308
     -76.26     1.283
     -75.23     1.335
     -74.20     1.453
     -73.17     1.553
     -72.14     1.545
     -71.11     1.787
     -70.08     1.927
     -69.05     2.106
     -68.02     2.238
     -66.99     2.503
     -65.96     2.740
     -64.93     3.059
     -63.89     3.397
     -62.86     3.968
     -61.83     4.587
     -60.80     5.223
     -59.77     5.570
     -58.74     5.721
     -57.71     5.719
     -56.68     5.399
     -55.65     5.059
     -54.62     4.727
     -53.59     4.542
     -52.56     4.310
     -51.53     4.079
     -50.50     3.921
     -49.47     3.716
     -48.44     3.452
     -47.41     3.367
     -46.38     3.233
     -45.34     3.273
     -44.31     3.194
     -43.28     3.286
     -42.25     3.185
     -41.22     3.373
     -40.19     3.330
     -39.16     3.287
     -38.13     3.156
     -37.10     3.015
     -36.07     2.977
     -35.04     2.891
     -34.01     2.768
     -32.98     2.804
     -31.95     2.776
     -30.92     2.981
     -29.89     3.054
     -28.86     3.079
     -27.83     3.259
     -26.79     3.438
     -25.76     3.685
     -24.73     3.833
     -23.70     4.225
     -22.67     4.595
     -21.64     5.087
     -20.61     5.558
     -19.58     6.121
     -18.55     6.971
     -17.52     7.765
     -16.49     8.379
     -15.46     8.838
     -14.43     9.158
     -13.40     9.617
     -12.37    10.057
     -11.34    10.841
     -10.31    12.093
      -9.28    13.527
      -8.24    15.398
      -7.21    17.276
      -6.18    19.059
      -5.15    21.120
      -4.12    24.646
      -3.09    30.090
      -2.06    38.408
      -1.03    49.694
       0.00    62.397
       1.03    71.652
       2.06    74.770
       3.09    72.659
       4.12    65.722
       5.15    54.353
       6.18    40.388
       7.21    29.271
       8.24    22.447
       9.28    17.435
      10.31    13.559
      11.34    10.251
      12.37     7.866
      13.40     6.128
      14.43     4.815
      15.46     3.853
      16.49     3.234
      17.52     2.526
      18.55     2.168
      19.58     1.716
      20.61     1.500
      21.64     1.209
      22.67     1.094
      23.70     0.738
      24.73     0.644
      25.76     0.518
      26.79     0.503
      27.83     0.302
      28.86     0.429
      29.89     0.212
      30.92     0.238
      31.95     0.189
      32.98     0.146
      34.01     0.152
      35.04     0.110
      36.07     0.125
      37.10     0.047
      38.13    -0.029
      39.16     0.069
      40.19     0.036
      41.22    -0.022
      42.25    -0.029
      43.28     0.019
      44.31    -0.030
      45.34    -0.039
      46.38    -0.039
      47.41     0.031
      48.44    -0.080
      49.47     0.065
      50.50    -0.047
      51.53     0.001
      52.56    -0.027
      53.59     0.070
      54.62     0.039
      55.65     0.113
      56.68     0.111
      57.71     0.029
      58.74     0.003
      59.77     0.002
      60.80     0.094
      61.83     0.109
      62.86     0.025
      63.89     0.028
      64.93    -0.024
      65.96     0.047
      66.99    -0.069
      68.02     0.059
      69.05     0.002
      70.08     0.065
      71.11    -0.014
      72.14     0.040
      73.17    -0.048
      74.20    -0.030
      75.23     0.038
      76.26     0.081
      77.29     0.002
      78.32     0.042
      79.35     0.059
      80.38     0.049
      81.41    -0.027
      82.44     0.131
      83.48     0.071
      84.51    -0.042
      85.54    -0.015
      86.57     0.063
      87.60     0.016
      88.63     0.024
      89.66     0.003
      90.69     0.049
      91.72     0.084
      92.75     0.105
      93.78    -0.041
      94.81     0.017
      95.84    -0.080
      96.87     0.073
      97.90     0.058
      98.93     0.079
      99.96    -0.041
     100.99     0.065
     102.03     0.055
     103.06     0.042
     104.09     0.081
     105.12    -0.030
     106.15    -0.038
     107.18     0.056
     108.21     0.080
     109.24     0.043
     110.27     0.009
     111.30     0.016
     112.33    -0.023
     113.36     0.029
     114.39     0.048
     115.42     0.082
     116.45    -0.005
     117.48     0.020
     118.51     0.032
     119.54     0.054
     120.58     0.022
     121.61    -0.037
     122.64     0.021
     123.67     0.161
     124.70     0.030
     125.73     0.095
     126.76    -0.008
     127.79    -0.009
     128.82    -0.132
     129.85    -0.097
     130.88    -0.032
     131.91     0.003
     132.94     0.007
     133.97     0.026
     135.00    -0.056
     136.03     0.050
     137.06     0.010
     138.09     0.108
     139.13    -0.024
     140.16     0.086
     141.19     0.029
     142.22     0.074
     143.25    -0.025
     144.28     0.033
     145.31     0.017
     146.34     0.044
     147.37    -0.026
     148.40    -0.006
     149.43     0.022
     150.46     0.014
     151.49    -0.037
     152.52     0.021
     153.55    -0.139
     154.58    -0.015
     155.61     0.030
     156.64     0.079
     157.68    -0.017
     158.71    -0.015
     159.74     0.067
     160.77     0.073
     161.80    -0.072
     162.83     0.022
     163.86     0.087
     164.89     0.051
     165.92     0.013
     166.95    -0.023
     167.98    -0.016
     169.01    -0.042
     170.04    -0.033
     171.07    -0.048
     172.10    -0.058
     173.13     0.055
     174.16    -0.038
     175.19    -0.017
     176.23    -0.003
     177.26    -0.025
     178.29     0.020
     179.32     0.095
     180.35     0.040
     181.38    -0.049
     182.41     0.012
     183.44     0.094
     184.47    -0.096
     185.50     0.069
     186.53     0.026
     187.56     0.065
     188.59    -0.018
     189.62     0.064
     190.65     0.011
     191.68    -0.020
     192.71     0.070
     193.74     0.095
     194.78    -0.057
     195.81    -0.025
     196.84    -0.002
     197.87     0.011
     198.90    -0.089
     199.93     0.044
     200.96    -0.109
     201.99     0.005
     203.02     0.021
     204.05    -0.018
     205.08    -0.041
     206.11     0.051
     207.14     0.016
     208.17     0.091
     209.20    -0.010
     210.23     0.040
     211.26    -0.136
     212.29    -0.032
     213.33     0.049
     214.36    -0.002
     215.39    -0.090
     216.42    -0.049
     217.45    -0.011
     218.48    -0.083
     219.51     0.027
     220.54     0.056
     221.57    -0.092
     222.60    -0.035
     223.63    -0.032
     224.66     0.025
     225.69     0.020
     226.72     0.100
     227.75    -0.042
     228.78    -0.053
     229.81    -0.031
     230.84     0.069
     231.88    -0.075
     232.91     0.051
     233.94    -0.054
     234.97     0.020
     236.00    -0.128
     237.03     0.028
     238.06     0.055
     239.09     0.060
     240.12    -0.057
     241.15    -0.043
     242.18     0.058
     243.21     0.029
     244.24    -0.018
     245.27     0.117
     246.30    -0.072
     247.33    -0.042
     248.36     0.114
     249.39    -0.006
     250.43    -0.030
     251.46    -0.107
     252.49    -0.016
     253.52     0.015
     254.55     0.060
     255.58     0.008
     256.61    -0.045
     257.64     0.031
     258.67    -0.001
     259.70     0.013
     260.73     0.031
     261.76     0.039
     262.79    -0.097
     263.82     0.053
     264.85    -0.073
     265.88    -0.066
     266.91     0.041
     267.94    -0.074
     268.98     0.038
     270.01    -0.035
     271.04    -0.006
     272.07    -0.014
     273.10    -0.002
     274.13    -0.002
     275.16     0.020
     276.19     0.041
     277.22    -0.066
     278.25    -0.052
     279.28     0.028
     280.31    -0.035
     281.34     0.023
     282.37    -0.030
     283.40     0.012
     284.43     0.011
     285.46    -0.094
     286.49     0.008
     287.53     0.011
     288.56     0.012
     289.59     0.017
     290.62     0.026
     291.65    -0.067
     292.68    -0.034
     293.71    -0.002
     294.74     0.025
     295.77    -0.014
     296.80     0.062
     297.83     0.020
     298.86    -0.005
     299.89     0.008
     300.92     0.080
     301.95     0.029
     302.98     0.012
     304.01    -0.095
     305.04     0.006
     306.08     0.019
     307.11    -0.069
     308.14    -0.057
     309.17     0.015
     310.20    -0.042
     311.23     0.027
     312.26     0.042
     313.29    -0.023
     314.32    -0.086
     315.35     0.025
     316.38    -0.043
     317.41     0.031
     318.44     0.081
     319.47     0.074
     320.50    -0.015
     321.53     0.046
     322.56     0.007
     323.59    -0.017
     324.63    -0.072
     325.66    -0.060
     326.69    -0.025
     327.72     0.084
     328.75    -0.069
     329.78     0.044
     330.81    -0.058
     331.84     0.021
     332.87    -0.008
     333.90    -0.043
     334.93     0.046
     335.96     0.062
     336.99     0.048
     338.02    -0.013
     339.05    -0.083
     340.08     0.031
     341.11     0.009
     342.14     0.036
     343.18     0.008
     344.21     0.009
     345.24    -0.080
     346.27    -0.010
     347.30    -0.038
     348.33     0.051
     349.36     0.020
     350.39     0.071
     351.42     0.082
     352.45     0.001
     353.48     0.028
     354.51    -0.020
     355.54    -0.041
     356.57     0.008
     357.60    -0.063
     358.63     0.026
     359.66    -0.049
     360.69     0.101
     361.73    -0.067
     362.76     0.024
     363.79    -0.040
     364.82     0.010
     365.85    -0.086
     366.88     0.094
     367.91    -0.018
     368.94    -0.022
     369.97    -0.023
     371.00     0.003
     372.03    -0.008
     373.06    -0.004
     374.09     0.024
     375.12     0.074
     376.15    -0.012
     377.18     0.098
     378.21     0.001
     379.24    -0.014
     380.28     0.052
     381.31     0.006
     382.34     0.018
     383.37     0.005
     384.40    -0.051
     385.43     0.012
     386.46    -0.094
     387.49     0.124
     388.52     0.007
     389.55     0.076
     390.58     0.016
     391.61    -0.056
     392.64    -0.021
     393.67     0.081
     394.70     0.046
     395.73     0.010
     396.76     0.016
     397.79     0.107
     398.83    -0.032
     399.86    -0.009