%%LAB     777  datapoints: v_lsr [km/s] and T_B [K]
    -399.87     0.039
    -398.84     0.005
    -397.81    -0.043
    -396.78     0.040
    -395.75    -0.059
    -394.72    -0.016
    -393.68     0.011
    -392.65    -0.105
    -391.62     0.027
    -390.59     0.013
    -389.56     0.054
    -388.53    -0.054
    -387.50    -0.008
    -386.47    -0.052
    -385.44     0.014
    -384.41    -0.067
    -383.38    -0.079
    -382.35    -0.036
    -381.32    -0.013
    -380.29     0.060
    -379.26     0.036
    -378.23    -0.010
    -377.20    -0.010
    -376.16     0.063
    -375.13     0.001
    -374.10     0.038
    -373.07     0.058
    -372.04     0.002
    -371.01    -0.046
    -369.98     0.039
    -368.95     0.087
    -367.92    -0.020
    -366.89    -0.059
    -365.86     0.088
    -364.83     0.014
    -363.80     0.053
    -362.77     0.011
    -361.74     0.133
    -360.71    -0.008
    -359.68    -0.076
    -358.64     0.091
    -357.61    -0.067
    -356.58     0.047
    -355.55     0.052
    -354.52     0.010
    -353.49    -0.046
    -352.46     0.090
    -351.43    -0.006
    -350.40     0.015
    -349.37    -0.126
    -348.34    -0.042
    -347.31    -0.041
    -346.28     0.014
    -345.25    -0.078
    -344.22     0.011
    -343.19    -0.027
    -342.16    -0.117
    -341.12    -0.023
    -340.09     0.041
    -339.06     0.052
    -338.03     0.083
    -337.00    -0.028
    -335.97    -0.003
    -334.94     0.037
    -333.91    -0.111
    -332.88    -0.031
    -331.85     0.052
    -330.82    -0.081
    -329.79     0.045
    -328.76     0.047
    -327.73    -0.075
    -326.70    -0.088
    -325.67     0.142
    -324.64     0.077
    -323.60    -0.007
    -322.57     0.029
    -321.54     0.044
    -320.51     0.011
    -319.48     0.003
    -318.45     0.032
    -317.42     0.062
    -316.39     0.046
    -315.36     0.021
    -314.33    -0.045
    -313.30     0.088
    -312.27     0.013
    -311.24     0.046
    -310.21     0.001
    -309.18    -0.069
    -308.15    -0.005
    -307.12    -0.019
    -306.08     0.050
    -305.05     0.004
    -304.02     0.004
    -302.99    -0.006
    -301.96    -0.022
    -300.93    -0.007
    -299.90     0.049
    -298.87     0.086
    -297.84    -0.046
    -296.81    -0.006
    -295.78     0.055
    -294.75     0.142
    -293.72    -0.023
    -292.69     0.034
    -291.66    -0.003
    -290.63    -0.085
    -289.60     0.064
    -288.56     0.106
    -287.53    -0.091
    -286.50     0.084
    -285.47    -0.079
    -284.44     0.062
    -283.41    -0.054
    -282.38     0.064
    -281.35     0.025
    -280.32     0.024
    -279.29    -0.108
    -278.26    -0.035
    -277.23    -0.066
    -276.20     0.078
    -275.17     0.008
    -274.14     0.099
    -273.11     0.077
    -272.08    -0.011
    -271.04    -0.043
    -270.01     0.004
    -268.98     0.026
    -267.95    -0.034
    -266.92    -0.079
    -265.89     0.041
    -264.86    -0.099
    -263.83    -0.027
    -262.80    -0.057
    -261.77     0.032
    -260.74    -0.011
    -259.71    -0.006
    -258.68    -0.100
    -257.65     0.001
    -256.62    -0.016
    -255.59     0.038
    -254.56    -0.124
    -253.52     0.053
    -252.49    -0.021
    -251.46    -0.044
    -250.43     0.037
    -249.40    -0.037
    -248.37     0.055
    -247.34     0.048
    -246.31     0.087
    -245.28     0.020
    -244.25    -0.073
    -243.22    -0.023
    -242.19    -0.068
    -241.16     0.132
    -240.13     0.035
    -239.10     0.025
    -238.07     0.096
    -237.04    -0.008
    -236.00    -0.021
    -234.97     0.060
    -233.94    -0.006
    -232.91    -0.053
    -231.88    -0.019
    -230.85     0.053
    -229.82    -0.103
    -228.79     0.012
    -227.76    -0.057
    -226.73     0.026
    -225.70    -0.036
    -224.67    -0.077
    -223.64    -0.013
    -222.61    -0.008
    -221.58    -0.010
    -220.55     0.020
    -219.52    -0.150
    -218.48    -0.063
    -217.45    -0.011
    -216.42     0.051
    -215.39    -0.019
    -214.36     0.138
    -213.33    -0.099
    -212.30    -0.069
    -211.27     0.026
    -210.24     0.027
    -209.21    -0.001
    -208.18    -0.019
    -207.15    -0.005
    -206.12    -0.004
    -205.09    -0.018
    -204.06     0.008
    -203.03    -0.017
    -202.00    -0.065
    -200.96    -0.017
    -199.93     0.126
    -198.90     0.045
    -197.87     0.007
    -196.84     0.009
    -195.81    -0.050
    -194.78     0.022
    -193.75    -0.050
    -192.72    -0.025
    -191.69    -0.055
    -190.66    -0.077
    -189.63     0.011
    -188.60     0.110
    -187.57     0.062
    -186.54     0.042
    -185.51    -0.048
    -184.48     0.004
    -183.44     0.050
    -182.41    -0.023
    -181.38     0.086
    -180.35    -0.057
    -179.32     0.070
    -178.29    -0.020
    -177.26    -0.079
    -176.23     0.054
    -175.20     0.054
    -174.17    -0.070
    -173.14    -0.035
    -172.11     0.019
    -171.08     0.114
    -170.05    -0.158
    -169.02    -0.038
    -167.99     0.007
    -166.96    -0.030
    -165.92    -0.003
    -164.89     0.025
    -163.86    -0.082
    -162.83    -0.027
    -161.80     0.008
    -160.77    -0.052
    -159.74    -0.120
    -158.71     0.033
    -157.68     0.033
    -156.65    -0.016
    -155.62    -0.038
    -154.59     0.069
    -153.56    -0.064
    -152.53    -0.033
    -151.50    -0.068
    -150.47     0.061
    -149.44    -0.047
    -148.40     0.074
    -147.37     0.027
    -146.34     0.071
    -145.31    -0.057
    -144.28     0.096
    -143.25    -0.021
    -142.22     0.037
    -141.19    -0.002
    -140.16    -0.010
    -139.13    -0.008
    -138.10    -0.048
    -137.07     0.029
    -136.04    -0.026
    -135.01    -0.006
    -133.98     0.025
    -132.95    -0.032
    -131.92     0.016
    -130.88     0.034
    -129.85     0.021
    -128.82     0.098
    -127.79    -0.018
    -126.76    -0.002
    -125.73    -0.035
    -124.70    -0.104
    -123.67     0.010
    -122.64     0.009
    -121.61     0.082
    -120.58     0.069
    -119.55     0.063
    -118.52     0.024
    -117.49     0.028
    -116.46    -0.011
    -115.43     0.076
    -114.40    -0.032
    -113.36     0.065
    -112.33     0.044
    -111.30     0.014
    -110.27     0.015
    -109.24    -0.019
    -108.21     0.024
    -107.18     0.173
    -106.15     0.008
    -105.12    -0.022
    -104.09    -0.097
    -103.06    -0.001
    -102.03     0.019
    -101.00     0.011
     -99.97     0.015
     -98.94     0.083
     -97.91     0.007
     -96.88     0.067
     -95.84     0.050
     -94.81     0.081
     -93.78    -0.049
     -92.75     0.005
     -91.72     0.028
     -90.69     0.128
     -89.66    -0.056
     -88.63     0.140
     -87.60     0.070
     -86.57     0.065
     -85.54     0.013
     -84.51     0.018
     -83.48     0.060
     -82.45     0.022
     -81.42     0.061
     -80.39     0.017
     -79.36     0.080
     -78.32     0.146
     -77.29     0.040
     -76.26     0.079
     -75.23     0.005
     -74.20     0.082
     -73.17     0.015
     -72.14     0.042
     -71.11     0.052
     -70.08     0.027
     -69.05    -0.031
     -68.02     0.062
     -66.99     0.084
     -65.96     0.102
     -64.93     0.171
     -63.90     0.095
     -62.87     0.145
     -61.84     0.169
     -60.80     0.132
     -59.77     0.060
     -58.74     0.069
     -57.71     0.075
     -56.68     0.071
     -55.65     0.181
     -54.62     0.168
     -53.59     0.056
     -52.56     0.044
     -51.53     0.098
     -50.50     0.158
     -49.47     0.246
     -48.44     0.087
     -47.41     0.115
     -46.38     0.173
     -45.35     0.112
     -44.32     0.213
     -43.28     0.245
     -42.25     0.192
     -41.22     0.235
     -40.19     0.250
     -39.16     0.215
     -38.13     0.219
     -37.10     0.177
     -36.07     0.260
     -35.04     0.414
     -34.01     0.272
     -32.98     0.307
     -31.95     0.219
     -30.92     0.290
     -29.89     0.320
     -28.86     0.465
     -27.83     0.424
     -26.80     0.579
     -25.76     0.519
     -24.73     0.479
     -23.70     0.532
     -22.67     0.687
     -21.64     0.718
     -20.61     0.662
     -19.58     0.693
     -18.55     0.855
     -17.52     1.004
     -16.49     0.989
     -15.46     1.136
     -14.43     1.194
     -13.40     1.436
     -12.37     1.635
     -11.34     1.925
     -10.31     2.236
      -9.28     2.538
      -8.24     2.905
      -7.21     3.468
      -6.18     4.678
      -5.15     5.948
      -4.12     6.975
      -3.09     7.874
      -2.06     9.149
      -1.03    10.747
       0.00    12.492
       1.03    15.031
       2.06    19.107
       3.09    21.272
       4.12    20.274
       5.15    17.757
       6.18    15.648
       7.21    13.598
       8.24    12.554
       9.28    11.685
      10.31    10.727
      11.34     9.468
      12.37     8.272
      13.40     7.309
      14.43     6.561
      15.46     5.880
      16.49     5.495
      17.52     4.949
      18.55     4.687
      19.58     4.165
      20.61     3.831
      21.64     3.462
      22.67     3.249
      23.70     2.776
      24.73     2.431
      25.76     2.266
      26.80     2.051
      27.83     1.877
      28.86     1.767
      29.89     1.534
      30.92     1.342
      31.95     1.212
      32.98     1.096
      34.01     0.931
      35.04     0.774
      36.07     0.715
      37.10     0.631
      38.13     0.380
      39.16     0.359
      40.19     0.292
      41.22     0.278
      42.25     0.299
      43.28     0.163
      44.32     0.225
      45.35     0.257
      46.38    -0.026
      47.41     0.095
      48.44     0.123
      49.47     0.077
      50.50     0.131
      51.53     0.085
      52.56     0.024
      53.59     0.129
      54.62     0.029
      55.65     0.167
      56.68     0.079
      57.71     0.080
      58.74    -0.039
      59.77    -0.021
      60.80    -0.016
      61.84     0.095
      62.87     0.022
      63.90     0.098
      64.93     0.038
      65.96     0.058
      66.99     0.047
      68.02     0.063
      69.05    -0.076
      70.08    -0.024
      71.11    -0.013
      72.14    -0.021
      73.17     0.016
      74.20    -0.053
      75.23    -0.097
      76.26     0.094
      77.29     0.016
      78.32     0.057
      79.36    -0.061
      80.39     0.033
      81.42    -0.037
      82.45    -0.102
      83.48     0.092
      84.51     0.113
      85.54    -0.033
      86.57    -0.025
      87.60    -0.114
      88.63     0.055
      89.66     0.025
      90.69     0.002
      91.72    -0.053
      92.75     0.015
      93.78     0.107
      94.81     0.016
      95.84     0.013
      96.88     0.107
      97.91     0.002
      98.94    -0.090
      99.97    -0.001
     101.00     0.089
     102.03    -0.001
     103.06     0.008
     104.09     0.062
     105.12     0.002
     106.15     0.134
     107.18    -0.047
     108.21    -0.040
     109.24    -0.026
     110.27    -0.103
     111.30    -0.061
     112.33    -0.034
     113.36     0.078
     114.40    -0.108
     115.43    -0.067
     116.46     0.061
     117.49     0.028
     118.52    -0.023
     119.55     0.053
     120.58    -0.055
     121.61     0.040
     122.64     0.004
     123.67    -0.024
     124.70    -0.020
     125.73    -0.024
     126.76    -0.005
     127.79    -0.006
     128.82     0.004
     129.85     0.115
     130.88     0.038
     131.92     0.106
     132.95    -0.011
     133.98    -0.015
     135.01    -0.087
     136.04    -0.002
     137.07    -0.022
     138.10     0.007
     139.13     0.060
     140.16    -0.072
     141.19     0.018
     142.22     0.025
     143.25    -0.019
     144.28     0.017
     145.31     0.002
     146.34     0.041
     147.37     0.011
     148.40     0.071
     149.44     0.024
     150.47     0.107
     151.50    -0.008
     152.53    -0.088
     153.56    -0.039
     154.59     0.029
     155.62    -0.084
     156.65     0.018
     157.68    -0.071
     158.71     0.045
     159.74     0.067
     160.77    -0.007
     161.80    -0.051
     162.83     0.078
     163.86     0.045
     164.89     0.097
     165.92    -0.000
     166.96     0.043
     167.99     0.049
     169.02    -0.008
     170.05     0.024
     171.08     0.019
     172.11    -0.032
     173.14     0.042
     174.17    -0.031
     175.20     0.044
     176.23    -0.004
     177.26     0.019
     178.29     0.070
     179.32     0.067
     180.35    -0.006
     181.38    -0.049
     182.41    -0.058
     183.44     0.016
     184.48     0.012
     185.51    -0.012
     186.54    -0.037
     187.57    -0.036
     188.60    -0.005
     189.63     0.052
     190.66    -0.069
     191.69     0.027
     192.72    -0.007
     193.75     0.074
     194.78    -0.037
     195.81    -0.020
     196.84    -0.010
     197.87     0.065
     198.90    -0.073
     199.93     0.048
     200.96    -0.017
     202.00     0.063
     203.03    -0.028
     204.06    -0.045
     205.09    -0.000
     206.12     0.074
     207.15    -0.005
     208.18    -0.019
     209.21     0.195
     210.24     0.029
     211.27    -0.024
     212.30     0.056
     213.33     0.018
     214.36     0.071
     215.39    -0.048
     216.42     0.020
     217.45     0.017
     218.48     0.055
     219.52     0.031
     220.55     0.038
     221.58    -0.040
     222.61    -0.058
     223.64    -0.049
     224.67     0.081
     225.70    -0.081
     226.73     0.022
     227.76     0.063
     228.79     0.115
     229.82    -0.011
     230.85    -0.034
     231.88     0.079
     232.91     0.101
     233.94    -0.074
     234.97    -0.090
     236.00     0.032
     237.04    -0.053
     238.07    -0.062
     239.10    -0.072
     240.13    -0.003
     241.16    -0.026
     242.19     0.046
     243.22    -0.033
     244.25     0.017
     245.28    -0.009
     246.31    -0.010
     247.34     0.092
     248.37     0.004
     249.40     0.028
     250.43     0.067
     251.46     0.022
     252.49     0.015
     253.52     0.053
     254.56     0.049
     255.59     0.141
     256.62    -0.067
     257.65    -0.005
     258.68    -0.044
     259.71     0.045
     260.74    -0.110
     261.77    -0.035
     262.80     0.025
     263.83    -0.023
     264.86     0.014
     265.89     0.042
     266.92    -0.073
     267.95    -0.047
     268.98    -0.021
     270.01     0.031
     271.04    -0.021
     272.08     0.070
     273.11    -0.055
     274.14     0.032
     275.17     0.010
     276.20     0.117
     277.23    -0.043
     278.26     0.048
     279.29    -0.040
     280.32    -0.079
     281.35    -0.004
     282.38    -0.024
     283.41    -0.032
     284.44     0.013
     285.47    -0.046
     286.50     0.075
     287.53     0.052
     288.56     0.042
     289.60    -0.024
     290.63     0.026
     291.66    -0.130
     292.69     0.032
     293.72    -0.060
     294.75     0.142
     295.78    -0.071
     296.81     0.024
     297.84    -0.024
     298.87     0.002
     299.90    -0.060
     300.93    -0.066
     301.96     0.065
     302.99     0.081
     304.02     0.022
     305.05    -0.022
     306.08     0.001
     307.12    -0.022
     308.15    -0.010
     309.18     0.008
     310.21     0.087
     311.24    -0.006
     312.27    -0.039
     313.30     0.038
     314.33    -0.036
     315.36     0.072
     316.39    -0.088
     317.42    -0.042
     318.45    -0.006
     319.48     0.001
     320.51     0.034
     321.54    -0.012
     322.57    -0.134
     323.60     0.002
     324.64    -0.026
     325.67    -0.026
     326.70    -0.084
     327.73     0.080
     328.76    -0.052
     329.79    -0.048
     330.82    -0.080
     331.85     0.050
     332.88     0.007
     333.91    -0.016
     334.94    -0.045
     335.97     0.059
     337.00    -0.027
     338.03     0.151
     339.06    -0.013
     340.09     0.003
     341.12    -0.023
     342.16     0.084
     343.19     0.025
     344.22     0.036
     345.25    -0.050
     346.28     0.023
     347.31    -0.079
     348.34     0.002
     349.37    -0.006
     350.40     0.132
     351.43    -0.065
     352.46     0.093
     353.49     0.057
     354.52    -0.059
     355.55    -0.078
     356.58     0.007
     357.61    -0.113
     358.64    -0.092
     359.68     0.013
     360.71     0.033
     361.74    -0.011
     362.77    -0.005
     363.80     0.015
     364.83     0.005
     365.86     0.066
     366.89     0.099
     367.92     0.000
     368.95     0.021
     369.98    -0.000
     371.01     0.029
     372.04     0.007
     373.07    -0.029
     374.10    -0.042
     375.13     0.056
     376.16    -0.075
     377.20     0.087
     378.23    -0.038
     379.26    -0.045
     380.29    -0.060
     381.32    -0.071
     382.35    -0.079
     383.38    -0.075
     384.41    -0.055
     385.44    -0.022
     386.47    -0.066
     387.50    -0.031
     388.53    -0.089
     389.56     0.123
     390.59    -0.020
     391.62     0.047
     392.65    -0.077
     393.68    -0.065
     394.72    -0.075
     395.75    -0.038
     396.78     0.010
     397.81    -0.004
     398.84    -0.130
     399.87    -0.032