%%LAB     777  datapoints: v_lsr [km/s] and T_B [K]
    -399.84     0.018
    -398.81    -0.026
    -397.78     0.025
    -396.75     0.006
    -395.72    -0.021
    -394.68     0.010
    -393.65    -0.026
    -392.62     0.064
    -391.59     0.086
    -390.56     0.020
    -389.53     0.010
    -388.50    -0.007
    -387.47     0.038
    -386.44    -0.072
    -385.41     0.067
    -384.38     0.052
    -383.35    -0.023
    -382.32    -0.070
    -381.29     0.027
    -380.26    -0.145
    -379.23     0.027
    -378.20    -0.031
    -377.17    -0.047
    -376.14    -0.043
    -375.11    -0.021
    -374.07    -0.083
    -373.04     0.058
    -372.01     0.098
    -370.98    -0.038
    -369.95     0.051
    -368.92    -0.000
    -367.89    -0.056
    -366.86    -0.021
    -365.83     0.018
    -364.80     0.046
    -363.77     0.063
    -362.74     0.007
    -361.71    -0.117
    -360.68    -0.037
    -359.65     0.115
    -358.62    -0.073
    -357.59    -0.003
    -356.56    -0.070
    -355.53    -0.082
    -354.49     0.097
    -353.46    -0.004
    -352.43     0.013
    -351.40     0.071
    -350.37     0.077
    -349.34    -0.023
    -348.31     0.009
    -347.28     0.022
    -346.25    -0.027
    -345.22    -0.042
    -344.19    -0.028
    -343.16     0.019
    -342.13     0.031
    -341.10     0.009
    -340.07     0.011
    -339.04     0.036
    -338.01     0.003
    -336.98    -0.057
    -335.95     0.011
    -334.92     0.016
    -333.88     0.040
    -332.85    -0.093
    -331.82    -0.017
    -330.79    -0.014
    -329.76     0.044
    -328.73     0.019
    -327.70     0.095
    -326.67     0.071
    -325.64    -0.029
    -324.61    -0.113
    -323.58     0.029
    -322.55    -0.045
    -321.52     0.005
    -320.49     0.012
    -319.46    -0.041
    -318.43     0.004
    -317.40     0.055
    -316.37    -0.029
    -315.34    -0.005
    -314.31    -0.081
    -313.27     0.070
    -312.24     0.011
    -311.21     0.077
    -310.18    -0.027
    -309.15     0.138
    -308.12    -0.059
    -307.09    -0.040
    -306.06    -0.097
    -305.03     0.038
    -304.00     0.032
    -302.97     0.063
    -301.94    -0.121
    -300.91    -0.037
    -299.88    -0.020
    -298.85     0.081
    -297.82    -0.029
    -296.79    -0.012
    -295.76     0.043
    -294.73     0.005
    -293.70    -0.039
    -292.66     0.037
    -291.63     0.028
    -290.60     0.048
    -289.57     0.022
    -288.54     0.061
    -287.51    -0.010
    -286.48     0.036
    -285.45     0.036
    -284.42     0.057
    -283.39    -0.021
    -282.36     0.031
    -281.33    -0.006
    -280.30    -0.033
    -279.27    -0.070
    -278.24    -0.020
    -277.21     0.061
    -276.18    -0.038
    -275.15    -0.064
    -274.12     0.009
    -273.08    -0.063
    -272.05     0.069
    -271.02    -0.035
    -269.99     0.079
    -268.96    -0.007
    -267.93     0.025
    -266.90    -0.076
    -265.87    -0.022
    -264.84     0.038
    -263.81    -0.004
    -262.78     0.018
    -261.75     0.037
    -260.72    -0.037
    -259.69    -0.073
    -258.66    -0.039
    -257.63     0.051
    -256.60    -0.020
    -255.57     0.016
    -254.54    -0.040
    -253.51    -0.017
    -252.47    -0.035
    -251.44     0.004
    -250.41    -0.025
    -249.38     0.018
    -248.35     0.002
    -247.32     0.030
    -246.29     0.024
    -245.26    -0.012
    -244.23    -0.012
    -243.20    -0.021
    -242.17    -0.119
    -241.14    -0.025
    -240.11     0.018
    -239.08     0.027
    -238.05     0.022
    -237.02    -0.000
    -235.99    -0.002
    -234.96    -0.002
    -233.93     0.013
    -232.89     0.085
    -231.86    -0.033
    -230.83     0.149
    -229.80     0.002
    -228.77     0.012
    -227.74    -0.116
    -226.71    -0.017
    -225.68     0.038
    -224.65     0.013
    -223.62    -0.037
    -222.59     0.092
    -221.56     0.084
    -220.53     0.075
    -219.50    -0.048
    -218.47    -0.023
    -217.44    -0.057
    -216.41     0.086
    -215.38     0.010
    -214.35     0.032
    -213.32    -0.065
    -212.28     0.029
    -211.25     0.045
    -210.22     0.037
    -209.19     0.086
    -208.16     0.026
    -207.13     0.036
    -206.10     0.028
    -205.07     0.025
    -204.04     0.021
    -203.01    -0.025
    -201.98    -0.016
    -200.95     0.026
    -199.92     0.078
    -198.89     0.117
    -197.86    -0.009
    -196.83    -0.018
    -195.80     0.036
    -194.77    -0.061
    -193.74     0.053
    -192.71    -0.018
    -191.67     0.001
    -190.64     0.001
    -189.61    -0.019
    -188.58    -0.055
    -187.55     0.028
    -186.52    -0.012
    -185.49     0.032
    -184.46    -0.019
    -183.43    -0.038
    -182.40    -0.023
    -181.37     0.162
    -180.34    -0.019
    -179.31     0.062
    -178.28     0.010
    -177.25     0.023
    -176.22     0.051
    -175.19     0.136
    -174.16    -0.086
    -173.13    -0.022
    -172.09    -0.065
    -171.06     0.069
    -170.03    -0.010
    -169.00     0.043
    -167.97    -0.059
    -166.94     0.054
    -165.91    -0.037
    -164.88    -0.029
    -163.85    -0.093
    -162.82    -0.009
    -161.79    -0.028
    -160.76     0.045
    -159.73    -0.112
    -158.70     0.023
    -157.67    -0.143
    -156.64     0.020
    -155.61     0.011
    -154.58     0.060
    -153.55     0.031
    -152.52     0.032
    -151.48    -0.046
    -150.45    -0.008
    -149.42    -0.016
    -148.39    -0.079
    -147.36    -0.019
    -146.33     0.034
    -145.30    -0.002
    -144.27     0.050
    -143.24     0.006
    -142.21     0.070
    -141.18    -0.041
    -140.15     0.042
    -139.12    -0.013
    -138.09    -0.071
    -137.06     0.028
    -136.03     0.046
    -135.00     0.074
    -133.97     0.011
    -132.94    -0.043
    -131.91     0.023
    -130.87    -0.018
    -129.84     0.130
    -128.81    -0.000
    -127.78     0.026
    -126.75     0.074
    -125.72     0.050
    -124.69     0.104
    -123.66     0.054
    -122.63     0.053
    -121.60     0.121
    -120.57     0.024
    -119.54     0.118
    -118.51     0.057
    -117.48     0.062
    -116.45     0.155
    -115.42     0.088
    -114.39     0.092
    -113.36     0.161
    -112.33     0.151
    -111.29     0.227
    -110.26     0.225
    -109.23     0.202
    -108.20     0.168
    -107.17     0.210
    -106.14     0.290
    -105.11     0.276
    -104.08     0.274
    -103.05     0.330
    -102.02     0.289
    -100.99     0.437
     -99.96     0.420
     -98.93     0.384
     -97.90     0.469
     -96.87     0.444
     -95.84     0.499
     -94.81     0.544
     -93.78     0.613
     -92.75     0.595
     -91.72     0.648
     -90.68     0.575
     -89.65     0.633
     -88.62     0.629
     -87.59     0.683
     -86.56     0.756
     -85.53     0.679
     -84.50     0.725
     -83.47     0.662
     -82.44     0.916
     -81.41     0.876
     -80.38     0.825
     -79.35     0.843
     -78.32     0.908
     -77.29     0.922
     -76.26     0.961
     -75.23     1.129
     -74.20     1.192
     -73.17     1.130
     -72.14     1.305
     -71.11     1.252
     -70.07     1.387
     -69.04     1.385
     -68.01     1.618
     -66.98     1.538
     -65.95     1.694
     -64.92     1.849
     -63.89     1.897
     -62.86     1.966
     -61.83     2.093
     -60.80     2.218
     -59.77     2.426
     -58.74     2.591
     -57.71     2.731
     -56.68     2.947
     -55.65     3.077
     -54.62     3.422
     -53.59     3.649
     -52.56     4.042
     -51.53     4.491
     -50.49     5.053
     -49.46     5.857
     -48.43     6.721
     -47.40     7.523
     -46.37     8.243
     -45.34     9.214
     -44.31    10.041
     -43.28    11.212
     -42.25    11.387
     -41.22    10.514
     -40.19     8.940
     -39.16     7.646
     -38.13     6.530
     -37.10     5.784
     -36.07     5.058
     -35.04     4.618
     -34.01     4.181
     -32.98     3.906
     -31.95     3.834
     -30.92     3.679
     -29.88     3.721
     -28.85     3.775
     -27.82     3.656
     -26.79     3.618
     -25.76     3.490
     -24.73     3.523
     -23.70     3.354
     -22.67     3.198
     -21.64     3.312
     -20.61     3.336
     -19.58     3.342
     -18.55     3.668
     -17.52     3.844
     -16.49     4.502
     -15.46     4.734
     -14.43     5.432
     -13.40     5.977
     -12.37     6.825
     -11.34     7.505
     -10.31     8.316
      -9.27     9.195
      -8.24    10.286
      -7.21    11.354
      -6.18    12.911
      -5.15    14.483
      -4.12    16.420
      -3.09    18.623
      -2.06    21.853
      -1.03    26.282
       0.00    30.888
       1.03    34.295
       2.06    35.072
       3.09    35.129
       4.12    35.404
       5.15    35.756
       6.18    35.411
       7.21    34.774
       8.24    34.287
       9.27    33.914
      10.31    33.247
      11.34    32.010
      12.37    30.118
      13.40    27.035
      14.43    23.184
      15.46    19.129
      16.49    15.448
      17.52    12.512
      18.55    10.472
      19.58     8.671
      20.61     7.275
      21.64     6.034
      22.67     5.259
      23.70     4.299
      24.73     3.588
      25.76     2.958
      26.79     2.446
      27.82     1.997
      28.85     1.730
      29.88     1.469
      30.92     1.210
      31.95     1.011
      32.98     0.902
      34.01     0.794
      35.04     0.679
      36.07     0.534
      37.10     0.500
      38.13     0.533
      39.16     0.588
      40.19     0.439
      41.22     0.437
      42.25     0.362
      43.28     0.402
      44.31     0.407
      45.34     0.352
      46.37     0.254
      47.40     0.355
      48.43     0.249
      49.46     0.300
      50.49     0.354
      51.53     0.298
      52.56     0.226
      53.59     0.396
      54.62     0.326
      55.65     0.312
      56.68     0.233
      57.71     0.284
      58.74     0.249
      59.77     0.314
      60.80     0.161
      61.83     0.275
      62.86     0.096
      63.89     0.097
      64.92     0.170
      65.95     0.097
      66.98     0.087
      68.01     0.036
      69.04     0.073
      70.07     0.060
      71.11     0.027
      72.14    -0.028
      73.17     0.016
      74.20     0.121
      75.23     0.042
      76.26     0.073
      77.29     0.011
      78.32     0.085
      79.35    -0.002
      80.38     0.057
      81.41     0.000
      82.44     0.050
      83.47     0.097
      84.50     0.010
      85.53     0.018
      86.56     0.020
      87.59     0.045
      88.62     0.094
      89.65    -0.034
      90.68     0.075
      91.72    -0.024
      92.75     0.005
      93.78    -0.096
      94.81    -0.027
      95.84    -0.018
      96.87     0.002
      97.90    -0.124
      98.93     0.085
      99.96     0.074
     100.99     0.045
     102.02    -0.048
     103.05     0.062
     104.08     0.098
     105.11     0.028
     106.14     0.050
     107.17     0.136
     108.20     0.076
     109.23     0.076
     110.26     0.023
     111.29     0.070
     112.33    -0.008
     113.36     0.024
     114.39    -0.048
     115.42     0.010
     116.45     0.083
     117.48    -0.044
     118.51    -0.028
     119.54    -0.075
     120.57    -0.027
     121.60     0.033
     122.63    -0.020
     123.66    -0.011
     124.69     0.012
     125.72     0.034
     126.75     0.006
     127.78     0.047
     128.81     0.026
     129.84     0.015
     130.87    -0.050
     131.91     0.028
     132.94     0.018
     133.97     0.075
     135.00     0.004
     136.03    -0.009
     137.06    -0.106
     138.09    -0.016
     139.12    -0.049
     140.15     0.013
     141.18     0.062
     142.21     0.007
     143.24    -0.022
     144.27     0.084
     145.30    -0.022
     146.33     0.005
     147.36     0.057
     148.39    -0.096
     149.42    -0.009
     150.45     0.019
     151.48    -0.007
     152.52     0.036
     153.55    -0.017
     154.58     0.058
     155.61    -0.005
     156.64     0.059
     157.67     0.005
     158.70     0.018
     159.73    -0.115
     160.76     0.016
     161.79    -0.040
     162.82    -0.055
     163.85    -0.040
     164.88    -0.007
     165.91    -0.021
     166.94     0.001
     167.97     0.020
     169.00    -0.021
     170.03     0.054
     171.06    -0.046
     172.09     0.030
     173.13     0.021
     174.16     0.038
     175.19     0.066
     176.22    -0.064
     177.25     0.061
     178.28     0.011
     179.31     0.018
     180.34     0.025
     181.37    -0.015
     182.40     0.026
     183.43     0.055
     184.46    -0.061
     185.49     0.041
     186.52     0.000
     187.55    -0.003
     188.58    -0.066
     189.61    -0.080
     190.64    -0.043
     191.67     0.029
     192.71     0.010
     193.74     0.068
     194.77    -0.020
     195.80     0.027
     196.83     0.062
     197.86     0.115
     198.89     0.085
     199.92    -0.027
     200.95    -0.097
     201.98    -0.009
     203.01    -0.045
     204.04     0.036
     205.07     0.017
     206.10    -0.082
     207.13    -0.047
     208.16     0.023
     209.19    -0.084
     210.22     0.060
     211.25     0.020
     212.28    -0.093
     213.32    -0.007
     214.35     0.060
     215.38    -0.004
     216.41     0.044
     217.44     0.009
     218.47    -0.033
     219.50     0.046
     220.53     0.007
     221.56    -0.014
     222.59     0.005
     223.62    -0.001
     224.65     0.018
     225.68    -0.012
     226.71     0.015
     227.74    -0.080
     228.77    -0.023
     229.80     0.019
     230.83     0.013
     231.86     0.061
     232.89     0.054
     233.93    -0.045
     234.96     0.054
     235.99    -0.068
     237.02     0.034
     238.05    -0.001
     239.08     0.028
     240.11     0.048
     241.14     0.096
     242.17    -0.004
     243.20     0.014
     244.23     0.012
     245.26     0.014
     246.29    -0.096
     247.32    -0.013
     248.35    -0.057
     249.38     0.021
     250.41    -0.067
     251.44     0.076
     252.47     0.028
     253.51    -0.010
     254.54    -0.083
     255.57     0.067
     256.60    -0.086
     257.63    -0.027
     258.66    -0.026
     259.69    -0.048
     260.72    -0.075
     261.75     0.054
     262.78    -0.080
     263.81     0.164
     264.84     0.040
     265.87     0.030
     266.90    -0.003
     267.93    -0.005
     268.96     0.013
     269.99    -0.012
     271.02     0.043
     272.05    -0.064
     273.08    -0.058
     274.12    -0.034
     275.15     0.057
     276.18     0.062
     277.21     0.077
     278.24    -0.029
     279.27     0.050
     280.30    -0.003
     281.33    -0.011
     282.36     0.042
     283.39     0.004
     284.42     0.057
     285.45     0.006
     286.48     0.091
     287.51     0.021
     288.54    -0.027
     289.57    -0.021
     290.60     0.044
     291.63     0.117
     292.66    -0.005
     293.70    -0.107
     294.73    -0.038
     295.76     0.033
     296.79    -0.011
     297.82     0.062
     298.85     0.009
     299.88    -0.108
     300.91     0.017
     301.94     0.004
     302.97     0.036
     304.00    -0.002
     305.03     0.048
     306.06    -0.075
     307.09     0.081
     308.12     0.034
     309.15    -0.002
     310.18     0.006
     311.21     0.011
     312.24     0.012
     313.27    -0.022
     314.31    -0.004
     315.34    -0.044
     316.37    -0.064
     317.40     0.042
     318.43    -0.080
     319.46     0.041
     320.49    -0.005
     321.52    -0.015
     322.55     0.027
     323.58    -0.091
     324.61    -0.010
     325.64    -0.028
     326.67     0.015
     327.70     0.031
     328.73    -0.054
     329.76     0.012
     330.79    -0.065
     331.82    -0.043
     332.85    -0.123
     333.88     0.002
     334.92     0.012
     335.95     0.016
     336.98    -0.053
     338.01     0.001
     339.04    -0.024
     340.07     0.102
     341.10     0.006
     342.13     0.055
     343.16     0.064
     344.19     0.018
     345.22    -0.148
     346.25     0.035
     347.28     0.021
     348.31     0.028
     349.34    -0.109
     350.37     0.058
     351.40     0.037
     352.43    -0.009
     353.46     0.059
     354.49     0.002
     355.53    -0.057
     356.56    -0.024
     357.59     0.057
     358.62     0.070
     359.65    -0.140
     360.68    -0.009
     361.71     0.025
     362.74     0.051
     363.77     0.004
     364.80     0.031
     365.83     0.047
     366.86    -0.030
     367.89     0.023
     368.92    -0.052
     369.95    -0.047
     370.98    -0.020
     372.01     0.108
     373.04     0.007
     374.07    -0.032
     375.11     0.004
     376.14    -0.044
     377.17     0.023
     378.20    -0.017
     379.23     0.006
     380.26    -0.011
     381.29     0.059
     382.32     0.002
     383.35     0.040
     384.38     0.005
     385.41     0.048
     386.44     0.005
     387.47     0.096
     388.50    -0.082
     389.53     0.027
     390.56     0.020
     391.59     0.112
     392.62    -0.014
     393.65    -0.061
     394.68    -0.002
     395.72     0.062
     396.75    -0.034
     397.78     0.046
     398.81    -0.080
     399.84     0.042