%%LAB     777  datapoints: v_lsr [km/s] and T_B [K]
    -399.84     0.073
    -398.81     0.063
    -397.78     0.052
    -396.74    -0.017
    -395.71     0.095
    -394.68     0.079
    -393.65     0.074
    -392.62    -0.020
    -391.59    -0.027
    -390.56     0.053
    -389.53     0.064
    -388.50    -0.020
    -387.47     0.021
    -386.44    -0.071
    -385.41    -0.028
    -384.38    -0.078
    -383.35    -0.016
    -382.32    -0.068
    -381.29    -0.057
    -380.26    -0.079
    -379.23     0.042
    -378.20    -0.017
    -377.17    -0.005
    -376.13     0.068
    -375.10    -0.082
    -374.07    -0.008
    -373.04    -0.019
    -372.01    -0.015
    -370.98     0.123
    -369.95    -0.009
    -368.92    -0.004
    -367.89     0.002
    -366.86     0.047
    -365.83     0.066
    -364.80     0.052
    -363.77    -0.056
    -362.74     0.027
    -361.71     0.124
    -360.68     0.002
    -359.65     0.091
    -358.62     0.001
    -357.59     0.062
    -356.56     0.025
    -355.52    -0.038
    -354.49    -0.014
    -353.46     0.008
    -352.43     0.016
    -351.40     0.073
    -350.37     0.063
    -349.34    -0.031
    -348.31     0.043
    -347.28    -0.035
    -346.25     0.022
    -345.22    -0.092
    -344.19    -0.045
    -343.16    -0.020
    -342.13    -0.067
    -341.10    -0.025
    -340.07    -0.015
    -339.04    -0.013
    -338.01     0.033
    -336.98    -0.011
    -335.95    -0.012
    -334.91    -0.054
    -333.88     0.015
    -332.85    -0.054
    -331.82     0.103
    -330.79    -0.041
    -329.76    -0.032
    -328.73    -0.030
    -327.70     0.019
    -326.67    -0.082
    -325.64     0.058
    -324.61    -0.016
    -323.58     0.075
    -322.55    -0.045
    -321.52    -0.001
    -320.49    -0.018
    -319.46     0.005
    -318.43     0.087
    -317.40    -0.007
    -316.37    -0.035
    -315.33    -0.051
    -314.30     0.091
    -313.27     0.021
    -312.24    -0.002
    -311.21     0.096
    -310.18     0.004
    -309.15     0.050
    -308.12    -0.034
    -307.09     0.051
    -306.06    -0.082
    -305.03     0.001
    -304.00    -0.027
    -302.97     0.003
    -301.94     0.012
    -300.91    -0.036
    -299.88    -0.146
    -298.85     0.034
    -297.82     0.004
    -296.79     0.010
    -295.76     0.045
    -294.72     0.020
    -293.69    -0.018
    -292.66    -0.002
    -291.63     0.023
    -290.60     0.008
    -289.57    -0.062
    -288.54     0.055
    -287.51     0.041
    -286.48     0.055
    -285.45     0.018
    -284.42     0.021
    -283.39     0.041
    -282.36     0.035
    -281.33     0.049
    -280.30     0.120
    -279.27     0.037
    -278.24     0.030
    -277.21     0.015
    -276.18     0.012
    -275.15     0.018
    -274.11     0.033
    -273.08    -0.030
    -272.05    -0.129
    -271.02     0.027
    -269.99     0.053
    -268.96     0.068
    -267.93     0.113
    -266.90    -0.018
    -265.87     0.099
    -264.84    -0.108
    -263.81    -0.002
    -262.78    -0.056
    -261.75    -0.027
    -260.72    -0.075
    -259.69    -0.025
    -258.66    -0.040
    -257.63     0.031
    -256.60     0.023
    -255.57     0.025
    -254.54    -0.167
    -253.50     0.005
    -252.47     0.008
    -251.44     0.012
    -250.41     0.046
    -249.38    -0.012
    -248.35    -0.030
    -247.32    -0.028
    -246.29    -0.095
    -245.26    -0.045
    -244.23    -0.002
    -243.20     0.040
    -242.17    -0.017
    -241.14    -0.063
    -240.11     0.008
    -239.08     0.005
    -238.05    -0.070
    -237.02     0.011
    -235.99     0.052
    -234.96     0.058
    -233.92    -0.049
    -232.89     0.057
    -231.86    -0.052
    -230.83     0.042
    -229.80     0.070
    -228.77     0.112
    -227.74    -0.095
    -226.71     0.099
    -225.68     0.055
    -224.65     0.068
    -223.62     0.007
    -222.59     0.114
    -221.56     0.001
    -220.53     0.066
    -219.50    -0.062
    -218.47    -0.019
    -217.44     0.038
    -216.41     0.075
    -215.38    -0.079
    -214.35     0.045
    -213.31     0.084
    -212.28     0.045
    -211.25     0.009
    -210.22    -0.062
    -209.19     0.110
    -208.16    -0.068
    -207.13     0.022
    -206.10     0.010
    -205.07    -0.126
    -204.04    -0.035
    -203.01     0.045
    -201.98     0.044
    -200.95     0.122
    -199.92    -0.046
    -198.89     0.062
    -197.86     0.072
    -196.83     0.015
    -195.80     0.018
    -194.77     0.002
    -193.74     0.027
    -192.70    -0.026
    -191.67     0.002
    -190.64    -0.013
    -189.61     0.008
    -188.58    -0.026
    -187.55    -0.001
    -186.52     0.035
    -185.49    -0.002
    -184.46    -0.023
    -183.43    -0.014
    -182.40     0.035
    -181.37    -0.014
    -180.34    -0.083
    -179.31    -0.039
    -178.28    -0.049
    -177.25     0.079
    -176.22     0.013
    -175.19     0.060
    -174.16    -0.070
    -173.13     0.056
    -172.09     0.053
    -171.06     0.049
    -170.03    -0.011
    -169.00     0.148
    -167.97    -0.032
    -166.94     0.048
    -165.91    -0.014
    -164.88     0.072
    -163.85    -0.039
    -162.82     0.011
    -161.79     0.020
    -160.76    -0.010
    -159.73    -0.053
    -158.70    -0.001
    -157.67    -0.056
    -156.64     0.017
    -155.61    -0.006
    -154.58    -0.058
    -153.55    -0.023
    -152.51    -0.059
    -151.48    -0.045
    -150.45     0.012
    -149.42    -0.038
    -148.39     0.001
    -147.36     0.004
    -146.33     0.063
    -145.30    -0.003
    -144.27     0.056
    -143.24    -0.021
    -142.21    -0.000
    -141.18    -0.018
    -140.15     0.156
    -139.12    -0.030
    -138.09     0.080
    -137.06     0.100
    -136.03     0.207
    -135.00     0.129
    -133.97     0.216
    -132.94     0.120
    -131.90     0.177
    -130.87     0.087
    -129.84     0.133
    -128.81     0.121
    -127.78     0.287
    -126.75     0.205
    -125.72     0.124
    -124.69     0.296
    -123.66     0.306
    -122.63     0.332
    -121.60     0.376
    -120.57     0.382
    -119.54     0.493
    -118.51     0.464
    -117.48     0.664
    -116.45     0.671
    -115.42     0.865
    -114.39     0.874
    -113.36     0.977
    -112.33     1.037
    -111.29     1.206
    -110.26     1.182
    -109.23     1.413
    -108.20     1.498
    -107.17     1.594
    -106.14     1.698
    -105.11     1.773
    -104.08     1.901
    -103.05     1.949
    -102.02     1.999
    -100.99     2.114
     -99.96     2.184
     -98.93     2.275
     -97.90     2.325
     -96.87     2.536
     -95.84     2.517
     -94.81     2.571
     -93.78     2.542
     -92.75     2.730
     -91.72     2.704
     -90.68     2.763
     -89.65     2.788
     -88.62     2.842
     -87.59     3.009
     -86.56     3.069
     -85.53     3.205
     -84.50     3.362
     -83.47     3.213
     -82.44     3.383
     -81.41     3.240
     -80.38     3.136
     -79.35     3.122
     -78.32     3.131
     -77.29     3.169
     -76.26     3.314
     -75.23     3.488
     -74.20     3.723
     -73.17     3.897
     -72.14     4.118
     -71.10     4.346
     -70.07     4.685
     -69.04     4.779
     -68.01     5.029
     -66.98     5.452
     -65.95     5.521
     -64.92     5.788
     -63.89     6.255
     -62.86     6.559
     -61.83     7.120
     -60.80     7.507
     -59.77     8.038
     -58.74     8.376
     -57.71     8.888
     -56.68     9.246
     -55.65     9.744
     -54.62    10.025
     -53.59    10.390
     -52.56    10.417
     -51.53    10.518
     -50.49    10.508
     -49.46    10.598
     -48.43    10.759
     -47.40    11.184
     -46.37    11.669
     -45.34    12.389
     -44.31    13.246
     -43.28    14.446
     -42.25    15.710
     -41.22    17.225
     -40.19    18.675
     -39.16    20.316
     -38.13    22.155
     -37.10    24.145
     -36.07    26.554
     -35.04    29.543
     -34.01    33.324
     -32.98    37.496
     -31.95    40.148
     -30.92    40.860
     -29.88    39.206
     -28.85    35.461
     -27.82    30.008
     -26.79    24.474
     -25.76    19.794
     -24.73    16.216
     -23.70    13.610
     -22.67    11.767
     -21.64    10.465
     -20.61     9.729
     -19.58     9.005
     -18.55     8.790
     -17.52     8.622
     -16.49     9.143
     -15.46    10.398
     -14.43    12.474
     -13.40    14.934
     -12.37    17.037
     -11.34    18.363
     -10.31    19.443
      -9.27    19.968
      -8.24    20.154
      -7.21    20.728
      -6.18    22.343
      -5.15    25.279
      -4.12    29.007
      -3.09    33.686
      -2.06    41.027
      -1.03    50.801
       0.00    56.589
       1.03    57.078
       2.06    53.912
       3.09    47.034
       4.12    37.765
       5.15    27.755
       6.18    19.448
       7.21    13.301
       8.24     9.268
       9.27     6.861
      10.31     5.227
      11.34     3.996
      12.37     3.288
      13.40     2.527
      14.43     1.902
      15.46     1.503
      16.49     1.125
      17.52     0.969
      18.55     0.783
      19.58     0.554
      20.61     0.518
      21.64     0.437
      22.67     0.391
      23.70     0.192
      24.73     0.179
      25.76     0.083
      26.79     0.218
      27.82     0.097
      28.85     0.166
      29.88     0.060
      30.92     0.079
      31.95     0.109
      32.98     0.087
      34.01     0.134
      35.04     0.114
      36.07     0.034
      37.10     0.136
      38.13     0.015
      39.16     0.155
      40.19     0.028
      41.22     0.090
      42.25     0.077
      43.28     0.044
      44.31    -0.056
      45.34     0.124
      46.37    -0.017
      47.40     0.023
      48.43     0.110
      49.46     0.100
      50.49     0.048
      51.53     0.062
      52.56     0.048
      53.59     0.025
      54.62     0.048
      55.65     0.039
      56.68     0.040
      57.71    -0.065
      58.74     0.066
      59.77     0.073
      60.80     0.108
      61.83     0.018
      62.86    -0.013
      63.89     0.055
      64.92    -0.046
      65.95     0.113
      66.98     0.047
      68.01     0.047
      69.04    -0.080
      70.07     0.011
      71.10     0.108
      72.14     0.031
      73.17     0.011
      74.20     0.032
      75.23    -0.018
      76.26     0.064
      77.29     0.005
      78.32     0.118
      79.35     0.053
      80.38     0.005
      81.41    -0.057
      82.44    -0.018
      83.47    -0.027
      84.50    -0.045
      85.53     0.038
      86.56    -0.061
      87.59    -0.056
      88.62     0.009
      89.65     0.011
      90.68    -0.047
      91.72    -0.048
      92.75    -0.044
      93.78     0.057
      94.81    -0.047
      95.84    -0.104
      96.87     0.015
      97.90    -0.010
      98.93    -0.046
      99.96     0.077
     100.99     0.015
     102.02    -0.066
     103.05     0.038
     104.08     0.030
     105.11     0.012
     106.14     0.004
     107.17     0.050
     108.20    -0.066
     109.23    -0.057
     110.26    -0.041
     111.29     0.030
     112.33     0.011
     113.36     0.033
     114.39    -0.037
     115.42    -0.048
     116.45     0.096
     117.48     0.053
     118.51     0.038
     119.54     0.029
     120.57     0.013
     121.60     0.019
     122.63    -0.005
     123.66    -0.027
     124.69    -0.046
     125.72    -0.010
     126.75     0.000
     127.78    -0.030
     128.81    -0.009
     129.84     0.061
     130.87    -0.033
     131.90    -0.012
     132.94     0.004
     133.97    -0.026
     135.00    -0.020
     136.03    -0.054
     137.06    -0.007
     138.09    -0.043
     139.12    -0.046
     140.15    -0.001
     141.18    -0.019
     142.21    -0.091
     143.24    -0.025
     144.27    -0.019
     145.30    -0.056
     146.33    -0.080
     147.36     0.021
     148.39    -0.005
     149.42    -0.079
     150.45    -0.021
     151.48    -0.100
     152.51     0.016
     153.55     0.062
     154.58     0.027
     155.61    -0.098
     156.64     0.089
     157.67     0.006
     158.70     0.008
     159.73    -0.016
     160.76     0.026
     161.79     0.026
     162.82     0.126
     163.85    -0.017
     164.88     0.009
     165.91     0.076
     166.94     0.086
     167.97     0.083
     169.00    -0.005
     170.03     0.028
     171.06     0.122
     172.09    -0.106
     173.13    -0.017
     174.16     0.046
     175.19     0.058
     176.22     0.076
     177.25     0.039
     178.28     0.033
     179.31     0.030
     180.34    -0.078
     181.37     0.026
     182.40     0.029
     183.43    -0.019
     184.46    -0.058
     185.49    -0.024
     186.52    -0.047
     187.55    -0.012
     188.58     0.026
     189.61    -0.008
     190.64    -0.081
     191.67    -0.000
     192.70     0.009
     193.74     0.005
     194.77     0.020
     195.80     0.040
     196.83    -0.010
     197.86     0.023
     198.89     0.088
     199.92    -0.008
     200.95     0.010
     201.98    -0.003
     203.01    -0.034
     204.04     0.131
     205.07    -0.002
     206.10     0.016
     207.13    -0.150
     208.16     0.064
     209.19     0.088
     210.22     0.010
     211.25     0.047
     212.28     0.091
     213.31     0.038
     214.35     0.034
     215.38     0.118
     216.41    -0.022
     217.44     0.050
     218.47    -0.047
     219.50     0.067
     220.53    -0.107
     221.56     0.023
     222.59     0.015
     223.62    -0.028
     224.65    -0.018
     225.68    -0.049
     226.71    -0.023
     227.74    -0.032
     228.77    -0.053
     229.80    -0.020
     230.83     0.028
     231.86    -0.058
     232.89     0.069
     233.92     0.080
     234.96     0.089
     235.99    -0.029
     237.02     0.002
     238.05     0.048
     239.08     0.018
     240.11    -0.107
     241.14    -0.002
     242.17    -0.040
     243.20     0.016
     244.23    -0.005
     245.26     0.040
     246.29     0.008
     247.32     0.068
     248.35     0.032
     249.38    -0.061
     250.41    -0.027
     251.44     0.036
     252.47     0.039
     253.50     0.110
     254.54    -0.039
     255.57    -0.057
     256.60    -0.071
     257.63     0.040
     258.66     0.018
     259.69    -0.111
     260.72    -0.004
     261.75     0.091
     262.78    -0.093
     263.81     0.002
     264.84    -0.033
     265.87     0.076
     266.90     0.024
     267.93    -0.010
     268.96    -0.023
     269.99     0.006
     271.02     0.050
     272.05    -0.033
     273.08     0.018
     274.11     0.097
     275.15     0.066
     276.18     0.007
     277.21    -0.095
     278.24    -0.045
     279.27    -0.009
     280.30    -0.121
     281.33    -0.044
     282.36    -0.053
     283.39    -0.078
     284.42    -0.004
     285.45    -0.033
     286.48     0.034
     287.51    -0.033
     288.54     0.070
     289.57     0.043
     290.60    -0.045
     291.63    -0.021
     292.66     0.008
     293.69     0.019
     294.72    -0.055
     295.76    -0.086
     296.79     0.066
     297.82    -0.029
     298.85    -0.003
     299.88     0.151
     300.91    -0.001
     301.94     0.014
     302.97     0.089
     304.00     0.049
     305.03     0.018
     306.06     0.007
     307.09     0.069
     308.12    -0.014
     309.15     0.031
     310.18    -0.077
     311.21     0.032
     312.24     0.088
     313.27     0.006
     314.30     0.002
     315.33    -0.001
     316.37    -0.096
     317.40     0.030
     318.43     0.035
     319.46     0.025
     320.49     0.008
     321.52     0.028
     322.55    -0.014
     323.58    -0.036
     324.61     0.115
     325.64    -0.091
     326.67    -0.005
     327.70     0.053
     328.73    -0.104
     329.76     0.050
     330.79    -0.008
     331.82    -0.030
     332.85    -0.115
     333.88    -0.011
     334.91    -0.020
     335.95    -0.044
     336.98     0.010
     338.01     0.016
     339.04    -0.106
     340.07     0.025
     341.10     0.074
     342.13     0.039
     343.16    -0.187
     344.19     0.014
     345.22     0.015
     346.25    -0.052
     347.28     0.037
     348.31     0.042
     349.34    -0.025
     350.37     0.080
     351.40    -0.035
     352.43    -0.034
     353.46    -0.075
     354.49    -0.079
     355.52     0.006
     356.56     0.025
     357.59    -0.046
     358.62     0.042
     359.65     0.069
     360.68     0.053
     361.71    -0.011
     362.74     0.067
     363.77    -0.108
     364.80     0.107
     365.83     0.062
     366.86    -0.003
     367.89    -0.058
     368.92     0.019
     369.95    -0.058
     370.98    -0.019
     372.01    -0.066
     373.04     0.035
     374.07     0.095
     375.10     0.093
     376.13    -0.068
     377.17    -0.020
     378.20     0.009
     379.23    -0.019
     380.26    -0.044
     381.29     0.031
     382.32    -0.114
     383.35     0.026
     384.38    -0.125
     385.41     0.008
     386.44     0.019
     387.47    -0.012
     388.50     0.020
     389.53     0.062
     390.56    -0.098
     391.59     0.046
     392.62    -0.109
     393.65    -0.032
     394.68    -0.011
     395.71     0.030
     396.74    -0.006
     397.78     0.020
     398.81     0.003
     399.84    -0.019