%%LAB     777  datapoints: v_lsr [km/s] and T_B [K]
    -399.82    -0.033
    -398.79    -0.069
    -397.76    -0.025
    -396.73    -0.026
    -395.70     0.058
    -394.67     0.118
    -393.64     0.148
    -392.61     0.130
    -391.58     0.019
    -390.54     0.104
    -389.51    -0.039
    -388.48    -0.066
    -387.45    -0.042
    -386.42    -0.069
    -385.39    -0.073
    -384.36     0.024
    -383.33    -0.034
    -382.30     0.069
    -381.27    -0.001
    -380.24     0.065
    -379.21     0.006
    -378.18    -0.022
    -377.15     0.075
    -376.12     0.015
    -375.09     0.055
    -374.06    -0.016
    -373.03     0.131
    -372.00    -0.123
    -370.97    -0.007
    -369.94    -0.033
    -368.91     0.024
    -367.87    -0.082
    -366.84     0.074
    -365.81    -0.018
    -364.78     0.105
    -363.75    -0.025
    -362.72    -0.059
    -361.69    -0.032
    -360.66    -0.044
    -359.63    -0.076
    -358.60     0.011
    -357.57     0.106
    -356.54     0.094
    -355.51     0.005
    -354.48     0.046
    -353.45     0.017
    -352.42     0.072
    -351.39    -0.067
    -350.36     0.066
    -349.33     0.018
    -348.30     0.006
    -347.27    -0.046
    -346.23    -0.020
    -345.20    -0.069
    -344.17    -0.050
    -343.14     0.075
    -342.11     0.048
    -341.08    -0.138
    -340.05     0.012
    -339.02    -0.076
    -337.99     0.062
    -336.96    -0.087
    -335.93     0.033
    -334.90    -0.145
    -333.87     0.030
    -332.84    -0.092
    -331.81     0.099
    -330.78     0.014
    -329.75     0.070
    -328.72    -0.029
    -327.69     0.063
    -326.66     0.023
    -325.63    -0.020
    -324.60     0.022
    -323.56     0.044
    -322.53     0.030
    -321.50    -0.048
    -320.47    -0.045
    -319.44    -0.071
    -318.41     0.034
    -317.38     0.056
    -316.35     0.065
    -315.32     0.005
    -314.29     0.050
    -313.26     0.085
    -312.23     0.015
    -311.20     0.087
    -310.17     0.034
    -309.14    -0.009
    -308.11    -0.008
    -307.08    -0.011
    -306.05     0.029
    -305.02     0.020
    -303.99     0.036
    -302.96    -0.018
    -301.93    -0.033
    -300.89    -0.065
    -299.86    -0.019
    -298.83    -0.030
    -297.80    -0.143
    -296.77     0.078
    -295.74     0.012
    -294.71     0.015
    -293.68    -0.053
    -292.65    -0.083
    -291.62    -0.044
    -290.59    -0.017
    -289.56    -0.031
    -288.53    -0.001
    -287.50    -0.044
    -286.47     0.105
    -285.44     0.009
    -284.41     0.013
    -283.38     0.104
    -282.35     0.024
    -281.32    -0.051
    -280.29     0.055
    -279.25     0.081
    -278.22    -0.024
    -277.19    -0.085
    -276.16     0.042
    -275.13    -0.049
    -274.10     0.010
    -273.07    -0.050
    -272.04    -0.013
    -271.01     0.039
    -269.98    -0.098
    -268.95     0.022
    -267.92     0.106
    -266.89     0.002
    -265.86     0.058
    -264.83     0.100
    -263.80     0.030
    -262.77     0.073
    -261.74     0.079
    -260.71    -0.056
    -259.68    -0.017
    -258.65    -0.018
    -257.62    -0.009
    -256.58     0.068
    -255.55     0.028
    -254.52     0.012
    -253.49     0.007
    -252.46     0.024
    -251.43     0.062
    -250.40    -0.047
    -249.37     0.065
    -248.34    -0.011
    -247.31     0.122
    -246.28    -0.016
    -245.25    -0.013
    -244.22    -0.106
    -243.19    -0.047
    -242.16    -0.034
    -241.13     0.084
    -240.10     0.011
    -239.07    -0.054
    -238.04     0.041
    -237.01    -0.002
    -235.98    -0.039
    -234.95    -0.057
    -233.91     0.021
    -232.88    -0.011
    -231.85    -0.034
    -230.82     0.089
    -229.79     0.004
    -228.76    -0.119
    -227.73    -0.039
    -226.70    -0.064
    -225.67    -0.025
    -224.64     0.040
    -223.61    -0.035
    -222.58     0.064
    -221.55    -0.012
    -220.52    -0.042
    -219.49    -0.046
    -218.46     0.027
    -217.43     0.032
    -216.40    -0.030
    -215.37     0.046
    -214.34     0.015
    -213.31     0.057
    -212.27     0.052
    -211.24     0.011
    -210.21    -0.003
    -209.18     0.100
    -208.15     0.052
    -207.12    -0.034
    -206.09     0.003
    -205.06    -0.024
    -204.03     0.017
    -203.00     0.062
    -201.97     0.118
    -200.94    -0.038
    -199.91     0.093
    -198.88     0.080
    -197.85     0.098
    -196.82    -0.050
    -195.79     0.012
    -194.76    -0.041
    -193.73    -0.027
    -192.70    -0.015
    -191.67     0.037
    -190.64     0.003
    -189.60     0.039
    -188.57     0.088
    -187.54    -0.062
    -186.51    -0.042
    -185.48     0.040
    -184.45     0.013
    -183.42    -0.012
    -182.39    -0.004
    -181.36     0.024
    -180.33    -0.010
    -179.30     0.034
    -178.27     0.118
    -177.24    -0.056
    -176.21     0.050
    -175.18    -0.040
    -174.15    -0.035
    -173.12     0.085
    -172.09    -0.035
    -171.06    -0.031
    -170.03     0.002
    -169.00     0.013
    -167.97     0.067
    -166.93     0.059
    -165.90     0.089
    -164.87     0.050
    -163.84    -0.000
    -162.81    -0.000
    -161.78    -0.025
    -160.75    -0.021
    -159.72     0.064
    -158.69     0.052
    -157.66    -0.010
    -156.63     0.044
    -155.60    -0.014
    -154.57     0.053
    -153.54     0.014
    -152.51     0.093
    -151.48     0.016
    -150.45     0.098
    -149.42     0.055
    -148.39     0.111
    -147.36     0.137
    -146.33     0.108
    -145.30     0.165
    -144.26     0.239
    -143.23     0.209
    -142.20     0.420
    -141.17     0.349
    -140.14     0.481
    -139.11     0.436
    -138.08     0.712
    -137.05     0.745
    -136.02     1.043
    -134.99     1.244
    -133.96     1.438
    -132.93     1.646
    -131.90     1.945
    -130.87     2.016
    -129.84     2.100
    -128.81     2.047
    -127.78     1.968
    -126.75     1.833
    -125.72     1.657
    -124.69     1.271
    -123.66     1.107
    -122.62     0.829
    -121.59     0.838
    -120.56     0.734
    -119.53     0.704
    -118.50     0.670
    -117.47     0.579
    -116.44     0.577
    -115.41     0.584
    -114.38     0.580
    -113.35     0.561
    -112.32     0.618
    -111.29     0.587
    -110.26     0.450
    -109.23     0.647
    -108.20     0.621
    -107.17     0.714
    -106.14     0.688
    -105.11     0.821
    -104.08     0.854
    -103.05     0.971
    -102.02     1.052
    -100.99     1.344
     -99.95     1.497
     -98.92     1.864
     -97.89     2.082
     -96.86     2.666
     -95.83     3.061
     -94.80     3.753
     -93.77     4.456
     -92.74     5.136
     -91.71     6.138
     -90.68     7.329
     -89.65     8.324
     -88.62     9.686
     -87.59    10.876
     -86.56    12.518
     -85.53    13.916
     -84.50    15.443
     -83.47    17.163
     -82.44    19.188
     -81.41    21.268
     -80.38    24.090
     -79.35    26.724
     -78.32    29.579
     -77.28    32.232
     -76.25    34.196
     -75.22    34.951
     -74.19    34.864
     -73.16    33.871
     -72.13    33.176
     -71.10    31.820
     -70.07    30.942
     -69.04    29.901
     -68.01    28.828
     -66.98    28.225
     -65.95    27.864
     -64.92    27.896
     -63.89    28.579
     -62.86    29.602
     -61.83    30.449
     -60.80    31.174
     -59.77    31.370
     -58.74    30.818
     -57.71    30.090
     -56.68    28.982
     -55.64    27.651
     -54.61    25.742
     -53.58    23.711
     -52.55    20.964
     -51.52    18.642
     -50.49    16.629
     -49.46    15.533
     -48.43    15.034
     -47.40    15.599
     -46.37    16.994
     -45.34    18.657
     -44.31    20.243
     -43.28    21.233
     -42.25    22.007
     -41.22    22.628
     -40.19    22.343
     -39.16    21.437
     -38.13    19.765
     -37.10    18.194
     -36.07    16.980
     -35.04    17.464
     -34.01    19.471
     -32.97    22.990
     -31.94    28.025
     -30.91    33.428
     -29.88    39.156
     -28.85    44.459
     -27.82    48.746
     -26.79    51.592
     -25.76    52.495
     -24.73    51.479
     -23.70    50.099
     -22.67    49.491
     -21.64    50.997
     -20.61    53.329
     -19.58    55.060
     -18.55    55.035
     -17.52    53.642
     -16.49    51.226
     -15.46    48.760
     -14.43    47.113
     -13.40    47.282
     -12.37    50.362
     -11.34    55.307
     -10.30    61.487
      -9.27    66.487
      -8.24    70.121
      -7.21    75.125
      -6.18    82.891
      -5.15    92.174
      -4.12   100.448
      -3.09   106.632
      -2.06   110.807
      -1.03   113.790
       0.00   116.317
       1.03   118.058
       2.06   117.052
       3.09   114.716
       4.12   112.925
       5.15   111.968
       6.18   109.620
       7.21   108.472
       8.24   104.532
       9.27    94.462
      10.30    81.536
      11.34    68.645
      12.37    58.347
      13.40    48.652
      14.43    39.453
      15.46    31.238
      16.49    24.507
      17.52    18.996
      18.55    14.837
      19.58    11.812
      20.61     9.494
      21.64     7.759
      22.67     6.407
      23.70     5.169
      24.73     4.332
      25.76     3.399
      26.79     3.050
      27.82     2.435
      28.85     2.029
      29.88     1.707
      30.91     1.361
      31.94     1.233
      32.97     1.168
      34.01     0.826
      35.04     0.853
      36.07     0.748
      37.10     0.693
      38.13     0.577
      39.16     0.674
      40.19     0.586
      41.22     0.518
      42.25     0.457
      43.28     0.389
      44.31     0.240
      45.34     0.271
      46.37     0.151
      47.40     0.134
      48.43     0.136
      49.46     0.129
      50.49     0.077
      51.52     0.161
      52.55     0.083
      53.58     0.096
      54.61     0.037
      55.64     0.016
      56.68     0.033
      57.71     0.125
      58.74     0.020
      59.77     0.052
      60.80     0.013
      61.83     0.045
      62.86     0.056
      63.89     0.099
      64.92     0.050
      65.95     0.174
      66.98    -0.028
      68.01     0.039
      69.04     0.008
      70.07     0.026
      71.10     0.076
      72.13    -0.001
      73.16    -0.027
      74.19     0.006
      75.22     0.004
      76.25     0.046
      77.28     0.090
      78.32     0.060
      79.35    -0.000
      80.38    -0.001
      81.41    -0.027
      82.44    -0.056
      83.47     0.026
      84.50     0.081
      85.53    -0.010
      86.56     0.023
      87.59     0.012
      88.62     0.067
      89.65    -0.119
      90.68    -0.012
      91.71     0.058
      92.74    -0.059
      93.77    -0.020
      94.80     0.038
      95.83    -0.011
      96.86     0.123
      97.89     0.027
      98.92     0.036
      99.95    -0.021
     100.99     0.010
     102.02    -0.001
     103.05     0.072
     104.08    -0.022
     105.11     0.063
     106.14    -0.031
     107.17     0.059
     108.20    -0.053
     109.23     0.051
     110.26     0.011
     111.29    -0.004
     112.32    -0.093
     113.35     0.063
     114.38     0.009
     115.41     0.081
     116.44     0.002
     117.47     0.095
     118.50    -0.029
     119.53     0.012
     120.56     0.011
     121.59     0.047
     122.62     0.051
     123.66    -0.034
     124.69     0.052
     125.72     0.005
     126.75    -0.069
     127.78     0.028
     128.81    -0.064
     129.84    -0.019
     130.87     0.135
     131.90     0.024
     132.93    -0.069
     133.96    -0.032
     134.99     0.033
     136.02    -0.004
     137.05    -0.014
     138.08    -0.005
     139.11    -0.030
     140.14     0.171
     141.17    -0.123
     142.20    -0.061
     143.23    -0.058
     144.26    -0.016
     145.29    -0.031
     146.33     0.052
     147.36    -0.036
     148.39    -0.031
     149.42    -0.004
     150.45    -0.052
     151.48    -0.047
     152.51    -0.073
     153.54     0.022
     154.57    -0.008
     155.60     0.015
     156.63     0.008
     157.66    -0.061
     158.69     0.038
     159.72    -0.036
     160.75     0.124
     161.78    -0.081
     162.81     0.052
     163.84     0.043
     164.87    -0.036
     165.90     0.046
     166.93     0.075
     167.97    -0.056
     169.00     0.125
     170.03    -0.010
     171.06     0.035
     172.09     0.031
     173.12     0.042
     174.15    -0.015
     175.18     0.129
     176.21    -0.058
     177.24    -0.065
     178.27     0.038
     179.30     0.102
     180.33     0.088
     181.36     0.017
     182.39    -0.042
     183.42     0.038
     184.45    -0.080
     185.48     0.048
     186.51     0.009
     187.54     0.042
     188.57     0.022
     189.60    -0.014
     190.64    -0.032
     191.67    -0.012
     192.70     0.018
     193.73     0.017
     194.76    -0.062
     195.79    -0.047
     196.82    -0.018
     197.85     0.024
     198.88    -0.017
     199.91     0.066
     200.94     0.054
     201.97     0.037
     203.00     0.015
     204.03     0.053
     205.06     0.020
     206.09    -0.041
     207.12    -0.035
     208.15     0.124
     209.18     0.045
     210.21     0.091
     211.24    -0.108
     212.27     0.006
     213.31    -0.018
     214.34     0.052
     215.37     0.038
     216.40     0.052
     217.43    -0.025
     218.46    -0.055
     219.49     0.102
     220.52     0.079
     221.55    -0.177
     222.58     0.013
     223.61     0.061
     224.64     0.072
     225.67    -0.020
     226.70    -0.017
     227.73    -0.038
     228.76     0.035
     229.79     0.020
     230.82    -0.005
     231.85     0.038
     232.88    -0.012
     233.91    -0.068
     234.95    -0.005
     235.98     0.001
     237.01    -0.012
     238.04    -0.164
     239.07    -0.054
     240.10    -0.032
     241.13     0.028
     242.16    -0.001
     243.19     0.050
     244.22    -0.002
     245.25     0.018
     246.28    -0.005
     247.31     0.089
     248.34    -0.008
     249.37    -0.055
     250.40    -0.055
     251.43    -0.001
     252.46     0.004
     253.49     0.021
     254.52    -0.015
     255.55     0.017
     256.58    -0.069
     257.62    -0.017
     258.65    -0.085
     259.68     0.065
     260.71    -0.042
     261.74     0.108
     262.77    -0.025
     263.80     0.035
     264.83    -0.041
     265.86     0.058
     266.89    -0.000
     267.92     0.013
     268.95    -0.031
     269.98     0.019
     271.01     0.012
     272.04    -0.055
     273.07    -0.045
     274.10    -0.059
     275.13     0.057
     276.16     0.077
     277.19     0.021
     278.22     0.013
     279.25     0.054
     280.29     0.086
     281.32     0.022
     282.35    -0.062
     283.38    -0.089
     284.41    -0.018
     285.44     0.017
     286.47     0.045
     287.50    -0.016
     288.53    -0.010
     289.56    -0.005
     290.59     0.044
     291.62    -0.044
     292.65    -0.092
     293.68    -0.104
     294.71    -0.016
     295.74    -0.062
     296.77     0.120
     297.80     0.006
     298.83     0.036
     299.86     0.065
     300.89     0.039
     301.93    -0.047
     302.96    -0.025
     303.99     0.057
     305.02     0.049
     306.05    -0.040
     307.08    -0.023
     308.11    -0.047
     309.14    -0.021
     310.17    -0.054
     311.20    -0.011
     312.23    -0.013
     313.26     0.024
     314.29    -0.073
     315.32    -0.095
     316.35    -0.139
     317.38     0.066
     318.41     0.023
     319.44     0.035
     320.47    -0.104
     321.50    -0.032
     322.53     0.108
     323.56    -0.004
     324.60    -0.111
     325.63     0.017
     326.66    -0.079
     327.69     0.001
     328.72     0.059
     329.75    -0.010
     330.78    -0.005
     331.81    -0.033
     332.84     0.042
     333.87     0.039
     334.90    -0.048
     335.93    -0.038
     336.96    -0.024
     337.99     0.027
     339.02    -0.047
     340.05     0.040
     341.08    -0.093
     342.11    -0.043
     343.14     0.035
     344.17     0.023
     345.20     0.016
     346.23     0.038
     347.27     0.140
     348.30     0.097
     349.33     0.018
     350.36     0.006
     351.39     0.029
     352.42     0.048
     353.45     0.040
     354.48     0.084
     355.51    -0.051
     356.54     0.007
     357.57    -0.083
     358.60     0.040
     359.63     0.005
     360.66     0.006
     361.69    -0.024
     362.72    -0.072
     363.75     0.018
     364.78    -0.072
     365.81     0.133
     366.84     0.019
     367.87    -0.066
     368.91     0.024
     369.94    -0.057
     370.97     0.018
     372.00    -0.077
     373.03     0.097
     374.06     0.024
     375.09    -0.019
     376.12     0.008
     377.15     0.051
     378.18    -0.077
     379.21     0.038
     380.24     0.046
     381.27     0.092
     382.30     0.016
     383.33     0.172
     384.36     0.074
     385.39     0.083
     386.42    -0.021
     387.45    -0.025
     388.48    -0.051
     389.51    -0.040
     390.54     0.113
     391.58    -0.019
     392.61    -0.010
     393.64     0.083
     394.67     0.017
     395.70    -0.022
     396.73    -0.045
     397.76     0.052
     398.79     0.003
     399.82     0.096