%%LAB     777  datapoints: v_lsr [km/s] and T_B [K]
    -399.87     0.074
    -398.84    -0.017
    -397.81     0.006
    -396.78    -0.067
    -395.75     0.003
    -394.72    -0.070
    -393.69    -0.013
    -392.66     0.024
    -391.63     0.014
    -390.60     0.029
    -389.57     0.010
    -388.53    -0.037
    -387.50     0.045
    -386.47    -0.004
    -385.44     0.056
    -384.41     0.018
    -383.38    -0.041
    -382.35    -0.041
    -381.32    -0.013
    -380.29     0.078
    -379.26    -0.043
    -378.23    -0.017
    -377.20     0.044
    -376.17    -0.051
    -375.14     0.024
    -374.11     0.024
    -373.08     0.057
    -372.05    -0.051
    -371.01    -0.026
    -369.98     0.067
    -368.95     0.030
    -367.92     0.003
    -366.89     0.034
    -365.86     0.015
    -364.83     0.062
    -363.80     0.019
    -362.77     0.007
    -361.74     0.018
    -360.71    -0.006
    -359.68     0.009
    -358.65     0.010
    -357.62    -0.002
    -356.59    -0.047
    -355.56     0.038
    -354.53     0.025
    -353.49    -0.051
    -352.46    -0.074
    -351.43    -0.006
    -350.40     0.030
    -349.37    -0.058
    -348.34     0.053
    -347.31    -0.046
    -346.28     0.003
    -345.25    -0.018
    -344.22     0.052
    -343.19     0.033
    -342.16     0.060
    -341.13     0.012
    -340.10     0.035
    -339.07    -0.026
    -338.04     0.020
    -337.01     0.021
    -335.97    -0.079
    -334.94     0.008
    -333.91    -0.044
    -332.88     0.007
    -331.85     0.089
    -330.82    -0.012
    -329.79     0.012
    -328.76    -0.006
    -327.73    -0.064
    -326.70    -0.054
    -325.67    -0.043
    -324.64    -0.124
    -323.61     0.005
    -322.58     0.019
    -321.55     0.039
    -320.52     0.010
    -319.48     0.123
    -318.45     0.066
    -317.42     0.020
    -316.39     0.052
    -315.36    -0.090
    -314.33    -0.014
    -313.30     0.015
    -312.27    -0.010
    -311.24    -0.030
    -310.21    -0.013
    -309.18    -0.050
    -308.15     0.008
    -307.12    -0.004
    -306.09     0.107
    -305.06     0.104
    -304.03    -0.066
    -303.00     0.072
    -301.96    -0.043
    -300.93     0.025
    -299.90    -0.037
    -298.87     0.031
    -297.84     0.018
    -296.81     0.055
    -295.78     0.034
    -294.75    -0.029
    -293.72     0.050
    -292.69     0.123
    -291.66    -0.055
    -290.63    -0.005
    -289.60     0.040
    -288.57    -0.119
    -287.54     0.003
    -286.51     0.051
    -285.48    -0.087
    -284.44    -0.043
    -283.41    -0.046
    -282.38    -0.037
    -281.35     0.032
    -280.32    -0.022
    -279.29    -0.053
    -278.26    -0.028
    -277.23    -0.024
    -276.20    -0.066
    -275.17    -0.026
    -274.14    -0.048
    -273.11    -0.063
    -272.08     0.038
    -271.05     0.037
    -270.02    -0.043
    -268.99    -0.045
    -267.96     0.014
    -266.92     0.099
    -265.89    -0.009
    -264.86    -0.085
    -263.83     0.016
    -262.80    -0.049
    -261.77     0.108
    -260.74    -0.022
    -259.71     0.009
    -258.68    -0.033
    -257.65     0.079
    -256.62     0.060
    -255.59     0.118
    -254.56    -0.035
    -253.53    -0.011
    -252.50     0.015
    -251.47     0.013
    -250.43     0.012
    -249.40     0.020
    -248.37     0.007
    -247.34     0.024
    -246.31     0.020
    -245.28     0.084
    -244.25    -0.090
    -243.22    -0.045
    -242.19     0.014
    -241.16     0.088
    -240.13    -0.037
    -239.10     0.080
    -238.07     0.075
    -237.04     0.074
    -236.01    -0.006
    -234.98    -0.027
    -233.95    -0.097
    -232.91    -0.026
    -231.88    -0.016
    -230.85     0.031
    -229.82     0.035
    -228.79     0.024
    -227.76     0.054
    -226.73     0.003
    -225.70     0.032
    -224.67     0.004
    -223.64    -0.059
    -222.61    -0.011
    -221.58    -0.032
    -220.55     0.051
    -219.52     0.017
    -218.49    -0.014
    -217.46    -0.049
    -216.43    -0.020
    -215.39    -0.085
    -214.36     0.064
    -213.33     0.029
    -212.30     0.049
    -211.27     0.002
    -210.24     0.045
    -209.21     0.067
    -208.18     0.059
    -207.15    -0.067
    -206.12    -0.023
    -205.09     0.039
    -204.06     0.102
    -203.03    -0.011
    -202.00     0.008
    -200.97    -0.026
    -199.94    -0.035
    -198.91    -0.033
    -197.87     0.060
    -196.84    -0.009
    -195.81    -0.013
    -194.78    -0.094
    -193.75    -0.089
    -192.72    -0.005
    -191.69     0.040
    -190.66    -0.039
    -189.63     0.052
    -188.60    -0.004
    -187.57    -0.058
    -186.54     0.052
    -185.51     0.006
    -184.48    -0.050
    -183.45     0.076
    -182.42    -0.007
    -181.39     0.022
    -180.35     0.003
    -179.32     0.076
    -178.29    -0.010
    -177.26    -0.008
    -176.23    -0.008
    -175.20    -0.035
    -174.17    -0.060
    -173.14    -0.055
    -172.11     0.039
    -171.08     0.059
    -170.05    -0.086
    -169.02     0.048
    -167.99    -0.001
    -166.96    -0.038
    -165.93     0.010
    -164.90     0.097
    -163.86    -0.053
    -162.83     0.022
    -161.80    -0.044
    -160.77    -0.070
    -159.74     0.073
    -158.71     0.019
    -157.68     0.045
    -156.65     0.011
    -155.62     0.080
    -154.59    -0.062
    -153.56     0.004
    -152.53     0.047
    -151.50     0.068
    -150.47     0.075
    -149.44    -0.062
    -148.41     0.026
    -147.38     0.000
    -146.34    -0.001
    -145.31     0.043
    -144.28    -0.057
    -143.25     0.046
    -142.22     0.001
    -141.19    -0.113
    -140.16     0.029
    -139.13    -0.046
    -138.10     0.036
    -137.07     0.024
    -136.04     0.012
    -135.01     0.039
    -133.98     0.004
    -132.95     0.018
    -131.92    -0.001
    -130.89    -0.033
    -129.86     0.069
    -128.82    -0.014
    -127.79     0.002
    -126.76     0.023
    -125.73     0.053
    -124.70    -0.059
    -123.67     0.051
    -122.64    -0.042
    -121.61     0.020
    -120.58    -0.080
    -119.55     0.011
    -118.52    -0.014
    -117.49     0.022
    -116.46     0.110
    -115.43     0.002
    -114.40     0.025
    -113.37     0.044
    -112.34    -0.103
    -111.30     0.020
    -110.27     0.065
    -109.24     0.087
    -108.21     0.033
    -107.18     0.105
    -106.15     0.059
    -105.12     0.165
    -104.09     0.054
    -103.06     0.023
    -102.03     0.007
    -101.00     0.109
     -99.97     0.115
     -98.94     0.063
     -97.91     0.074
     -96.88     0.078
     -95.85     0.036
     -94.81     0.148
     -93.78     0.028
     -92.75     0.100
     -91.72     0.109
     -90.69     0.241
     -89.66     0.067
     -88.63     0.082
     -87.60     0.125
     -86.57     0.164
     -85.54     0.158
     -84.51     0.241
     -83.48     0.187
     -82.45     0.281
     -81.42     0.149
     -80.39     0.343
     -79.36     0.211
     -78.33     0.211
     -77.29     0.346
     -76.26     0.367
     -75.23     0.333
     -74.20     0.382
     -73.17     0.290
     -72.14     0.348
     -71.11     0.329
     -70.08     0.278
     -69.05     0.326
     -68.02     0.324
     -66.99     0.327
     -65.96     0.392
     -64.93     0.370
     -63.90     0.360
     -62.87     0.391
     -61.84     0.353
     -60.81     0.421
     -59.77     0.434
     -58.74     0.379
     -57.71     0.414
     -56.68     0.412
     -55.65     0.402
     -54.62     0.495
     -53.59     0.478
     -52.56     0.387
     -51.53     0.500
     -50.50     0.504
     -49.47     0.512
     -48.44     0.439
     -47.41     0.551
     -46.38     0.471
     -45.35     0.691
     -44.32     0.538
     -43.29     0.582
     -42.25     0.640
     -41.22     0.833
     -40.19     0.806
     -39.16     0.835
     -38.13     0.834
     -37.10     1.032
     -36.07     1.137
     -35.04     1.360
     -34.01     1.472
     -32.98     1.798
     -31.95     2.229
     -30.92     2.731
     -29.89     3.192
     -28.86     4.363
     -27.83     6.194
     -26.80     8.057
     -25.76     9.349
     -24.73    10.150
     -23.70    10.287
     -22.67     9.555
     -21.64     8.096
     -20.61     6.922
     -19.58     5.977
     -18.55     5.433
     -17.52     5.100
     -16.49     4.930
     -15.46     4.899
     -14.43     4.917
     -13.40     5.192
     -12.37     6.007
     -11.34     7.087
     -10.31     8.917
      -9.28    10.908
      -8.24    12.274
      -7.21    11.991
      -6.18    11.061
      -5.15    10.575
      -4.12    11.532
      -3.09    14.198
      -2.06    17.804
      -1.03    20.855
       0.00    22.645
       1.03    22.326
       2.06    20.742
       3.09    18.943
       4.12    16.707
       5.15    14.354
       6.18    11.780
       7.21     9.371
       8.24     7.154
       9.28     5.483
      10.31     4.160
      11.34     3.096
      12.37     2.606
      13.40     1.963
      14.43     1.510
      15.46     1.363
      16.49     1.058
      17.52     0.888
      18.55     0.803
      19.58     0.552
      20.61     0.459
      21.64     0.429
      22.67     0.278
      23.70     0.188
      24.73     0.240
      25.76     0.138
      26.80     0.131
      27.83     0.028
      28.86     0.097
      29.89     0.140
      30.92     0.083
      31.95     0.069
      32.98     0.056
      34.01     0.124
      35.04     0.103
      36.07     0.045
      37.10     0.085
      38.13     0.040
      39.16     0.055
      40.19     0.085
      41.22     0.073
      42.25    -0.046
      43.29     0.072
      44.32    -0.005
      45.35     0.066
      46.38    -0.033
      47.41    -0.018
      48.44    -0.012
      49.47    -0.002
      50.50     0.041
      51.53     0.063
      52.56     0.018
      53.59     0.088
      54.62     0.008
      55.65     0.001
      56.68     0.033
      57.71     0.032
      58.74     0.037
      59.77     0.011
      60.81     0.016
      61.84     0.063
      62.87    -0.018
      63.90     0.012
      64.93    -0.118
      65.96    -0.070
      66.99    -0.012
      68.02     0.062
      69.05    -0.112
      70.08     0.079
      71.11    -0.009
      72.14    -0.006
      73.17     0.004
      74.20    -0.013
      75.23    -0.011
      76.26     0.025
      77.29     0.062
      78.33     0.020
      79.36    -0.081
      80.39     0.095
      81.42     0.031
      82.45     0.071
      83.48    -0.041
      84.51     0.098
      85.54    -0.048
      86.57    -0.053
      87.60    -0.022
      88.63     0.002
      89.66     0.045
      90.69     0.065
      91.72     0.039
      92.75     0.058
      93.78    -0.001
      94.81    -0.051
      95.85    -0.095
      96.88     0.063
      97.91     0.069
      98.94     0.073
      99.97     0.021
     101.00    -0.009
     102.03    -0.004
     103.06     0.020
     104.09     0.012
     105.12    -0.032
     106.15     0.040
     107.18     0.099
     108.21    -0.001
     109.24     0.044
     110.27     0.021
     111.30    -0.045
     112.34    -0.087
     113.37     0.015
     114.40    -0.104
     115.43    -0.053
     116.46     0.064
     117.49     0.038
     118.52     0.023
     119.55    -0.022
     120.58    -0.079
     121.61     0.039
     122.64     0.042
     123.67     0.020
     124.70    -0.056
     125.73     0.040
     126.76    -0.007
     127.79     0.018
     128.82    -0.058
     129.86     0.065
     130.89    -0.022
     131.92     0.022
     132.95     0.003
     133.98     0.029
     135.01     0.002
     136.04     0.018
     137.07    -0.000
     138.10     0.061
     139.13     0.042
     140.16     0.000
     141.19    -0.047
     142.22     0.028
     143.25     0.026
     144.28     0.100
     145.31    -0.012
     146.34     0.038
     147.38     0.008
     148.41     0.017
     149.44     0.054
     150.47     0.019
     151.50    -0.010
     152.53    -0.012
     153.56     0.007
     154.59     0.044
     155.62     0.052
     156.65    -0.022
     157.68    -0.102
     158.71    -0.016
     159.74     0.009
     160.77     0.061
     161.80    -0.080
     162.83     0.019
     163.86     0.027
     164.90     0.009
     165.93    -0.022
     166.96    -0.033
     167.99    -0.072
     169.02     0.026
     170.05     0.039
     171.08     0.009
     172.11    -0.040
     173.14     0.022
     174.17     0.083
     175.20    -0.032
     176.23    -0.065
     177.26    -0.006
     178.29    -0.005
     179.32    -0.017
     180.35     0.050
     181.39     0.023
     182.42     0.003
     183.45     0.033
     184.48     0.046
     185.51     0.075
     186.54    -0.016
     187.57     0.085
     188.60    -0.018
     189.63     0.043
     190.66     0.036
     191.69     0.029
     192.72     0.018
     193.75     0.044
     194.78    -0.014
     195.81     0.043
     196.84    -0.002
     197.87     0.055
     198.91    -0.036
     199.94    -0.021
     200.97    -0.046
     202.00     0.047
     203.03    -0.017
     204.06    -0.010
     205.09     0.040
     206.12     0.076
     207.15    -0.001
     208.18    -0.013
     209.21     0.047
     210.24     0.052
     211.27    -0.076
     212.30     0.051
     213.33     0.008
     214.36     0.060
     215.39     0.025
     216.43     0.020
     217.46    -0.012
     218.49     0.016
     219.52     0.019
     220.55    -0.042
     221.58    -0.035
     222.61     0.026
     223.64    -0.099
     224.67     0.012
     225.70    -0.062
     226.73    -0.064
     227.76    -0.100
     228.79     0.058
     229.82    -0.016
     230.85     0.063
     231.88     0.114
     232.91     0.059
     233.95     0.013
     234.98     0.077
     236.01     0.015
     237.04    -0.030
     238.07    -0.002
     239.10    -0.030
     240.13    -0.095
     241.16    -0.018
     242.19     0.045
     243.22     0.037
     244.25     0.043
     245.28     0.040
     246.31    -0.009
     247.34    -0.038
     248.37    -0.010
     249.40     0.054
     250.43     0.011
     251.47     0.020
     252.50    -0.076
     253.53    -0.020
     254.56    -0.056
     255.59    -0.015
     256.62    -0.026
     257.65     0.087
     258.68     0.001
     259.71     0.108
     260.74    -0.002
     261.77    -0.016
     262.80    -0.024
     263.83     0.029
     264.86    -0.066
     265.89    -0.059
     266.92     0.035
     267.96     0.043
     268.99    -0.076
     270.02     0.019
     271.05    -0.014
     272.08    -0.009
     273.11    -0.007
     274.14     0.005
     275.17     0.022
     276.20     0.019
     277.23     0.043
     278.26    -0.012
     279.29    -0.016
     280.32     0.080
     281.35     0.025
     282.38    -0.110
     283.41    -0.031
     284.44     0.006
     285.48    -0.069
     286.51    -0.057
     287.54    -0.041
     288.57    -0.105
     289.60    -0.062
     290.63    -0.033
     291.66    -0.061
     292.69     0.003
     293.72    -0.006
     294.75    -0.027
     295.78    -0.005
     296.81    -0.030
     297.84     0.001
     298.87    -0.023
     299.90     0.006
     300.93    -0.016
     301.96     0.007
     303.00     0.037
     304.03    -0.055
     305.06     0.101
     306.09     0.052
     307.12    -0.097
     308.15    -0.012
     309.18    -0.030
     310.21    -0.123
     311.24     0.019
     312.27     0.054
     313.30     0.049
     314.33    -0.008
     315.36    -0.011
     316.39     0.038
     317.42     0.012
     318.45    -0.005
     319.48    -0.065
     320.52     0.035
     321.55     0.014
     322.58    -0.027
     323.61     0.030
     324.64    -0.072
     325.67     0.015
     326.70    -0.088
     327.73    -0.002
     328.76    -0.006
     329.79    -0.062
     330.82     0.012
     331.85    -0.020
     332.88     0.013
     333.91     0.045
     334.94    -0.000
     335.97     0.002
     337.01    -0.072
     338.04     0.092
     339.07    -0.047
     340.10     0.084
     341.13     0.016
     342.16    -0.088
     343.19     0.015
     344.22     0.044
     345.25     0.046
     346.28     0.064
     347.31     0.017
     348.34     0.072
     349.37    -0.067
     350.40    -0.051
     351.43    -0.058
     352.46     0.011
     353.49     0.022
     354.53     0.016
     355.56     0.006
     356.59     0.028
     357.62     0.029
     358.65    -0.037
     359.68     0.008
     360.71     0.061
     361.74     0.054
     362.77     0.031
     363.80    -0.006
     364.83     0.091
     365.86    -0.096
     366.89    -0.006
     367.92    -0.044
     368.95     0.026
     369.98    -0.063
     371.01     0.019
     372.05    -0.051
     373.08     0.029
     374.11     0.084
     375.14     0.009
     376.17     0.043
     377.20    -0.037
     378.23    -0.014
     379.26     0.023
     380.29     0.019
     381.32     0.012
     382.35    -0.067
     383.38    -0.023
     384.41     0.027
     385.44     0.044
     386.47     0.021
     387.50     0.026
     388.53    -0.029
     389.57     0.023
     390.60    -0.012
     391.63     0.052
     392.66    -0.031
     393.69     0.036
     394.72    -0.019
     395.75     0.123
     396.78     0.033
     397.81     0.094
     398.84     0.047
     399.87     0.019