%%LAB     777  datapoints: v_lsr [km/s] and T_B [K]
    -399.86     0.037
    -398.83     0.039
    -397.80    -0.069
    -396.77     0.007
    -395.74     0.027
    -394.71     0.035
    -393.68    -0.036
    -392.65    -0.006
    -391.62     0.106
    -390.59    -0.008
    -389.56     0.000
    -388.53     0.057
    -387.50    -0.029
    -386.47    -0.068
    -385.43    -0.027
    -384.40     0.015
    -383.37     0.111
    -382.34    -0.033
    -381.31     0.090
    -380.28    -0.021
    -379.25    -0.039
    -378.22    -0.092
    -377.19    -0.081
    -376.16     0.052
    -375.13     0.025
    -374.10    -0.037
    -373.07     0.052
    -372.04    -0.029
    -371.01     0.029
    -369.98    -0.042
    -368.95    -0.057
    -367.91     0.019
    -366.88    -0.002
    -365.85    -0.035
    -364.82    -0.083
    -363.79    -0.064
    -362.76     0.037
    -361.73     0.050
    -360.70    -0.020
    -359.67    -0.026
    -358.64    -0.055
    -357.61     0.030
    -356.58     0.040
    -355.55     0.038
    -354.52     0.001
    -353.49    -0.061
    -352.46    -0.013
    -351.43    -0.050
    -350.40     0.111
    -349.36     0.013
    -348.33     0.059
    -347.30    -0.045
    -346.27     0.029
    -345.24    -0.013
    -344.21    -0.018
    -343.18    -0.064
    -342.15     0.036
    -341.12     0.024
    -340.09    -0.041
    -339.06     0.001
    -338.03     0.029
    -337.00     0.086
    -335.97    -0.037
    -334.94    -0.091
    -333.91    -0.025
    -332.88    -0.043
    -331.84    -0.073
    -330.81     0.016
    -329.78    -0.049
    -328.75     0.010
    -327.72     0.105
    -326.69    -0.020
    -325.66    -0.026
    -324.63     0.077
    -323.60     0.002
    -322.57    -0.020
    -321.54     0.072
    -320.51    -0.033
    -319.48    -0.083
    -318.45    -0.046
    -317.42     0.021
    -316.39    -0.042
    -315.36     0.016
    -314.33     0.013
    -313.29    -0.034
    -312.26    -0.023
    -311.23     0.051
    -310.20    -0.044
    -309.17     0.019
    -308.14     0.036
    -307.11     0.045
    -306.08    -0.032
    -305.05    -0.058
    -304.02     0.024
    -302.99     0.015
    -301.96     0.064
    -300.93     0.025
    -299.90     0.049
    -298.87     0.031
    -297.84    -0.048
    -296.81    -0.082
    -295.77     0.010
    -294.74     0.036
    -293.71    -0.034
    -292.68     0.053
    -291.65     0.022
    -290.62    -0.002
    -289.59    -0.060
    -288.56     0.068
    -287.53    -0.030
    -286.50     0.051
    -285.47    -0.032
    -284.44    -0.035
    -283.41    -0.043
    -282.38     0.141
    -281.35    -0.030
    -280.32    -0.003
    -279.29    -0.026
    -278.26    -0.005
    -277.22    -0.078
    -276.19     0.017
    -275.16    -0.055
    -274.13    -0.007
    -273.10    -0.010
    -272.07     0.004
    -271.04    -0.039
    -270.01    -0.024
    -268.98    -0.114
    -267.95     0.052
    -266.92    -0.069
    -265.89     0.034
    -264.86    -0.010
    -263.83    -0.038
    -262.80     0.010
    -261.77     0.051
    -260.74    -0.045
    -259.70     0.044
    -258.67     0.097
    -257.64     0.003
    -256.61    -0.006
    -255.58     0.079
    -254.55     0.005
    -253.52     0.112
    -252.49    -0.012
    -251.46     0.082
    -250.43    -0.006
    -249.40     0.030
    -248.37    -0.008
    -247.34     0.129
    -246.31     0.009
    -245.28     0.052
    -244.25     0.043
    -243.22    -0.006
    -242.18    -0.103
    -241.15     0.095
    -240.12    -0.017
    -239.09     0.001
    -238.06    -0.054
    -237.03     0.032
    -236.00     0.014
    -234.97     0.095
    -233.94    -0.096
    -232.91    -0.002
    -231.88    -0.088
    -230.85    -0.012
    -229.82     0.054
    -228.79     0.100
    -227.76     0.026
    -226.73     0.087
    -225.70    -0.008
    -224.67     0.066
    -223.63    -0.036
    -222.60     0.047
    -221.57     0.005
    -220.54     0.033
    -219.51     0.022
    -218.48     0.062
    -217.45    -0.033
    -216.42     0.036
    -215.39    -0.018
    -214.36     0.004
    -213.33     0.029
    -212.30     0.069
    -211.27    -0.027
    -210.24     0.077
    -209.21    -0.047
    -208.18     0.089
    -207.15    -0.051
    -206.11    -0.006
    -205.08    -0.039
    -204.05     0.030
    -203.02    -0.057
    -201.99     0.031
    -200.96    -0.039
    -199.93     0.067
    -198.90    -0.011
    -197.87    -0.046
    -196.84     0.033
    -195.81     0.025
    -194.78     0.024
    -193.75     0.068
    -192.72    -0.030
    -191.69    -0.001
    -190.66    -0.045
    -189.63     0.016
    -188.60     0.008
    -187.56    -0.012
    -186.53    -0.010
    -185.50    -0.017
    -184.47    -0.008
    -183.44     0.036
    -182.41    -0.088
    -181.38    -0.081
    -180.35    -0.031
    -179.32     0.009
    -178.29     0.009
    -177.26     0.012
    -176.23     0.070
    -175.20     0.015
    -174.17    -0.036
    -173.14    -0.007
    -172.11    -0.068
    -171.08    -0.076
    -170.04    -0.052
    -169.01     0.001
    -167.98    -0.021
    -166.95    -0.016
    -165.92    -0.031
    -164.89    -0.025
    -163.86    -0.145
    -162.83    -0.069
    -161.80     0.025
    -160.77    -0.085
    -159.74    -0.072
    -158.71     0.087
    -157.68    -0.011
    -156.65    -0.016
    -155.62    -0.023
    -154.59     0.003
    -153.56     0.031
    -152.52     0.091
    -151.49     0.024
    -150.46     0.004
    -149.43    -0.020
    -148.40    -0.017
    -147.37    -0.038
    -146.34     0.023
    -145.31     0.045
    -144.28     0.017
    -143.25     0.003
    -142.22     0.059
    -141.19    -0.011
    -140.16     0.047
    -139.13    -0.001
    -138.10     0.010
    -137.07    -0.038
    -136.04     0.064
    -135.01    -0.014
    -133.97    -0.073
    -132.94     0.025
    -131.91     0.030
    -130.88     0.013
    -129.85     0.038
    -128.82     0.095
    -127.79     0.075
    -126.76    -0.002
    -125.73     0.135
    -124.70    -0.008
    -123.67     0.118
    -122.64     0.076
    -121.61     0.169
    -120.58     0.023
    -119.55    -0.021
    -118.52     0.161
    -117.49     0.171
    -116.45     0.075
    -115.42     0.209
    -114.39     0.222
    -113.36     0.253
    -112.33     0.110
    -111.30     0.260
    -110.27     0.195
    -109.24     0.207
    -108.21     0.181
    -107.18     0.179
    -106.15     0.283
    -105.12     0.251
    -104.09     0.155
    -103.06     0.274
    -102.03     0.286
    -101.00     0.298
     -99.97     0.223
     -98.94     0.305
     -97.90     0.332
     -96.87     0.283
     -95.84     0.263
     -94.81     0.241
     -93.78     0.310
     -92.75     0.269
     -91.72     0.289
     -90.69     0.293
     -89.66     0.268
     -88.63     0.325
     -87.60     0.225
     -86.57     0.328
     -85.54     0.232
     -84.51     0.321
     -83.48     0.303
     -82.45     0.332
     -81.42     0.326
     -80.38     0.400
     -79.35     0.276
     -78.32     0.317
     -77.29     0.303
     -76.26     0.392
     -75.23     0.227
     -74.20     0.258
     -73.17     0.340
     -72.14     0.377
     -71.11     0.373
     -70.08     0.388
     -69.05     0.404
     -68.02     0.444
     -66.99     0.413
     -65.96     0.455
     -64.93     0.496
     -63.90     0.532
     -62.87     0.513
     -61.83     0.626
     -60.80     0.533
     -59.77     0.678
     -58.74     0.746
     -57.71     0.886
     -56.68     0.889
     -55.65     0.890
     -54.62     1.066
     -53.59     1.156
     -52.56     1.136
     -51.53     1.255
     -50.50     1.441
     -49.47     1.565
     -48.44     1.827
     -47.41     2.072
     -46.38     2.289
     -45.35     2.524
     -44.31     2.608
     -43.28     2.837
     -42.25     2.976
     -41.22     2.916
     -40.19     2.948
     -39.16     2.972
     -38.13     2.772
     -37.10     2.765
     -36.07     2.575
     -35.04     2.607
     -34.01     2.619
     -32.98     2.458
     -31.95     2.440
     -30.92     2.331
     -29.89     2.268
     -28.86     2.337
     -27.83     2.302
     -26.79     2.461
     -25.76     2.528
     -24.73     2.830
     -23.70     3.106
     -22.67     3.365
     -21.64     3.710
     -20.61     4.111
     -19.58     4.310
     -18.55     4.561
     -17.52     4.880
     -16.49     5.329
     -15.46     5.650
     -14.43     6.189
     -13.40     6.532
     -12.37     7.243
     -11.34     7.999
     -10.31     9.072
      -9.28    10.445
      -8.24    12.045
      -7.21    14.233
      -6.18    16.945
      -5.15    19.628
      -4.12    23.025
      -3.09    25.996
      -2.06    28.287
      -1.03    30.372
       0.00    32.555
       1.03    34.272
       2.06    35.431
       3.09    36.099
       4.12    34.916
       5.15    31.478
       6.18    26.368
       7.21    21.923
       8.24    17.912
       9.28    14.342
      10.31    11.605
      11.34     9.293
      12.37     7.775
      13.40     6.597
      14.43     5.620
      15.46     4.950
      16.49     4.360
      17.52     3.631
      18.55     3.320
      19.58     2.843
      20.61     2.651
      21.64     2.367
      22.67     2.109
      23.70     1.770
      24.73     1.645
      25.76     1.480
      26.79     1.225
      27.83     0.965
      28.86     0.876
      29.89     0.740
      30.92     0.704
      31.95     0.583
      32.98     0.520
      34.01     0.429
      35.04     0.365
      36.07     0.302
      37.10     0.355
      38.13     0.294
      39.16     0.159
      40.19     0.124
      41.22     0.212
      42.25     0.142
      43.28     0.096
      44.31     0.017
      45.35     0.043
      46.38     0.080
      47.41     0.113
      48.44     0.060
      49.47     0.098
      50.50     0.039
      51.53     0.040
      52.56     0.040
      53.59    -0.014
      54.62    -0.019
      55.65    -0.030
      56.68     0.016
      57.71     0.047
      58.74    -0.010
      59.77     0.060
      60.80     0.070
      61.83     0.012
      62.87    -0.026
      63.90     0.064
      64.93     0.024
      65.96    -0.021
      66.99    -0.072
      68.02     0.036
      69.05     0.003
      70.08     0.069
      71.11     0.054
      72.14     0.001
      73.17     0.049
      74.20    -0.023
      75.23     0.006
      76.26    -0.119
      77.29     0.034
      78.32     0.009
      79.35     0.044
      80.38     0.085
      81.42     0.026
      82.45     0.075
      83.48     0.039
      84.51     0.074
      85.54     0.051
      86.57     0.030
      87.60     0.080
      88.63     0.045
      89.66    -0.016
      90.69     0.032
      91.72     0.017
      92.75     0.051
      93.78    -0.015
      94.81     0.009
      95.84     0.049
      96.87    -0.051
      97.90    -0.045
      98.94     0.013
      99.97    -0.003
     101.00     0.056
     102.03     0.018
     103.06    -0.052
     104.09    -0.100
     105.12     0.054
     106.15     0.032
     107.18    -0.045
     108.21    -0.011
     109.24    -0.025
     110.27     0.056
     111.30    -0.051
     112.33    -0.001
     113.36     0.035
     114.39     0.057
     115.42    -0.054
     116.45     0.040
     117.49    -0.002
     118.52    -0.058
     119.55     0.129
     120.58    -0.010
     121.61     0.041
     122.64     0.051
     123.67    -0.050
     124.70     0.000
     125.73     0.069
     126.76    -0.031
     127.79     0.086
     128.82    -0.063
     129.85    -0.088
     130.88     0.021
     131.91     0.032
     132.94    -0.029
     133.97    -0.032
     135.01    -0.039
     136.04    -0.023
     137.07    -0.055
     138.10    -0.003
     139.13    -0.068
     140.16     0.060
     141.19     0.038
     142.22    -0.073
     143.25     0.065
     144.28     0.023
     145.31     0.056
     146.34    -0.002
     147.37    -0.037
     148.40    -0.022
     149.43    -0.009
     150.46     0.024
     151.49    -0.020
     152.52     0.009
     153.56    -0.016
     154.59     0.021
     155.62    -0.070
     156.65     0.018
     157.68    -0.035
     158.71    -0.009
     159.74    -0.047
     160.77    -0.015
     161.80     0.038
     162.83     0.043
     163.86     0.022
     164.89     0.030
     165.92     0.066
     166.95     0.002
     167.98    -0.068
     169.01     0.045
     170.04    -0.078
     171.08     0.099
     172.11    -0.059
     173.14     0.008
     174.17     0.019
     175.20    -0.019
     176.23     0.018
     177.26     0.010
     178.29     0.054
     179.32     0.068
     180.35    -0.067
     181.38     0.043
     182.41    -0.083
     183.44     0.027
     184.47    -0.016
     185.50     0.125
     186.53    -0.036
     187.56     0.046
     188.60    -0.009
     189.63    -0.062
     190.66    -0.021
     191.69    -0.080
     192.72    -0.084
     193.75    -0.042
     194.78    -0.022
     195.81    -0.025
     196.84    -0.048
     197.87    -0.010
     198.90     0.009
     199.93    -0.067
     200.96    -0.091
     201.99     0.070
     203.02    -0.039
     204.05     0.010
     205.08    -0.082
     206.11     0.030
     207.15     0.020
     208.18     0.003
     209.21    -0.002
     210.24    -0.094
     211.27     0.001
     212.30    -0.008
     213.33    -0.019
     214.36     0.013
     215.39    -0.018
     216.42     0.037
     217.45    -0.029
     218.48     0.072
     219.51    -0.040
     220.54    -0.082
     221.57     0.088
     222.60     0.126
     223.63     0.030
     224.67    -0.024
     225.70    -0.092
     226.73    -0.051
     227.76     0.006
     228.79    -0.013
     229.82    -0.052
     230.85     0.098
     231.88     0.020
     232.91     0.080
     233.94     0.009
     234.97     0.013
     236.00    -0.012
     237.03    -0.003
     238.06    -0.015
     239.09    -0.025
     240.12     0.029
     241.15     0.020
     242.18     0.025
     243.22     0.074
     244.25    -0.058
     245.28     0.127
     246.31    -0.028
     247.34     0.043
     248.37    -0.012
     249.40     0.090
     250.43     0.018
     251.46    -0.023
     252.49     0.028
     253.52     0.099
     254.55     0.041
     255.58     0.037
     256.61     0.022
     257.64     0.008
     258.67     0.090
     259.70    -0.026
     260.74    -0.049
     261.77     0.009
     262.80     0.055
     263.83     0.051
     264.86     0.038
     265.89    -0.010
     266.92     0.049
     267.95     0.120
     268.98     0.011
     270.01    -0.003
     271.04    -0.013
     272.07    -0.025
     273.10     0.023
     274.13     0.061
     275.16     0.148
     276.19     0.065
     277.22    -0.027
     278.26     0.127
     279.29     0.046
     280.32     0.033
     281.35    -0.019
     282.38     0.022
     283.41     0.016
     284.44    -0.008
     285.47     0.009
     286.50     0.097
     287.53     0.074
     288.56     0.025
     289.59    -0.061
     290.62    -0.078
     291.65    -0.017
     292.68    -0.066
     293.71     0.037
     294.74    -0.060
     295.77    -0.018
     296.81    -0.010
     297.84    -0.054
     298.87    -0.004
     299.90     0.119
     300.93    -0.032
     301.96    -0.003
     302.99    -0.062
     304.02    -0.091
     305.05     0.027
     306.08    -0.014
     307.11     0.016
     308.14    -0.049
     309.17     0.038
     310.20    -0.024
     311.23    -0.021
     312.26    -0.065
     313.29     0.019
     314.33    -0.064
     315.36    -0.057
     316.39    -0.049
     317.42     0.054
     318.45     0.041
     319.48    -0.034
     320.51     0.041
     321.54     0.067
     322.57     0.008
     323.60     0.008
     324.63    -0.041
     325.66    -0.013
     326.69     0.050
     327.72     0.056
     328.75    -0.022
     329.78     0.038
     330.81    -0.071
     331.84    -0.015
     332.88    -0.010
     333.91     0.049
     334.94    -0.025
     335.97    -0.076
     337.00     0.043
     338.03     0.041
     339.06     0.047
     340.09     0.027
     341.12    -0.008
     342.15    -0.076
     343.18    -0.034
     344.21     0.023
     345.24    -0.052
     346.27     0.022
     347.30    -0.025
     348.33    -0.013
     349.36     0.049
     350.40    -0.008
     351.43     0.047
     352.46     0.003
     353.49    -0.032
     354.52     0.065
     355.55    -0.063
     356.58    -0.044
     357.61    -0.077
     358.64    -0.071
     359.67     0.004
     360.70     0.074
     361.73    -0.002
     362.76     0.161
     363.79    -0.095
     364.82     0.002
     365.85    -0.045
     366.88     0.054
     367.91    -0.054
     368.95     0.118
     369.98     0.003
     371.01    -0.035
     372.04    -0.059
     373.07    -0.024
     374.10    -0.009
     375.13     0.117
     376.16    -0.100
     377.19     0.001
     378.22    -0.010
     379.25     0.050
     380.28    -0.042
     381.31     0.025
     382.34    -0.060
     383.37    -0.047
     384.40    -0.017
     385.43     0.055
     386.47     0.009
     387.50     0.062
     388.53    -0.062
     389.56     0.072
     390.59    -0.003
     391.62    -0.114
     392.65    -0.125
     393.68     0.033
     394.71    -0.015
     395.74     0.095
     396.77    -0.062
     397.80     0.064
     398.83     0.017
     399.86     0.064