%%LAB     777  datapoints: v_lsr [km/s] and T_B [K]
    -399.86     0.032
    -398.83    -0.080
    -397.80    -0.054
    -396.77    -0.017
    -395.74     0.061
    -394.71    -0.105
    -393.68    -0.039
    -392.65     0.031
    -391.61     0.015
    -390.58     0.049
    -389.55     0.005
    -388.52    -0.016
    -387.49     0.091
    -386.46    -0.041
    -385.43    -0.002
    -384.40     0.032
    -383.37     0.043
    -382.34     0.017
    -381.31     0.045
    -380.28    -0.053
    -379.25    -0.054
    -378.22    -0.060
    -377.19     0.086
    -376.16     0.008
    -375.13     0.026
    -374.10    -0.106
    -373.06    -0.003
    -372.03    -0.085
    -371.00     0.014
    -369.97    -0.018
    -368.94     0.063
    -367.91     0.044
    -366.88     0.041
    -365.85    -0.102
    -364.82    -0.022
    -363.79     0.056
    -362.76    -0.045
    -361.73     0.041
    -360.70    -0.018
    -359.67     0.057
    -358.64     0.069
    -357.61    -0.044
    -356.58    -0.021
    -355.55     0.001
    -354.51    -0.029
    -353.48    -0.045
    -352.45     0.062
    -351.42    -0.027
    -350.39    -0.059
    -349.36    -0.145
    -348.33    -0.017
    -347.30    -0.021
    -346.27     0.024
    -345.24     0.099
    -344.21    -0.053
    -343.18     0.001
    -342.15     0.034
    -341.12     0.014
    -340.09     0.082
    -339.06    -0.041
    -338.03     0.026
    -336.99    -0.007
    -335.96     0.052
    -334.93    -0.100
    -333.90     0.044
    -332.87    -0.047
    -331.84    -0.016
    -330.81    -0.004
    -329.78    -0.003
    -328.75    -0.052
    -327.72     0.081
    -326.69    -0.099
    -325.66    -0.008
    -324.63    -0.070
    -323.60     0.033
    -322.57    -0.049
    -321.54     0.029
    -320.51     0.025
    -319.48     0.047
    -318.44    -0.082
    -317.41     0.011
    -316.38    -0.006
    -315.35     0.015
    -314.32     0.038
    -313.29    -0.005
    -312.26    -0.007
    -311.23     0.016
    -310.20    -0.076
    -309.17     0.004
    -308.14     0.014
    -307.11     0.021
    -306.08     0.019
    -305.05    -0.003
    -304.02     0.082
    -302.99     0.024
    -301.96    -0.067
    -300.93    -0.095
    -299.89     0.008
    -298.86     0.007
    -297.83    -0.033
    -296.80     0.007
    -295.77     0.068
    -294.74    -0.015
    -293.71     0.047
    -292.68     0.033
    -291.65     0.012
    -290.62     0.071
    -289.59    -0.076
    -288.56     0.045
    -287.53    -0.004
    -286.50     0.062
    -285.47    -0.013
    -284.44     0.031
    -283.41    -0.037
    -282.37     0.004
    -281.34    -0.023
    -280.31     0.031
    -279.28    -0.066
    -278.25     0.017
    -277.22    -0.007
    -276.19    -0.009
    -275.16     0.003
    -274.13     0.036
    -273.10     0.010
    -272.07     0.012
    -271.04    -0.020
    -270.01     0.027
    -268.98     0.054
    -267.95     0.112
    -266.92    -0.006
    -265.89    -0.009
    -264.86     0.087
    -263.82     0.017
    -262.79     0.042
    -261.76     0.027
    -260.73    -0.027
    -259.70     0.026
    -258.67     0.048
    -257.64     0.065
    -256.61    -0.102
    -255.58     0.074
    -254.55     0.027
    -253.52     0.045
    -252.49    -0.032
    -251.46    -0.022
    -250.43    -0.052
    -249.40    -0.104
    -248.37    -0.014
    -247.34     0.037
    -246.31     0.010
    -245.27     0.037
    -244.24    -0.038
    -243.21     0.021
    -242.18    -0.065
    -241.15    -0.023
    -240.12    -0.090
    -239.09     0.026
    -238.06    -0.045
    -237.03     0.041
    -236.00     0.022
    -234.97    -0.012
    -233.94     0.028
    -232.91     0.011
    -231.88    -0.025
    -230.85     0.006
    -229.82     0.028
    -228.79     0.083
    -227.75    -0.097
    -226.72     0.010
    -225.69     0.094
    -224.66     0.064
    -223.63    -0.003
    -222.60     0.097
    -221.57     0.045
    -220.54     0.038
    -219.51     0.055
    -218.48    -0.022
    -217.45     0.017
    -216.42     0.038
    -215.39     0.041
    -214.36    -0.036
    -213.33    -0.058
    -212.30    -0.006
    -211.27     0.009
    -210.24    -0.004
    -209.20     0.062
    -208.17     0.088
    -207.14     0.057
    -206.11    -0.039
    -205.08     0.020
    -204.05    -0.058
    -203.02    -0.008
    -201.99    -0.036
    -200.96    -0.007
    -199.93     0.066
    -198.90    -0.083
    -197.87    -0.048
    -196.84    -0.084
    -195.81     0.039
    -194.78     0.037
    -193.75     0.017
    -192.72     0.046
    -191.69     0.130
    -190.65     0.040
    -189.62     0.007
    -188.59     0.010
    -187.56    -0.009
    -186.53    -0.107
    -185.50    -0.007
    -184.47    -0.011
    -183.44     0.061
    -182.41    -0.029
    -181.38    -0.019
    -180.35    -0.032
    -179.32    -0.015
    -178.29     0.066
    -177.26    -0.009
    -176.23    -0.010
    -175.20     0.017
    -174.17    -0.048
    -173.13    -0.040
    -172.10     0.010
    -171.07     0.055
    -170.04    -0.014
    -169.01     0.012
    -167.98    -0.003
    -166.95     0.009
    -165.92    -0.038
    -164.89     0.016
    -163.86     0.083
    -162.83     0.062
    -161.80     0.016
    -160.77     0.066
    -159.74    -0.078
    -158.71     0.031
    -157.68     0.026
    -156.65     0.051
    -155.62    -0.027
    -154.58    -0.034
    -153.55     0.029
    -152.52    -0.077
    -151.49     0.052
    -150.46    -0.051
    -149.43     0.045
    -148.40     0.004
    -147.37    -0.016
    -146.34     0.035
    -145.31    -0.054
    -144.28    -0.001
    -143.25    -0.024
    -142.22    -0.042
    -141.19    -0.077
    -140.16    -0.022
    -139.13    -0.052
    -138.10     0.056
    -137.07     0.016
    -136.03    -0.008
    -135.00     0.053
    -133.97     0.004
    -132.94     0.021
    -131.91    -0.023
    -130.88     0.076
    -129.85     0.036
    -128.82    -0.021
    -127.79     0.042
    -126.76     0.013
    -125.73     0.098
    -124.70     0.143
    -123.67     0.032
    -122.64     0.038
    -121.61     0.125
    -120.58    -0.042
    -119.55     0.042
    -118.52     0.092
    -117.48     0.058
    -116.45     0.016
    -115.42     0.058
    -114.39     0.057
    -113.36     0.075
    -112.33     0.081
    -111.30     0.118
    -110.27     0.191
    -109.24     0.187
    -108.21     0.159
    -107.18     0.211
    -106.15     0.201
    -105.12     0.249
    -104.09     0.185
    -103.06     0.340
    -102.03     0.336
    -101.00     0.356
     -99.96     0.387
     -98.93     0.421
     -97.90     0.305
     -96.87     0.534
     -95.84     0.546
     -94.81     0.537
     -93.78     0.587
     -92.75     0.600
     -91.72     0.515
     -90.69     0.653
     -89.66     0.650
     -88.63     0.700
     -87.60     0.643
     -86.57     0.759
     -85.54     0.741
     -84.51     0.828
     -83.48     0.920
     -82.45     0.937
     -81.41     0.912
     -80.38     0.944
     -79.35     0.905
     -78.32     1.013
     -77.29     1.066
     -76.26     1.065
     -75.23     1.123
     -74.20     1.111
     -73.17     1.148
     -72.14     1.176
     -71.11     1.253
     -70.08     1.252
     -69.05     1.368
     -68.02     1.376
     -66.99     1.452
     -65.96     1.450
     -64.93     1.496
     -63.90     1.645
     -62.86     1.490
     -61.83     1.616
     -60.80     1.665
     -59.77     1.777
     -58.74     1.774
     -57.71     1.832
     -56.68     1.843
     -55.65     2.072
     -54.62     2.137
     -53.59     2.274
     -52.56     2.520
     -51.53     2.933
     -50.50     3.308
     -49.47     3.472
     -48.44     3.595
     -47.41     3.584
     -46.38     3.604
     -45.34     3.446
     -44.31     3.389
     -43.28     3.336
     -42.25     3.239
     -41.22     3.225
     -40.19     3.237
     -39.16     3.607
     -38.13     3.735
     -37.10     4.200
     -36.07     4.662
     -35.04     5.552
     -34.01     6.122
     -32.98     6.329
     -31.95     6.330
     -30.92     6.157
     -29.89     5.651
     -28.86     5.258
     -27.83     4.769
     -26.79     4.288
     -25.76     3.913
     -24.73     3.756
     -23.70     3.594
     -22.67     3.575
     -21.64     3.517
     -20.61     3.570
     -19.58     3.764
     -18.55     4.106
     -17.52     4.556
     -16.49     5.067
     -15.46     5.730
     -14.43     6.727
     -13.40     7.771
     -12.37     9.177
     -11.34    10.604
     -10.31    12.123
      -9.28    13.694
      -8.24    15.212
      -7.21    16.493
      -6.18    17.649
      -5.15    18.433
      -4.12    18.852
      -3.09    19.117
      -2.06    19.909
      -1.03    21.466
       0.00    23.680
       1.03    26.438
       2.06    29.567
       3.09    31.913
       4.12    31.122
       5.15    29.473
       6.18    29.542
       7.21    30.769
       8.24    32.289
       9.28    33.370
      10.31    32.860
      11.34    30.201
      12.37    26.818
      13.40    22.884
      14.43    19.074
      15.46    15.969
      16.49    13.484
      17.52    11.351
      18.55     9.703
      19.58     8.004
      20.61     6.778
      21.64     5.556
      22.67     4.693
      23.70     3.778
      24.73     3.090
      25.76     2.532
      26.79     2.017
      27.83     1.642
      28.86     1.343
      29.89     0.942
      30.92     0.894
      31.95     0.636
      32.98     0.520
      34.01     0.372
      35.04     0.363
      36.07     0.256
      37.10     0.270
      38.13     0.185
      39.16     0.177
      40.19     0.067
      41.22     0.133
      42.25     0.103
      43.28     0.105
      44.31    -0.039
      45.34     0.067
      46.38    -0.048
      47.41     0.132
      48.44     0.056
      49.47     0.056
      50.50     0.046
      51.53    -0.025
      52.56    -0.021
      53.59     0.098
      54.62    -0.044
      55.65     0.007
      56.68    -0.033
      57.71    -0.049
      58.74     0.111
      59.77     0.048
      60.80     0.072
      61.83     0.135
      62.86    -0.013
      63.90     0.039
      64.93    -0.006
      65.96     0.080
      66.99    -0.004
      68.02     0.034
      69.05    -0.002
      70.08    -0.006
      71.11    -0.086
      72.14     0.052
      73.17    -0.085
      74.20    -0.071
      75.23    -0.076
      76.26    -0.010
      77.29    -0.016
      78.32    -0.061
      79.35    -0.001
      80.38    -0.035
      81.41    -0.004
      82.45     0.111
      83.48    -0.026
      84.51     0.046
      85.54     0.034
      86.57     0.106
      87.60    -0.105
      88.63     0.036
      89.66    -0.070
      90.69     0.018
      91.72    -0.009
      92.75     0.132
      93.78    -0.058
      94.81     0.040
      95.84     0.095
      96.87     0.069
      97.90     0.010
      98.93    -0.014
      99.96     0.014
     101.00     0.071
     102.03    -0.027
     103.06    -0.090
     104.09     0.036
     105.12     0.058
     106.15    -0.038
     107.18    -0.099
     108.21     0.020
     109.24     0.016
     110.27     0.070
     111.30     0.005
     112.33     0.039
     113.36     0.058
     114.39     0.015
     115.42     0.043
     116.45     0.005
     117.48     0.048
     118.52     0.011
     119.55     0.028
     120.58    -0.016
     121.61     0.080
     122.64     0.026
     123.67    -0.010
     124.70     0.053
     125.73     0.060
     126.76     0.038
     127.79     0.044
     128.82    -0.099
     129.85    -0.024
     130.88     0.018
     131.91    -0.057
     132.94     0.053
     133.97     0.063
     135.00     0.025
     136.03    -0.001
     137.07     0.045
     138.10     0.039
     139.13    -0.068
     140.16     0.014
     141.19    -0.000
     142.22     0.048
     143.25    -0.088
     144.28     0.036
     145.31     0.025
     146.34     0.076
     147.37    -0.077
     148.40     0.097
     149.43    -0.040
     150.46     0.034
     151.49    -0.081
     152.52    -0.041
     153.55    -0.017
     154.58    -0.006
     155.62    -0.025
     156.65     0.029
     157.68    -0.016
     158.71    -0.073
     159.74     0.026
     160.77     0.062
     161.80     0.019
     162.83    -0.005
     163.86    -0.012
     164.89    -0.045
     165.92     0.014
     166.95     0.061
     167.98     0.002
     169.01     0.034
     170.04    -0.000
     171.07    -0.010
     172.10     0.012
     173.14     0.092
     174.17    -0.150
     175.20     0.038
     176.23     0.039
     177.26     0.051
     178.29    -0.002
     179.32    -0.011
     180.35    -0.071
     181.38    -0.083
     182.41     0.027
     183.44     0.017
     184.47    -0.013
     185.50     0.023
     186.53     0.010
     187.56     0.014
     188.59    -0.036
     189.62     0.046
     190.65     0.051
     191.69     0.002
     192.72    -0.032
     193.75    -0.010
     194.78    -0.045
     195.81    -0.026
     196.84    -0.038
     197.87     0.070
     198.90    -0.059
     199.93     0.026
     200.96    -0.123
     201.99    -0.029
     203.02    -0.006
     204.05     0.048
     205.08    -0.008
     206.11     0.029
     207.14    -0.025
     208.17     0.061
     209.20    -0.046
     210.24    -0.011
     211.27     0.021
     212.30    -0.006
     213.33    -0.011
     214.36    -0.010
     215.39    -0.014
     216.42     0.089
     217.45    -0.026
     218.48    -0.038
     219.51    -0.021
     220.54     0.033
     221.57     0.001
     222.60    -0.041
     223.63     0.022
     224.66     0.064
     225.69     0.048
     226.72     0.028
     227.75    -0.028
     228.79    -0.004
     229.82     0.015
     230.85     0.034
     231.88     0.054
     232.91     0.106
     233.94     0.020
     234.97     0.105
     236.00    -0.028
     237.03     0.031
     238.06    -0.050
     239.09     0.054
     240.12     0.016
     241.15     0.063
     242.18     0.039
     243.21    -0.002
     244.24     0.011
     245.27     0.010
     246.31     0.033
     247.34    -0.059
     248.37     0.056
     249.40     0.054
     250.43    -0.001
     251.46     0.007
     252.49    -0.031
     253.52    -0.047
     254.55    -0.106
     255.58    -0.016
     256.61     0.019
     257.64     0.002
     258.67    -0.084
     259.70     0.001
     260.73     0.000
     261.76     0.095
     262.79     0.020
     263.82     0.088
     264.86    -0.043
     265.89     0.054
     266.92     0.037
     267.95    -0.017
     268.98    -0.025
     270.01     0.080
     271.04    -0.033
     272.07     0.011
     273.10    -0.070
     274.13    -0.032
     275.16    -0.014
     276.19    -0.047
     277.22    -0.006
     278.25     0.061
     279.28    -0.040
     280.31    -0.001
     281.34    -0.016
     282.37    -0.030
     283.41     0.020
     284.44     0.013
     285.47    -0.057
     286.50     0.041
     287.53    -0.048
     288.56     0.021
     289.59    -0.027
     290.62    -0.046
     291.65    -0.048
     292.68     0.017
     293.71     0.004
     294.74     0.112
     295.77    -0.033
     296.80     0.051
     297.83     0.082
     298.86    -0.009
     299.89    -0.016
     300.93     0.093
     301.96     0.079
     302.99     0.004
     304.02    -0.011
     305.05     0.002
     306.08     0.021
     307.11    -0.022
     308.14     0.033
     309.17    -0.031
     310.20    -0.055
     311.23     0.041
     312.26    -0.009
     313.29     0.027
     314.32    -0.015
     315.35    -0.031
     316.38    -0.098
     317.41    -0.074
     318.44     0.045
     319.48     0.009
     320.51    -0.026
     321.54    -0.028
     322.57    -0.012
     323.60    -0.056
     324.63    -0.008
     325.66     0.057
     326.69    -0.002
     327.72    -0.118
     328.75    -0.024
     329.78     0.068
     330.81     0.008
     331.84    -0.051
     332.87    -0.039
     333.90     0.074
     334.93    -0.044
     335.96     0.050
     336.99    -0.017
     338.03    -0.007
     339.06     0.007
     340.09    -0.018
     341.12    -0.018
     342.15    -0.023
     343.18    -0.087
     344.21     0.014
     345.24    -0.010
     346.27     0.024
     347.30     0.012
     348.33    -0.035
     349.36     0.075
     350.39     0.026
     351.42    -0.035
     352.45     0.005
     353.48     0.019
     354.51     0.059
     355.55     0.023
     356.58    -0.042
     357.61    -0.066
     358.64     0.021
     359.67    -0.016
     360.70     0.050
     361.73    -0.118
     362.76     0.095
     363.79    -0.056
     364.82     0.141
     365.85    -0.058
     366.88     0.025
     367.91    -0.055
     368.94     0.022
     369.97    -0.022
     371.00     0.063
     372.03    -0.025
     373.06     0.080
     374.10    -0.055
     375.13    -0.039
     376.16     0.029
     377.19    -0.015
     378.22    -0.020
     379.25     0.030
     380.28     0.037
     381.31     0.070
     382.34     0.023
     383.37     0.055
     384.40    -0.046
     385.43     0.055
     386.46    -0.079
     387.49     0.108
     388.52    -0.038
     389.55    -0.010
     390.58     0.004
     391.61     0.014
     392.65    -0.044
     393.68    -0.005
     394.71     0.053
     395.74     0.073
     396.77    -0.023
     397.80     0.041
     398.83     0.112
     399.86     0.083