%%LAB     777  datapoints: v_lsr [km/s] and T_B [K]
    -399.83    -0.081
    -398.80    -0.080
    -397.76     0.024
    -396.73     0.016
    -395.70     0.002
    -394.67    -0.006
    -393.64     0.000
    -392.61     0.073
    -391.58    -0.055
    -390.55    -0.019
    -389.52     0.003
    -388.49     0.014
    -387.46     0.029
    -386.43     0.049
    -385.40    -0.031
    -384.37    -0.056
    -383.34     0.031
    -382.31     0.004
    -381.28    -0.002
    -380.25    -0.047
    -379.22    -0.017
    -378.19     0.094
    -377.16     0.039
    -376.12     0.025
    -375.09    -0.054
    -374.06    -0.005
    -373.03     0.073
    -372.00    -0.028
    -370.97     0.078
    -369.94    -0.032
    -368.91     0.008
    -367.88    -0.121
    -366.85     0.012
    -365.82    -0.072
    -364.79    -0.049
    -363.76    -0.005
    -362.73     0.018
    -361.70     0.009
    -360.67     0.080
    -359.64    -0.052
    -358.61     0.006
    -357.58     0.023
    -356.55     0.037
    -355.52     0.015
    -354.48     0.006
    -353.45    -0.028
    -352.42    -0.071
    -351.39    -0.002
    -350.36    -0.013
    -349.33     0.042
    -348.30     0.047
    -347.27    -0.109
    -346.24     0.106
    -345.21     0.021
    -344.18     0.006
    -343.15     0.068
    -342.12    -0.048
    -341.09     0.013
    -340.06     0.122
    -339.03    -0.041
    -338.00     0.038
    -336.97    -0.037
    -335.94    -0.025
    -334.91    -0.055
    -333.87    -0.003
    -332.84    -0.049
    -331.81    -0.033
    -330.78    -0.013
    -329.75     0.023
    -328.72    -0.031
    -327.69     0.008
    -326.66    -0.001
    -325.63    -0.007
    -324.60    -0.018
    -323.57    -0.001
    -322.54    -0.057
    -321.51    -0.001
    -320.48     0.085
    -319.45    -0.003
    -318.42    -0.093
    -317.39    -0.122
    -316.36    -0.012
    -315.33    -0.005
    -314.30     0.093
    -313.27     0.059
    -312.23    -0.018
    -311.20     0.024
    -310.17    -0.075
    -309.14    -0.023
    -308.11    -0.009
    -307.08     0.099
    -306.05    -0.060
    -305.02    -0.004
    -303.99     0.039
    -302.96     0.031
    -301.93    -0.098
    -300.90    -0.009
    -299.87    -0.065
    -298.84     0.038
    -297.81     0.056
    -296.78     0.092
    -295.75     0.003
    -294.72    -0.068
    -293.69    -0.038
    -292.66     0.095
    -291.63    -0.011
    -290.59    -0.046
    -289.56    -0.006
    -288.53     0.078
    -287.50     0.010
    -286.47     0.029
    -285.44    -0.049
    -284.41    -0.027
    -283.38     0.034
    -282.35    -0.066
    -281.32     0.077
    -280.29    -0.002
    -279.26    -0.021
    -278.23     0.069
    -277.20    -0.015
    -276.17     0.007
    -275.14    -0.022
    -274.11     0.093
    -273.08    -0.029
    -272.05     0.031
    -271.02    -0.019
    -269.99     0.095
    -268.95    -0.061
    -267.92     0.073
    -266.89     0.005
    -265.86     0.025
    -264.83     0.004
    -263.80     0.069
    -262.77    -0.002
    -261.74     0.035
    -260.71     0.013
    -259.68     0.030
    -258.65    -0.055
    -257.62     0.064
    -256.59     0.029
    -255.56     0.059
    -254.53    -0.107
    -253.50     0.041
    -252.47    -0.081
    -251.44     0.084
    -250.41     0.042
    -249.38     0.117
    -248.35     0.008
    -247.31     0.004
    -246.28    -0.031
    -245.25     0.166
    -244.22     0.045
    -243.19     0.045
    -242.16    -0.028
    -241.13     0.053
    -240.10    -0.058
    -239.07     0.079
    -238.04    -0.041
    -237.01     0.041
    -235.98    -0.023
    -234.95     0.008
    -233.92    -0.051
    -232.89    -0.001
    -231.86     0.029
    -230.83     0.068
    -229.80     0.048
    -228.77    -0.007
    -227.74    -0.078
    -226.71     0.032
    -225.67    -0.002
    -224.64     0.084
    -223.61     0.006
    -222.58     0.108
    -221.55    -0.080
    -220.52    -0.049
    -219.49    -0.022
    -218.46    -0.001
    -217.43    -0.047
    -216.40     0.058
    -215.37    -0.071
    -214.34     0.041
    -213.31    -0.067
    -212.28    -0.012
    -211.25    -0.043
    -210.22     0.073
    -209.19    -0.019
    -208.16     0.039
    -207.13     0.070
    -206.10     0.084
    -205.07    -0.039
    -204.03     0.033
    -203.00     0.017
    -201.97    -0.069
    -200.94    -0.025
    -199.91     0.037
    -198.88     0.082
    -197.85    -0.003
    -196.82     0.057
    -195.79     0.050
    -194.76     0.044
    -193.73     0.071
    -192.70     0.057
    -191.67     0.053
    -190.64     0.003
    -189.61     0.026
    -188.58    -0.008
    -187.55     0.101
    -186.52    -0.016
    -185.49     0.009
    -184.46    -0.049
    -183.43     0.062
    -182.39    -0.015
    -181.36     0.076
    -180.33    -0.048
    -179.30    -0.002
    -178.27     0.069
    -177.24     0.077
    -176.21     0.050
    -175.18     0.027
    -174.15     0.020
    -173.12    -0.015
    -172.09    -0.036
    -171.06     0.029
    -170.03     0.007
    -169.00     0.024
    -167.97    -0.094
    -166.94     0.044
    -165.91    -0.001
    -164.88    -0.066
    -163.85     0.030
    -162.82     0.025
    -161.79    -0.042
    -160.75    -0.025
    -159.72     0.029
    -158.69     0.053
    -157.66     0.094
    -156.63     0.069
    -155.60    -0.075
    -154.57     0.069
    -153.54    -0.014
    -152.51     0.128
    -151.48     0.061
    -150.45     0.102
    -149.42     0.045
    -148.39     0.121
    -147.36     0.113
    -146.33     0.137
    -145.30     0.113
    -144.27     0.226
    -143.24     0.241
    -142.21     0.331
    -141.18     0.270
    -140.15     0.403
    -139.11     0.398
    -138.08     0.520
    -137.05     0.559
    -136.02     0.631
    -134.99     0.589
    -133.96     0.656
    -132.93     0.697
    -131.90     0.734
    -130.87     0.718
    -129.84     0.768
    -128.81     0.741
    -127.78     0.788
    -126.75     0.841
    -125.72     0.877
    -124.69     0.826
    -123.66     0.949
    -122.63     0.795
    -121.60     0.828
    -120.57     0.804
    -119.54     0.824
    -118.51     0.739
    -117.47     0.739
    -116.44     0.685
    -115.41     0.811
    -114.38     0.825
    -113.35     0.809
    -112.32     0.793
    -111.29     0.884
    -110.26     0.857
    -109.23     0.963
    -108.20     1.027
    -107.17     0.933
    -106.14     1.015
    -105.11     1.003
    -104.08     1.112
    -103.05     1.185
    -102.02     1.224
    -100.99     1.193
     -99.96     1.241
     -98.93     1.431
     -97.90     1.378
     -96.86     1.445
     -95.83     1.582
     -94.80     1.564
     -93.77     1.543
     -92.74     1.679
     -91.71     1.736
     -90.68     1.719
     -89.65     1.784
     -88.62     1.760
     -87.59     1.780
     -86.56     1.945
     -85.53     2.015
     -84.50     2.030
     -83.47     2.030
     -82.44     2.182
     -81.41     2.120
     -80.38     2.105
     -79.35     2.207
     -78.32     2.195
     -77.29     2.271
     -76.26     2.272
     -75.22     2.357
     -74.19     2.300
     -73.16     2.174
     -72.13     2.280
     -71.10     2.250
     -70.07     2.287
     -69.04     2.082
     -68.01     2.066
     -66.98     2.050
     -65.95     2.057
     -64.92     2.028
     -63.89     2.053
     -62.86     2.057
     -61.83     2.117
     -60.80     2.185
     -59.77     2.356
     -58.74     2.450
     -57.71     2.643
     -56.68     2.650
     -55.65     2.804
     -54.62     2.859
     -53.58     2.975
     -52.55     2.959
     -51.52     3.024
     -50.49     3.092
     -49.46     3.015
     -48.43     2.980
     -47.40     2.987
     -46.37     3.015
     -45.34     2.950
     -44.31     2.944
     -43.28     2.734
     -42.25     2.636
     -41.22     2.573
     -40.19     2.460
     -39.16     2.385
     -38.13     2.445
     -37.10     2.586
     -36.07     2.611
     -35.04     2.898
     -34.01     3.227
     -32.98     3.446
     -31.94     3.691
     -30.91     4.181
     -29.88     4.623
     -28.85     5.179
     -27.82     5.652
     -26.79     6.334
     -25.76     6.877
     -24.73     7.391
     -23.70     7.986
     -22.67     8.710
     -21.64     9.385
     -20.61     9.917
     -19.58    10.317
     -18.55    10.788
     -17.52    11.109
     -16.49    11.429
     -15.46    11.866
     -14.43    12.299
     -13.40    12.787
     -12.37    13.377
     -11.34    13.897
     -10.30    14.281
      -9.27    14.551
      -8.24    15.189
      -7.21    15.791
      -6.18    16.304
      -5.15    16.369
      -4.12    15.952
      -3.09    15.744
      -2.06    15.763
      -1.03    16.017
       0.00    16.705
       1.03    17.783
       2.06    20.140
       3.09    22.050
       4.12    20.882
       5.15    18.981
       6.18    17.256
       7.21    15.640
       8.24    14.274
       9.27    13.273
      10.30    12.125
      11.34    10.703
      12.37     9.819
      13.40     9.228
      14.43     8.912
      15.46     7.848
      16.49     6.740
      17.52     5.397
      18.55     4.488
      19.58     3.676
      20.61     2.964
      21.64     2.411
      22.67     1.931
      23.70     1.616
      24.73     1.370
      25.76     1.071
      26.79     0.999
      27.82     0.780
      28.85     0.623
      29.88     0.424
      30.91     0.368
      31.94     0.342
      32.98     0.286
      34.01     0.188
      35.04     0.221
      36.07     0.011
      37.10     0.097
      38.13     0.107
      39.16     0.081
      40.19    -0.006
      41.22     0.118
      42.25     0.089
      43.28     0.120
      44.31     0.051
      45.34     0.012
      46.37     0.020
      47.40     0.068
      48.43     0.074
      49.46     0.092
      50.49    -0.022
      51.52     0.104
      52.55    -0.007
      53.58     0.132
      54.62    -0.039
      55.65    -0.060
      56.68    -0.062
      57.71    -0.020
      58.74    -0.038
      59.77     0.020
      60.80    -0.000
      61.83    -0.051
      62.86    -0.049
      63.89    -0.013
      64.92    -0.009
      65.95     0.045
      66.98    -0.043
      68.01    -0.013
      69.04     0.003
      70.07     0.035
      71.10    -0.018
      72.13    -0.025
      73.16     0.099
      74.19     0.005
      75.22     0.006
      76.26    -0.005
      77.29    -0.046
      78.32     0.093
      79.35     0.037
      80.38     0.042
      81.41     0.080
      82.44     0.007
      83.47    -0.008
      84.50    -0.015
      85.53    -0.047
      86.56     0.013
      87.59     0.039
      88.62     0.023
      89.65    -0.052
      90.68    -0.027
      91.71     0.049
      92.74     0.034
      93.77     0.052
      94.80     0.049
      95.83     0.015
      96.86     0.045
      97.90     0.014
      98.93     0.007
      99.96    -0.010
     100.99    -0.010
     102.02    -0.042
     103.05    -0.076
     104.08    -0.066
     105.11     0.044
     106.14     0.020
     107.17    -0.031
     108.20     0.023
     109.23     0.032
     110.26     0.046
     111.29     0.003
     112.32     0.021
     113.35     0.100
     114.38    -0.030
     115.41     0.071
     116.44     0.005
     117.47     0.022
     118.51    -0.016
     119.54     0.008
     120.57    -0.002
     121.60     0.029
     122.63     0.018
     123.66     0.088
     124.69     0.053
     125.72    -0.019
     126.75    -0.028
     127.78     0.033
     128.81     0.022
     129.84     0.027
     130.87    -0.018
     131.90     0.014
     132.93    -0.057
     133.96     0.028
     134.99     0.010
     136.02     0.104
     137.05     0.006
     138.08     0.109
     139.11     0.051
     140.15     0.051
     141.18    -0.070
     142.21     0.043
     143.24     0.013
     144.27    -0.002
     145.30    -0.046
     146.33    -0.056
     147.36     0.016
     148.39    -0.053
     149.42     0.017
     150.45     0.068
     151.48    -0.015
     152.51     0.080
     153.54     0.019
     154.57     0.040
     155.60    -0.098
     156.63     0.093
     157.66     0.014
     158.69     0.061
     159.72    -0.008
     160.75    -0.005
     161.79     0.131
     162.82    -0.003
     163.85    -0.060
     164.88     0.015
     165.91     0.052
     166.94     0.000
     167.97    -0.018
     169.00    -0.009
     170.03     0.038
     171.06    -0.010
     172.09    -0.018
     173.12     0.019
     174.15     0.011
     175.18    -0.021
     176.21    -0.156
     177.24     0.010
     178.27    -0.018
     179.30    -0.042
     180.33    -0.051
     181.36    -0.006
     182.39    -0.092
     183.43     0.016
     184.46    -0.033
     185.49    -0.052
     186.52     0.020
     187.55    -0.020
     188.58    -0.008
     189.61    -0.003
     190.64     0.057
     191.67    -0.006
     192.70    -0.095
     193.73     0.007
     194.76    -0.086
     195.79     0.057
     196.82     0.021
     197.85     0.085
     198.88    -0.032
     199.91     0.036
     200.94     0.063
     201.97    -0.076
     203.00    -0.023
     204.03    -0.028
     205.07     0.077
     206.10    -0.092
     207.13    -0.101
     208.16    -0.020
     209.19     0.015
     210.22     0.029
     211.25     0.021
     212.28     0.054
     213.31     0.046
     214.34     0.007
     215.37     0.036
     216.40     0.097
     217.43     0.017
     218.46     0.094
     219.49    -0.040
     220.52     0.081
     221.55    -0.035
     222.58    -0.042
     223.61     0.014
     224.64    -0.019
     225.67     0.013
     226.71    -0.019
     227.74    -0.064
     228.77     0.009
     229.80    -0.082
     230.83     0.087
     231.86    -0.054
     232.89     0.012
     233.92    -0.024
     234.95    -0.066
     235.98    -0.058
     237.01     0.042
     238.04     0.025
     239.07     0.022
     240.10    -0.075
     241.13     0.100
     242.16    -0.023
     243.19     0.019
     244.22    -0.002
     245.25     0.055
     246.28    -0.083
     247.31     0.023
     248.35    -0.031
     249.38     0.050
     250.41     0.011
     251.44    -0.009
     252.47    -0.068
     253.50     0.013
     254.53     0.040
     255.56     0.026
     256.59     0.058
     257.62     0.050
     258.65     0.009
     259.68    -0.006
     260.71    -0.061
     261.74     0.064
     262.77    -0.069
     263.80     0.011
     264.83     0.014
     265.86     0.061
     266.89    -0.005
     267.92    -0.049
     268.95    -0.075
     269.99    -0.049
     271.02    -0.037
     272.05    -0.001
     273.08     0.089
     274.11     0.029
     275.14     0.025
     276.17     0.030
     277.20    -0.045
     278.23    -0.065
     279.26    -0.105
     280.29     0.051
     281.32     0.047
     282.35     0.082
     283.38     0.012
     284.41     0.012
     285.44     0.011
     286.47    -0.001
     287.50    -0.018
     288.53     0.086
     289.56     0.087
     290.59     0.059
     291.63     0.052
     292.66     0.084
     293.69    -0.018
     294.72     0.041
     295.75     0.017
     296.78     0.037
     297.81     0.005
     298.84     0.013
     299.87    -0.077
     300.90     0.058
     301.93    -0.043
     302.96    -0.056
     303.99     0.044
     305.02    -0.087
     306.05    -0.142
     307.08    -0.035
     308.11    -0.058
     309.14    -0.020
     310.17     0.026
     311.20    -0.041
     312.23    -0.010
     313.27     0.020
     314.30     0.101
     315.33    -0.008
     316.36     0.008
     317.39    -0.029
     318.42    -0.048
     319.45     0.069
     320.48    -0.020
     321.51    -0.106
     322.54     0.003
     323.57     0.089
     324.60    -0.126
     325.63     0.064
     326.66     0.040
     327.69    -0.074
     328.72    -0.029
     329.75     0.064
     330.78     0.033
     331.81     0.070
     332.84     0.023
     333.87    -0.100
     334.91    -0.145
     335.94     0.063
     336.97    -0.007
     338.00     0.012
     339.03    -0.104
     340.06     0.012
     341.09    -0.080
     342.12    -0.039
     343.15     0.037
     344.18     0.069
     345.21     0.017
     346.24     0.003
     347.27    -0.032
     348.30     0.096
     349.33    -0.048
     350.36     0.031
     351.39     0.001
     352.42    -0.057
     353.45    -0.007
     354.48    -0.014
     355.52     0.036
     356.55     0.015
     357.58     0.064
     358.61     0.077
     359.64     0.042
     360.67    -0.034
     361.70    -0.028
     362.73    -0.048
     363.76     0.073
     364.79     0.031
     365.82     0.011
     366.85     0.011
     367.88     0.080
     368.91    -0.014
     369.94    -0.030
     370.97    -0.003
     372.00    -0.017
     373.03    -0.040
     374.06    -0.027
     375.09     0.070
     376.12     0.044
     377.16     0.024
     378.19    -0.088
     379.22    -0.073
     380.25    -0.045
     381.28     0.023
     382.31     0.004
     383.34     0.066
     384.37    -0.042
     385.40    -0.030
     386.43    -0.006
     387.46    -0.030
     388.49     0.077
     389.52     0.024
     390.55     0.007
     391.58     0.030
     392.61    -0.011
     393.64     0.065
     394.67     0.060
     395.70     0.073
     396.73     0.088
     397.76     0.100
     398.80    -0.000
     399.83     0.080