%%LAB     777  datapoints: v_lsr [km/s] and T_B [K]
    -399.83    -0.064
    -398.80     0.045
    -397.77     0.061
    -396.74     0.002
    -395.71    -0.023
    -394.68     0.018
    -393.65     0.101
    -392.62    -0.038
    -391.59     0.058
    -390.56     0.067
    -389.53     0.123
    -388.49     0.015
    -387.46     0.005
    -386.43    -0.016
    -385.40     0.040
    -384.37    -0.026
    -383.34    -0.002
    -382.31    -0.019
    -381.28    -0.011
    -380.25     0.081
    -379.22    -0.004
    -378.19    -0.031
    -377.16    -0.081
    -376.13     0.026
    -375.10    -0.016
    -374.07    -0.105
    -373.04    -0.016
    -372.01    -0.023
    -370.98    -0.033
    -369.95     0.001
    -368.92    -0.067
    -367.89     0.015
    -366.85    -0.016
    -365.82     0.019
    -364.79    -0.088
    -363.76    -0.044
    -362.73    -0.109
    -361.70    -0.057
    -360.67    -0.030
    -359.64     0.061
    -358.61     0.053
    -357.58    -0.008
    -356.55    -0.017
    -355.52    -0.038
    -354.49     0.072
    -353.46    -0.033
    -352.43     0.035
    -351.40    -0.019
    -350.37     0.045
    -349.34     0.093
    -348.31     0.033
    -347.28    -0.039
    -346.24    -0.060
    -345.21     0.048
    -344.18    -0.038
    -343.15     0.030
    -342.12    -0.003
    -341.09    -0.018
    -340.06     0.064
    -339.03    -0.050
    -338.00     0.052
    -336.97    -0.005
    -335.94     0.066
    -334.91    -0.020
    -333.88    -0.007
    -332.85     0.036
    -331.82    -0.049
    -330.79    -0.062
    -329.76     0.014
    -328.73     0.054
    -327.70    -0.011
    -326.67     0.111
    -325.64    -0.003
    -324.60    -0.116
    -323.57     0.011
    -322.54     0.011
    -321.51     0.061
    -320.48     0.066
    -319.45     0.007
    -318.42    -0.122
    -317.39    -0.050
    -316.36    -0.035
    -315.33    -0.132
    -314.30    -0.079
    -313.27     0.010
    -312.24    -0.040
    -311.21     0.050
    -310.18     0.032
    -309.15     0.033
    -308.12    -0.050
    -307.09     0.030
    -306.06    -0.059
    -305.03     0.018
    -303.99     0.071
    -302.96     0.073
    -301.93    -0.004
    -300.90     0.055
    -299.87    -0.018
    -298.84    -0.045
    -297.81    -0.057
    -296.78     0.059
    -295.75    -0.047
    -294.72     0.025
    -293.69     0.065
    -292.66    -0.041
    -291.63     0.005
    -290.60    -0.030
    -289.57     0.008
    -288.54     0.159
    -287.51     0.002
    -286.48    -0.002
    -285.45    -0.041
    -284.42    -0.009
    -283.38    -0.063
    -282.35    -0.015
    -281.32    -0.021
    -280.29    -0.011
    -279.26    -0.026
    -278.23     0.122
    -277.20    -0.050
    -276.17    -0.058
    -275.14     0.053
    -274.11    -0.048
    -273.08    -0.040
    -272.05     0.020
    -271.02    -0.022
    -269.99     0.031
    -268.96    -0.070
    -267.93     0.073
    -266.90    -0.031
    -265.87     0.093
    -264.84     0.107
    -263.81     0.054
    -262.78     0.075
    -261.74     0.045
    -260.71    -0.045
    -259.68     0.059
    -258.65     0.030
    -257.62    -0.041
    -256.59     0.041
    -255.56     0.127
    -254.53    -0.022
    -253.50     0.006
    -252.47     0.081
    -251.44     0.172
    -250.41    -0.112
    -249.38     0.021
    -248.35     0.008
    -247.32     0.032
    -246.29     0.028
    -245.26     0.040
    -244.23    -0.034
    -243.20     0.074
    -242.17    -0.031
    -241.13     0.021
    -240.10     0.023
    -239.07    -0.118
    -238.04     0.029
    -237.01     0.054
    -235.98     0.041
    -234.95    -0.029
    -233.92    -0.121
    -232.89     0.074
    -231.86    -0.058
    -230.83    -0.060
    -229.80     0.058
    -228.77    -0.003
    -227.74     0.010
    -226.71    -0.004
    -225.68     0.053
    -224.65     0.005
    -223.62    -0.019
    -222.59     0.050
    -221.56    -0.042
    -220.52     0.089
    -219.49    -0.005
    -218.46     0.095
    -217.43     0.039
    -216.40    -0.079
    -215.37    -0.006
    -214.34     0.067
    -213.31    -0.010
    -212.28    -0.051
    -211.25    -0.035
    -210.22     0.131
    -209.19     0.031
    -208.16    -0.008
    -207.13    -0.069
    -206.10     0.083
    -205.07     0.055
    -204.04     0.041
    -203.01     0.003
    -201.98    -0.012
    -200.95     0.021
    -199.92     0.029
    -198.88    -0.102
    -197.85     0.003
    -196.82    -0.056
    -195.79     0.000
    -194.76    -0.052
    -193.73     0.071
    -192.70    -0.003
    -191.67     0.026
    -190.64     0.020
    -189.61     0.045
    -188.58    -0.067
    -187.55     0.054
    -186.52    -0.034
    -185.49    -0.017
    -184.46    -0.073
    -183.43     0.020
    -182.40     0.014
    -181.37    -0.003
    -180.34     0.012
    -179.31     0.095
    -178.27     0.028
    -177.24     0.024
    -176.21     0.096
    -175.18     0.079
    -174.15     0.026
    -173.12     0.163
    -172.09     0.048
    -171.06    -0.019
    -170.03    -0.021
    -169.00     0.085
    -167.97    -0.010
    -166.94    -0.016
    -165.91     0.044
    -164.88    -0.054
    -163.85    -0.063
    -162.82     0.030
    -161.79     0.041
    -160.76     0.001
    -159.73     0.041
    -158.70    -0.010
    -157.67     0.136
    -156.63    -0.030
    -155.60    -0.002
    -154.57     0.007
    -153.54     0.099
    -152.51     0.016
    -151.48    -0.063
    -150.45    -0.033
    -149.42     0.023
    -148.39     0.101
    -147.36     0.005
    -146.33    -0.015
    -145.30     0.062
    -144.27     0.024
    -143.24    -0.075
    -142.21     0.034
    -141.18     0.046
    -140.15     0.040
    -139.12    -0.073
    -138.09     0.088
    -137.06     0.133
    -136.02     0.106
    -134.99     0.080
    -133.96     0.137
    -132.93     0.290
    -131.90     0.293
    -130.87     0.176
    -129.84     0.343
    -128.81     0.359
    -127.78     0.476
    -126.75     0.448
    -125.72     0.550
    -124.69     0.556
    -123.66     0.860
    -122.63     0.816
    -121.60     0.906
    -120.57     0.989
    -119.54     1.177
    -118.51     1.348
    -117.48     1.442
    -116.45     1.617
    -115.41     1.609
    -114.38     1.663
    -113.35     1.804
    -112.32     1.609
    -111.29     1.810
    -110.26     1.736
    -109.23     1.846
    -108.20     1.720
    -107.17     1.438
    -106.14     1.455
    -105.11     1.368
    -104.08     1.150
    -103.05     1.052
    -102.02     0.891
    -100.99     0.935
     -99.96     0.829
     -98.93     0.878
     -97.90     0.740
     -96.87     0.690
     -95.84     0.550
     -94.81     0.818
     -93.77     0.731
     -92.74     0.704
     -91.71     0.601
     -90.68     0.657
     -89.65     0.650
     -88.62     0.727
     -87.59     0.652
     -86.56     0.724
     -85.53     0.657
     -84.50     0.694
     -83.47     0.722
     -82.44     0.668
     -81.41     0.648
     -80.38     0.666
     -79.35     0.752
     -78.32     0.725
     -77.29     0.726
     -76.26     0.805
     -75.23     0.705
     -74.20     0.751
     -73.16     0.589
     -72.13     0.711
     -71.10     0.698
     -70.07     0.655
     -69.04     0.647
     -68.01     0.750
     -66.98     0.767
     -65.95     0.648
     -64.92     0.688
     -63.89     0.767
     -62.86     0.708
     -61.83     0.774
     -60.80     0.797
     -59.77     0.886
     -58.74     0.938
     -57.71     1.037
     -56.68     1.123
     -55.65     1.257
     -54.62     1.292
     -53.59     1.399
     -52.56     1.356
     -51.52     1.501
     -50.49     1.598
     -49.46     1.693
     -48.43     1.765
     -47.40     1.889
     -46.37     1.922
     -45.34     2.149
     -44.31     2.182
     -43.28     2.234
     -42.25     2.458
     -41.22     2.576
     -40.19     2.519
     -39.16     2.689
     -38.13     2.716
     -37.10     2.992
     -36.07     3.204
     -35.04     3.445
     -34.01     3.887
     -32.98     4.313
     -31.95     4.546
     -30.91     4.772
     -29.88     4.801
     -28.85     4.645
     -27.82     4.580
     -26.79     4.313
     -25.76     3.822
     -24.73     3.426
     -23.70     3.277
     -22.67     3.139
     -21.64     3.087
     -20.61     3.114
     -19.58     3.219
     -18.55     3.485
     -17.52     3.616
     -16.49     4.083
     -15.46     4.752
     -14.43     5.415
     -13.40     6.072
     -12.37     6.896
     -11.34     7.350
     -10.30     8.234
      -9.27     8.914
      -8.24     9.768
      -7.21    10.249
      -6.18    10.781
      -5.15    11.387
      -4.12    12.117
      -3.09    13.005
      -2.06    14.530
      -1.03    16.408
       0.00    17.582
       1.03    17.738
       2.06    17.197
       3.09    15.938
       4.12    14.410
       5.15    12.827
       6.18    11.530
       7.21    10.350
       8.24     9.282
       9.27     8.352
      10.30     7.662
      11.34     6.902
      12.37     6.465
      13.40     6.033
      14.43     5.717
      15.46     5.548
      16.49     5.291
      17.52     5.047
      18.55     4.659
      19.58     4.422
      20.61     4.085
      21.64     3.857
      22.67     3.530
      23.70     3.156
      24.73     2.933
      25.76     2.593
      26.79     2.470
      27.82     2.156
      28.85     2.103
      29.88     1.797
      30.91     1.582
      31.95     1.378
      32.98     1.273
      34.01     0.975
      35.04     0.900
      36.07     0.749
      37.10     0.505
      38.13     0.370
      39.16     0.462
      40.19     0.217
      41.22     0.208
      42.25     0.221
      43.28     0.040
      44.31     0.098
      45.34     0.074
      46.37     0.044
      47.40     0.105
      48.43    -0.054
      49.46     0.051
      50.49    -0.045
      51.52     0.057
      52.55     0.083
      53.59     0.043
      54.62     0.001
      55.65     0.115
      56.68    -0.077
      57.71     0.102
      58.74    -0.032
      59.77     0.031
      60.80     0.057
      61.83     0.054
      62.86    -0.038
      63.89     0.035
      64.92    -0.074
      65.95     0.072
      66.98    -0.022
      68.01     0.046
      69.04     0.018
      70.07     0.101
      71.10    -0.023
      72.13     0.042
      73.16    -0.071
      74.20    -0.023
      75.23    -0.010
      76.26    -0.050
      77.29    -0.043
      78.32    -0.021
      79.35    -0.009
      80.38    -0.011
      81.41     0.067
      82.44     0.126
      83.47    -0.063
      84.50     0.035
      85.53     0.060
      86.56     0.145
      87.59    -0.003
      88.62     0.026
      89.65     0.085
      90.68    -0.016
      91.71     0.009
      92.74     0.035
      93.77     0.022
      94.81    -0.002
      95.84     0.107
      96.87     0.048
      97.90     0.044
      98.93    -0.025
      99.96     0.019
     100.99     0.115
     102.02    -0.017
     103.05    -0.045
     104.08     0.094
     105.11     0.029
     106.14    -0.006
     107.17     0.082
     108.20     0.034
     109.23     0.009
     110.26     0.013
     111.29     0.028
     112.32     0.003
     113.35     0.005
     114.38     0.105
     115.41     0.067
     116.45     0.055
     117.48     0.097
     118.51     0.027
     119.54     0.000
     120.57    -0.128
     121.60     0.097
     122.63    -0.051
     123.66     0.012
     124.69    -0.112
     125.72     0.031
     126.75    -0.072
     127.78     0.030
     128.81     0.002
     129.84     0.023
     130.87    -0.058
     131.90     0.124
     132.93     0.007
     133.96    -0.010
     134.99    -0.069
     136.02     0.103
     137.06     0.068
     138.09     0.007
     139.12     0.024
     140.15     0.013
     141.18     0.086
     142.21     0.015
     143.24    -0.084
     144.27    -0.026
     145.30    -0.110
     146.33     0.130
     147.36     0.008
     148.39     0.115
     149.42    -0.028
     150.45    -0.013
     151.48     0.001
     152.51     0.102
     153.54     0.039
     154.57     0.075
     155.60     0.094
     156.63    -0.018
     157.67     0.042
     158.70     0.072
     159.73    -0.141
     160.76    -0.003
     161.79     0.016
     162.82    -0.009
     163.85     0.081
     164.88     0.005
     165.91    -0.029
     166.94    -0.043
     167.97    -0.000
     169.00     0.026
     170.03    -0.055
     171.06     0.042
     172.09    -0.014
     173.12    -0.027
     174.15    -0.095
     175.18     0.050
     176.21    -0.046
     177.24     0.052
     178.27    -0.075
     179.31     0.078
     180.34    -0.019
     181.37     0.007
     182.40     0.005
     183.43     0.007
     184.46    -0.022
     185.49    -0.022
     186.52    -0.016
     187.55     0.054
     188.58     0.014
     189.61     0.075
     190.64    -0.043
     191.67    -0.053
     192.70    -0.046
     193.73     0.075
     194.76     0.126
     195.79     0.139
     196.82    -0.051
     197.85    -0.001
     198.88    -0.055
     199.92    -0.074
     200.95     0.079
     201.98     0.004
     203.01     0.038
     204.04     0.110
     205.07    -0.089
     206.10     0.008
     207.13    -0.043
     208.16     0.061
     209.19    -0.036
     210.22    -0.017
     211.25    -0.105
     212.28     0.075
     213.31    -0.037
     214.34    -0.023
     215.37     0.051
     216.40    -0.007
     217.43    -0.017
     218.46     0.020
     219.49    -0.013
     220.53    -0.062
     221.56    -0.052
     222.59     0.030
     223.62    -0.099
     224.65     0.062
     225.68     0.046
     226.71     0.027
     227.74     0.041
     228.77     0.120
     229.80    -0.106
     230.83    -0.017
     231.86    -0.105
     232.89    -0.055
     233.92    -0.162
     234.95     0.046
     235.98     0.008
     237.01    -0.040
     238.04     0.028
     239.07     0.005
     240.10    -0.013
     241.13     0.024
     242.17    -0.030
     243.20     0.047
     244.23    -0.114
     245.26     0.102
     246.29     0.057
     247.32     0.048
     248.35     0.009
     249.38    -0.006
     250.41     0.028
     251.44     0.054
     252.47     0.114
     253.50     0.011
     254.53    -0.072
     255.56    -0.105
     256.59    -0.015
     257.62     0.020
     258.65     0.032
     259.68    -0.045
     260.71    -0.045
     261.74     0.073
     262.78    -0.101
     263.81     0.043
     264.84    -0.056
     265.87     0.100
     266.90    -0.063
     267.93     0.054
     268.96    -0.019
     269.99    -0.041
     271.02    -0.029
     272.05    -0.007
     273.08     0.013
     274.11     0.005
     275.14    -0.019
     276.17     0.004
     277.20    -0.084
     278.23     0.085
     279.26     0.047
     280.29    -0.029
     281.32     0.059
     282.35     0.155
     283.38    -0.034
     284.42    -0.021
     285.45     0.107
     286.48     0.124
     287.51    -0.017
     288.54    -0.012
     289.57    -0.042
     290.60     0.013
     291.63     0.041
     292.66    -0.008
     293.69    -0.066
     294.72     0.065
     295.75    -0.016
     296.78     0.079
     297.81    -0.012
     298.84     0.068
     299.87    -0.047
     300.90    -0.061
     301.93    -0.086
     302.96    -0.060
     303.99    -0.069
     305.03    -0.058
     306.06     0.003
     307.09    -0.054
     308.12    -0.016
     309.15     0.028
     310.18     0.004
     311.21     0.013
     312.24    -0.016
     313.27    -0.051
     314.30     0.017
     315.33    -0.022
     316.36    -0.003
     317.39     0.077
     318.42    -0.029
     319.45     0.049
     320.48    -0.004
     321.51     0.060
     322.54    -0.184
     323.57    -0.065
     324.60    -0.046
     325.64     0.023
     326.67    -0.039
     327.70    -0.015
     328.73    -0.041
     329.76    -0.005
     330.79    -0.059
     331.82     0.051
     332.85     0.032
     333.88     0.079
     334.91     0.088
     335.94     0.007
     336.97     0.053
     338.00     0.007
     339.03    -0.015
     340.06     0.009
     341.09    -0.130
     342.12    -0.009
     343.15    -0.032
     344.18    -0.087
     345.21    -0.009
     346.24     0.032
     347.28    -0.060
     348.31     0.059
     349.34    -0.055
     350.37     0.108
     351.40    -0.014
     352.43    -0.018
     353.46     0.010
     354.49     0.017
     355.52    -0.071
     356.55     0.006
     357.58    -0.056
     358.61     0.111
     359.64    -0.021
     360.67     0.049
     361.70     0.063
     362.73    -0.047
     363.76    -0.054
     364.79     0.008
     365.82    -0.060
     366.85    -0.012
     367.89     0.056
     368.92     0.020
     369.95    -0.083
     370.98     0.051
     372.01    -0.019
     373.04     0.030
     374.07    -0.056
     375.10     0.031
     376.13     0.086
     377.16    -0.021
     378.19     0.076
     379.22     0.102
     380.25     0.035
     381.28     0.079
     382.31    -0.092
     383.34    -0.097
     384.37    -0.056
     385.40     0.060
     386.43    -0.011
     387.46    -0.008
     388.49     0.015
     389.53    -0.098
     390.56    -0.023
     391.59     0.126
     392.62    -0.025
     393.65     0.027
     394.68     0.001
     395.71     0.031
     396.74     0.044
     397.77     0.017
     398.80    -0.013
     399.83    -0.037