%%LAB     777  datapoints: v_lsr [km/s] and T_B [K]
    -399.83    -0.032
    -398.80     0.083
    -397.77     0.023
    -396.74     0.018
    -395.71     0.054
    -394.68    -0.007
    -393.65     0.031
    -392.62     0.036
    -391.58     0.079
    -390.55     0.031
    -389.52     0.008
    -388.49    -0.040
    -387.46     0.065
    -386.43     0.009
    -385.40    -0.060
    -384.37    -0.083
    -383.34    -0.113
    -382.31    -0.090
    -381.28     0.038
    -380.25    -0.030
    -379.22     0.043
    -378.19     0.023
    -377.16    -0.085
    -376.13     0.031
    -375.10    -0.016
    -374.07    -0.014
    -373.04    -0.011
    -372.01     0.011
    -370.98    -0.006
    -369.94     0.017
    -368.91    -0.003
    -367.88    -0.018
    -366.85     0.007
    -365.82    -0.069
    -364.79     0.039
    -363.76     0.040
    -362.73    -0.036
    -361.70    -0.052
    -360.67    -0.019
    -359.64    -0.035
    -358.61    -0.068
    -357.58     0.061
    -356.55     0.031
    -355.52     0.058
    -354.49     0.016
    -353.46     0.056
    -352.43     0.044
    -351.40     0.003
    -350.37     0.055
    -349.33    -0.084
    -348.30     0.026
    -347.27     0.041
    -346.24     0.133
    -345.21    -0.018
    -344.18     0.018
    -343.15    -0.021
    -342.12    -0.009
    -341.09     0.006
    -340.06     0.026
    -339.03    -0.027
    -338.00    -0.005
    -336.97     0.078
    -335.94     0.039
    -334.91    -0.014
    -333.88     0.055
    -332.85     0.008
    -331.82     0.012
    -330.79    -0.022
    -329.76     0.025
    -328.73    -0.071
    -327.69     0.047
    -326.66    -0.011
    -325.63    -0.031
    -324.60    -0.102
    -323.57    -0.013
    -322.54    -0.027
    -321.51     0.080
    -320.48    -0.088
    -319.45    -0.008
    -318.42    -0.060
    -317.39     0.000
    -316.36    -0.057
    -315.33    -0.015
    -314.30     0.024
    -313.27     0.100
    -312.24    -0.019
    -311.21    -0.026
    -310.18    -0.039
    -309.15     0.108
    -308.12    -0.029
    -307.08     0.037
    -306.05     0.015
    -305.02     0.006
    -303.99     0.004
    -302.96     0.023
    -301.93    -0.008
    -300.90     0.020
    -299.87     0.037
    -298.84     0.114
    -297.81    -0.087
    -296.78     0.050
    -295.75    -0.034
    -294.72     0.038
    -293.69     0.027
    -292.66     0.002
    -291.63    -0.012
    -290.60     0.089
    -289.57    -0.058
    -288.54     0.018
    -287.51    -0.091
    -286.48     0.049
    -285.44    -0.086
    -284.41     0.006
    -283.38    -0.031
    -282.35     0.016
    -281.32     0.080
    -280.29    -0.022
    -279.26    -0.046
    -278.23     0.027
    -277.20     0.060
    -276.17    -0.059
    -275.14    -0.084
    -274.11     0.039
    -273.08     0.005
    -272.05    -0.043
    -271.02    -0.022
    -269.99     0.012
    -268.96     0.035
    -267.93     0.027
    -266.90    -0.062
    -265.87    -0.071
    -264.83    -0.023
    -263.80     0.026
    -262.77    -0.035
    -261.74     0.060
    -260.71     0.063
    -259.68    -0.009
    -258.65    -0.075
    -257.62     0.010
    -256.59    -0.057
    -255.56     0.046
    -254.53    -0.008
    -253.50     0.015
    -252.47    -0.012
    -251.44     0.069
    -250.41    -0.042
    -249.38     0.097
    -248.35    -0.053
    -247.32    -0.010
    -246.29    -0.111
    -245.26     0.125
    -244.23     0.097
    -243.19     0.016
    -242.16     0.059
    -241.13    -0.052
    -240.10     0.024
    -239.07     0.008
    -238.04    -0.020
    -237.01     0.043
    -235.98    -0.003
    -234.95    -0.016
    -233.92    -0.073
    -232.89     0.051
    -231.86    -0.013
    -230.83     0.062
    -229.80     0.010
    -228.77    -0.006
    -227.74     0.075
    -226.71    -0.000
    -225.68     0.025
    -224.65     0.018
    -223.62    -0.043
    -222.59     0.048
    -221.55     0.020
    -220.52     0.129
    -219.49    -0.025
    -218.46     0.023
    -217.43     0.045
    -216.40     0.019
    -215.37    -0.053
    -214.34     0.053
    -213.31     0.014
    -212.28     0.024
    -211.25     0.003
    -210.22     0.052
    -209.19     0.041
    -208.16     0.068
    -207.13    -0.038
    -206.10     0.019
    -205.07    -0.055
    -204.04     0.001
    -203.01     0.013
    -201.98     0.110
    -200.94    -0.022
    -199.91     0.066
    -198.88     0.049
    -197.85     0.001
    -196.82     0.110
    -195.79     0.051
    -194.76     0.052
    -193.73    -0.014
    -192.70    -0.016
    -191.67     0.055
    -190.64     0.075
    -189.61     0.026
    -188.58     0.006
    -187.55     0.055
    -186.52    -0.104
    -185.49    -0.017
    -184.46     0.017
    -183.43    -0.012
    -182.40     0.046
    -181.37     0.069
    -180.34     0.010
    -179.30    -0.041
    -178.27    -0.000
    -177.24    -0.031
    -176.21     0.012
    -175.18     0.032
    -174.15    -0.015
    -173.12    -0.010
    -172.09    -0.010
    -171.06     0.090
    -170.03     0.053
    -169.00     0.041
    -167.97    -0.038
    -166.94    -0.032
    -165.91     0.007
    -164.88     0.028
    -163.85    -0.032
    -162.82     0.005
    -161.79     0.004
    -160.76     0.022
    -159.73    -0.021
    -158.69     0.097
    -157.66     0.052
    -156.63    -0.044
    -155.60    -0.013
    -154.57     0.079
    -153.54     0.042
    -152.51     0.092
    -151.48    -0.001
    -150.45     0.184
    -149.42     0.145
    -148.39     0.127
    -147.36     0.107
    -146.33     0.236
    -145.30     0.320
    -144.27     0.345
    -143.24     0.338
    -142.21     0.521
    -141.18     0.519
    -140.15     0.697
    -139.12     0.669
    -138.09     0.944
    -137.05     0.882
    -136.02     1.162
    -134.99     1.489
    -133.96     1.755
    -132.93     2.065
    -131.90     2.365
    -130.87     2.718
    -129.84     2.685
    -128.81     2.470
    -127.78     2.698
    -126.75     2.858
    -125.72     3.193
    -124.69     3.432
    -123.66     4.018
    -122.63     4.051
    -121.60     4.228
    -120.57     4.177
    -119.54     4.093
    -118.51     4.024
    -117.48     4.055
    -116.44     3.893
    -115.41     3.879
    -114.38     3.555
    -113.35     3.433
    -112.32     3.024
    -111.29     2.877
    -110.26     2.717
    -109.23     2.746
    -108.20     2.728
    -107.17     2.854
    -106.14     2.816
    -105.11     2.765
    -104.08     2.740
    -103.05     2.663
    -102.02     2.591
    -100.99     2.618
     -99.96     2.569
     -98.93     2.685
     -97.90     2.823
     -96.87     2.945
     -95.84     3.149
     -94.80     3.348
     -93.77     3.608
     -92.74     3.833
     -91.71     3.923
     -90.68     4.061
     -89.65     4.170
     -88.62     4.161
     -87.59     4.270
     -86.56     4.434
     -85.53     4.455
     -84.50     4.418
     -83.47     4.498
     -82.44     4.485
     -81.41     4.343
     -80.38     4.287
     -79.35     4.203
     -78.32     4.158
     -77.29     4.267
     -76.26     4.294
     -75.23     4.382
     -74.20     4.516
     -73.16     4.443
     -72.13     4.514
     -71.10     4.230
     -70.07     4.050
     -69.04     4.001
     -68.01     3.853
     -66.98     3.785
     -65.95     3.733
     -64.92     3.561
     -63.89     3.439
     -62.86     3.413
     -61.83     3.476
     -60.80     3.407
     -59.77     3.388
     -58.74     3.393
     -57.71     3.390
     -56.68     3.357
     -55.65     3.443
     -54.62     3.349
     -53.59     3.266
     -52.55     3.118
     -51.52     3.130
     -50.49     2.856
     -49.46     2.728
     -48.43     2.460
     -47.40     2.574
     -46.37     2.246
     -45.34     2.050
     -44.31     1.970
     -43.28     1.951
     -42.25     1.877
     -41.22     2.075
     -40.19     1.971
     -39.16     2.230
     -38.13     2.198
     -37.10     2.371
     -36.07     2.664
     -35.04     2.893
     -34.01     3.173
     -32.98     3.476
     -31.95     3.810
     -30.91     4.368
     -29.88     4.959
     -28.85     5.400
     -27.82     6.197
     -26.79     7.090
     -25.76     7.921
     -24.73     8.948
     -23.70    10.393
     -22.67    11.851
     -21.64    13.569
     -20.61    15.781
     -19.58    18.612
     -18.55    21.967
     -17.52    26.036
     -16.49    30.768
     -15.46    35.725
     -14.43    40.665
     -13.40    44.512
     -12.37    47.551
     -11.34    49.717
     -10.30    51.608
      -9.27    52.597
      -8.24    53.613
      -7.21    54.549
      -6.18    54.676
      -5.15    54.163
      -4.12    53.798
      -3.09    54.609
      -2.06    56.159
      -1.03    55.421
       0.00    51.568
       1.03    46.403
       2.06    43.431
       3.09    41.815
       4.12    39.733
       5.15    36.903
       6.18    33.102
       7.21    28.580
       8.24    23.373
       9.27    18.838
      10.30    15.392
      11.34    11.851
      12.37     9.130
      13.40     7.142
      14.43     5.620
      15.46     4.365
      16.49     3.333
      17.52     2.626
      18.55     2.073
      19.58     1.766
      20.61     1.468
      21.64     1.210
      22.67     1.109
      23.70     0.923
      24.73     0.886
      25.76     0.617
      26.79     0.534
      27.82     0.368
      28.85     0.437
      29.88     0.247
      30.91     0.297
      31.95     0.230
      32.98     0.146
      34.01     0.187
      35.04     0.096
      36.07     0.118
      37.10     0.064
      38.13     0.069
      39.16     0.070
      40.19     0.049
      41.22     0.073
      42.25     0.058
      43.28     0.024
      44.31    -0.011
      45.34     0.076
      46.37     0.075
      47.40     0.046
      48.43     0.059
      49.46     0.023
      50.49     0.108
      51.52     0.123
      52.55     0.042
      53.59     0.175
      54.62    -0.069
      55.65     0.146
      56.68     0.043
      57.71     0.081
      58.74     0.066
      59.77     0.048
      60.80    -0.003
      61.83    -0.012
      62.86     0.006
      63.89     0.008
      64.92    -0.101
      65.95    -0.007
      66.98     0.054
      68.01     0.067
      69.04     0.026
      70.07     0.049
      71.10     0.054
      72.13     0.010
      73.16     0.006
      74.20    -0.015
      75.23     0.018
      76.26     0.015
      77.29     0.109
      78.32     0.066
      79.35     0.099
      80.38    -0.075
      81.41     0.025
      82.44     0.084
      83.47    -0.136
      84.50     0.004
      85.53     0.064
      86.56     0.035
      87.59     0.058
      88.62     0.005
      89.65     0.062
      90.68     0.063
      91.71    -0.057
      92.74     0.010
      93.77    -0.045
      94.80     0.012
      95.84     0.143
      96.87     0.080
      97.90    -0.069
      98.93    -0.063
      99.96     0.105
     100.99    -0.029
     102.02    -0.043
     103.05    -0.023
     104.08    -0.045
     105.11     0.055
     106.14    -0.006
     107.17    -0.070
     108.20    -0.013
     109.23    -0.018
     110.26     0.123
     111.29     0.059
     112.32    -0.041
     113.35     0.131
     114.38    -0.033
     115.41     0.108
     116.44     0.077
     117.48     0.050
     118.51    -0.057
     119.54     0.115
     120.57     0.017
     121.60     0.056
     122.63    -0.010
     123.66    -0.051
     124.69    -0.003
     125.72     0.099
     126.75     0.025
     127.78     0.009
     128.81     0.033
     129.84    -0.005
     130.87    -0.001
     131.90    -0.007
     132.93     0.001
     133.96     0.086
     134.99     0.001
     136.02     0.039
     137.05    -0.058
     138.09     0.074
     139.12     0.032
     140.15     0.076
     141.18    -0.048
     142.21     0.020
     143.24    -0.032
     144.27     0.049
     145.30     0.102
     146.33    -0.033
     147.36    -0.011
     148.39    -0.012
     149.42    -0.061
     150.45     0.011
     151.48    -0.019
     152.51     0.050
     153.54    -0.046
     154.57     0.062
     155.60    -0.113
     156.63     0.039
     157.66     0.058
     158.69     0.052
     159.73     0.061
     160.76    -0.044
     161.79     0.000
     162.82     0.063
     163.85    -0.036
     164.88     0.019
     165.91    -0.067
     166.94     0.069
     167.97     0.018
     169.00     0.035
     170.03    -0.022
     171.06     0.035
     172.09    -0.051
     173.12     0.039
     174.15    -0.048
     175.18     0.085
     176.21    -0.053
     177.24     0.014
     178.27    -0.110
     179.30     0.016
     180.34    -0.032
     181.37     0.032
     182.40     0.075
     183.43    -0.065
     184.46    -0.122
     185.49     0.078
     186.52     0.001
     187.55     0.010
     188.58    -0.021
     189.61    -0.049
     190.64    -0.031
     191.67     0.069
     192.70    -0.066
     193.73    -0.070
     194.76     0.026
     195.79     0.113
     196.82     0.019
     197.85     0.022
     198.88    -0.010
     199.91     0.091
     200.94    -0.040
     201.98    -0.015
     203.01    -0.030
     204.04     0.013
     205.07     0.053
     206.10     0.054
     207.13    -0.081
     208.16     0.044
     209.19    -0.064
     210.22    -0.044
     211.25    -0.053
     212.28     0.094
     213.31     0.042
     214.34     0.028
     215.37     0.041
     216.40     0.045
     217.43    -0.027
     218.46     0.065
     219.49    -0.045
     220.52     0.039
     221.55     0.056
     222.59    -0.023
     223.62     0.058
     224.65    -0.009
     225.68    -0.077
     226.71    -0.038
     227.74    -0.024
     228.77     0.081
     229.80    -0.106
     230.83    -0.084
     231.86    -0.092
     232.89    -0.026
     233.92    -0.068
     234.95     0.052
     235.98    -0.012
     237.01     0.097
     238.04    -0.035
     239.07    -0.023
     240.10     0.013
     241.13     0.064
     242.16     0.052
     243.19     0.059
     244.23    -0.076
     245.26     0.013
     246.29    -0.049
     247.32     0.024
     248.35     0.024
     249.38     0.007
     250.41    -0.097
     251.44     0.049
     252.47    -0.105
     253.50    -0.105
     254.53     0.028
     255.56    -0.076
     256.59    -0.004
     257.62     0.029
     258.65    -0.146
     259.68     0.051
     260.71     0.044
     261.74     0.062
     262.77    -0.010
     263.80     0.071
     264.83    -0.003
     265.87     0.033
     266.90     0.025
     267.93     0.020
     268.96    -0.070
     269.99     0.051
     271.02    -0.016
     272.05    -0.035
     273.08     0.069
     274.11     0.020
     275.14     0.099
     276.17     0.091
     277.20    -0.018
     278.23     0.029
     279.26     0.011
     280.29    -0.050
     281.32    -0.036
     282.35    -0.032
     283.38     0.050
     284.41    -0.017
     285.44    -0.042
     286.48     0.035
     287.51    -0.063
     288.54    -0.017
     289.57    -0.039
     290.60     0.129
     291.63    -0.081
     292.66    -0.004
     293.69    -0.086
     294.72     0.064
     295.75     0.026
     296.78     0.047
     297.81    -0.058
     298.84    -0.061
     299.87    -0.045
     300.90    -0.052
     301.93    -0.012
     302.96     0.074
     303.99    -0.035
     305.02    -0.021
     306.05     0.047
     307.08    -0.002
     308.12     0.010
     309.15    -0.056
     310.18     0.000
     311.21     0.062
     312.24    -0.069
     313.27     0.053
     314.30     0.003
     315.33     0.088
     316.36    -0.011
     317.39    -0.049
     318.42     0.071
     319.45    -0.094
     320.48    -0.046
     321.51     0.000
     322.54    -0.060
     323.57     0.091
     324.60    -0.061
     325.63     0.027
     326.66     0.040
     327.69     0.117
     328.73     0.024
     329.76    -0.004
     330.79    -0.086
     331.82     0.057
     332.85    -0.019
     333.88    -0.072
     334.91     0.039
     335.94     0.074
     336.97     0.022
     338.00    -0.098
     339.03    -0.041
     340.06    -0.033
     341.09    -0.046
     342.12    -0.012
     343.15     0.075
     344.18     0.084
     345.21    -0.095
     346.24    -0.004
     347.27    -0.060
     348.30    -0.017
     349.33    -0.041
     350.37     0.031
     351.40    -0.027
     352.43     0.015
     353.46    -0.057
     354.49     0.032
     355.52     0.022
     356.55     0.037
     357.58    -0.092
     358.61     0.043
     359.64    -0.013
     360.67     0.062
     361.70     0.108
     362.73     0.105
     363.76     0.025
     364.79     0.002
     365.82     0.034
     366.85     0.042
     367.88    -0.027
     368.91     0.055
     369.94    -0.054
     370.98    -0.040
     372.01    -0.048
     373.04     0.077
     374.07    -0.138
     375.10     0.014
     376.13    -0.035
     377.16     0.024
     378.19    -0.048
     379.22     0.071
     380.25    -0.179
     381.28     0.109
     382.31    -0.015
     383.34    -0.036
     384.37    -0.042
     385.40    -0.097
     386.43     0.004
     387.46     0.070
     388.49    -0.019
     389.52     0.078
     390.55     0.045
     391.58    -0.018
     392.62     0.003
     393.65    -0.062
     394.68     0.015
     395.71     0.084
     396.74     0.038
     397.77     0.078
     398.80    -0.024
     399.83    -0.019