%%LAB     777  datapoints: v_lsr [km/s] and T_B [K]
    -399.83     0.093
    -398.80    -0.044
    -397.77    -0.075
    -396.74     0.005
    -395.71     0.032
    -394.68    -0.082
    -393.65     0.013
    -392.62    -0.020
    -391.58     0.009
    -390.55     0.032
    -389.52    -0.001
    -388.49    -0.008
    -387.46    -0.001
    -386.43    -0.028
    -385.40    -0.013
    -384.37    -0.013
    -383.34    -0.001
    -382.31     0.031
    -381.28     0.045
    -380.25    -0.035
    -379.22    -0.021
    -378.19    -0.005
    -377.16    -0.027
    -376.13    -0.112
    -375.10     0.042
    -374.07     0.025
    -373.04     0.020
    -372.01    -0.042
    -370.97     0.004
    -369.94    -0.080
    -368.91    -0.034
    -367.88     0.029
    -366.85     0.034
    -365.82     0.034
    -364.79     0.014
    -363.76    -0.021
    -362.73     0.044
    -361.70     0.017
    -360.67     0.003
    -359.64    -0.032
    -358.61     0.004
    -357.58    -0.007
    -356.55    -0.087
    -355.52    -0.079
    -354.49     0.093
    -353.46    -0.042
    -352.43     0.020
    -351.40    -0.106
    -350.37     0.036
    -349.33    -0.037
    -348.30    -0.003
    -347.27    -0.057
    -346.24    -0.067
    -345.21    -0.095
    -344.18     0.006
    -343.15    -0.037
    -342.12     0.008
    -341.09     0.077
    -340.06     0.027
    -339.03     0.013
    -338.00     0.005
    -336.97    -0.031
    -335.94    -0.009
    -334.91    -0.034
    -333.88    -0.069
    -332.85    -0.017
    -331.82     0.084
    -330.79     0.028
    -329.76    -0.027
    -328.72    -0.013
    -327.69    -0.016
    -326.66     0.020
    -325.63    -0.058
    -324.60    -0.010
    -323.57     0.092
    -322.54     0.036
    -321.51     0.048
    -320.48    -0.057
    -319.45    -0.086
    -318.42     0.035
    -317.39    -0.105
    -316.36    -0.011
    -315.33    -0.032
    -314.30    -0.027
    -313.27    -0.007
    -312.24     0.100
    -311.21     0.042
    -310.18     0.051
    -309.15     0.028
    -308.12    -0.033
    -307.08    -0.038
    -306.05     0.063
    -305.02     0.073
    -303.99     0.075
    -302.96     0.046
    -301.93     0.040
    -300.90     0.002
    -299.87    -0.097
    -298.84     0.014
    -297.81     0.045
    -296.78     0.074
    -295.75    -0.081
    -294.72     0.014
    -293.69     0.011
    -292.66     0.062
    -291.63    -0.013
    -290.60    -0.003
    -289.57     0.008
    -288.54     0.015
    -287.51     0.089
    -286.48     0.083
    -285.44    -0.028
    -284.41     0.122
    -283.38     0.022
    -282.35     0.003
    -281.32     0.029
    -280.29    -0.042
    -279.26    -0.020
    -278.23     0.037
    -277.20     0.063
    -276.17    -0.034
    -275.14    -0.066
    -274.11    -0.043
    -273.08    -0.027
    -272.05     0.040
    -271.02    -0.057
    -269.99     0.045
    -268.96     0.047
    -267.93     0.043
    -266.90    -0.058
    -265.87     0.006
    -264.83    -0.022
    -263.80     0.112
    -262.77     0.005
    -261.74    -0.045
    -260.71     0.035
    -259.68    -0.074
    -258.65     0.053
    -257.62     0.053
    -256.59    -0.076
    -255.56     0.022
    -254.53    -0.029
    -253.50     0.084
    -252.47    -0.021
    -251.44    -0.001
    -250.41    -0.076
    -249.38    -0.004
    -248.35     0.033
    -247.32     0.095
    -246.29    -0.006
    -245.26     0.082
    -244.23    -0.056
    -243.19     0.079
    -242.16     0.034
    -241.13     0.059
    -240.10     0.017
    -239.07     0.093
    -238.04    -0.088
    -237.01    -0.070
    -235.98     0.062
    -234.95     0.093
    -233.92     0.069
    -232.89     0.066
    -231.86     0.002
    -230.83     0.034
    -229.80     0.004
    -228.77     0.030
    -227.74    -0.026
    -226.71     0.011
    -225.68     0.007
    -224.65     0.058
    -223.62     0.122
    -222.58    -0.071
    -221.55     0.004
    -220.52     0.005
    -219.49    -0.087
    -218.46     0.030
    -217.43    -0.020
    -216.40     0.020
    -215.37     0.021
    -214.34    -0.020
    -213.31    -0.033
    -212.28    -0.037
    -211.25    -0.001
    -210.22     0.029
    -209.19    -0.025
    -208.16     0.032
    -207.13     0.026
    -206.10     0.078
    -205.07    -0.040
    -204.04    -0.131
    -203.01    -0.112
    -201.98    -0.042
    -200.94     0.038
    -199.91     0.106
    -198.88    -0.011
    -197.85     0.045
    -196.82    -0.017
    -195.79     0.074
    -194.76    -0.013
    -193.73     0.041
    -192.70    -0.034
    -191.67     0.049
    -190.64     0.007
    -189.61     0.143
    -188.58     0.018
    -187.55     0.040
    -186.52     0.127
    -185.49    -0.010
    -184.46    -0.001
    -183.43    -0.018
    -182.40    -0.049
    -181.37     0.035
    -180.34     0.084
    -179.30     0.047
    -178.27    -0.011
    -177.24     0.117
    -176.21     0.064
    -175.18     0.009
    -174.15     0.016
    -173.12     0.057
    -172.09     0.003
    -171.06     0.016
    -170.03    -0.065
    -169.00     0.033
    -167.97     0.033
    -166.94     0.108
    -165.91    -0.029
    -164.88    -0.041
    -163.85    -0.054
    -162.82     0.052
    -161.79    -0.085
    -160.76    -0.034
    -159.73    -0.066
    -158.69     0.009
    -157.66    -0.030
    -156.63     0.033
    -155.60    -0.057
    -154.57     0.063
    -153.54     0.035
    -152.51     0.006
    -151.48    -0.054
    -150.45     0.069
    -149.42    -0.059
    -148.39     0.080
    -147.36     0.135
    -146.33     0.052
    -145.30     0.003
    -144.27    -0.061
    -143.24    -0.046
    -142.21    -0.006
    -141.18    -0.006
    -140.15     0.037
    -139.12     0.010
    -138.09     0.196
    -137.05     0.152
    -136.02     0.248
    -134.99     0.147
    -133.96     0.130
    -132.93     0.277
    -131.90     0.260
    -130.87     0.263
    -129.84     0.378
    -128.81     0.416
    -127.78     0.400
    -126.75     0.436
    -125.72     0.435
    -124.69     0.497
    -123.66     0.598
    -122.63     0.622
    -121.60     0.626
    -120.57     0.587
    -119.54     0.754
    -118.51     0.699
    -117.48     0.728
    -116.44     0.752
    -115.41     0.816
    -114.38     0.726
    -113.35     0.844
    -112.32     0.792
    -111.29     0.851
    -110.26     0.780
    -109.23     0.726
    -108.20     0.656
    -107.17     0.772
    -106.14     0.604
    -105.11     0.603
    -104.08     0.473
    -103.05     0.560
    -102.02     0.546
    -100.99     0.529
     -99.96     0.407
     -98.93     0.394
     -97.90     0.357
     -96.87     0.407
     -95.84     0.427
     -94.80     0.343
     -93.77     0.209
     -92.74     0.301
     -91.71     0.341
     -90.68     0.463
     -89.65     0.313
     -88.62     0.294
     -87.59     0.411
     -86.56     0.385
     -85.53     0.406
     -84.50     0.455
     -83.47     0.359
     -82.44     0.542
     -81.41     0.475
     -80.38     0.559
     -79.35     0.551
     -78.32     0.544
     -77.29     0.533
     -76.26     0.461
     -75.23     0.441
     -74.19     0.483
     -73.16     0.426
     -72.13     0.533
     -71.10     0.366
     -70.07     0.458
     -69.04     0.451
     -68.01     0.454
     -66.98     0.454
     -65.95     0.371
     -64.92     0.322
     -63.89     0.370
     -62.86     0.356
     -61.83     0.294
     -60.80     0.254
     -59.77     0.368
     -58.74     0.310
     -57.71     0.354
     -56.68     0.464
     -55.65     0.329
     -54.62     0.387
     -53.59     0.407
     -52.55     0.548
     -51.52     0.594
     -50.49     0.546
     -49.46     0.606
     -48.43     0.696
     -47.40     0.748
     -46.37     0.740
     -45.34     0.902
     -44.31     0.893
     -43.28     1.048
     -42.25     1.083
     -41.22     1.185
     -40.19     1.298
     -39.16     1.298
     -38.13     1.284
     -37.10     1.382
     -36.07     1.268
     -35.04     1.419
     -34.01     1.392
     -32.98     1.383
     -31.95     1.341
     -30.91     1.344
     -29.88     1.331
     -28.85     1.448
     -27.82     1.416
     -26.79     1.534
     -25.76     1.668
     -24.73     1.617
     -23.70     1.700
     -22.67     1.930
     -21.64     2.045
     -20.61     2.222
     -19.58     2.278
     -18.55     2.441
     -17.52     2.504
     -16.49     2.644
     -15.46     2.804
     -14.43     2.998
     -13.40     3.285
     -12.37     3.538
     -11.34     3.987
     -10.30     4.543
      -9.27     4.952
      -8.24     5.845
      -7.21     6.862
      -6.18     8.086
      -5.15     9.144
      -4.12    10.197
      -3.09    10.671
      -2.06    10.895
      -1.03    10.770
       0.00    10.420
       1.03     9.799
       2.06     9.300
       3.09     9.031
       4.12     8.630
       5.15     8.183
       6.18     7.576
       7.21     6.905
       8.24     6.202
       9.27     5.477
      10.30     5.054
      11.34     4.567
      12.37     4.225
      13.40     3.864
      14.43     3.614
      15.46     3.223
      16.49     3.168
      17.52     2.881
      18.55     2.780
      19.58     2.349
      20.61     2.051
      21.64     1.640
      22.67     1.292
      23.70     1.115
      24.73     1.004
      25.76     0.786
      26.79     0.631
      27.82     0.621
      28.85     0.508
      29.88     0.367
      30.91     0.379
      31.95     0.321
      32.98     0.303
      34.01     0.196
      35.04     0.218
      36.07     0.106
      37.10     0.021
      38.13     0.057
      39.16     0.100
      40.19     0.020
      41.22     0.088
      42.25     0.002
      43.28     0.083
      44.31     0.048
      45.34     0.120
      46.37     0.038
      47.40    -0.014
      48.43    -0.009
      49.46     0.144
      50.49     0.036
      51.52     0.067
      52.55     0.005
      53.59     0.130
      54.62     0.025
      55.65     0.006
      56.68    -0.000
      57.71     0.029
      58.74     0.004
      59.77     0.017
      60.80    -0.027
      61.83    -0.002
      62.86    -0.039
      63.89     0.023
      64.92     0.005
      65.95    -0.014
      66.98     0.019
      68.01    -0.028
      69.04    -0.033
      70.07     0.061
      71.10     0.050
      72.13     0.016
      73.16     0.013
      74.20     0.106
      75.23    -0.051
      76.26    -0.020
      77.29     0.068
      78.32     0.016
      79.35     0.079
      80.38     0.028
      81.41    -0.025
      82.44    -0.019
      83.47     0.031
      84.50     0.072
      85.53    -0.020
      86.56     0.084
      87.59    -0.003
      88.62     0.013
      89.65    -0.016
      90.68    -0.044
      91.71     0.060
      92.74    -0.038
      93.77    -0.164
      94.80     0.016
      95.84    -0.035
      96.87    -0.028
      97.90    -0.090
      98.93     0.084
      99.96     0.016
     100.99     0.076
     102.02     0.026
     103.05     0.059
     104.08    -0.016
     105.11    -0.019
     106.14     0.010
     107.17    -0.031
     108.20     0.010
     109.23     0.140
     110.26     0.031
     111.29     0.016
     112.32    -0.026
     113.35     0.031
     114.38     0.148
     115.41     0.008
     116.44     0.092
     117.48     0.025
     118.51    -0.012
     119.54    -0.025
     120.57    -0.009
     121.60     0.048
     122.63    -0.000
     123.66     0.003
     124.69    -0.042
     125.72     0.008
     126.75    -0.060
     127.78     0.020
     128.81     0.124
     129.84     0.089
     130.87     0.017
     131.90     0.073
     132.93    -0.064
     133.96     0.020
     134.99     0.082
     136.02    -0.041
     137.05    -0.060
     138.09    -0.005
     139.12    -0.030
     140.15    -0.048
     141.18    -0.184
     142.21    -0.014
     143.24     0.043
     144.27     0.004
     145.30    -0.033
     146.33     0.005
     147.36    -0.064
     148.39    -0.055
     149.42     0.032
     150.45    -0.005
     151.48     0.126
     152.51     0.043
     153.54     0.018
     154.57    -0.005
     155.60    -0.022
     156.63     0.026
     157.66    -0.031
     158.69     0.031
     159.73     0.023
     160.76     0.035
     161.79     0.008
     162.82     0.033
     163.85     0.063
     164.88     0.027
     165.91    -0.075
     166.94     0.015
     167.97     0.023
     169.00    -0.027
     170.03     0.017
     171.06    -0.018
     172.09     0.017
     173.12     0.042
     174.15     0.000
     175.18     0.004
     176.21    -0.004
     177.24     0.011
     178.27     0.001
     179.30    -0.046
     180.34    -0.023
     181.37     0.009
     182.40    -0.036
     183.43     0.018
     184.46    -0.007
     185.49    -0.120
     186.52     0.040
     187.55     0.048
     188.58     0.014
     189.61    -0.046
     190.64     0.084
     191.67     0.011
     192.70    -0.028
     193.73    -0.005
     194.76     0.117
     195.79     0.025
     196.82    -0.028
     197.85    -0.013
     198.88    -0.057
     199.91     0.026
     200.94    -0.020
     201.98    -0.012
     203.01    -0.040
     204.04    -0.023
     205.07    -0.038
     206.10    -0.019
     207.13     0.001
     208.16     0.047
     209.19     0.001
     210.22    -0.070
     211.25    -0.001
     212.28     0.007
     213.31    -0.069
     214.34     0.084
     215.37     0.017
     216.40     0.106
     217.43     0.032
     218.46     0.102
     219.49    -0.003
     220.52     0.007
     221.55    -0.039
     222.58     0.068
     223.62     0.110
     224.65    -0.025
     225.68    -0.068
     226.71     0.076
     227.74    -0.095
     228.77    -0.005
     229.80    -0.086
     230.83     0.061
     231.86     0.019
     232.89     0.047
     233.92    -0.042
     234.95     0.035
     235.98     0.032
     237.01     0.050
     238.04     0.053
     239.07     0.103
     240.10    -0.039
     241.13    -0.054
     242.16     0.023
     243.19     0.001
     244.23     0.085
     245.26     0.092
     246.29     0.107
     247.32     0.059
     248.35    -0.087
     249.38     0.003
     250.41     0.034
     251.44    -0.024
     252.47    -0.039
     253.50     0.088
     254.53    -0.075
     255.56    -0.025
     256.59    -0.027
     257.62    -0.008
     258.65    -0.020
     259.68     0.066
     260.71     0.020
     261.74    -0.009
     262.77    -0.023
     263.80     0.057
     264.83     0.032
     265.87    -0.125
     266.90     0.067
     267.93    -0.061
     268.96     0.001
     269.99     0.030
     271.02    -0.026
     272.05    -0.076
     273.08     0.025
     274.11    -0.010
     275.14    -0.141
     276.17    -0.001
     277.20    -0.062
     278.23    -0.003
     279.26    -0.106
     280.29     0.029
     281.32    -0.011
     282.35     0.001
     283.38    -0.030
     284.41     0.046
     285.44    -0.077
     286.48    -0.047
     287.51    -0.042
     288.54    -0.005
     289.57     0.011
     290.60    -0.010
     291.63    -0.065
     292.66    -0.023
     293.69    -0.027
     294.72     0.059
     295.75    -0.062
     296.78     0.011
     297.81    -0.049
     298.84     0.088
     299.87    -0.111
     300.90    -0.073
     301.93    -0.159
     302.96     0.041
     303.99     0.019
     305.02     0.115
     306.05    -0.020
     307.08    -0.019
     308.12    -0.068
     309.15    -0.105
     310.18     0.044
     311.21     0.081
     312.24    -0.010
     313.27     0.040
     314.30    -0.002
     315.33     0.083
     316.36    -0.092
     317.39     0.074
     318.42    -0.064
     319.45    -0.044
     320.48    -0.082
     321.51     0.031
     322.54     0.038
     323.57    -0.000
     324.60    -0.021
     325.63    -0.019
     326.66     0.001
     327.69     0.019
     328.72     0.094
     329.76     0.127
     330.79    -0.075
     331.82     0.088
     332.85    -0.035
     333.88     0.058
     334.91    -0.054
     335.94    -0.066
     336.97     0.006
     338.00     0.044
     339.03    -0.049
     340.06    -0.008
     341.09     0.018
     342.12    -0.099
     343.15     0.057
     344.18     0.049
     345.21     0.044
     346.24    -0.004
     347.27    -0.105
     348.30    -0.032
     349.33    -0.052
     350.37    -0.017
     351.40     0.079
     352.43     0.040
     353.46     0.029
     354.49     0.008
     355.52     0.142
     356.55     0.041
     357.58     0.006
     358.61     0.113
     359.64     0.119
     360.67     0.051
     361.70     0.053
     362.73     0.052
     363.76     0.056
     364.79     0.040
     365.82    -0.010
     366.85    -0.002
     367.88     0.029
     368.91     0.032
     369.94    -0.042
     370.97     0.035
     372.01     0.059
     373.04    -0.051
     374.07    -0.043
     375.10    -0.033
     376.13    -0.100
     377.16     0.070
     378.19    -0.041
     379.22    -0.018
     380.25    -0.016
     381.28    -0.037
     382.31     0.043
     383.34     0.078
     384.37    -0.020
     385.40     0.040
     386.43    -0.027
     387.46     0.119
     388.49    -0.084
     389.52     0.060
     390.55    -0.041
     391.58     0.004
     392.62    -0.005
     393.65     0.048
     394.68     0.072
     395.71    -0.030
     396.74     0.075
     397.77     0.166
     398.80    -0.075
     399.83     0.025