%%LAB     777  datapoints: v_lsr [km/s] and T_B [K]
    -399.83     0.088
    -398.80     0.004
    -397.77     0.040
    -396.74     0.050
    -395.70     0.051
    -394.67    -0.038
    -393.64     0.095
    -392.61    -0.008
    -391.58     0.026
    -390.55    -0.021
    -389.52    -0.038
    -388.49    -0.010
    -387.46     0.013
    -386.43     0.037
    -385.40     0.086
    -384.37    -0.085
    -383.34     0.026
    -382.31     0.029
    -381.28     0.084
    -380.25    -0.016
    -379.22     0.110
    -378.19    -0.026
    -377.16     0.034
    -376.13     0.001
    -375.10    -0.108
    -374.06     0.048
    -373.03     0.012
    -372.00    -0.111
    -370.97    -0.022
    -369.94     0.030
    -368.91     0.024
    -367.88    -0.098
    -366.85     0.023
    -365.82     0.006
    -364.79    -0.010
    -363.76    -0.122
    -362.73    -0.047
    -361.70    -0.004
    -360.67     0.035
    -359.64     0.009
    -358.61     0.012
    -357.58     0.004
    -356.55    -0.117
    -355.52    -0.094
    -354.49    -0.018
    -353.46     0.012
    -352.42     0.043
    -351.39     0.024
    -350.36    -0.027
    -349.33    -0.023
    -348.30    -0.006
    -347.27     0.059
    -346.24    -0.026
    -345.21     0.001
    -344.18     0.108
    -343.15     0.064
    -342.12    -0.032
    -341.09     0.049
    -340.06    -0.015
    -339.03    -0.044
    -338.00     0.016
    -336.97     0.006
    -335.94     0.105
    -334.91     0.029
    -333.88    -0.054
    -332.85     0.036
    -331.82    -0.019
    -330.78     0.045
    -329.75    -0.020
    -328.72    -0.029
    -327.69     0.094
    -326.66     0.029
    -325.63    -0.007
    -324.60     0.018
    -323.57     0.061
    -322.54    -0.089
    -321.51    -0.016
    -320.48     0.002
    -319.45     0.055
    -318.42    -0.065
    -317.39    -0.018
    -316.36     0.021
    -315.33    -0.026
    -314.30    -0.046
    -313.27     0.016
    -312.24     0.042
    -311.21     0.031
    -310.17    -0.044
    -309.14     0.070
    -308.11    -0.128
    -307.08     0.024
    -306.05    -0.026
    -305.02    -0.040
    -303.99     0.037
    -302.96     0.069
    -301.93    -0.041
    -300.90     0.004
    -299.87    -0.017
    -298.84     0.080
    -297.81     0.017
    -296.78     0.069
    -295.75    -0.014
    -294.72    -0.018
    -293.69     0.017
    -292.66     0.034
    -291.63    -0.007
    -290.60     0.031
    -289.57     0.004
    -288.53     0.006
    -287.50     0.055
    -286.47     0.005
    -285.44    -0.073
    -284.41     0.051
    -283.38    -0.032
    -282.35     0.036
    -281.32     0.070
    -280.29     0.039
    -279.26    -0.112
    -278.23     0.052
    -277.20    -0.010
    -276.17     0.040
    -275.14     0.067
    -274.11    -0.009
    -273.08     0.020
    -272.05     0.038
    -271.02    -0.093
    -269.99    -0.085
    -268.96     0.048
    -267.93    -0.047
    -266.89    -0.054
    -265.86    -0.015
    -264.83     0.001
    -263.80    -0.061
    -262.77     0.066
    -261.74    -0.037
    -260.71    -0.006
    -259.68     0.046
    -258.65    -0.031
    -257.62     0.093
    -256.59    -0.021
    -255.56     0.047
    -254.53     0.011
    -253.50     0.033
    -252.47     0.045
    -251.44    -0.020
    -250.41    -0.052
    -249.38     0.001
    -248.35     0.036
    -247.32     0.056
    -246.29     0.072
    -245.25    -0.019
    -244.22    -0.091
    -243.19     0.027
    -242.16    -0.040
    -241.13     0.057
    -240.10    -0.030
    -239.07    -0.007
    -238.04    -0.100
    -237.01     0.044
    -235.98     0.026
    -234.95     0.012
    -233.92    -0.003
    -232.89    -0.009
    -231.86     0.039
    -230.83     0.070
    -229.80    -0.014
    -228.77     0.064
    -227.74     0.044
    -226.71     0.060
    -225.68    -0.011
    -224.64     0.007
    -223.61    -0.069
    -222.58     0.008
    -221.55     0.014
    -220.52     0.097
    -219.49    -0.011
    -218.46    -0.020
    -217.43    -0.064
    -216.40    -0.005
    -215.37     0.041
    -214.34     0.017
    -213.31     0.009
    -212.28     0.080
    -211.25    -0.004
    -210.22     0.020
    -209.19    -0.087
    -208.16    -0.057
    -207.13    -0.041
    -206.10    -0.027
    -205.07    -0.060
    -204.04    -0.039
    -203.00     0.063
    -201.97     0.029
    -200.94     0.006
    -199.91     0.065
    -198.88     0.013
    -197.85     0.083
    -196.82    -0.076
    -195.79    -0.021
    -194.76    -0.013
    -193.73     0.121
    -192.70     0.016
    -191.67    -0.030
    -190.64    -0.019
    -189.61    -0.022
    -188.58     0.079
    -187.55    -0.014
    -186.52    -0.087
    -185.49    -0.031
    -184.46    -0.154
    -183.43     0.100
    -182.40     0.041
    -181.36     0.080
    -180.33     0.002
    -179.30     0.082
    -178.27    -0.065
    -177.24     0.010
    -176.21    -0.013
    -175.18    -0.052
    -174.15    -0.004
    -173.12     0.016
    -172.09     0.132
    -171.06     0.084
    -170.03     0.076
    -169.00     0.068
    -167.97     0.097
    -166.94     0.005
    -165.91     0.036
    -164.88     0.069
    -163.85     0.067
    -162.82     0.068
    -161.79     0.080
    -160.76     0.085
    -159.72    -0.000
    -158.69     0.044
    -157.66     0.028
    -156.63     0.081
    -155.60     0.044
    -154.57     0.137
    -153.54     0.054
    -152.51     0.174
    -151.48     0.153
    -150.45     0.252
    -149.42     0.195
    -148.39     0.193
    -147.36     0.173
    -146.33     0.379
    -145.30     0.369
    -144.27     0.471
    -143.24     0.374
    -142.21     0.534
    -141.18     0.532
    -140.15     0.576
    -139.12     0.689
    -138.08     0.918
    -137.05     0.814
    -136.02     0.961
    -134.99     1.085
    -133.96     1.119
    -132.93     1.218
    -131.90     1.444
    -130.87     1.545
    -129.84     1.672
    -128.81     1.764
    -127.78     1.912
    -126.75     2.024
    -125.72     2.348
    -124.69     2.379
    -123.66     2.708
    -122.63     2.836
    -121.60     2.955
    -120.57     3.158
    -119.54     3.408
    -118.51     3.509
    -117.47     3.759
    -116.44     3.938
    -115.41     4.230
    -114.38     4.320
    -113.35     4.548
    -112.32     4.799
    -111.29     5.022
    -110.26     5.410
    -109.23     5.729
    -108.20     5.957
    -107.17     5.914
    -106.14     6.164
    -105.11     6.144
    -104.08     6.233
    -103.05     5.867
    -102.02     5.686
    -100.99     5.561
     -99.96     5.381
     -98.93     5.314
     -97.90     5.051
     -96.87     4.892
     -95.83     4.845
     -94.80     4.776
     -93.77     4.666
     -92.74     4.760
     -91.71     4.587
     -90.68     4.586
     -89.65     4.559
     -88.62     4.740
     -87.59     4.791
     -86.56     4.821
     -85.53     4.903
     -84.50     4.975
     -83.47     5.325
     -82.44     5.510
     -81.41     5.718
     -80.38     5.962
     -79.35     6.006
     -78.32     6.011
     -77.29     5.876
     -76.26     5.810
     -75.23     5.565
     -74.19     5.361
     -73.16     5.069
     -72.13     4.844
     -71.10     4.506
     -70.07     4.131
     -69.04     3.815
     -68.01     3.822
     -66.98     3.567
     -65.95     3.437
     -64.92     3.256
     -63.89     3.135
     -62.86     3.118
     -61.83     2.861
     -60.80     2.734
     -59.77     2.550
     -58.74     2.492
     -57.71     2.445
     -56.68     2.297
     -55.65     2.325
     -54.62     2.293
     -53.59     2.357
     -52.55     2.385
     -51.52     2.327
     -50.49     2.424
     -49.46     2.391
     -48.43     2.575
     -47.40     2.503
     -46.37     2.706
     -45.34     2.659
     -44.31     2.913
     -43.28     3.094
     -42.25     3.225
     -41.22     3.374
     -40.19     3.888
     -39.16     4.247
     -38.13     4.856
     -37.10     5.565
     -36.07     6.431
     -35.04     7.625
     -34.01     9.100
     -32.98    10.785
     -31.94    12.231
     -30.91    13.073
     -29.88    13.573
     -28.85    13.762
     -27.82    13.403
     -26.79    13.013
     -25.76    12.907
     -24.73    12.667
     -23.70    12.807
     -22.67    12.968
     -21.64    13.048
     -20.61    13.226
     -19.58    13.569
     -18.55    14.005
     -17.52    14.584
     -16.49    15.445
     -15.46    16.273
     -14.43    17.252
     -13.40    18.311
     -12.37    19.930
     -11.34    21.780
     -10.30    24.429
      -9.27    26.991
      -8.24    29.358
      -7.21    31.549
      -6.18    34.942
      -5.15    39.609
      -4.12    46.017
      -3.09    51.251
      -2.06    54.575
      -1.03    57.215
       0.00    59.557
       1.03    59.673
       2.06    58.445
       3.09    54.822
       4.12    49.020
       5.15    42.232
       6.18    36.467
       7.21    30.548
       8.24    24.737
       9.27    18.760
      10.30    13.602
      11.34     9.753
      12.37     7.181
      13.40     5.289
      14.43     4.097
      15.46     3.142
      16.49     2.457
      17.52     2.006
      18.55     1.523
      19.58     1.212
      20.61     0.946
      21.64     0.882
      22.67     0.770
      23.70     0.470
      24.73     0.537
      25.76     0.264
      26.79     0.308
      27.82     0.137
      28.85     0.095
      29.88     0.085
      30.91     0.068
      31.94     0.069
      32.98     0.165
      34.01     0.283
      35.04     0.143
      36.07     0.119
      37.10     0.016
      38.13     0.068
      39.16     0.010
      40.19    -0.013
      41.22     0.036
      42.25    -0.028
      43.28    -0.000
      44.31     0.065
      45.34     0.003
      46.37     0.043
      47.40    -0.049
      48.43    -0.017
      49.46     0.078
      50.49    -0.033
      51.52     0.025
      52.55     0.041
      53.59    -0.025
      54.62    -0.062
      55.65     0.133
      56.68     0.026
      57.71     0.113
      58.74    -0.004
      59.77    -0.001
      60.80    -0.028
      61.83     0.016
      62.86     0.069
      63.89     0.012
      64.92    -0.059
      65.95     0.102
      66.98     0.030
      68.01     0.061
      69.04    -0.038
      70.07     0.177
      71.10    -0.001
      72.13     0.109
      73.16     0.004
      74.19     0.007
      75.23     0.036
      76.26     0.075
      77.29    -0.042
      78.32     0.029
      79.35     0.044
      80.38     0.096
      81.41     0.023
      82.44    -0.024
      83.47    -0.044
      84.50     0.046
      85.53    -0.007
      86.56     0.047
      87.59     0.029
      88.62     0.038
      89.65    -0.009
      90.68    -0.027
      91.71     0.000
      92.74     0.107
      93.77    -0.023
      94.80     0.070
      95.83    -0.026
      96.87    -0.046
      97.90    -0.167
      98.93    -0.036
      99.96     0.019
     100.99     0.028
     102.02     0.036
     103.05     0.011
     104.08    -0.007
     105.11     0.039
     106.14    -0.059
     107.17     0.124
     108.20    -0.002
     109.23     0.037
     110.26    -0.032
     111.29    -0.007
     112.32     0.125
     113.35    -0.044
     114.38     0.019
     115.41    -0.010
     116.44     0.065
     117.47    -0.000
     118.51    -0.016
     119.54    -0.115
     120.57     0.046
     121.60     0.018
     122.63     0.031
     123.66     0.018
     124.69    -0.010
     125.72     0.036
     126.75     0.007
     127.78     0.046
     128.81     0.029
     129.84     0.006
     130.87     0.023
     131.90     0.068
     132.93    -0.026
     133.96    -0.031
     134.99    -0.107
     136.02    -0.028
     137.05    -0.086
     138.08     0.017
     139.11    -0.018
     140.15     0.020
     141.18     0.057
     142.21     0.051
     143.24    -0.038
     144.27     0.101
     145.30     0.037
     146.33    -0.042
     147.36    -0.009
     148.39     0.039
     149.42    -0.018
     150.45     0.114
     151.48     0.003
     152.51     0.018
     153.54    -0.052
     154.57     0.053
     155.60    -0.036
     156.63     0.070
     157.66    -0.010
     158.69     0.056
     159.72    -0.002
     160.76    -0.023
     161.79    -0.008
     162.82    -0.064
     163.85    -0.026
     164.88     0.032
     165.91    -0.050
     166.94     0.026
     167.97     0.053
     169.00    -0.087
     170.03    -0.060
     171.06     0.080
     172.09     0.015
     173.12     0.065
     174.15    -0.041
     175.18     0.103
     176.21    -0.021
     177.24     0.028
     178.27     0.027
     179.30     0.149
     180.33    -0.032
     181.36     0.011
     182.40     0.123
     183.43     0.064
     184.46    -0.013
     185.49    -0.011
     186.52    -0.008
     187.55     0.073
     188.58    -0.067
     189.61    -0.026
     190.64     0.093
     191.67     0.035
     192.70     0.053
     193.73    -0.022
     194.76     0.012
     195.79    -0.013
     196.82    -0.088
     197.85     0.001
     198.88    -0.023
     199.91    -0.037
     200.94    -0.053
     201.97    -0.084
     203.00    -0.129
     204.04     0.084
     205.07     0.012
     206.10     0.044
     207.13     0.039
     208.16     0.070
     209.19     0.037
     210.22     0.087
     211.25    -0.040
     212.28    -0.086
     213.31     0.021
     214.34     0.077
     215.37    -0.075
     216.40    -0.076
     217.43     0.012
     218.46     0.114
     219.49    -0.051
     220.52     0.013
     221.55    -0.063
     222.58     0.174
     223.61     0.019
     224.64    -0.076
     225.68    -0.091
     226.71     0.060
     227.74     0.051
     228.77    -0.052
     229.80     0.015
     230.83     0.007
     231.86    -0.022
     232.89     0.087
     233.92    -0.001
     234.95     0.056
     235.98    -0.063
     237.01    -0.031
     238.04    -0.065
     239.07    -0.046
     240.10     0.029
     241.13    -0.011
     242.16     0.018
     243.19    -0.088
     244.22    -0.043
     245.25     0.008
     246.29    -0.052
     247.32     0.096
     248.35     0.039
     249.38    -0.068
     250.41    -0.130
     251.44     0.012
     252.47    -0.072
     253.50    -0.019
     254.53     0.076
     255.56     0.112
     256.59    -0.049
     257.62     0.074
     258.65     0.049
     259.68     0.012
     260.71     0.002
     261.74    -0.015
     262.77    -0.005
     263.80     0.052
     264.83    -0.027
     265.86     0.062
     266.89    -0.192
     267.93    -0.063
     268.96    -0.133
     269.99    -0.004
     271.02     0.059
     272.05     0.067
     273.08     0.029
     274.11    -0.022
     275.14     0.003
     276.17     0.067
     277.20    -0.025
     278.23     0.050
     279.26    -0.044
     280.29     0.022
     281.32     0.026
     282.35     0.063
     283.38    -0.062
     284.41    -0.084
     285.44     0.095
     286.47     0.060
     287.50     0.045
     288.53     0.022
     289.57    -0.013
     290.60    -0.023
     291.63    -0.083
     292.66    -0.007
     293.69     0.024
     294.72    -0.004
     295.75    -0.055
     296.78    -0.024
     297.81     0.006
     298.84    -0.013
     299.87    -0.052
     300.90     0.067
     301.93     0.036
     302.96     0.049
     303.99     0.058
     305.02     0.014
     306.05    -0.061
     307.08    -0.055
     308.11    -0.053
     309.14    -0.075
     310.17    -0.097
     311.21     0.017
     312.24    -0.133
     313.27    -0.115
     314.30     0.068
     315.33     0.026
     316.36     0.048
     317.39     0.018
     318.42    -0.016
     319.45    -0.023
     320.48     0.055
     321.51     0.028
     322.54     0.019
     323.57     0.019
     324.60    -0.025
     325.63     0.028
     326.66    -0.044
     327.69     0.076
     328.72    -0.055
     329.75     0.068
     330.78    -0.070
     331.82    -0.046
     332.85    -0.072
     333.88     0.031
     334.91    -0.006
     335.94    -0.010
     336.97     0.022
     338.00    -0.028
     339.03     0.064
     340.06    -0.024
     341.09    -0.067
     342.12     0.141
     343.15     0.019
     344.18    -0.018
     345.21    -0.017
     346.24     0.027
     347.27    -0.088
     348.30     0.070
     349.33    -0.058
     350.36     0.178
     351.39    -0.121
     352.42     0.003
     353.46    -0.022
     354.49     0.093
     355.52    -0.136
     356.55     0.161
     357.58     0.035
     358.61     0.062
     359.64     0.068
     360.67     0.095
     361.70    -0.057
     362.73     0.035
     363.76     0.056
     364.79     0.049
     365.82    -0.045
     366.85    -0.036
     367.88     0.016
     368.91     0.033
     369.94    -0.047
     370.97    -0.007
     372.00     0.026
     373.03     0.060
     374.06    -0.039
     375.10    -0.068
     376.13    -0.017
     377.16     0.092
     378.19    -0.102
     379.22    -0.004
     380.25    -0.036
     381.28     0.028
     382.31    -0.115
     383.34     0.124
     384.37     0.173
     385.40     0.048
     386.43    -0.038
     387.46     0.046
     388.49    -0.010
     389.52     0.086
     390.55     0.048
     391.58     0.111
     392.61     0.067
     393.64    -0.014
     394.67    -0.035
     395.70     0.013
     396.74     0.020
     397.77     0.052
     398.80     0.032
     399.83     0.083