%%LAB     777  datapoints: v_lsr [km/s] and T_B [K]
    -399.84    -0.070
    -398.80     0.043
    -397.77    -0.090
    -396.74    -0.047
    -395.71    -0.030
    -394.68    -0.101
    -393.65    -0.075
    -392.62     0.041
    -391.59    -0.035
    -390.56    -0.106
    -389.53    -0.033
    -388.50    -0.109
    -387.47    -0.076
    -386.44    -0.008
    -385.41    -0.047
    -384.38     0.016
    -383.35    -0.023
    -382.32     0.038
    -381.29    -0.042
    -380.26    -0.098
    -379.23     0.070
    -378.19     0.020
    -377.16     0.164
    -376.13     0.073
    -375.10     0.037
    -374.07     0.031
    -373.04     0.052
    -372.01    -0.098
    -370.98     0.022
    -369.95    -0.061
    -368.92     0.023
    -367.89    -0.021
    -366.86     0.033
    -365.83     0.089
    -364.80     0.086
    -363.77    -0.031
    -362.74    -0.064
    -361.71    -0.054
    -360.68     0.105
    -359.65    -0.033
    -358.62     0.047
    -357.58    -0.009
    -356.55    -0.010
    -355.52    -0.063
    -354.49     0.048
    -353.46    -0.057
    -352.43    -0.013
    -351.40     0.078
    -350.37    -0.091
    -349.34    -0.008
    -348.31     0.090
    -347.28    -0.012
    -346.25     0.028
    -345.22    -0.084
    -344.19     0.040
    -343.16     0.013
    -342.13    -0.116
    -341.10    -0.088
    -340.07    -0.022
    -339.04    -0.036
    -338.01     0.052
    -336.97     0.113
    -335.94    -0.061
    -334.91     0.028
    -333.88     0.002
    -332.85    -0.087
    -331.82     0.028
    -330.79     0.154
    -329.76     0.009
    -328.73     0.118
    -327.70    -0.028
    -326.67    -0.011
    -325.64     0.065
    -324.61     0.172
    -323.58     0.051
    -322.55    -0.011
    -321.52    -0.017
    -320.49    -0.051
    -319.46     0.096
    -318.43    -0.021
    -317.40     0.005
    -316.36    -0.018
    -315.33     0.045
    -314.30     0.019
    -313.27     0.028
    -312.24    -0.073
    -311.21    -0.052
    -310.18    -0.004
    -309.15    -0.009
    -308.12    -0.091
    -307.09     0.164
    -306.06     0.056
    -305.03     0.029
    -304.00     0.031
    -302.97    -0.019
    -301.94     0.030
    -300.91     0.073
    -299.88    -0.043
    -298.85     0.034
    -297.82    -0.051
    -296.79     0.005
    -295.75    -0.044
    -294.72    -0.017
    -293.69     0.021
    -292.66     0.127
    -291.63    -0.001
    -290.60     0.054
    -289.57     0.071
    -288.54    -0.077
    -287.51    -0.043
    -286.48     0.105
    -285.45     0.072
    -284.42     0.093
    -283.39     0.023
    -282.36    -0.006
    -281.33    -0.046
    -280.30     0.009
    -279.27    -0.091
    -278.24    -0.018
    -277.21    -0.232
    -276.17    -0.104
    -275.14    -0.097
    -274.11    -0.006
    -273.08    -0.083
    -272.05    -0.012
    -271.02     0.011
    -269.99     0.047
    -268.96     0.018
    -267.93    -0.050
    -266.90    -0.039
    -265.87     0.022
    -264.84     0.037
    -263.81    -0.004
    -262.78    -0.019
    -261.75     0.057
    -260.72     0.036
    -259.69     0.050
    -258.66     0.116
    -257.63    -0.009
    -256.60     0.004
    -255.56    -0.055
    -254.53    -0.047
    -253.50    -0.048
    -252.47     0.143
    -251.44     0.130
    -250.41    -0.035
    -249.38    -0.020
    -248.35     0.008
    -247.32     0.070
    -246.29     0.121
    -245.26    -0.117
    -244.23    -0.069
    -243.20     0.155
    -242.17    -0.007
    -241.14    -0.028
    -240.11     0.046
    -239.08     0.015
    -238.05    -0.045
    -237.02    -0.045
    -235.99    -0.055
    -234.95     0.032
    -233.92     0.055
    -232.89     0.060
    -231.86    -0.030
    -230.83    -0.043
    -229.80    -0.049
    -228.77     0.008
    -227.74     0.070
    -226.71     0.049
    -225.68     0.067
    -224.65    -0.029
    -223.62    -0.065
    -222.59     0.059
    -221.56    -0.131
    -220.53    -0.024
    -219.50     0.019
    -218.47     0.013
    -217.44     0.040
    -216.41     0.007
    -215.38    -0.156
    -214.34     0.064
    -213.31     0.021
    -212.28     0.038
    -211.25     0.082
    -210.22     0.101
    -209.19    -0.053
    -208.16    -0.035
    -207.13    -0.020
    -206.10     0.066
    -205.07     0.080
    -204.04     0.059
    -203.01    -0.050
    -201.98     0.102
    -200.95     0.046
    -199.92     0.006
    -198.89     0.003
    -197.86     0.172
    -196.83    -0.115
    -195.80     0.017
    -194.77     0.058
    -193.73    -0.125
    -192.70    -0.048
    -191.67     0.115
    -190.64    -0.022
    -189.61     0.117
    -188.58     0.084
    -187.55     0.036
    -186.52     0.072
    -185.49     0.093
    -184.46     0.144
    -183.43     0.109
    -182.40     0.013
    -181.37     0.072
    -180.34    -0.063
    -179.31     0.064
    -178.28    -0.115
    -177.25     0.027
    -176.22    -0.064
    -175.19    -0.022
    -174.16    -0.033
    -173.12    -0.052
    -172.09     0.124
    -171.06    -0.076
    -170.03     0.046
    -169.00     0.051
    -167.97     0.019
    -166.94    -0.069
    -165.91     0.006
    -164.88     0.100
    -163.85    -0.078
    -162.82     0.105
    -161.79     0.005
    -160.76     0.063
    -159.73    -0.064
    -158.70     0.116
    -157.67     0.005
    -156.64     0.052
    -155.61    -0.011
    -154.58    -0.034
    -153.55     0.001
    -152.51     0.109
    -151.48     0.097
    -150.45     0.028
    -149.42     0.047
    -148.39     0.080
    -147.36    -0.043
    -146.33     0.174
    -145.30     0.122
    -144.27     0.063
    -143.24     0.125
    -142.21     0.287
    -141.18     0.216
    -140.15     0.247
    -139.12     0.247
    -138.09     0.283
    -137.06     0.306
    -136.03     0.530
    -135.00     0.551
    -133.97     0.555
    -132.93     0.547
    -131.90     0.654
    -130.87     0.548
    -129.84     0.635
    -128.81     0.813
    -127.78     0.937
    -126.75     0.794
    -125.72     0.950
    -124.69     1.141
    -123.66     1.241
    -122.63     1.320
    -121.60     1.409
    -120.57     1.568
    -119.54     1.778
    -118.51     1.712
    -117.48     1.996
    -116.45     2.179
    -115.42     2.639
    -114.39     2.942
    -113.36     3.652
    -112.32     4.307
    -111.29     5.284
    -110.26     6.348
    -109.23     7.475
    -108.20     8.469
    -107.17     9.454
    -106.14     9.938
    -105.11    10.531
    -104.08    10.691
    -103.05    10.698
    -102.02    10.181
    -100.99    10.486
     -99.96    11.044
     -98.93    12.384
     -97.90    14.353
     -96.87    17.641
     -95.84    21.623
     -94.81    26.808
     -93.78    32.290
     -92.75    37.562
     -91.71    41.114
     -90.68    42.436
     -89.65    42.492
     -88.62    41.428
     -87.59    39.288
     -86.56    36.535
     -85.53    33.271
     -84.50    30.234
     -83.47    27.735
     -82.44    26.066
     -81.41    25.151
     -80.38    24.834
     -79.35    24.966
     -78.32    26.073
     -77.29    28.026
     -76.26    30.641
     -75.23    33.340
     -74.20    36.255
     -73.17    39.123
     -72.14    42.191
     -71.10    45.255
     -70.07    47.853
     -69.04    48.900
     -68.01    48.239
     -66.98    47.143
     -65.95    47.035
     -64.92    47.688
     -63.89    48.941
     -62.86    49.428
     -61.83    48.204
     -60.80    44.942
     -59.77    39.340
     -58.74    32.526
     -57.71    26.729
     -56.68    22.770
     -55.65    21.187
     -54.62    20.464
     -53.59    20.667
     -52.56    21.083
     -51.53    21.646
     -50.49    22.586
     -49.46    23.841
     -48.43    24.912
     -47.40    25.927
     -46.37    26.290
     -45.34    26.601
     -44.31    26.654
     -43.28    27.043
     -42.25    27.446
     -41.22    27.614
     -40.19    28.413
     -39.16    29.970
     -38.13    32.405
     -37.10    36.239
     -36.07    40.774
     -35.04    45.551
     -34.01    48.687
     -32.98    50.251
     -31.95    49.848
     -30.92    47.813
     -29.88    44.409
     -28.85    41.201
     -27.82    38.638
     -26.79    36.515
     -25.76    35.067
     -24.73    33.998
     -23.70    33.592
     -22.67    33.334
     -21.64    33.218
     -20.61    33.666
     -19.58    34.365
     -18.55    35.737
     -17.52    37.164
     -16.49    39.451
     -15.46    42.301
     -14.43    46.599
     -13.40    51.687
     -12.37    58.306
     -11.34    66.189
     -10.31    74.976
      -9.27    83.489
      -8.24    91.166
      -7.21    97.208
      -6.18   102.472
      -5.15   106.819
      -4.12   111.459
      -3.09   115.971
      -2.06   117.844
      -1.03   119.150
       0.00   119.066
       1.03   118.470
       2.06   118.704
       3.09   117.253
       4.12   111.465
       5.15    99.073
       6.18    94.023
       7.21   104.494
       8.24   115.394
       9.27   118.906
      10.31   117.069
      11.34   112.777
      12.37   107.818
      13.40    98.557
      14.43    87.952
      15.46    75.579
      16.49    61.813
      17.52    49.021
      18.55    38.222
      19.58    29.290
      20.61    22.486
      21.64    17.668
      22.67    14.098
      23.70    11.480
      24.73     9.384
      25.76     7.858
      26.79     6.636
      27.82     5.606
      28.85     4.673
      29.88     3.927
      30.92     3.418
      31.95     2.922
      32.98     2.563
      34.01     2.146
      35.04     1.833
      36.07     1.533
      37.10     1.324
      38.13     1.218
      39.16     1.149
      40.19     0.802
      41.22     0.777
      42.25     0.677
      43.28     0.583
      44.31     0.350
      45.34     0.501
      46.37     0.387
      47.40     0.364
      48.43     0.299
      49.46     0.232
      50.49     0.320
      51.53     0.269
      52.56     0.065
      53.59     0.242
      54.62     0.053
      55.65     0.054
      56.68     0.173
      57.71     0.119
      58.74     0.019
      59.77     0.153
      60.80    -0.086
      61.83     0.148
      62.86    -0.018
      63.89     0.117
      64.92     0.028
      65.95     0.035
      66.98     0.104
      68.01    -0.014
      69.04     0.096
      70.07     0.035
      71.10     0.089
      72.14     0.143
      73.17     0.030
      74.20     0.076
      75.23     0.019
      76.26     0.076
      77.29     0.019
      78.32     0.211
      79.35     0.106
      80.38     0.122
      81.41     0.028
      82.44     0.012
      83.47     0.054
      84.50    -0.076
      85.53    -0.073
      86.56     0.014
      87.59     0.063
      88.62     0.083
      89.65    -0.051
      90.68     0.008
      91.71     0.086
      92.75     0.168
      93.78     0.029
      94.81     0.076
      95.84    -0.029
      96.87    -0.026
      97.90    -0.001
      98.93    -0.061
      99.96    -0.038
     100.99     0.087
     102.02     0.005
     103.05     0.034
     104.08    -0.055
     105.11     0.102
     106.14     0.071
     107.17     0.023
     108.20     0.105
     109.23     0.085
     110.26    -0.012
     111.29     0.163
     112.32    -0.009
     113.36     0.020
     114.39     0.013
     115.42     0.080
     116.45    -0.087
     117.48     0.126
     118.51     0.070
     119.54    -0.058
     120.57     0.068
     121.60     0.053
     122.63     0.041
     123.66     0.037
     124.69     0.035
     125.72     0.105
     126.75    -0.079
     127.78     0.079
     128.81    -0.087
     129.84     0.031
     130.87    -0.090
     131.90    -0.113
     132.93     0.011
     133.97    -0.111
     135.00    -0.083
     136.03    -0.107
     137.06    -0.027
     138.09    -0.077
     139.12    -0.058
     140.15    -0.064
     141.18    -0.026
     142.21    -0.043
     143.24    -0.049
     144.27     0.011
     145.30    -0.067
     146.33     0.019
     147.36     0.107
     148.39     0.015
     149.42    -0.045
     150.45     0.005
     151.48    -0.063
     152.51    -0.056
     153.55    -0.186
     154.58    -0.054
     155.61     0.110
     156.64     0.024
     157.67     0.039
     158.70    -0.054
     159.73    -0.079
     160.76     0.003
     161.79    -0.141
     162.82     0.012
     163.85     0.048
     164.88     0.052
     165.91     0.064
     166.94     0.090
     167.97    -0.015
     169.00    -0.078
     170.03    -0.025
     171.06     0.140
     172.09     0.048
     173.12     0.021
     174.16     0.043
     175.19     0.040
     176.22    -0.033
     177.25     0.005
     178.28     0.003
     179.31     0.039
     180.34     0.042
     181.37    -0.003
     182.40    -0.069
     183.43    -0.017
     184.46    -0.101
     185.49     0.176
     186.52    -0.063
     187.55     0.042
     188.58     0.035
     189.61     0.109
     190.64     0.006
     191.67     0.050
     192.70     0.037
     193.73    -0.072
     194.77    -0.083
     195.80    -0.022
     196.83     0.036
     197.86     0.135
     198.89     0.010
     199.92     0.018
     200.95     0.048
     201.98     0.173
     203.01     0.019
     204.04    -0.023
     205.07    -0.048
     206.10    -0.033
     207.13     0.079
     208.16     0.052
     209.19    -0.055
     210.22     0.090
     211.25    -0.154
     212.28     0.046
     213.31    -0.017
     214.34     0.013
     215.38    -0.077
     216.41     0.042
     217.44     0.023
     218.47     0.051
     219.50     0.025
     220.53     0.171
     221.56     0.046
     222.59     0.001
     223.62    -0.021
     224.65    -0.025
     225.68     0.070
     226.71    -0.009
     227.74    -0.092
     228.77     0.125
     229.80     0.043
     230.83     0.038
     231.86    -0.107
     232.89     0.017
     233.92     0.005
     234.95     0.135
     235.99    -0.113
     237.02     0.109
     238.05    -0.039
     239.08    -0.140
     240.11    -0.122
     241.14    -0.017
     242.17    -0.039
     243.20     0.098
     244.23    -0.061
     245.26     0.023
     246.29    -0.029
     247.32     0.129
     248.35    -0.051
     249.38    -0.019
     250.41    -0.052
     251.44     0.069
     252.47    -0.124
     253.50     0.047
     254.53    -0.016
     255.56     0.024
     256.60     0.045
     257.63    -0.016
     258.66    -0.009
     259.69    -0.079
     260.72    -0.002
     261.75     0.013
     262.78    -0.085
     263.81     0.102
     264.84    -0.018
     265.87     0.014
     266.90     0.004
     267.93    -0.128
     268.96    -0.075
     269.99     0.046
     271.02    -0.031
     272.05     0.018
     273.08    -0.068
     274.11    -0.013
     275.14    -0.087
     276.17     0.011
     277.21    -0.070
     278.24     0.020
     279.27     0.001
     280.30     0.067
     281.33    -0.000
     282.36     0.057
     283.39    -0.041
     284.42     0.046
     285.45     0.043
     286.48    -0.005
     287.51     0.047
     288.54    -0.034
     289.57     0.053
     290.60     0.011
     291.63     0.165
     292.66    -0.098
     293.69    -0.007
     294.72     0.133
     295.75    -0.012
     296.79     0.082
     297.82    -0.033
     298.85    -0.078
     299.88    -0.046
     300.91    -0.005
     301.94    -0.063
     302.97     0.073
     304.00    -0.125
     305.03     0.005
     306.06     0.044
     307.09    -0.090
     308.12     0.064
     309.15     0.112
     310.18    -0.128
     311.21    -0.004
     312.24    -0.086
     313.27    -0.023
     314.30     0.053
     315.33     0.114
     316.36    -0.047
     317.40     0.001
     318.43     0.014
     319.46     0.009
     320.49     0.019
     321.52     0.049
     322.55    -0.108
     323.58    -0.022
     324.61     0.026
     325.64     0.109
     326.67     0.055
     327.70    -0.008
     328.73    -0.044
     329.76    -0.096
     330.79     0.034
     331.82     0.140
     332.85    -0.091
     333.88     0.064
     334.91     0.008
     335.94     0.022
     336.97    -0.047
     338.01     0.056
     339.04    -0.101
     340.07    -0.090
     341.10     0.026
     342.13    -0.033
     343.16    -0.057
     344.19     0.141
     345.22    -0.036
     346.25    -0.102
     347.28    -0.029
     348.31     0.034
     349.34     0.028
     350.37    -0.056
     351.40    -0.076
     352.43     0.017
     353.46    -0.021
     354.49     0.006
     355.52    -0.139
     356.55     0.024
     357.58    -0.004
     358.62     0.012
     359.65    -0.092
     360.68     0.139
     361.71     0.139
     362.74     0.087
     363.77    -0.118
     364.80     0.076
     365.83     0.094
     366.86     0.082
     367.89     0.061
     368.92    -0.028
     369.95     0.022
     370.98     0.026
     372.01    -0.136
     373.04    -0.034
     374.07    -0.063
     375.10     0.020
     376.13     0.026
     377.16     0.032
     378.19     0.070
     379.23    -0.106
     380.26     0.056
     381.29     0.164
     382.32     0.139
     383.35    -0.049
     384.38     0.021
     385.41     0.190
     386.44    -0.035
     387.47     0.133
     388.50    -0.081
     389.53    -0.014
     390.56     0.040
     391.59     0.065
     392.62     0.140
     393.65    -0.038
     394.68     0.036
     395.71     0.106
     396.74     0.155
     397.77     0.105
     398.80     0.161
     399.84     0.151