%%LAB     777  datapoints: v_lsr [km/s] and T_B [K]
    -399.84    -0.012
    -398.81    -0.013
    -397.78    -0.008
    -396.75    -0.049
    -395.72     0.031
    -394.69     0.088
    -393.66     0.035
    -392.63    -0.039
    -391.60    -0.025
    -390.57    -0.033
    -389.54     0.060
    -388.51     0.018
    -387.48     0.087
    -386.45     0.011
    -385.42    -0.054
    -384.39    -0.046
    -383.36     0.074
    -382.32     0.073
    -381.29     0.042
    -380.26    -0.041
    -379.23    -0.129
    -378.20    -0.126
    -377.17    -0.028
    -376.14     0.046
    -375.11    -0.086
    -374.08     0.042
    -373.05    -0.024
    -372.02     0.041
    -370.99    -0.056
    -369.96     0.012
    -368.93     0.056
    -367.90     0.165
    -366.87    -0.006
    -365.84    -0.048
    -364.81    -0.046
    -363.78    -0.097
    -362.74    -0.050
    -361.71    -0.025
    -360.68     0.060
    -359.65    -0.060
    -358.62     0.019
    -357.59     0.071
    -356.56     0.051
    -355.53    -0.095
    -354.50     0.050
    -353.47    -0.051
    -352.44     0.082
    -351.41     0.065
    -350.38    -0.092
    -349.35    -0.015
    -348.32    -0.024
    -347.29    -0.005
    -346.26    -0.030
    -345.23     0.033
    -344.20     0.003
    -343.17    -0.104
    -342.13     0.028
    -341.10    -0.065
    -340.07    -0.003
    -339.04    -0.030
    -338.01     0.069
    -336.98    -0.053
    -335.95    -0.067
    -334.92     0.074
    -333.89    -0.017
    -332.86    -0.062
    -331.83    -0.061
    -330.80    -0.027
    -329.77     0.042
    -328.74     0.077
    -327.71    -0.032
    -326.68    -0.061
    -325.65     0.020
    -324.62    -0.077
    -323.59     0.006
    -322.55     0.072
    -321.52     0.006
    -320.49     0.032
    -319.46     0.030
    -318.43    -0.013
    -317.40     0.085
    -316.37     0.040
    -315.34     0.008
    -314.31    -0.012
    -313.28     0.057
    -312.25    -0.028
    -311.22    -0.017
    -310.19     0.010
    -309.16    -0.035
    -308.13    -0.043
    -307.10     0.002
    -306.07    -0.078
    -305.04     0.080
    -304.01    -0.012
    -302.97     0.027
    -301.94     0.054
    -300.91     0.069
    -299.88     0.050
    -298.85    -0.035
    -297.82     0.021
    -296.79     0.029
    -295.76     0.103
    -294.73     0.015
    -293.70     0.011
    -292.67     0.040
    -291.64     0.082
    -290.61     0.055
    -289.58    -0.054
    -288.55    -0.011
    -287.52     0.056
    -286.49     0.136
    -285.46    -0.028
    -284.43     0.045
    -283.39     0.034
    -282.36     0.029
    -281.33    -0.016
    -280.30    -0.100
    -279.27    -0.043
    -278.24     0.022
    -277.21    -0.051
    -276.18     0.006
    -275.15    -0.061
    -274.12     0.045
    -273.09     0.036
    -272.06    -0.024
    -271.03    -0.079
    -270.00     0.035
    -268.97     0.104
    -267.94    -0.008
    -266.91     0.054
    -265.88     0.044
    -264.85    -0.014
    -263.81     0.088
    -262.78     0.062
    -261.75     0.082
    -260.72    -0.044
    -259.69     0.117
    -258.66    -0.094
    -257.63     0.043
    -256.60    -0.015
    -255.57     0.002
    -254.54     0.017
    -253.51    -0.023
    -252.48    -0.033
    -251.45     0.013
    -250.42     0.006
    -249.39     0.054
    -248.36    -0.104
    -247.33    -0.009
    -246.30     0.018
    -245.27    -0.024
    -244.23    -0.012
    -243.20    -0.055
    -242.17    -0.116
    -241.14     0.000
    -240.11     0.065
    -239.08     0.076
    -238.05     0.003
    -237.02     0.017
    -235.99     0.008
    -234.96     0.087
    -233.93    -0.017
    -232.90     0.030
    -231.87    -0.067
    -230.84    -0.033
    -229.81    -0.034
    -228.78     0.033
    -227.75     0.013
    -226.72     0.043
    -225.69     0.034
    -224.65     0.052
    -223.62    -0.031
    -222.59    -0.032
    -221.56     0.042
    -220.53    -0.068
    -219.50    -0.059
    -218.47    -0.002
    -217.44    -0.067
    -216.41    -0.002
    -215.38     0.009
    -214.35     0.009
    -213.32    -0.055
    -212.29     0.012
    -211.26    -0.078
    -210.23     0.014
    -209.20     0.050
    -208.17     0.035
    -207.14    -0.062
    -206.11    -0.080
    -205.07    -0.022
    -204.04     0.042
    -203.01    -0.002
    -201.98     0.138
    -200.95     0.010
    -199.92    -0.042
    -198.89    -0.013
    -197.86     0.112
    -196.83     0.012
    -195.80     0.031
    -194.77    -0.001
    -193.74     0.120
    -192.71     0.081
    -191.68    -0.008
    -190.65    -0.018
    -189.62     0.075
    -188.59    -0.027
    -187.56     0.086
    -186.53     0.074
    -185.49     0.052
    -184.46    -0.017
    -183.43     0.011
    -182.40     0.005
    -181.37     0.100
    -180.34     0.041
    -179.31    -0.030
    -178.28     0.000
    -177.25    -0.049
    -176.22     0.002
    -175.19     0.084
    -174.16     0.076
    -173.13     0.003
    -172.10    -0.045
    -171.07     0.039
    -170.04    -0.050
    -169.01     0.018
    -167.98    -0.026
    -166.95     0.024
    -165.91     0.101
    -164.88    -0.053
    -163.85    -0.070
    -162.82     0.042
    -161.79     0.053
    -160.76     0.099
    -159.73    -0.028
    -158.70     0.045
    -157.67     0.016
    -156.64    -0.054
    -155.61    -0.019
    -154.58     0.062
    -153.55     0.015
    -152.52     0.120
    -151.49     0.044
    -150.46     0.010
    -149.43     0.112
    -148.40     0.070
    -147.37     0.071
    -146.33     0.188
    -145.30     0.052
    -144.27     0.132
    -143.24     0.080
    -142.21     0.229
    -141.18     0.138
    -140.15     0.199
    -139.12     0.231
    -138.09     0.297
    -137.06     0.378
    -136.03     0.396
    -135.00     0.339
    -133.97     0.326
    -132.94     0.503
    -131.91     0.604
    -130.88     0.668
    -129.85     0.730
    -128.82     0.900
    -127.79     0.949
    -126.75     1.096
    -125.72     1.259
    -124.69     1.461
    -123.66     1.598
    -122.63     1.874
    -121.60     2.006
    -120.57     2.340
    -119.54     2.529
    -118.51     2.737
    -117.48     3.044
    -116.45     3.373
    -115.42     3.643
    -114.39     3.848
    -113.36     4.369
    -112.33     4.745
    -111.30     5.342
    -110.27     5.986
    -109.24     6.767
    -108.21     7.495
    -107.17     8.278
    -106.14     8.611
    -105.11     9.087
    -104.08     9.630
    -103.05    10.133
    -102.02    10.505
    -100.99    11.155
     -99.96    11.558
     -98.93    12.032
     -97.90    12.584
     -96.87    13.280
     -95.84    13.995
     -94.81    14.820
     -93.78    15.654
     -92.75    16.916
     -91.72    18.426
     -90.69    19.455
     -89.66    20.229
     -88.63    20.476
     -87.59    21.150
     -86.56    22.292
     -85.53    24.171
     -84.50    26.566
     -83.47    28.865
     -82.44    31.112
     -81.41    32.746
     -80.38    33.840
     -79.35    34.782
     -78.32    35.194
     -77.29    35.369
     -76.26    35.526
     -75.23    35.585
     -74.20    35.541
     -73.17    35.008
     -72.14    34.071
     -71.11    32.438
     -70.08    30.728
     -69.05    28.486
     -68.01    26.534
     -66.98    24.893
     -65.95    24.043
     -64.92    23.859
     -63.89    24.446
     -62.86    25.454
     -61.83    26.766
     -60.80    28.339
     -59.77    30.360
     -58.74    32.546
     -57.71    35.518
     -56.68    38.974
     -55.65    42.767
     -54.62    45.501
     -53.59    46.542
     -52.56    46.861
     -51.53    48.330
     -50.50    51.206
     -49.47    55.149
     -48.43    58.531
     -47.40    61.229
     -46.37    63.423
     -45.34    64.917
     -44.31    64.670
     -43.28    63.459
     -42.25    62.557
     -41.22    61.340
     -40.19    59.267
     -39.16    56.885
     -38.13    54.015
     -37.10    51.661
     -36.07    49.267
     -35.04    47.290
     -34.01    45.646
     -32.98    44.476
     -31.95    43.880
     -30.92    44.676
     -29.89    46.385
     -28.85    48.380
     -27.82    50.293
     -26.79    52.431
     -25.76    54.021
     -24.73    55.038
     -23.70    55.068
     -22.67    53.602
     -21.64    49.764
     -20.61    45.160
     -19.58    40.790
     -18.55    37.482
     -17.52    35.836
     -16.49    34.827
     -15.46    34.337
     -14.43    33.796
     -13.40    33.980
     -12.37    35.057
     -11.34    36.591
     -10.31    38.688
      -9.27    40.471
      -8.24    42.617
      -7.21    45.321
      -6.18    48.278
      -5.15    50.446
      -4.12    51.972
      -3.09    52.630
      -2.06    52.815
      -1.03    53.723
       0.00    56.029
       1.03    59.568
       2.06    64.117
       3.09    68.289
       4.12    71.148
       5.15    71.868
       6.18    69.625
       7.21    63.272
       8.24    56.802
       9.27    49.531
      10.31    40.908
      11.34    32.595
      12.37    26.002
      13.40    20.658
      14.43    16.090
      15.46    12.067
      16.49     9.003
      17.52     6.663
      18.55     5.200
      19.58     3.885
      20.61     3.041
      21.64     2.419
      22.67     2.050
      23.70     1.658
      24.73     1.525
      25.76     1.475
      26.79     1.332
      27.82     1.056
      28.85     1.079
      29.89     0.894
      30.92     0.944
      31.95     0.787
      32.98     0.773
      34.01     0.608
      35.04     0.677
      36.07     0.588
      37.10     0.564
      38.13     0.509
      39.16     0.465
      40.19     0.441
      41.22     0.399
      42.25     0.373
      43.28     0.410
      44.31     0.224
      45.34     0.290
      46.37     0.211
      47.40     0.227
      48.43     0.216
      49.47     0.261
      50.50     0.293
      51.53     0.282
      52.56     0.231
      53.59     0.324
      54.62     0.052
      55.65     0.208
      56.68     0.133
      57.71     0.217
      58.74     0.107
      59.77     0.130
      60.80     0.151
      61.83     0.155
      62.86     0.186
      63.89     0.093
      64.92     0.176
      65.95     0.176
      66.98     0.162
      68.01    -0.016
      69.05     0.059
      70.08     0.016
      71.11    -0.055
      72.14     0.035
      73.17    -0.023
      74.20    -0.008
      75.23     0.100
      76.26    -0.025
      77.29    -0.056
      78.32     0.015
      79.35    -0.020
      80.38     0.058
      81.41     0.039
      82.44     0.052
      83.47     0.029
      84.50    -0.018
      85.53     0.065
      86.56     0.060
      87.59     0.082
      88.63    -0.021
      89.66     0.075
      90.69     0.115
      91.72     0.091
      92.75     0.025
      93.78     0.134
      94.81     0.042
      95.84     0.066
      96.87     0.021
      97.90     0.045
      98.93     0.055
      99.96     0.038
     100.99     0.055
     102.02     0.070
     103.05     0.118
     104.08     0.018
     105.11     0.064
     106.14     0.127
     107.17     0.080
     108.21     0.039
     109.24     0.031
     110.27     0.084
     111.30     0.041
     112.33     0.037
     113.36    -0.010
     114.39     0.039
     115.42     0.064
     116.45     0.019
     117.48     0.078
     118.51    -0.035
     119.54     0.008
     120.57     0.044
     121.60    -0.003
     122.63     0.045
     123.66     0.032
     124.69    -0.043
     125.72     0.095
     126.75     0.064
     127.79     0.046
     128.82     0.002
     129.85     0.013
     130.88     0.058
     131.91     0.066
     132.94    -0.008
     133.97    -0.082
     135.00     0.057
     136.03    -0.076
     137.06     0.018
     138.09    -0.003
     139.12    -0.030
     140.15    -0.067
     141.18    -0.044
     142.21     0.009
     143.24    -0.117
     144.27    -0.084
     145.30    -0.053
     146.33    -0.002
     147.37    -0.142
     148.40    -0.043
     149.43     0.021
     150.46     0.017
     151.49    -0.057
     152.52    -0.049
     153.55    -0.027
     154.58    -0.009
     155.61    -0.097
     156.64     0.002
     157.67     0.080
     158.70     0.059
     159.73    -0.010
     160.76     0.111
     161.79    -0.022
     162.82     0.047
     163.85     0.032
     164.88     0.056
     165.91     0.012
     166.95     0.006
     167.98    -0.031
     169.01    -0.032
     170.04     0.077
     171.07     0.054
     172.10     0.094
     173.13    -0.038
     174.16     0.000
     175.19     0.051
     176.22    -0.103
     177.25     0.122
     178.28     0.032
     179.31     0.034
     180.34    -0.136
     181.37     0.020
     182.40     0.003
     183.43    -0.026
     184.46    -0.022
     185.49     0.012
     186.53    -0.052
     187.56     0.068
     188.59     0.049
     189.62     0.012
     190.65     0.035
     191.68     0.055
     192.71     0.014
     193.74     0.064
     194.77    -0.053
     195.80     0.011
     196.83     0.024
     197.86    -0.058
     198.89    -0.007
     199.92     0.045
     200.95    -0.063
     201.98     0.087
     203.01    -0.020
     204.04     0.030
     205.07    -0.025
     206.11    -0.060
     207.14    -0.030
     208.17    -0.081
     209.20    -0.093
     210.23    -0.125
     211.26     0.073
     212.29     0.001
     213.32    -0.054
     214.35     0.070
     215.38    -0.030
     216.41    -0.030
     217.44     0.015
     218.47     0.035
     219.50    -0.078
     220.53    -0.021
     221.56     0.084
     222.59     0.007
     223.62    -0.020
     224.65     0.119
     225.69     0.001
     226.72    -0.028
     227.75    -0.054
     228.78     0.042
     229.81    -0.011
     230.84     0.059
     231.87     0.019
     232.90     0.064
     233.93    -0.017
     234.96    -0.026
     235.99    -0.060
     237.02    -0.003
     238.05     0.001
     239.08    -0.085
     240.11    -0.010
     241.14     0.101
     242.17     0.048
     243.20     0.029
     244.23    -0.050
     245.27     0.009
     246.30     0.072
     247.33     0.039
     248.36    -0.015
     249.39    -0.008
     250.42    -0.115
     251.45     0.064
     252.48    -0.084
     253.51     0.009
     254.54     0.023
     255.57     0.086
     256.60    -0.002
     257.63     0.024
     258.66    -0.059
     259.69     0.076
     260.72    -0.048
     261.75     0.084
     262.78    -0.019
     263.81    -0.019
     264.85     0.003
     265.88     0.054
     266.91    -0.014
     267.94     0.062
     268.97    -0.038
     270.00     0.054
     271.03     0.113
     272.06     0.040
     273.09     0.022
     274.12    -0.032
     275.15    -0.110
     276.18    -0.002
     277.21    -0.011
     278.24     0.017
     279.27    -0.070
     280.30     0.075
     281.33     0.005
     282.36     0.063
     283.39     0.048
     284.43     0.027
     285.46    -0.130
     286.49     0.022
     287.52    -0.098
     288.55     0.116
     289.58     0.014
     290.61     0.023
     291.64     0.047
     292.67     0.025
     293.70    -0.040
     294.73     0.117
     295.76     0.046
     296.79    -0.073
     297.82     0.010
     298.85     0.133
     299.88    -0.064
     300.91     0.091
     301.94    -0.003
     302.97     0.018
     304.01    -0.057
     305.04     0.065
     306.07    -0.032
     307.10    -0.020
     308.13    -0.022
     309.16     0.037
     310.19    -0.069
     311.22    -0.002
     312.25    -0.000
     313.28    -0.087
     314.31    -0.115
     315.34    -0.014
     316.37    -0.027
     317.40     0.042
     318.43    -0.093
     319.46    -0.019
     320.49    -0.077
     321.52     0.031
     322.55     0.061
     323.59    -0.060
     324.62    -0.060
     325.65    -0.021
     326.68    -0.127
     327.71    -0.035
     328.74     0.038
     329.77    -0.060
     330.80     0.032
     331.83    -0.007
     332.86    -0.020
     333.89    -0.016
     334.92    -0.032
     335.95     0.011
     336.98    -0.036
     338.01     0.034
     339.04     0.059
     340.07     0.010
     341.10    -0.047
     342.13    -0.075
     343.17     0.012
     344.20     0.087
     345.23    -0.050
     346.26     0.028
     347.29     0.076
     348.32    -0.016
     349.35     0.016
     350.38    -0.053
     351.41    -0.044
     352.44     0.032
     353.47    -0.064
     354.50    -0.012
     355.53    -0.001
     356.56     0.028
     357.59    -0.072
     358.62     0.122
     359.65     0.034
     360.68    -0.107
     361.71     0.026
     362.74     0.023
     363.78    -0.008
     364.81     0.072
     365.84    -0.018
     366.87     0.045
     367.90     0.044
     368.93     0.024
     369.96     0.052
     370.99    -0.025
     372.02    -0.031
     373.05     0.023
     374.08    -0.069
     375.11     0.100
     376.14    -0.102
     377.17     0.011
     378.20     0.063
     379.23     0.023
     380.26    -0.070
     381.29     0.051
     382.33    -0.070
     383.36     0.045
     384.39    -0.017
     385.42     0.045
     386.45     0.043
     387.48     0.001
     388.51     0.063
     389.54     0.102
     390.57    -0.031
     391.60     0.010
     392.63     0.007
     393.66     0.015
     394.69    -0.011
     395.72     0.060
     396.75     0.007
     397.78     0.232
     398.81    -0.004
     399.84     0.149