%%LAB     777  datapoints: v_lsr [km/s] and T_B [K]
    -399.83    -0.009
    -398.80     0.039
    -397.77     0.076
    -396.74     0.013
    -395.71     0.071
    -394.68     0.023
    -393.65     0.053
    -392.62    -0.092
    -391.59    -0.004
    -390.56    -0.080
    -389.53     0.037
    -388.50    -0.095
    -387.46    -0.088
    -386.43    -0.017
    -385.40    -0.003
    -384.37    -0.065
    -383.34     0.050
    -382.31    -0.026
    -381.28     0.071
    -380.25     0.059
    -379.22    -0.076
    -378.19    -0.010
    -377.16    -0.042
    -376.13     0.027
    -375.10     0.087
    -374.07     0.027
    -373.04    -0.026
    -372.01    -0.121
    -370.98     0.039
    -369.95    -0.114
    -368.92     0.028
    -367.89     0.042
    -366.86    -0.095
    -365.82     0.060
    -364.79    -0.018
    -363.76    -0.010
    -362.73    -0.017
    -361.70     0.015
    -360.67    -0.098
    -359.64    -0.002
    -358.61     0.034
    -357.58     0.016
    -356.55     0.074
    -355.52    -0.066
    -354.49     0.094
    -353.46     0.026
    -352.43     0.076
    -351.40     0.064
    -350.37     0.000
    -349.34    -0.087
    -348.31    -0.006
    -347.28     0.026
    -346.25    -0.061
    -345.21     0.003
    -344.18     0.014
    -343.15    -0.027
    -342.12    -0.042
    -341.09    -0.011
    -340.06     0.011
    -339.03     0.079
    -338.00     0.079
    -336.97    -0.055
    -335.94    -0.100
    -334.91     0.029
    -333.88     0.036
    -332.85    -0.059
    -331.82     0.005
    -330.79    -0.001
    -329.76     0.097
    -328.73     0.029
    -327.70     0.064
    -326.67     0.031
    -325.64     0.054
    -324.60    -0.060
    -323.57     0.051
    -322.54    -0.007
    -321.51     0.010
    -320.48    -0.019
    -319.45     0.049
    -318.42    -0.025
    -317.39    -0.019
    -316.36    -0.055
    -315.33    -0.013
    -314.30    -0.079
    -313.27     0.002
    -312.24    -0.010
    -311.21     0.061
    -310.18    -0.093
    -309.15     0.029
    -308.12    -0.036
    -307.09    -0.015
    -306.06    -0.018
    -305.03    -0.031
    -304.00     0.059
    -302.96    -0.009
    -301.93     0.021
    -300.90     0.150
    -299.87    -0.091
    -298.84     0.063
    -297.81     0.002
    -296.78     0.023
    -295.75     0.006
    -294.72    -0.021
    -293.69     0.042
    -292.66     0.036
    -291.63     0.005
    -290.60     0.027
    -289.57    -0.028
    -288.54    -0.042
    -287.51    -0.106
    -286.48     0.155
    -285.45     0.002
    -284.42     0.037
    -283.39     0.049
    -282.35    -0.014
    -281.32     0.042
    -280.29    -0.009
    -279.26     0.044
    -278.23     0.008
    -277.20     0.057
    -276.17     0.075
    -275.14    -0.002
    -274.11    -0.012
    -273.08     0.001
    -272.05    -0.025
    -271.02     0.019
    -269.99     0.128
    -268.96    -0.068
    -267.93     0.050
    -266.90     0.011
    -265.87    -0.048
    -264.84     0.055
    -263.81    -0.015
    -262.78    -0.034
    -261.74     0.100
    -260.71    -0.045
    -259.68     0.021
    -258.65     0.019
    -257.62     0.106
    -256.59    -0.016
    -255.56     0.039
    -254.53    -0.068
    -253.50    -0.050
    -252.47    -0.074
    -251.44     0.082
    -250.41    -0.062
    -249.38     0.009
    -248.35    -0.038
    -247.32     0.037
    -246.29    -0.052
    -245.26    -0.025
    -244.23    -0.082
    -243.20    -0.024
    -242.17    -0.042
    -241.14    -0.037
    -240.10    -0.101
    -239.07     0.138
    -238.04    -0.030
    -237.01     0.026
    -235.98     0.105
    -234.95     0.056
    -233.92    -0.056
    -232.89    -0.058
    -231.86     0.014
    -230.83    -0.004
    -229.80    -0.003
    -228.77    -0.012
    -227.74    -0.053
    -226.71     0.083
    -225.68    -0.012
    -224.65    -0.064
    -223.62    -0.060
    -222.59     0.121
    -221.56    -0.084
    -220.53     0.028
    -219.49     0.012
    -218.46     0.153
    -217.43     0.068
    -216.40    -0.000
    -215.37    -0.073
    -214.34     0.136
    -213.31     0.033
    -212.28    -0.035
    -211.25    -0.067
    -210.22    -0.001
    -209.19     0.029
    -208.16     0.019
    -207.13     0.039
    -206.10     0.005
    -205.07    -0.031
    -204.04     0.054
    -203.01     0.028
    -201.98     0.113
    -200.95    -0.034
    -199.92    -0.094
    -198.88    -0.011
    -197.85     0.015
    -196.82     0.019
    -195.79     0.033
    -194.76     0.039
    -193.73     0.018
    -192.70    -0.010
    -191.67     0.055
    -190.64     0.004
    -189.61     0.047
    -188.58     0.081
    -187.55     0.035
    -186.52     0.050
    -185.49     0.023
    -184.46     0.031
    -183.43     0.074
    -182.40    -0.003
    -181.37     0.050
    -180.34     0.083
    -179.31    -0.024
    -178.28    -0.006
    -177.24     0.048
    -176.21     0.054
    -175.18     0.036
    -174.15     0.082
    -173.12     0.013
    -172.09    -0.017
    -171.06     0.063
    -170.03    -0.024
    -169.00     0.003
    -167.97     0.016
    -166.94    -0.056
    -165.91    -0.017
    -164.88    -0.033
    -163.85    -0.020
    -162.82     0.058
    -161.79    -0.053
    -160.76     0.097
    -159.73     0.076
    -158.70     0.042
    -157.67    -0.044
    -156.63     0.091
    -155.60     0.028
    -154.57     0.088
    -153.54     0.041
    -152.51     0.013
    -151.48     0.106
    -150.45     0.104
    -149.42     0.087
    -148.39     0.100
    -147.36     0.074
    -146.33     0.164
    -145.30     0.126
    -144.27     0.204
    -143.24     0.162
    -142.21     0.230
    -141.18     0.253
    -140.15     0.262
    -139.12     0.350
    -138.09     0.545
    -137.06     0.515
    -136.02     0.654
    -134.99     0.755
    -133.96     1.186
    -132.93     1.209
    -131.90     1.569
    -130.87     1.827
    -129.84     2.351
    -128.81     2.623
    -127.78     3.381
    -126.75     3.718
    -125.72     4.138
    -124.69     4.608
    -123.66     4.884
    -122.63     4.966
    -121.60     4.874
    -120.57     4.606
    -119.54     4.312
    -118.51     3.851
    -117.48     3.617
    -116.45     3.376
    -115.42     3.571
    -114.38     3.551
    -113.35     3.539
    -112.32     3.646
    -111.29     3.715
    -110.26     3.936
    -109.23     4.175
    -108.20     4.418
    -107.17     4.877
    -106.14     5.536
    -105.11     6.775
    -104.08     8.534
    -103.05    11.815
    -102.02    16.730
    -100.99    23.980
     -99.96    32.172
     -98.93    39.629
     -97.90    46.379
     -96.87    53.330
     -95.84    60.154
     -94.81    65.234
     -93.77    67.123
     -92.74    66.253
     -91.71    63.654
     -90.68    59.436
     -89.65    53.375
     -88.62    47.259
     -87.59    41.959
     -86.56    37.735
     -85.53    34.717
     -84.50    32.442
     -83.47    31.116
     -82.44    30.659
     -81.41    31.044
     -80.38    32.859
     -79.35    35.599
     -78.32    39.210
     -77.29    43.451
     -76.26    48.646
     -75.23    54.050
     -74.20    60.062
     -73.16    65.464
     -72.13    70.220
     -71.10    73.915
     -70.07    76.869
     -69.04    77.817
     -68.01    77.834
     -66.98    76.659
     -65.95    74.674
     -64.92    72.404
     -63.89    70.461
     -62.86    67.440
     -61.83    63.185
     -60.80    57.697
     -59.77    51.107
     -58.74    45.159
     -57.71    40.183
     -56.68    36.113
     -55.65    33.378
     -54.62    31.084
     -53.59    29.227
     -52.56    27.654
     -51.52    26.375
     -50.49    25.026
     -49.46    23.718
     -48.43    22.653
     -47.40    22.145
     -46.37    22.019
     -45.34    22.047
     -44.31    21.607
     -43.28    21.588
     -42.25    21.730
     -41.22    22.135
     -40.19    22.547
     -39.16    23.423
     -38.13    24.153
     -37.10    24.086
     -36.07    23.666
     -35.04    23.307
     -34.01    23.034
     -32.98    22.926
     -31.95    22.753
     -30.91    22.680
     -29.88    22.271
     -28.85    22.112
     -27.82    22.030
     -26.79    22.606
     -25.76    23.229
     -24.73    23.930
     -23.70    24.265
     -22.67    24.911
     -21.64    26.427
     -20.61    29.802
     -19.58    35.044
     -18.55    41.958
     -17.52    48.751
     -16.49    53.711
     -15.46    55.426
     -14.43    54.867
     -13.40    54.782
     -12.37    56.335
     -11.34    58.398
     -10.30    60.508
      -9.27    62.764
      -8.24    65.373
      -7.21    67.360
      -6.18    68.556
      -5.15    68.612
      -4.12    66.560
      -3.09    62.870
      -2.06    60.132
      -1.03    60.694
       0.00    64.377
       1.03    65.965
       2.06    63.107
       3.09    56.484
       4.12    48.747
       5.15    42.121
       6.18    36.887
       7.21    32.799
       8.24    28.598
       9.27    22.540
      10.30    16.290
      11.34    11.775
      12.37     8.425
      13.40     6.123
      14.43     4.730
      15.46     3.633
      16.49     2.899
      17.52     2.225
      18.55     1.771
      19.58     1.219
      20.61     1.063
      21.64     0.891
      22.67     0.712
      23.70     0.486
      24.73     0.403
      25.76     0.308
      26.79     0.233
      27.82     0.117
      28.85     0.310
      29.88     0.128
      30.91     0.157
      31.95     0.132
      32.98     0.144
      34.01    -0.022
      35.04     0.016
      36.07     0.013
      37.10     0.068
      38.13    -0.107
      39.16     0.091
      40.19    -0.010
      41.22     0.155
      42.25     0.062
      43.28    -0.051
      44.31     0.022
      45.34    -0.021
      46.37     0.017
      47.40     0.072
      48.43     0.024
      49.46     0.109
      50.49     0.055
      51.52    -0.031
      52.56    -0.019
      53.59     0.083
      54.62     0.059
      55.65     0.059
      56.68    -0.043
      57.71     0.055
      58.74    -0.019
      59.77     0.067
      60.80    -0.023
      61.83     0.068
      62.86     0.106
      63.89     0.012
      64.92     0.027
      65.95     0.114
      66.98     0.038
      68.01     0.085
      69.04    -0.043
      70.07     0.152
      71.10     0.041
      72.13     0.016
      73.16     0.069
      74.20    -0.021
      75.23     0.117
      76.26     0.066
      77.29    -0.002
      78.32     0.053
      79.35     0.045
      80.38     0.029
      81.41     0.020
      82.44    -0.013
      83.47     0.016
      84.50    -0.058
      85.53     0.010
      86.56    -0.031
      87.59     0.008
      88.62     0.111
      89.65     0.038
      90.68     0.095
      91.71     0.106
      92.74     0.057
      93.77     0.057
      94.81     0.020
      95.84    -0.037
      96.87    -0.001
      97.90    -0.039
      98.93     0.088
      99.96     0.001
     100.99     0.113
     102.02    -0.021
     103.05    -0.035
     104.08    -0.079
     105.11     0.043
     106.14     0.011
     107.17     0.044
     108.20     0.063
     109.23     0.041
     110.26    -0.062
     111.29     0.006
     112.32     0.058
     113.35     0.033
     114.38    -0.008
     115.42     0.077
     116.45    -0.019
     117.48     0.048
     118.51    -0.064
     119.54    -0.011
     120.57    -0.014
     121.60    -0.029
     122.63    -0.004
     123.66    -0.070
     124.69     0.056
     125.72     0.078
     126.75     0.030
     127.78    -0.023
     128.81    -0.044
     129.84    -0.045
     130.87    -0.002
     131.90     0.037
     132.93     0.083
     133.96     0.100
     134.99    -0.079
     136.02    -0.007
     137.06    -0.016
     138.09     0.025
     139.12    -0.011
     140.15     0.002
     141.18    -0.069
     142.21    -0.031
     143.24     0.066
     144.27     0.029
     145.30    -0.034
     146.33     0.063
     147.36    -0.084
     148.39    -0.055
     149.42    -0.105
     150.45     0.039
     151.48     0.075
     152.51    -0.015
     153.54     0.047
     154.57    -0.001
     155.60     0.028
     156.63    -0.001
     157.67     0.040
     158.70     0.009
     159.73    -0.080
     160.76     0.027
     161.79     0.023
     162.82     0.020
     163.85     0.009
     164.88     0.097
     165.91    -0.027
     166.94     0.034
     167.97    -0.001
     169.00     0.017
     170.03    -0.127
     171.06    -0.020
     172.09     0.104
     173.12    -0.019
     174.15    -0.019
     175.18    -0.035
     176.21     0.025
     177.24     0.042
     178.28     0.002
     179.31     0.085
     180.34     0.048
     181.37    -0.017
     182.40     0.006
     183.43     0.015
     184.46     0.032
     185.49     0.060
     186.52    -0.053
     187.55    -0.041
     188.58     0.043
     189.61    -0.014
     190.64     0.047
     191.67    -0.020
     192.70    -0.042
     193.73     0.034
     194.76    -0.035
     195.79     0.052
     196.82    -0.012
     197.85    -0.040
     198.88    -0.066
     199.92     0.010
     200.95    -0.148
     201.98    -0.014
     203.01    -0.113
     204.04    -0.034
     205.07    -0.045
     206.10     0.023
     207.13    -0.077
     208.16     0.029
     209.19    -0.116
     210.22     0.012
     211.25    -0.011
     212.28     0.006
     213.31    -0.005
     214.34    -0.008
     215.37    -0.035
     216.40     0.112
     217.43    -0.082
     218.46    -0.050
     219.49    -0.003
     220.53     0.074
     221.56    -0.023
     222.59    -0.052
     223.62    -0.011
     224.65     0.006
     225.68    -0.043
     226.71     0.078
     227.74     0.039
     228.77     0.089
     229.80     0.087
     230.83    -0.014
     231.86     0.002
     232.89     0.077
     233.92     0.070
     234.95     0.002
     235.98    -0.061
     237.01     0.104
     238.04     0.022
     239.07     0.088
     240.10     0.089
     241.14    -0.046
     242.17     0.128
     243.20    -0.015
     244.23    -0.008
     245.26    -0.026
     246.29    -0.036
     247.32     0.015
     248.35    -0.082
     249.38     0.046
     250.41     0.022
     251.44    -0.072
     252.47    -0.024
     253.50     0.018
     254.53    -0.098
     255.56     0.022
     256.59     0.038
     257.62     0.059
     258.65    -0.080
     259.68     0.013
     260.71     0.021
     261.74     0.107
     262.78     0.004
     263.81    -0.044
     264.84    -0.070
     265.87     0.051
     266.90     0.020
     267.93    -0.027
     268.96    -0.041
     269.99     0.061
     271.02     0.067
     272.05     0.021
     273.08    -0.015
     274.11     0.001
     275.14     0.007
     276.17    -0.049
     277.20    -0.179
     278.23    -0.020
     279.26     0.007
     280.29    -0.020
     281.32    -0.047
     282.35     0.052
     283.39     0.059
     284.42    -0.027
     285.45    -0.076
     286.48     0.039
     287.51     0.028
     288.54     0.016
     289.57    -0.091
     290.60    -0.010
     291.63     0.034
     292.66    -0.016
     293.69    -0.004
     294.72     0.089
     295.75     0.007
     296.78     0.158
     297.81     0.060
     298.84    -0.032
     299.87     0.017
     300.90    -0.041
     301.93    -0.018
     302.96    -0.007
     304.00    -0.027
     305.03     0.083
     306.06     0.063
     307.09    -0.018
     308.12    -0.051
     309.15     0.033
     310.18    -0.008
     311.21     0.053
     312.24    -0.023
     313.27     0.017
     314.30    -0.043
     315.33    -0.007
     316.36    -0.002
     317.39     0.015
     318.42    -0.094
     319.45     0.019
     320.48    -0.020
     321.51     0.060
     322.54    -0.052
     323.57     0.001
     324.60    -0.042
     325.64    -0.038
     326.67     0.059
     327.70     0.001
     328.73     0.057
     329.76    -0.008
     330.79     0.014
     331.82    -0.033
     332.85    -0.059
     333.88    -0.058
     334.91     0.021
     335.94     0.078
     336.97     0.014
     338.00     0.036
     339.03    -0.098
     340.06     0.064
     341.09     0.002
     342.12     0.069
     343.15    -0.046
     344.18     0.095
     345.21    -0.053
     346.25     0.068
     347.28    -0.105
     348.31     0.003
     349.34     0.001
     350.37    -0.017
     351.40     0.087
     352.43    -0.009
     353.46    -0.031
     354.49    -0.035
     355.52    -0.092
     356.55    -0.013
     357.58     0.054
     358.61    -0.009
     359.64     0.002
     360.67     0.012
     361.70    -0.033
     362.73    -0.088
     363.76     0.061
     364.79     0.065
     365.82    -0.096
     366.86     0.062
     367.89     0.039
     368.92     0.092
     369.95    -0.007
     370.98    -0.111
     372.01     0.048
     373.04    -0.070
     374.07    -0.000
     375.10     0.067
     376.13    -0.097
     377.16     0.024
     378.19    -0.041
     379.22     0.051
     380.25     0.086
     381.28    -0.053
     382.31     0.069
     383.34    -0.066
     384.37    -0.022
     385.40    -0.071
     386.43     0.019
     387.46    -0.053
     388.50     0.060
     389.53     0.012
     390.56    -0.062
     391.59     0.094
     392.62     0.003
     393.65     0.039
     394.68     0.017
     395.71     0.028
     396.74     0.018
     397.77     0.045
     398.80     0.035
     399.83    -0.066