%%LAB     777  datapoints: v_lsr [km/s] and T_B [K]
    -399.84     0.040
    -398.81    -0.057
    -397.78     0.013
    -396.75    -0.040
    -395.71     0.053
    -394.68    -0.002
    -393.65    -0.081
    -392.62     0.011
    -391.59     0.072
    -390.56     0.026
    -389.53    -0.028
    -388.50     0.007
    -387.47    -0.012
    -386.44    -0.002
    -385.41     0.052
    -384.38    -0.028
    -383.35     0.078
    -382.32     0.011
    -381.29     0.077
    -380.26    -0.082
    -379.23    -0.034
    -378.20    -0.028
    -377.17     0.030
    -376.14    -0.092
    -375.10    -0.072
    -374.07    -0.007
    -373.04     0.066
    -372.01    -0.056
    -370.98    -0.014
    -369.95    -0.004
    -368.92    -0.002
    -367.89    -0.090
    -366.86     0.057
    -365.83     0.080
    -364.80     0.028
    -363.77    -0.021
    -362.74    -0.045
    -361.71    -0.043
    -360.68    -0.102
    -359.65    -0.050
    -358.62    -0.004
    -357.59    -0.004
    -356.56    -0.043
    -355.52    -0.024
    -354.49     0.101
    -353.46    -0.060
    -352.43    -0.032
    -351.40    -0.011
    -350.37     0.089
    -349.34     0.043
    -348.31    -0.060
    -347.28    -0.054
    -346.25     0.057
    -345.22    -0.048
    -344.19    -0.036
    -343.16     0.072
    -342.13    -0.062
    -341.10    -0.015
    -340.07     0.026
    -339.04    -0.023
    -338.01     0.056
    -336.98    -0.033
    -335.95     0.030
    -334.91     0.059
    -333.88     0.060
    -332.85    -0.038
    -331.82    -0.039
    -330.79    -0.064
    -329.76     0.060
    -328.73    -0.119
    -327.70    -0.058
    -326.67    -0.056
    -325.64    -0.042
    -324.61     0.012
    -323.58    -0.020
    -322.55    -0.039
    -321.52     0.028
    -320.49     0.056
    -319.46     0.002
    -318.43     0.106
    -317.40     0.032
    -316.37     0.005
    -315.34     0.069
    -314.30     0.009
    -313.27    -0.046
    -312.24     0.045
    -311.21     0.043
    -310.18    -0.056
    -309.15    -0.084
    -308.12     0.032
    -307.09     0.085
    -306.06    -0.037
    -305.03     0.033
    -304.00     0.030
    -302.97    -0.016
    -301.94    -0.006
    -300.91     0.041
    -299.88    -0.066
    -298.85     0.079
    -297.82     0.083
    -296.79    -0.029
    -295.76    -0.029
    -294.73     0.016
    -293.69     0.020
    -292.66     0.041
    -291.63     0.041
    -290.60     0.057
    -289.57     0.027
    -288.54    -0.005
    -287.51    -0.063
    -286.48    -0.033
    -285.45    -0.047
    -284.42    -0.010
    -283.39     0.009
    -282.36    -0.067
    -281.33    -0.083
    -280.30     0.081
    -279.27     0.040
    -278.24     0.129
    -277.21     0.039
    -276.18    -0.025
    -275.15     0.038
    -274.11     0.015
    -273.08     0.090
    -272.05    -0.008
    -271.02    -0.075
    -269.99    -0.046
    -268.96    -0.044
    -267.93     0.045
    -266.90    -0.109
    -265.87     0.040
    -264.84     0.007
    -263.81     0.046
    -262.78    -0.023
    -261.75    -0.001
    -260.72    -0.073
    -259.69    -0.026
    -258.66    -0.013
    -257.63     0.000
    -256.60     0.023
    -255.57    -0.025
    -254.54     0.011
    -253.50     0.042
    -252.47     0.049
    -251.44    -0.002
    -250.41     0.046
    -249.38    -0.046
    -248.35    -0.045
    -247.32     0.082
    -246.29     0.006
    -245.26    -0.016
    -244.23    -0.015
    -243.20    -0.045
    -242.17    -0.073
    -241.14     0.084
    -240.11    -0.040
    -239.08     0.036
    -238.05     0.011
    -237.02     0.013
    -235.99     0.034
    -234.96     0.044
    -233.93    -0.023
    -232.89     0.053
    -231.86    -0.056
    -230.83     0.164
    -229.80     0.013
    -228.77     0.032
    -227.74    -0.098
    -226.71     0.083
    -225.68     0.004
    -224.65    -0.048
    -223.62    -0.030
    -222.59     0.000
    -221.56    -0.069
    -220.53     0.029
    -219.50     0.106
    -218.47    -0.006
    -217.44    -0.036
    -216.41    -0.008
    -215.38     0.025
    -214.35     0.025
    -213.31    -0.022
    -212.28    -0.062
    -211.25     0.028
    -210.22     0.009
    -209.19    -0.054
    -208.16     0.053
    -207.13    -0.028
    -206.10     0.089
    -205.07     0.002
    -204.04     0.085
    -203.01     0.078
    -201.98     0.071
    -200.95    -0.123
    -199.92     0.027
    -198.89     0.002
    -197.86     0.057
    -196.83     0.006
    -195.80     0.085
    -194.77     0.065
    -193.74     0.026
    -192.70     0.047
    -191.67    -0.001
    -190.64     0.023
    -189.61     0.058
    -188.58     0.023
    -187.55     0.016
    -186.52    -0.000
    -185.49    -0.024
    -184.46     0.018
    -183.43    -0.033
    -182.40    -0.030
    -181.37     0.041
    -180.34     0.003
    -179.31     0.055
    -178.28     0.051
    -177.25    -0.075
    -176.22     0.022
    -175.19    -0.018
    -174.16     0.049
    -173.13    -0.004
    -172.09     0.012
    -171.06    -0.064
    -170.03     0.019
    -169.00    -0.084
    -167.97     0.054
    -166.94    -0.055
    -165.91     0.005
    -164.88     0.015
    -163.85    -0.066
    -162.82     0.027
    -161.79     0.028
    -160.76     0.016
    -159.73     0.025
    -158.70    -0.004
    -157.67    -0.050
    -156.64     0.055
    -155.61    -0.032
    -154.58    -0.035
    -153.55    -0.099
    -152.52     0.029
    -151.48     0.012
    -150.45     0.022
    -149.42    -0.030
    -148.39     0.049
    -147.36    -0.036
    -146.33     0.073
    -145.30    -0.004
    -144.27    -0.061
    -143.24     0.025
    -142.21     0.015
    -141.18    -0.071
    -140.15     0.033
    -139.12    -0.008
    -138.09     0.024
    -137.06     0.012
    -136.03    -0.004
    -135.00    -0.059
    -133.97     0.062
    -132.94    -0.016
    -131.90     0.020
    -130.87     0.063
    -129.84     0.041
    -128.81     0.010
    -127.78     0.018
    -126.75     0.031
    -125.72     0.046
    -124.69    -0.049
    -123.66     0.020
    -122.63     0.015
    -121.60    -0.026
    -120.57     0.017
    -119.54     0.022
    -118.51    -0.029
    -117.48     0.059
    -116.45     0.014
    -115.42     0.067
    -114.39     0.027
    -113.36     0.052
    -112.33     0.025
    -111.29     0.105
    -110.26     0.091
    -109.23     0.065
    -108.20     0.025
    -107.17     0.073
    -106.14     0.100
    -105.11     0.081
    -104.08     0.033
    -103.05     0.176
    -102.02     0.051
    -100.99     0.117
     -99.96     0.151
     -98.93     0.196
     -97.90     0.061
     -96.87     0.146
     -95.84     0.156
     -94.81     0.235
     -93.78     0.136
     -92.75     0.192
     -91.72     0.213
     -90.68     0.173
     -89.65     0.182
     -88.62     0.310
     -87.59     0.254
     -86.56     0.294
     -85.53     0.271
     -84.50     0.343
     -83.47     0.425
     -82.44     0.416
     -81.41     0.303
     -80.38     0.500
     -79.35     0.423
     -78.32     0.387
     -77.29     0.447
     -76.26     0.421
     -75.23     0.474
     -74.20     0.400
     -73.17     0.381
     -72.14     0.512
     -71.10     0.488
     -70.07     0.438
     -69.04     0.385
     -68.01     0.385
     -66.98     0.441
     -65.95     0.368
     -64.92     0.373
     -63.89     0.450
     -62.86     0.328
     -61.83     0.371
     -60.80     0.411
     -59.77     0.401
     -58.74     0.406
     -57.71     0.466
     -56.68     0.446
     -55.65     0.471
     -54.62     0.418
     -53.59     0.516
     -52.56     0.467
     -51.53     0.471
     -50.49     0.571
     -49.46     0.538
     -48.43     0.524
     -47.40     0.695
     -46.37     0.562
     -45.34     0.763
     -44.31     0.801
     -43.28     0.794
     -42.25     0.900
     -41.22     0.987
     -40.19     0.988
     -39.16     1.094
     -38.13     1.260
     -37.10     1.368
     -36.07     1.320
     -35.04     1.444
     -34.01     1.514
     -32.98     1.632
     -31.95     1.610
     -30.92     1.720
     -29.88     1.900
     -28.85     1.934
     -27.82     1.922
     -26.79     2.074
     -25.76     2.070
     -24.73     2.191
     -23.70     2.334
     -22.67     2.465
     -21.64     2.513
     -20.61     2.599
     -19.58     2.670
     -18.55     2.873
     -17.52     2.823
     -16.49     3.000
     -15.46     3.274
     -14.43     3.591
     -13.40     3.990
     -12.37     4.640
     -11.34     5.661
     -10.31     6.975
      -9.27     8.641
      -8.24    10.692
      -7.21    13.196
      -6.18    16.096
      -5.15    18.744
      -4.12    21.543
      -3.09    24.227
      -2.06    26.874
      -1.03    29.907
       0.00    33.585
       1.03    37.020
       2.06    38.810
       3.09    37.919
       4.12    35.553
       5.15    32.731
       6.18    30.037
       7.21    28.203
       8.24    26.922
       9.27    25.188
      10.31    23.112
      11.34    21.151
      12.37    18.804
      13.40    16.567
      14.43    14.235
      15.46    12.282
      16.49    10.359
      17.52     8.741
      18.55     7.362
      19.58     6.057
      20.61     5.114
      21.64     4.304
      22.67     3.569
      23.70     2.944
      24.73     2.317
      25.76     1.873
      26.79     1.651
      27.82     1.266
      28.85     1.256
      29.88     0.978
      30.92     0.761
      31.95     0.643
      32.98     0.596
      34.01     0.493
      35.04     0.417
      36.07     0.312
      37.10     0.371
      38.13     0.327
      39.16     0.371
      40.19     0.221
      41.22     0.138
      42.25     0.249
      43.28     0.186
      44.31     0.133
      45.34     0.179
      46.37     0.069
      47.40     0.169
      48.43     0.158
      49.46     0.271
      50.49     0.083
      51.53     0.175
      52.56     0.079
      53.59     0.046
      54.62     0.078
      55.65     0.037
      56.68    -0.011
      57.71     0.007
      58.74     0.021
      59.77    -0.029
      60.80     0.089
      61.83     0.072
      62.86    -0.010
      63.89     0.008
      64.92    -0.014
      65.95     0.087
      66.98     0.065
      68.01     0.124
      69.04     0.067
      70.07    -0.023
      71.10     0.016
      72.14    -0.008
      73.17    -0.017
      74.20    -0.040
      75.23     0.069
      76.26    -0.063
      77.29     0.088
      78.32    -0.066
      79.35     0.074
      80.38    -0.085
      81.41     0.005
      82.44     0.144
      83.47    -0.130
      84.50     0.126
      85.53    -0.001
      86.56     0.013
      87.59    -0.038
      88.62     0.085
      89.65    -0.078
      90.68     0.008
      91.72    -0.002
      92.75     0.125
      93.78    -0.110
      94.81     0.132
      95.84    -0.038
      96.87     0.020
      97.90     0.006
      98.93     0.015
      99.96    -0.097
     100.99     0.009
     102.02    -0.027
     103.05     0.013
     104.08    -0.017
     105.11     0.027
     106.14     0.035
     107.17     0.063
     108.20     0.002
     109.23     0.025
     110.26     0.051
     111.29    -0.004
     112.33    -0.030
     113.36     0.007
     114.39     0.049
     115.42    -0.035
     116.45    -0.136
     117.48     0.021
     118.51    -0.032
     119.54     0.018
     120.57    -0.043
     121.60    -0.020
     122.63    -0.093
     123.66    -0.042
     124.69     0.021
     125.72     0.106
     126.75     0.017
     127.78     0.072
     128.81     0.069
     129.84    -0.050
     130.87     0.003
     131.90     0.015
     132.94     0.028
     133.97     0.121
     135.00     0.005
     136.03     0.016
     137.06     0.015
     138.09     0.027
     139.12     0.078
     140.15     0.014
     141.18     0.024
     142.21    -0.042
     143.24     0.023
     144.27    -0.065
     145.30    -0.011
     146.33     0.057
     147.36    -0.018
     148.39     0.064
     149.42    -0.036
     150.45     0.042
     151.48     0.020
     152.52    -0.003
     153.55     0.026
     154.58     0.058
     155.61    -0.014
     156.64    -0.003
     157.67    -0.045
     158.70     0.042
     159.73     0.054
     160.76     0.094
     161.79     0.042
     162.82     0.042
     163.85     0.006
     164.88    -0.002
     165.91    -0.067
     166.94     0.089
     167.97     0.017
     169.00    -0.015
     170.03     0.005
     171.06     0.068
     172.09     0.015
     173.13    -0.027
     174.16    -0.025
     175.19    -0.003
     176.22     0.058
     177.25    -0.063
     178.28    -0.010
     179.31     0.043
     180.34     0.018
     181.37     0.063
     182.40    -0.057
     183.43    -0.027
     184.46    -0.070
     185.49    -0.045
     186.52     0.044
     187.55    -0.087
     188.58    -0.051
     189.61     0.087
     190.64     0.042
     191.67     0.120
     192.70    -0.101
     193.74    -0.031
     194.77     0.086
     195.80    -0.012
     196.83     0.074
     197.86    -0.000
     198.89    -0.040
     199.92     0.002
     200.95    -0.101
     201.98     0.010
     203.01     0.072
     204.04    -0.003
     205.07    -0.073
     206.10    -0.065
     207.13    -0.019
     208.16     0.024
     209.19    -0.010
     210.22     0.053
     211.25     0.009
     212.28     0.090
     213.31    -0.058
     214.35     0.104
     215.38    -0.022
     216.41     0.072
     217.44    -0.076
     218.47    -0.020
     219.50    -0.017
     220.53     0.099
     221.56    -0.056
     222.59     0.075
     223.62    -0.027
     224.65     0.039
     225.68    -0.001
     226.71     0.047
     227.74    -0.036
     228.77    -0.001
     229.80     0.042
     230.83     0.067
     231.86     0.031
     232.89     0.035
     233.93    -0.060
     234.96     0.039
     235.99    -0.103
     237.02     0.112
     238.05    -0.017
     239.08     0.056
     240.11    -0.059
     241.14     0.064
     242.17    -0.026
     243.20     0.003
     244.23    -0.026
     245.26    -0.025
     246.29    -0.006
     247.32     0.069
     248.35    -0.153
     249.38    -0.006
     250.41    -0.119
     251.44     0.051
     252.47    -0.066
     253.50    -0.012
     254.54    -0.013
     255.57     0.002
     256.60     0.040
     257.63     0.100
     258.66    -0.048
     259.69     0.000
     260.72     0.061
     261.75     0.035
     262.78    -0.111
     263.81     0.058
     264.84    -0.023
     265.87     0.041
     266.90     0.012
     267.93     0.075
     268.96     0.012
     269.99     0.005
     271.02    -0.050
     272.05     0.058
     273.08    -0.043
     274.11    -0.017
     275.15    -0.025
     276.18    -0.084
     277.21    -0.066
     278.24     0.024
     279.27    -0.025
     280.30     0.010
     281.33     0.019
     282.36    -0.008
     283.39    -0.033
     284.42     0.062
     285.45     0.001
     286.48    -0.002
     287.51     0.009
     288.54    -0.022
     289.57    -0.092
     290.60    -0.044
     291.63     0.047
     292.66     0.031
     293.69     0.029
     294.73     0.020
     295.76    -0.049
     296.79    -0.042
     297.82     0.017
     298.85    -0.071
     299.88    -0.003
     300.91     0.011
     301.94     0.046
     302.97    -0.050
     304.00     0.049
     305.03    -0.015
     306.06     0.034
     307.09    -0.023
     308.12     0.014
     309.15    -0.032
     310.18    -0.049
     311.21     0.017
     312.24     0.026
     313.27    -0.047
     314.30    -0.028
     315.34    -0.032
     316.37     0.007
     317.40    -0.006
     318.43    -0.043
     319.46    -0.043
     320.49     0.080
     321.52     0.110
     322.55    -0.021
     323.58     0.038
     324.61     0.019
     325.64     0.019
     326.67     0.037
     327.70     0.001
     328.73     0.025
     329.76     0.098
     330.79    -0.025
     331.82     0.011
     332.85     0.015
     333.88     0.045
     334.91    -0.003
     335.95    -0.016
     336.98     0.027
     338.01     0.074
     339.04     0.010
     340.07     0.024
     341.10    -0.044
     342.13     0.016
     343.16    -0.026
     344.19    -0.041
     345.22    -0.034
     346.25    -0.010
     347.28    -0.071
     348.31     0.027
     349.34    -0.079
     350.37    -0.004
     351.40     0.019
     352.43     0.107
     353.46     0.006
     354.49    -0.030
     355.52    -0.011
     356.56     0.029
     357.59    -0.008
     358.62    -0.012
     359.65    -0.039
     360.68    -0.014
     361.71    -0.112
     362.74    -0.067
     363.77     0.043
     364.80    -0.015
     365.83    -0.069
     366.86     0.001
     367.89    -0.047
     368.92     0.074
     369.95    -0.089
     370.98     0.079
     372.01    -0.019
     373.04     0.081
     374.07     0.005
     375.10    -0.027
     376.14    -0.004
     377.17     0.115
     378.20    -0.063
     379.23     0.057
     380.26     0.032
     381.29     0.015
     382.32     0.058
     383.35     0.026
     384.38    -0.043
     385.41    -0.006
     386.44    -0.038
     387.47     0.004
     388.50    -0.036
     389.53     0.069
     390.56    -0.003
     391.59     0.032
     392.62    -0.003
     393.65     0.056
     394.68    -0.056
     395.71     0.035
     396.75    -0.048
     397.78     0.007
     398.81    -0.060
     399.84     0.002