%%LAB     777  datapoints: v_lsr [km/s] and T_B [K]
    -399.84    -0.067
    -398.81    -0.039
    -397.78    -0.089
    -396.75    -0.056
    -395.72     0.007
    -394.69    -0.068
    -393.66     0.029
    -392.63     0.034
    -391.60    -0.020
    -390.57    -0.014
    -389.54     0.094
    -388.50     0.016
    -387.47    -0.021
    -386.44     0.033
    -385.41     0.099
    -384.38     0.002
    -383.35    -0.035
    -382.32    -0.049
    -381.29     0.036
    -380.26    -0.127
    -379.23     0.143
    -378.20     0.208
    -377.17    -0.012
    -376.14     0.055
    -375.11    -0.043
    -374.08     0.014
    -373.05     0.032
    -372.02    -0.031
    -370.99    -0.044
    -369.96    -0.024
    -368.92    -0.009
    -367.89    -0.044
    -366.86    -0.016
    -365.83    -0.050
    -364.80    -0.055
    -363.77    -0.001
    -362.74    -0.060
    -361.71     0.009
    -360.68     0.028
    -359.65    -0.017
    -358.62    -0.001
    -357.59     0.061
    -356.56     0.078
    -355.53    -0.002
    -354.50     0.031
    -353.47    -0.021
    -352.44     0.006
    -351.41     0.029
    -350.38     0.006
    -349.34    -0.083
    -348.31    -0.068
    -347.28    -0.018
    -346.25     0.035
    -345.22    -0.116
    -344.19     0.008
    -343.16     0.044
    -342.13     0.053
    -341.10     0.045
    -340.07     0.060
    -339.04    -0.090
    -338.01     0.010
    -336.98    -0.003
    -335.95    -0.009
    -334.92    -0.043
    -333.89     0.052
    -332.86     0.037
    -331.83     0.018
    -330.80    -0.079
    -329.77    -0.087
    -328.73    -0.000
    -327.70    -0.000
    -326.67    -0.087
    -325.64     0.025
    -324.61    -0.037
    -323.58     0.044
    -322.55    -0.019
    -321.52     0.075
    -320.49     0.032
    -319.46    -0.059
    -318.43     0.075
    -317.40    -0.072
    -316.37     0.078
    -315.34     0.090
    -314.31     0.104
    -313.28     0.021
    -312.25     0.005
    -311.22    -0.069
    -310.19     0.067
    -309.15     0.021
    -308.12     0.047
    -307.09    -0.031
    -306.06     0.059
    -305.03     0.031
    -304.00     0.026
    -302.97     0.142
    -301.94     0.051
    -300.91    -0.072
    -299.88    -0.025
    -298.85     0.024
    -297.82    -0.063
    -296.79    -0.020
    -295.76     0.027
    -294.73     0.074
    -293.70     0.018
    -292.67    -0.061
    -291.64     0.027
    -290.61    -0.065
    -289.58    -0.001
    -288.54     0.086
    -287.51    -0.035
    -286.48     0.086
    -285.45    -0.061
    -284.42     0.004
    -283.39    -0.045
    -282.36     0.015
    -281.33     0.010
    -280.30     0.063
    -279.27    -0.015
    -278.24    -0.063
    -277.21    -0.060
    -276.18    -0.022
    -275.15    -0.028
    -274.12    -0.043
    -273.09    -0.086
    -272.06    -0.066
    -271.03     0.016
    -270.00     0.112
    -268.96     0.038
    -267.93    -0.061
    -266.90    -0.018
    -265.87    -0.004
    -264.84     0.023
    -263.81     0.114
    -262.78     0.039
    -261.75     0.040
    -260.72    -0.043
    -259.69     0.071
    -258.66     0.114
    -257.63    -0.055
    -256.60    -0.045
    -255.57     0.101
    -254.54     0.110
    -253.51     0.009
    -252.48     0.084
    -251.45     0.001
    -250.42    -0.005
    -249.38    -0.003
    -248.35    -0.096
    -247.32     0.043
    -246.29    -0.031
    -245.26    -0.002
    -244.23    -0.117
    -243.20     0.051
    -242.17     0.020
    -241.14     0.030
    -240.11     0.064
    -239.08     0.162
    -238.05    -0.019
    -237.02     0.089
    -235.99     0.029
    -234.96    -0.017
    -233.93    -0.007
    -232.90    -0.004
    -231.87     0.029
    -230.84     0.019
    -229.81     0.014
    -228.77     0.039
    -227.74     0.051
    -226.71    -0.072
    -225.68    -0.039
    -224.65    -0.107
    -223.62    -0.020
    -222.59     0.039
    -221.56    -0.048
    -220.53    -0.056
    -219.50    -0.038
    -218.47     0.047
    -217.44    -0.028
    -216.41     0.019
    -215.38    -0.054
    -214.35    -0.113
    -213.32    -0.041
    -212.29     0.073
    -211.26     0.027
    -210.23     0.102
    -209.19     0.019
    -208.16     0.017
    -207.13    -0.025
    -206.10     0.001
    -205.07     0.030
    -204.04     0.010
    -203.01    -0.003
    -201.98     0.002
    -200.95    -0.012
    -199.92     0.049
    -198.89    -0.044
    -197.86     0.023
    -196.83    -0.005
    -195.80    -0.003
    -194.77    -0.054
    -193.74    -0.008
    -192.71     0.153
    -191.68     0.021
    -190.65    -0.027
    -189.61     0.049
    -188.58    -0.082
    -187.55     0.048
    -186.52     0.022
    -185.49     0.123
    -184.46    -0.096
    -183.43     0.000
    -182.40    -0.062
    -181.37     0.087
    -180.34     0.088
    -179.31     0.109
    -178.28     0.005
    -177.25     0.066
    -176.22     0.070
    -175.19     0.043
    -174.16     0.006
    -173.13    -0.019
    -172.10    -0.020
    -171.07     0.088
    -170.04     0.135
    -169.00     0.051
    -167.97     0.058
    -166.94    -0.027
    -165.91    -0.030
    -164.88     0.022
    -163.85     0.027
    -162.82    -0.007
    -161.79    -0.003
    -160.76     0.043
    -159.73     0.078
    -158.70     0.012
    -157.67     0.050
    -156.64     0.042
    -155.61    -0.024
    -154.58     0.016
    -153.55     0.012
    -152.52     0.165
    -151.49    -0.025
    -150.46     0.102
    -149.42    -0.064
    -148.39     0.007
    -147.36     0.078
    -146.33     0.151
    -145.30     0.112
    -144.27     0.174
    -143.24     0.206
    -142.21     0.331
    -141.18     0.203
    -140.15     0.383
    -139.12     0.336
    -138.09     0.447
    -137.06     0.436
    -136.03     0.603
    -135.00     0.578
    -133.97     0.577
    -132.94     0.641
    -131.91     0.845
    -130.88     0.777
    -129.85     0.950
    -128.81     1.039
    -127.78     1.064
    -126.75     1.099
    -125.72     1.310
    -124.69     1.189
    -123.66     1.204
    -122.63     1.177
    -121.60     1.225
    -120.57     1.171
    -119.54     1.290
    -118.51     1.236
    -117.48     1.224
    -116.45     1.164
    -115.42     1.334
    -114.39     1.185
    -113.36     1.342
    -112.33     1.261
    -111.30     1.410
    -110.27     1.360
    -109.23     1.377
    -108.20     1.345
    -107.17     1.522
    -106.14     1.440
    -105.11     1.425
    -104.08     1.381
    -103.05     1.466
    -102.02     1.263
    -100.99     1.415
     -99.96     1.392
     -98.93     1.427
     -97.90     1.512
     -96.87     1.530
     -95.84     1.695
     -94.81     1.765
     -93.78     1.911
     -92.75     1.958
     -91.72     2.168
     -90.69     2.293
     -89.65     2.563
     -88.62     2.851
     -87.59     3.053
     -86.56     3.327
     -85.53     3.654
     -84.50     4.060
     -83.47     4.414
     -82.44     4.920
     -81.41     5.451
     -80.38     6.120
     -79.35     6.928
     -78.32     8.046
     -77.29     8.821
     -76.26     9.897
     -75.23    10.801
     -74.20    11.874
     -73.17    12.852
     -72.14    13.660
     -71.11    13.777
     -70.08    13.484
     -69.04    12.843
     -68.01    11.933
     -66.98    10.972
     -65.95    10.060
     -64.92     9.353
     -63.89     8.652
     -62.86     8.214
     -61.83     7.870
     -60.80     7.440
     -59.77     7.204
     -58.74     6.921
     -57.71     6.580
     -56.68     6.414
     -55.65     6.312
     -54.62     6.317
     -53.59     6.158
     -52.56     6.083
     -51.53     6.288
     -50.50     6.381
     -49.46     6.587
     -48.43     6.675
     -47.40     6.773
     -46.37     6.774
     -45.34     7.043
     -44.31     7.201
     -43.28     7.580
     -42.25     7.934
     -41.22     8.651
     -40.19     9.343
     -39.16    10.624
     -38.13    11.627
     -37.10    13.056
     -36.07    14.432
     -35.04    15.636
     -34.01    16.581
     -32.98    17.584
     -31.95    18.121
     -30.92    18.594
     -29.88    18.476
     -28.85    18.169
     -27.82    17.707
     -26.79    17.450
     -25.76    17.242
     -24.73    17.097
     -23.70    17.229
     -22.67    17.894
     -21.64    18.837
     -20.61    20.374
     -19.58    23.014
     -18.55    27.305
     -17.52    33.036
     -16.49    40.031
     -15.46    46.112
     -14.43    50.323
     -13.40    52.824
     -12.37    55.516
     -11.34    57.841
     -10.31    60.047
      -9.27    61.602
      -8.24    62.460
      -7.21    63.228
      -6.18    64.784
      -5.15    67.640
      -4.12    71.020
      -3.09    73.718
      -2.06    76.433
      -1.03    78.477
       0.00    80.536
       1.03    83.064
       2.06    83.877
       3.09    82.957
       4.12    80.488
       5.15    79.717
       6.18    80.728
       7.21    80.407
       8.24    80.782
       9.27    80.679
      10.31    80.007
      11.34    77.457
      12.37    73.032
      13.40    66.629
      14.43    59.614
      15.46    53.732
      16.49    50.951
      17.52    51.382
      18.55    52.593
      19.58    50.861
      20.61    46.044
      21.64    40.760
      22.67    36.451
      23.70    33.957
      24.73    32.731
      25.76    30.607
      26.79    27.455
      27.82    23.556
      28.85    19.870
      29.88    16.553
      30.92    13.831
      31.95    11.408
      32.98     9.343
      34.01     7.395
      35.04     5.942
      36.07     4.346
      37.10     3.506
      38.13     2.664
      39.16     2.171
      40.19     1.696
      41.22     1.385
      42.25     1.228
      43.28     1.002
      44.31     0.768
      45.34     0.604
      46.37     0.460
      47.40     0.421
      48.43     0.291
      49.46     0.318
      50.50     0.276
      51.53     0.201
      52.56     0.142
      53.59     0.119
      54.62     0.004
      55.65     0.089
      56.68    -0.043
      57.71     0.021
      58.74    -0.031
      59.77     0.075
      60.80     0.109
      61.83    -0.062
      62.86     0.053
      63.89     0.063
      64.92     0.024
      65.95     0.049
      66.98    -0.031
      68.01     0.088
      69.04     0.088
      70.08     0.035
      71.11    -0.058
      72.14     0.076
      73.17     0.084
      74.20     0.100
      75.23     0.006
      76.26     0.050
      77.29     0.090
      78.32     0.050
      79.35    -0.021
      80.38     0.084
      81.41    -0.030
      82.44     0.037
      83.47     0.048
      84.50     0.017
      85.53    -0.079
      86.56    -0.017
      87.59    -0.012
      88.62     0.019
      89.65    -0.092
      90.69     0.085
      91.72    -0.006
      92.75     0.094
      93.78     0.026
      94.81    -0.033
      95.84    -0.074
      96.87     0.106
      97.90     0.078
      98.93     0.132
      99.96    -0.035
     100.99     0.182
     102.02     0.111
     103.05     0.071
     104.08    -0.013
     105.11     0.136
     106.14     0.001
     107.17     0.052
     108.20     0.001
     109.23     0.014
     110.27     0.021
     111.30    -0.008
     112.33    -0.009
     113.36     0.017
     114.39    -0.082
     115.42     0.011
     116.45     0.111
     117.48     0.104
     118.51     0.065
     119.54     0.017
     120.57    -0.106
     121.60     0.057
     122.63     0.057
     123.66    -0.052
     124.69    -0.052
     125.72     0.065
     126.75    -0.071
     127.78    -0.038
     128.81    -0.062
     129.85     0.048
     130.88    -0.064
     131.91     0.105
     132.94    -0.061
     133.97    -0.101
     135.00    -0.091
     136.03     0.071
     137.06    -0.047
     138.09     0.151
     139.12    -0.061
     140.15    -0.022
     141.18    -0.113
     142.21    -0.100
     143.24     0.048
     144.27     0.010
     145.30    -0.046
     146.33     0.058
     147.36     0.003
     148.39     0.008
     149.42     0.028
     150.46     0.095
     151.49     0.006
     152.52     0.119
     153.55    -0.083
     154.58     0.037
     155.61    -0.011
     156.64     0.050
     157.67     0.009
     158.70    -0.017
     159.73    -0.077
     160.76     0.033
     161.79     0.001
     162.82     0.054
     163.85     0.017
     164.88    -0.013
     165.91    -0.042
     166.94     0.062
     167.97     0.007
     169.00     0.128
     170.04     0.022
     171.07    -0.107
     172.10    -0.003
     173.13    -0.044
     174.16    -0.024
     175.19     0.037
     176.22     0.047
     177.25    -0.082
     178.28    -0.007
     179.31     0.096
     180.34    -0.095
     181.37    -0.039
     182.40    -0.026
     183.43    -0.026
     184.46     0.067
     185.49     0.034
     186.52    -0.067
     187.55     0.047
     188.58    -0.049
     189.61    -0.018
     190.65     0.007
     191.68     0.044
     192.71     0.114
     193.74     0.013
     194.77    -0.041
     195.80     0.019
     196.83     0.077
     197.86     0.067
     198.89     0.045
     199.92    -0.001
     200.95     0.052
     201.98     0.047
     203.01     0.009
     204.04    -0.029
     205.07     0.119
     206.10    -0.017
     207.13    -0.005
     208.16    -0.116
     209.19     0.035
     210.23     0.007
     211.26     0.044
     212.29    -0.017
     213.32     0.015
     214.35     0.118
     215.38    -0.060
     216.41    -0.004
     217.44    -0.029
     218.47     0.036
     219.50    -0.099
     220.53     0.088
     221.56    -0.033
     222.59     0.151
     223.62     0.018
     224.65    -0.006
     225.68     0.084
     226.71     0.016
     227.74    -0.067
     228.77     0.011
     229.81     0.041
     230.84    -0.042
     231.87    -0.145
     232.90     0.023
     233.93     0.035
     234.96    -0.010
     235.99    -0.086
     237.02     0.047
     238.05     0.022
     239.08     0.094
     240.11     0.001
     241.14     0.025
     242.17     0.008
     243.20     0.063
     244.23    -0.017
     245.26     0.053
     246.29    -0.006
     247.32     0.068
     248.35    -0.011
     249.38    -0.000
     250.42    -0.030
     251.45     0.038
     252.48    -0.081
     253.51     0.010
     254.54    -0.008
     255.57     0.017
     256.60    -0.036
     257.63     0.066
     258.66    -0.061
     259.69     0.012
     260.72    -0.050
     261.75    -0.082
     262.78    -0.019
     263.81    -0.037
     264.84     0.030
     265.87     0.056
     266.90    -0.099
     267.93    -0.105
     268.96    -0.015
     270.00    -0.056
     271.03    -0.011
     272.06    -0.033
     273.09    -0.037
     274.12     0.001
     275.15     0.078
     276.18     0.007
     277.21    -0.059
     278.24     0.053
     279.27    -0.045
     280.30    -0.027
     281.33     0.019
     282.36     0.055
     283.39     0.016
     284.42    -0.022
     285.45    -0.025
     286.48     0.020
     287.51    -0.049
     288.54     0.003
     289.58    -0.014
     290.61     0.038
     291.64    -0.039
     292.67    -0.018
     293.70    -0.026
     294.73     0.014
     295.76    -0.065
     296.79     0.081
     297.82    -0.057
     298.85     0.064
     299.88    -0.002
     300.91     0.041
     301.94    -0.020
     302.97     0.133
     304.00     0.061
     305.03    -0.042
     306.06    -0.015
     307.09     0.007
     308.12    -0.033
     309.15     0.049
     310.19     0.040
     311.22     0.080
     312.25    -0.080
     313.28    -0.014
     314.31    -0.139
     315.34     0.106
     316.37    -0.093
     317.40     0.048
     318.43     0.004
     319.46     0.073
     320.49    -0.039
     321.52    -0.021
     322.55     0.002
     323.58     0.093
     324.61    -0.029
     325.64     0.031
     326.67    -0.048
     327.70     0.060
     328.73    -0.033
     329.77    -0.049
     330.80    -0.054
     331.83     0.055
     332.86    -0.030
     333.89     0.002
     334.92    -0.006
     335.95    -0.080
     336.98     0.043
     338.01    -0.032
     339.04    -0.027
     340.07    -0.033
     341.10    -0.087
     342.13    -0.046
     343.16     0.076
     344.19    -0.084
     345.22    -0.067
     346.25     0.084
     347.28    -0.054
     348.31     0.103
     349.34    -0.010
     350.38     0.066
     351.41    -0.027
     352.44    -0.033
     353.47     0.048
     354.50     0.014
     355.53    -0.062
     356.56     0.046
     357.59     0.051
     358.62     0.002
     359.65    -0.003
     360.68    -0.046
     361.71    -0.047
     362.74     0.056
     363.77     0.061
     364.80     0.036
     365.83    -0.012
     366.86     0.077
     367.89    -0.008
     368.92    -0.043
     369.96     0.019
     370.99    -0.013
     372.02    -0.118
     373.05     0.031
     374.08     0.034
     375.11    -0.003
     376.14    -0.019
     377.17     0.057
     378.20    -0.059
     379.23     0.054
     380.26     0.025
     381.29    -0.003
     382.32    -0.025
     383.35     0.036
     384.38     0.030
     385.41     0.034
     386.44    -0.017
     387.47    -0.006
     388.50    -0.009
     389.54     0.081
     390.57    -0.112
     391.60     0.091
     392.63    -0.137
     393.66     0.095
     394.69    -0.102
     395.72     0.016
     396.75    -0.048
     397.78     0.015
     398.81     0.067
     399.84     0.046