%%LAB     777  datapoints: v_lsr [km/s] and T_B [K]
    -399.84     0.012
    -398.81     0.005
    -397.78    -0.047
    -396.75    -0.073
    -395.72     0.004
    -394.69     0.030
    -393.65    -0.081
    -392.62     0.024
    -391.59     0.052
    -390.56     0.012
    -389.53     0.121
    -388.50     0.069
    -387.47     0.021
    -386.44     0.064
    -385.41    -0.026
    -384.38     0.064
    -383.35    -0.010
    -382.32    -0.003
    -381.29     0.022
    -380.26    -0.041
    -379.23     0.064
    -378.20     0.006
    -377.17    -0.033
    -376.14    -0.009
    -375.11     0.006
    -374.08    -0.043
    -373.04     0.029
    -372.01    -0.042
    -370.98     0.113
    -369.95    -0.010
    -368.92     0.033
    -367.89    -0.011
    -366.86     0.082
    -365.83    -0.055
    -364.80     0.055
    -363.77    -0.059
    -362.74     0.001
    -361.71    -0.012
    -360.68    -0.020
    -359.65    -0.043
    -358.62    -0.002
    -357.59    -0.012
    -356.56    -0.012
    -355.53    -0.014
    -354.50    -0.020
    -353.47    -0.004
    -352.43     0.007
    -351.40    -0.014
    -350.37     0.075
    -349.34     0.009
    -348.31    -0.037
    -347.28    -0.026
    -346.25     0.054
    -345.22    -0.064
    -344.19    -0.002
    -343.16    -0.009
    -342.13     0.103
    -341.10    -0.067
    -340.07    -0.068
    -339.04    -0.004
    -338.01     0.016
    -336.98    -0.071
    -335.95    -0.032
    -334.92    -0.080
    -333.89    -0.007
    -332.85     0.020
    -331.82    -0.026
    -330.79    -0.044
    -329.76     0.000
    -328.73     0.018
    -327.70     0.002
    -326.67     0.009
    -325.64     0.018
    -324.61     0.063
    -323.58     0.060
    -322.55    -0.026
    -321.52     0.012
    -320.49     0.048
    -319.46     0.024
    -318.43     0.014
    -317.40     0.033
    -316.37     0.043
    -315.34     0.009
    -314.31    -0.018
    -313.28    -0.045
    -312.24    -0.050
    -311.21     0.042
    -310.18     0.011
    -309.15     0.004
    -308.12     0.022
    -307.09     0.051
    -306.06    -0.008
    -305.03     0.032
    -304.00    -0.044
    -302.97     0.049
    -301.94    -0.017
    -300.91     0.039
    -299.88    -0.054
    -298.85     0.088
    -297.82    -0.016
    -296.79     0.052
    -295.76    -0.019
    -294.73     0.067
    -293.70     0.074
    -292.66    -0.008
    -291.63     0.049
    -290.60    -0.008
    -289.57    -0.014
    -288.54    -0.133
    -287.51     0.002
    -286.48     0.006
    -285.45    -0.014
    -284.42     0.012
    -283.39    -0.139
    -282.36    -0.020
    -281.33    -0.007
    -280.30     0.039
    -279.27     0.043
    -278.24     0.048
    -277.21    -0.029
    -276.18    -0.014
    -275.15    -0.038
    -274.12     0.007
    -273.09    -0.028
    -272.05     0.013
    -271.02    -0.009
    -269.99     0.068
    -268.96    -0.042
    -267.93     0.047
    -266.90    -0.019
    -265.87    -0.005
    -264.84    -0.036
    -263.81     0.016
    -262.78     0.037
    -261.75     0.020
    -260.72    -0.041
    -259.69     0.044
    -258.66     0.015
    -257.63    -0.026
    -256.60    -0.018
    -255.57     0.024
    -254.54    -0.039
    -253.51     0.117
    -252.48    -0.043
    -251.44     0.023
    -250.41    -0.050
    -249.38     0.014
    -248.35    -0.048
    -247.32    -0.017
    -246.29     0.090
    -245.26    -0.046
    -244.23     0.030
    -243.20     0.031
    -242.17    -0.072
    -241.14    -0.047
    -240.11    -0.054
    -239.08     0.051
    -238.05    -0.005
    -237.02     0.087
    -235.99     0.032
    -234.96     0.004
    -233.93    -0.023
    -232.90    -0.059
    -231.86    -0.009
    -230.83     0.025
    -229.80     0.007
    -228.77    -0.033
    -227.74    -0.006
    -226.71    -0.054
    -225.68     0.001
    -224.65     0.001
    -223.62    -0.012
    -222.59     0.025
    -221.56     0.020
    -220.53     0.032
    -219.50    -0.000
    -218.47     0.065
    -217.44     0.051
    -216.41     0.024
    -215.38    -0.111
    -214.35     0.061
    -213.32     0.049
    -212.29     0.047
    -211.25    -0.039
    -210.22    -0.065
    -209.19     0.063
    -208.16     0.086
    -207.13    -0.061
    -206.10     0.044
    -205.07    -0.090
    -204.04     0.020
    -203.01     0.027
    -201.98     0.022
    -200.95     0.035
    -199.92    -0.010
    -198.89    -0.041
    -197.86     0.005
    -196.83    -0.051
    -195.80    -0.020
    -194.77    -0.054
    -193.74     0.014
    -192.71    -0.062
    -191.67     0.018
    -190.64     0.020
    -189.61     0.083
    -188.58    -0.066
    -187.55     0.001
    -186.52    -0.003
    -185.49    -0.034
    -184.46     0.008
    -183.43     0.096
    -182.40     0.095
    -181.37     0.049
    -180.34    -0.012
    -179.31    -0.007
    -178.28     0.037
    -177.25     0.067
    -176.22    -0.017
    -175.19     0.047
    -174.16    -0.004
    -173.13     0.018
    -172.10    -0.021
    -171.06     0.093
    -170.03     0.019
    -169.00    -0.035
    -167.97    -0.039
    -166.94    -0.052
    -165.91     0.015
    -164.88     0.008
    -163.85     0.011
    -162.82     0.017
    -161.79     0.112
    -160.76     0.026
    -159.73     0.021
    -158.70    -0.058
    -157.67    -0.066
    -156.64    -0.009
    -155.61    -0.066
    -154.58    -0.022
    -153.55     0.095
    -152.52    -0.042
    -151.49     0.061
    -150.45     0.038
    -149.42    -0.032
    -148.39     0.019
    -147.36    -0.079
    -146.33    -0.049
    -145.30    -0.014
    -144.27    -0.013
    -143.24     0.053
    -142.21    -0.033
    -141.18    -0.025
    -140.15    -0.001
    -139.12     0.051
    -138.09     0.007
    -137.06    -0.099
    -136.03     0.105
    -135.00     0.021
    -133.97     0.023
    -132.94    -0.053
    -131.91     0.017
    -130.87    -0.019
    -129.84     0.068
    -128.81    -0.000
    -127.78    -0.007
    -126.75     0.077
    -125.72     0.047
    -124.69    -0.030
    -123.66     0.053
    -122.63     0.036
    -121.60     0.096
    -120.57     0.124
    -119.54    -0.027
    -118.51    -0.055
    -117.48     0.039
    -116.45     0.053
    -115.42     0.028
    -114.39    -0.035
    -113.36     0.090
    -112.33     0.018
    -111.30     0.046
    -110.26    -0.098
    -109.23    -0.005
    -108.20    -0.060
    -107.17    -0.025
    -106.14    -0.015
    -105.11     0.030
    -104.08     0.004
    -103.05     0.121
    -102.02     0.068
    -100.99     0.053
     -99.96    -0.008
     -98.93     0.146
     -97.90     0.016
     -96.87     0.075
     -95.84     0.120
     -94.81     0.032
     -93.78     0.130
     -92.75     0.088
     -91.72     0.112
     -90.68     0.184
     -89.65     0.170
     -88.62     0.178
     -87.59     0.120
     -86.56     0.243
     -85.53     0.114
     -84.50     0.207
     -83.47     0.162
     -82.44     0.182
     -81.41     0.189
     -80.38     0.265
     -79.35     0.275
     -78.32     0.247
     -77.29     0.192
     -76.26     0.285
     -75.23     0.243
     -74.20     0.253
     -73.17     0.315
     -72.14     0.305
     -71.11     0.222
     -70.07     0.323
     -69.04     0.269
     -68.01     0.426
     -66.98     0.361
     -65.95     0.457
     -64.92     0.270
     -63.89     0.235
     -62.86     0.284
     -61.83     0.350
     -60.80     0.313
     -59.77     0.234
     -58.74     0.268
     -57.71     0.366
     -56.68     0.312
     -55.65     0.280
     -54.62     0.300
     -53.59     0.283
     -52.56     0.280
     -51.53     0.262
     -50.49     0.370
     -49.46     0.334
     -48.43     0.203
     -47.40     0.343
     -46.37     0.417
     -45.34     0.494
     -44.31     0.358
     -43.28     0.605
     -42.25     0.500
     -41.22     0.702
     -40.19     0.668
     -39.16     0.745
     -38.13     0.830
     -37.10     1.020
     -36.07     1.138
     -35.04     1.358
     -34.01     1.497
     -32.98     1.686
     -31.95     1.853
     -30.92     2.003
     -29.88     1.994
     -28.85     2.096
     -27.82     2.066
     -26.79     2.133
     -25.76     2.259
     -24.73     2.334
     -23.70     2.531
     -22.67     2.744
     -21.64     2.981
     -20.61     3.297
     -19.58     3.446
     -18.55     3.791
     -17.52     4.087
     -16.49     4.440
     -15.46     4.803
     -14.43     5.143
     -13.40     5.365
     -12.37     5.773
     -11.34     6.091
     -10.31     6.541
      -9.27     6.846
      -8.24     7.274
      -7.21     7.818
      -6.18     8.495
      -5.15     9.361
      -4.12    10.421
      -3.09    11.768
      -2.06    13.971
      -1.03    16.823
       0.00    19.562
       1.03    20.476
       2.06    20.073
       3.09    18.430
       4.12    15.727
       5.15    12.528
       6.18     9.937
       7.21     8.188
       8.24     6.664
       9.27     5.326
      10.31     4.332
      11.34     3.322
      12.37     2.736
      13.40     2.183
      14.43     1.744
      15.46     1.274
      16.49     1.047
      17.52     0.782
      18.55     0.590
      19.58     0.456
      20.61     0.472
      21.64     0.256
      22.67     0.303
      23.70     0.232
      24.73     0.163
      25.76     0.255
      26.79     0.182
      27.82     0.057
      28.85     0.053
      29.88     0.095
      30.92     0.017
      31.95     0.043
      32.98     0.099
      34.01    -0.040
      35.04     0.012
      36.07    -0.043
      37.10     0.023
      38.13     0.000
      39.16     0.102
      40.19     0.014
      41.22     0.078
      42.25     0.063
      43.28     0.023
      44.31    -0.041
      45.34    -0.013
      46.37     0.036
      47.40     0.127
      48.43    -0.031
      49.46     0.061
      50.49    -0.005
      51.53     0.084
      52.56     0.000
      53.59    -0.060
      54.62    -0.024
      55.65     0.051
      56.68     0.028
      57.71     0.036
      58.74     0.039
      59.77     0.022
      60.80     0.050
      61.83     0.043
      62.86    -0.046
      63.89    -0.030
      64.92     0.014
      65.95     0.005
      66.98     0.089
      68.01     0.048
      69.04    -0.012
      70.07     0.014
      71.11    -0.050
      72.14     0.009
      73.17     0.032
      74.20     0.006
      75.23     0.015
      76.26     0.018
      77.29     0.019
      78.32    -0.008
      79.35     0.056
      80.38     0.052
      81.41     0.057
      82.44     0.018
      83.47     0.048
      84.50    -0.046
      85.53    -0.040
      86.56     0.034
      87.59    -0.034
      88.62     0.044
      89.65    -0.038
      90.68     0.083
      91.72    -0.020
      92.75    -0.008
      93.78    -0.049
      94.81     0.087
      95.84     0.024
      96.87     0.010
      97.90    -0.030
      98.93     0.079
      99.96    -0.107
     100.99     0.007
     102.02     0.038
     103.05     0.062
     104.08    -0.038
     105.11     0.027
     106.14     0.049
     107.17     0.023
     108.20    -0.040
     109.23    -0.033
     110.26    -0.000
     111.30     0.067
     112.33     0.026
     113.36     0.025
     114.39    -0.033
     115.42    -0.072
     116.45     0.026
     117.48     0.005
     118.51     0.018
     119.54     0.000
     120.57    -0.033
     121.60     0.066
     122.63    -0.018
     123.66     0.043
     124.69     0.038
     125.72     0.012
     126.75     0.011
     127.78     0.029
     128.81    -0.005
     129.84    -0.034
     130.87    -0.069
     131.91     0.030
     132.94     0.100
     133.97     0.034
     135.00    -0.060
     136.03     0.017
     137.06     0.026
     138.09     0.050
     139.12     0.014
     140.15    -0.018
     141.18    -0.001
     142.21    -0.007
     143.24    -0.078
     144.27    -0.041
     145.30     0.002
     146.33    -0.032
     147.36    -0.014
     148.39     0.048
     149.42    -0.118
     150.45    -0.020
     151.48    -0.049
     152.52     0.066
     153.55    -0.008
     154.58     0.085
     155.61     0.022
     156.64    -0.079
     157.67     0.044
     158.70     0.038
     159.73    -0.013
     160.76     0.002
     161.79    -0.057
     162.82     0.050
     163.85    -0.008
     164.88     0.029
     165.91     0.000
     166.94     0.037
     167.97    -0.012
     169.00    -0.021
     170.03    -0.032
     171.06     0.059
     172.10    -0.008
     173.13     0.013
     174.16     0.043
     175.19     0.017
     176.22    -0.050
     177.25     0.039
     178.28     0.018
     179.31    -0.060
     180.34     0.012
     181.37    -0.041
     182.40    -0.055
     183.43     0.016
     184.46     0.003
     185.49     0.030
     186.52     0.012
     187.55    -0.004
     188.58    -0.035
     189.61     0.065
     190.64    -0.057
     191.67    -0.011
     192.71    -0.084
     193.74     0.060
     194.77     0.081
     195.80     0.026
     196.83     0.024
     197.86     0.003
     198.89     0.014
     199.92     0.053
     200.95     0.007
     201.98    -0.041
     203.01     0.007
     204.04     0.030
     205.07     0.023
     206.10     0.033
     207.13    -0.026
     208.16    -0.025
     209.19    -0.023
     210.22     0.062
     211.25    -0.012
     212.29     0.027
     213.32     0.017
     214.35    -0.069
     215.38    -0.134
     216.41     0.101
     217.44    -0.014
     218.47    -0.027
     219.50     0.019
     220.53    -0.026
     221.56    -0.004
     222.59     0.023
     223.62    -0.015
     224.65    -0.015
     225.68    -0.005
     226.71     0.060
     227.74     0.013
     228.77     0.033
     229.80    -0.015
     230.83     0.039
     231.86     0.057
     232.90     0.024
     233.93    -0.089
     234.96     0.047
     235.99    -0.059
     237.02     0.033
     238.05    -0.055
     239.08     0.089
     240.11    -0.008
     241.14     0.027
     242.17     0.003
     243.20     0.057
     244.23    -0.032
     245.26    -0.017
     246.29    -0.034
     247.32     0.004
     248.35     0.004
     249.38    -0.019
     250.41    -0.036
     251.44     0.037
     252.48    -0.001
     253.51     0.052
     254.54    -0.038
     255.57     0.071
     256.60    -0.036
     257.63    -0.027
     258.66     0.016
     259.69    -0.030
     260.72    -0.008
     261.75    -0.031
     262.78    -0.014
     263.81     0.045
     264.84     0.021
     265.87    -0.047
     266.90     0.017
     267.93    -0.008
     268.96    -0.012
     269.99     0.029
     271.02     0.015
     272.05     0.088
     273.09     0.009
     274.12     0.062
     275.15     0.009
     276.18     0.003
     277.21     0.023
     278.24     0.058
     279.27    -0.128
     280.30    -0.059
     281.33     0.010
     282.36     0.004
     283.39    -0.033
     284.42    -0.009
     285.45    -0.144
     286.48    -0.086
     287.51     0.002
     288.54    -0.013
     289.57    -0.035
     290.60    -0.008
     291.63     0.009
     292.66     0.049
     293.70    -0.021
     294.73     0.059
     295.76    -0.081
     296.79    -0.052
     297.82     0.050
     298.85     0.026
     299.88    -0.048
     300.91     0.031
     301.94     0.009
     302.97     0.007
     304.00     0.042
     305.03    -0.061
     306.06    -0.019
     307.09    -0.039
     308.12    -0.010
     309.15     0.091
     310.18     0.065
     311.21     0.019
     312.24    -0.005
     313.28     0.003
     314.31    -0.095
     315.34    -0.053
     316.37     0.039
     317.40    -0.003
     318.43    -0.030
     319.46     0.046
     320.49    -0.031
     321.52     0.038
     322.55    -0.095
     323.58     0.069
     324.61    -0.052
     325.64     0.005
     326.67     0.074
     327.70     0.007
     328.73    -0.014
     329.76     0.026
     330.79     0.047
     331.82     0.016
     332.85    -0.092
     333.89     0.026
     334.92    -0.022
     335.95    -0.041
     336.98    -0.021
     338.01    -0.016
     339.04    -0.042
     340.07     0.035
     341.10     0.015
     342.13     0.091
     343.16    -0.112
     344.19    -0.059
     345.22    -0.042
     346.25     0.110
     347.28     0.009
     348.31     0.034
     349.34    -0.000
     350.37     0.076
     351.40     0.056
     352.43     0.050
     353.47    -0.042
     354.50    -0.038
     355.53     0.010
     356.56    -0.008
     357.59    -0.109
     358.62     0.013
     359.65    -0.023
     360.68    -0.005
     361.71     0.000
     362.74     0.084
     363.77     0.054
     364.80     0.018
     365.83     0.028
     366.86     0.023
     367.89    -0.038
     368.92    -0.020
     369.95     0.040
     370.98    -0.024
     372.01     0.023
     373.04    -0.050
     374.08     0.038
     375.11     0.093
     376.14    -0.052
     377.17    -0.007
     378.20    -0.016
     379.23    -0.047
     380.26    -0.010
     381.29     0.010
     382.32     0.017
     383.35    -0.029
     384.38    -0.086
     385.41     0.053
     386.44     0.070
     387.47     0.088
     388.50     0.011
     389.53     0.040
     390.56     0.019
     391.59    -0.042
     392.62    -0.031
     393.65     0.064
     394.69     0.005
     395.72     0.064
     396.75     0.003
     397.78     0.043
     398.81     0.082
     399.84    -0.068