%%LAB     777  datapoints: v_lsr [km/s] and T_B [K]
    -399.84    -0.001
    -398.81     0.024
    -397.78    -0.049
    -396.75    -0.131
    -395.72     0.013
    -394.69    -0.074
    -393.66     0.098
    -392.63     0.001
    -391.60     0.058
    -390.57    -0.042
    -389.54    -0.066
    -388.51    -0.108
    -387.48     0.059
    -386.45    -0.001
    -385.42     0.024
    -384.39    -0.082
    -383.35     0.004
    -382.32    -0.031
    -381.29     0.058
    -380.26    -0.137
    -379.23    -0.026
    -378.20    -0.025
    -377.17    -0.012
    -376.14    -0.017
    -375.11     0.013
    -374.08    -0.063
    -373.05     0.063
    -372.02    -0.033
    -370.99     0.044
    -369.96     0.055
    -368.93     0.044
    -367.90    -0.015
    -366.87     0.051
    -365.84     0.077
    -364.81     0.037
    -363.78     0.018
    -362.74    -0.015
    -361.71     0.050
    -360.68     0.063
    -359.65    -0.027
    -358.62    -0.021
    -357.59    -0.088
    -356.56     0.070
    -355.53     0.010
    -354.50     0.007
    -353.47    -0.087
    -352.44     0.104
    -351.41    -0.027
    -350.38    -0.055
    -349.35     0.020
    -348.32     0.031
    -347.29    -0.053
    -346.26     0.087
    -345.23     0.067
    -344.20     0.053
    -343.16     0.033
    -342.13    -0.016
    -341.10    -0.004
    -340.07     0.035
    -339.04     0.098
    -338.01     0.024
    -336.98    -0.025
    -335.95    -0.077
    -334.92     0.069
    -333.89    -0.015
    -332.86     0.037
    -331.83    -0.106
    -330.80    -0.038
    -329.77     0.047
    -328.74    -0.011
    -327.71    -0.038
    -326.68     0.018
    -325.65     0.027
    -324.62     0.089
    -323.58    -0.083
    -322.55    -0.030
    -321.52     0.050
    -320.49     0.014
    -319.46     0.064
    -318.43     0.021
    -317.40    -0.048
    -316.37     0.038
    -315.34     0.013
    -314.31     0.062
    -313.28     0.030
    -312.25     0.022
    -311.22    -0.006
    -310.19     0.062
    -309.16     0.069
    -308.13    -0.068
    -307.10     0.025
    -306.07     0.061
    -305.04    -0.031
    -304.00    -0.043
    -302.97     0.005
    -301.94    -0.008
    -300.91    -0.010
    -299.88    -0.006
    -298.85     0.011
    -297.82     0.053
    -296.79     0.004
    -295.76     0.107
    -294.73     0.004
    -293.70    -0.068
    -292.67     0.045
    -291.64    -0.056
    -290.61     0.042
    -289.58    -0.067
    -288.55     0.040
    -287.52     0.039
    -286.49     0.080
    -285.46    -0.064
    -284.42     0.001
    -283.39     0.010
    -282.36    -0.073
    -281.33    -0.048
    -280.30     0.005
    -279.27     0.008
    -278.24    -0.008
    -277.21     0.015
    -276.18     0.065
    -275.15    -0.041
    -274.12    -0.024
    -273.09    -0.020
    -272.06     0.004
    -271.03     0.003
    -270.00    -0.061
    -268.97    -0.044
    -267.94     0.109
    -266.91     0.091
    -265.88     0.065
    -264.84     0.036
    -263.81    -0.040
    -262.78     0.057
    -261.75     0.035
    -260.72    -0.002
    -259.69    -0.014
    -258.66     0.058
    -257.63     0.026
    -256.60    -0.063
    -255.57     0.014
    -254.54    -0.024
    -253.51     0.094
    -252.48     0.055
    -251.45     0.017
    -250.42    -0.049
    -249.39     0.021
    -248.36    -0.119
    -247.33    -0.073
    -246.30    -0.026
    -245.26     0.021
    -244.23    -0.091
    -243.20     0.031
    -242.17    -0.054
    -241.14     0.109
    -240.11     0.007
    -239.08    -0.036
    -238.05     0.002
    -237.02     0.070
    -235.99    -0.018
    -234.96     0.104
    -233.93    -0.018
    -232.90    -0.020
    -231.87     0.024
    -230.84     0.094
    -229.81    -0.079
    -228.78     0.080
    -227.75    -0.045
    -226.72    -0.017
    -225.68     0.081
    -224.65     0.006
    -223.62     0.036
    -222.59    -0.093
    -221.56    -0.009
    -220.53     0.019
    -219.50     0.023
    -218.47     0.017
    -217.44     0.042
    -216.41    -0.069
    -215.38    -0.025
    -214.35     0.059
    -213.32    -0.012
    -212.29     0.060
    -211.26    -0.028
    -210.23     0.104
    -209.20     0.039
    -208.17    -0.108
    -207.14    -0.018
    -206.10     0.070
    -205.07     0.026
    -204.04     0.020
    -203.01     0.016
    -201.98     0.038
    -200.95    -0.100
    -199.92     0.002
    -198.89     0.026
    -197.86    -0.032
    -196.83    -0.007
    -195.80     0.044
    -194.77     0.025
    -193.74    -0.024
    -192.71    -0.012
    -191.68    -0.023
    -190.65    -0.026
    -189.62    -0.073
    -188.59    -0.046
    -187.56     0.034
    -186.52     0.030
    -185.49    -0.024
    -184.46    -0.069
    -183.43     0.000
    -182.40     0.038
    -181.37     0.071
    -180.34     0.029
    -179.31    -0.037
    -178.28    -0.020
    -177.25     0.019
    -176.22    -0.021
    -175.19     0.037
    -174.16    -0.070
    -173.13     0.086
    -172.10     0.023
    -171.07     0.058
    -170.04    -0.018
    -169.01     0.071
    -167.98    -0.068
    -166.94    -0.074
    -165.91    -0.021
    -164.88     0.033
    -163.85     0.127
    -162.82    -0.062
    -161.79    -0.093
    -160.76    -0.002
    -159.73    -0.051
    -158.70    -0.054
    -157.67     0.020
    -156.64    -0.056
    -155.61    -0.013
    -154.58     0.000
    -153.55    -0.118
    -152.52     0.021
    -151.49    -0.020
    -150.46    -0.020
    -149.43     0.029
    -148.40     0.108
    -147.36     0.061
    -146.33     0.104
    -145.30     0.013
    -144.27     0.020
    -143.24     0.045
    -142.21     0.029
    -141.18    -0.027
    -140.15     0.050
    -139.12     0.010
    -138.09     0.161
    -137.06     0.035
    -136.03     0.066
    -135.00     0.153
    -133.97     0.070
    -132.94     0.118
    -131.91     0.175
    -130.88     0.048
    -129.85     0.177
    -128.82     0.062
    -127.79     0.104
    -126.75     0.086
    -125.72     0.189
    -124.69     0.250
    -123.66     0.239
    -122.63     0.229
    -121.60     0.243
    -120.57     0.289
    -119.54     0.275
    -118.51     0.370
    -117.48     0.538
    -116.45     0.510
    -115.42     0.694
    -114.39     0.657
    -113.36     0.753
    -112.33     0.743
    -111.30     0.845
    -110.27     0.830
    -109.24     0.906
    -108.21     0.957
    -107.17     1.047
    -106.14     1.003
    -105.11     1.224
    -104.08     1.296
    -103.05     1.381
    -102.02     1.525
    -100.99     1.536
     -99.96     1.628
     -98.93     1.669
     -97.90     1.705
     -96.87     1.650
     -95.84     1.654
     -94.81     1.746
     -93.78     1.793
     -92.75     1.898
     -91.72     1.874
     -90.69     1.921
     -89.66     2.032
     -88.63     2.164
     -87.59     2.166
     -86.56     2.231
     -85.53     2.214
     -84.50     2.461
     -83.47     2.465
     -82.44     2.740
     -81.41     2.658
     -80.38     3.005
     -79.35     3.093
     -78.32     3.233
     -77.29     3.484
     -76.26     3.624
     -75.23     3.767
     -74.20     4.222
     -73.17     4.401
     -72.14     4.755
     -71.11     5.162
     -70.08     5.356
     -69.05     5.674
     -68.01     6.011
     -66.98     6.468
     -65.95     6.948
     -64.92     7.062
     -63.89     7.424
     -62.86     7.688
     -61.83     8.177
     -60.80     8.368
     -59.77     8.537
     -58.74     8.452
     -57.71     8.098
     -56.68     7.763
     -55.65     7.169
     -54.62     6.397
     -53.59     5.824
     -52.56     4.888
     -51.53     4.209
     -50.50     3.690
     -49.47     3.176
     -48.43     2.871
     -47.40     2.496
     -46.37     2.320
     -45.34     2.195
     -44.31     2.033
     -43.28     2.125
     -42.25     2.096
     -41.22     2.223
     -40.19     2.338
     -39.16     2.238
     -38.13     2.564
     -37.10     2.709
     -36.07     2.938
     -35.04     3.400
     -34.01     3.707
     -32.98     4.059
     -31.95     4.480
     -30.92     4.868
     -29.89     5.079
     -28.85     5.474
     -27.82     5.809
     -26.79     6.326
     -25.76     7.047
     -24.73     7.879
     -23.70     9.087
     -22.67    10.437
     -21.64    11.960
     -20.61    13.546
     -19.58    14.470
     -18.55    15.711
     -17.52    16.477
     -16.49    17.096
     -15.46    17.835
     -14.43    18.740
     -13.40    19.659
     -12.37    21.104
     -11.34    22.603
     -10.31    24.652
      -9.27    27.289
      -8.24    30.487
      -7.21    34.099
      -6.18    37.701
      -5.15    41.089
      -4.12    44.610
      -3.09    48.523
      -2.06    53.373
      -1.03    58.118
       0.00    62.700
       1.03    65.717
       2.06    67.820
       3.09    70.714
       4.12    72.949
       5.15    74.381
       6.18    75.600
       7.21    75.916
       8.24    75.473
       9.27    73.010
      10.31    67.484
      11.34    60.164
      12.37    52.207
      13.40    45.424
      14.43    39.321
      15.46    32.857
      16.49    26.332
      17.52    20.363
      18.55    15.162
      19.58    10.872
      20.61     7.599
      21.64     5.278
      22.67     3.842
      23.70     2.798
      24.73     2.029
      25.76     1.535
      26.79     1.346
      27.82     0.925
      28.85     0.779
      29.89     0.500
      30.92     0.536
      31.95     0.394
      32.98     0.419
      34.01     0.246
      35.04     0.228
      36.07     0.161
      37.10     0.147
      38.13     0.189
      39.16     0.219
      40.19     0.107
      41.22     0.134
      42.25     0.151
      43.28     0.171
      44.31     0.094
      45.34     0.152
      46.37     0.089
      47.40     0.091
      48.43     0.100
      49.47     0.127
      50.50    -0.006
      51.53     0.101
      52.56     0.019
      53.59     0.094
      54.62     0.045
      55.65     0.128
      56.68     0.023
      57.71     0.013
      58.74     0.013
      59.77     0.125
      60.80     0.035
      61.83     0.126
      62.86     0.053
      63.89    -0.053
      64.92    -0.057
      65.95     0.059
      66.98     0.031
      68.01     0.100
      69.05    -0.052
      70.08    -0.002
      71.11     0.036
      72.14     0.078
      73.17     0.071
      74.20     0.011
      75.23    -0.006
      76.26     0.061
      77.29     0.158
      78.32     0.059
      79.35    -0.035
      80.38     0.146
      81.41    -0.023
      82.44     0.076
      83.47    -0.011
      84.50     0.015
      85.53    -0.002
      86.56    -0.000
      87.59    -0.136
      88.63    -0.049
      89.66     0.040
      90.69     0.072
      91.72     0.096
      92.75     0.014
      93.78    -0.001
      94.81     0.067
      95.84    -0.002
      96.87     0.047
      97.90    -0.007
      98.93     0.091
      99.96     0.022
     100.99     0.003
     102.02    -0.066
     103.05     0.001
     104.08     0.049
     105.11     0.046
     106.14     0.065
     107.17    -0.054
     108.21     0.065
     109.24     0.051
     110.27     0.047
     111.30    -0.002
     112.33     0.023
     113.36     0.007
     114.39    -0.020
     115.42    -0.028
     116.45    -0.052
     117.48     0.069
     118.51    -0.064
     119.54     0.076
     120.57    -0.030
     121.60     0.061
     122.63    -0.068
     123.66    -0.060
     124.69    -0.026
     125.72     0.022
     126.75     0.019
     127.78     0.057
     128.82    -0.007
     129.85     0.098
     130.88     0.036
     131.91    -0.071
     132.94    -0.044
     133.97     0.069
     135.00    -0.007
     136.03    -0.014
     137.06    -0.064
     138.09     0.021
     139.12    -0.024
     140.15     0.021
     141.18    -0.060
     142.21     0.034
     143.24    -0.010
     144.27     0.043
     145.30     0.015
     146.33    -0.040
     147.36    -0.091
     148.40     0.039
     149.43    -0.013
     150.46     0.080
     151.49    -0.113
     152.52    -0.055
     153.55    -0.020
     154.58     0.021
     155.61    -0.052
     156.64     0.071
     157.67     0.032
     158.70     0.000
     159.73    -0.001
     160.76     0.008
     161.79    -0.043
     162.82    -0.058
     163.85     0.041
     164.88     0.000
     165.91     0.082
     166.94    -0.028
     167.98    -0.118
     169.01     0.061
     170.04     0.033
     171.07    -0.061
     172.10    -0.072
     173.13    -0.030
     174.16     0.035
     175.19     0.030
     176.22     0.025
     177.25     0.051
     178.28    -0.044
     179.31     0.020
     180.34    -0.089
     181.37     0.005
     182.40    -0.014
     183.43     0.111
     184.46     0.023
     185.49     0.034
     186.52    -0.108
     187.56     0.080
     188.59    -0.027
     189.62    -0.002
     190.65     0.087
     191.68     0.085
     192.71    -0.072
     193.74    -0.014
     194.77     0.014
     195.80     0.081
     196.83    -0.027
     197.86     0.049
     198.89    -0.008
     199.92    -0.017
     200.95     0.002
     201.98     0.025
     203.01    -0.012
     204.04     0.203
     205.07     0.050
     206.10    -0.021
     207.14    -0.089
     208.17    -0.023
     209.20    -0.047
     210.23    -0.057
     211.26    -0.030
     212.29     0.009
     213.32     0.042
     214.35     0.052
     215.38     0.018
     216.41     0.030
     217.44     0.033
     218.47     0.013
     219.50     0.088
     220.53    -0.073
     221.56    -0.039
     222.59     0.061
     223.62    -0.091
     224.65     0.056
     225.68    -0.053
     226.72     0.090
     227.75     0.027
     228.78    -0.011
     229.81    -0.019
     230.84     0.041
     231.87     0.013
     232.90    -0.040
     233.93    -0.027
     234.96     0.047
     235.99    -0.026
     237.02    -0.010
     238.05    -0.040
     239.08     0.087
     240.11     0.056
     241.14    -0.049
     242.17    -0.047
     243.20     0.003
     244.23     0.061
     245.26     0.036
     246.30     0.024
     247.33     0.052
     248.36     0.075
     249.39     0.067
     250.42    -0.018
     251.45     0.026
     252.48    -0.004
     253.51     0.039
     254.54    -0.019
     255.57     0.028
     256.60    -0.020
     257.63     0.044
     258.66    -0.037
     259.69    -0.068
     260.72    -0.007
     261.75    -0.013
     262.78    -0.046
     263.81    -0.030
     264.84    -0.019
     265.88     0.012
     266.91     0.051
     267.94    -0.072
     268.97    -0.119
     270.00    -0.044
     271.03     0.031
     272.06    -0.010
     273.09    -0.010
     274.12    -0.018
     275.15     0.039
     276.18     0.029
     277.21     0.001
     278.24     0.042
     279.27    -0.077
     280.30    -0.018
     281.33     0.018
     282.36    -0.033
     283.39    -0.080
     284.42     0.033
     285.46    -0.033
     286.49     0.083
     287.52    -0.053
     288.55     0.010
     289.58     0.000
     290.61     0.012
     291.64     0.019
     292.67     0.005
     293.70     0.052
     294.73     0.100
     295.76     0.020
     296.79    -0.102
     297.82     0.075
     298.85     0.013
     299.88     0.028
     300.91     0.015
     301.94    -0.036
     302.97     0.010
     304.00     0.014
     305.04     0.074
     306.07     0.009
     307.10     0.047
     308.13    -0.005
     309.16    -0.050
     310.19    -0.048
     311.22     0.030
     312.25     0.033
     313.28     0.028
     314.31    -0.142
     315.34     0.022
     316.37    -0.020
     317.40     0.075
     318.43    -0.013
     319.46     0.041
     320.49    -0.038
     321.52     0.041
     322.55     0.006
     323.58     0.070
     324.62    -0.098
     325.65     0.063
     326.68    -0.015
     327.71     0.010
     328.74     0.097
     329.77    -0.031
     330.80    -0.080
     331.83    -0.048
     332.86    -0.018
     333.89    -0.097
     334.92    -0.070
     335.95    -0.017
     336.98     0.034
     338.01    -0.019
     339.04     0.041
     340.07     0.042
     341.10    -0.040
     342.13     0.018
     343.16     0.066
     344.20     0.070
     345.23    -0.046
     346.26    -0.007
     347.29    -0.052
     348.32    -0.074
     349.35    -0.130
     350.38    -0.054
     351.41     0.070
     352.44     0.053
     353.47    -0.030
     354.50     0.027
     355.53     0.016
     356.56     0.055
     357.59    -0.040
     358.62    -0.123
     359.65    -0.058
     360.68     0.053
     361.71     0.021
     362.74     0.086
     363.78     0.088
     364.81     0.008
     365.84    -0.039
     366.87    -0.069
     367.90    -0.060
     368.93     0.003
     369.96    -0.018
     370.99     0.045
     372.02     0.031
     373.05     0.076
     374.08    -0.040
     375.11     0.019
     376.14    -0.030
     377.17     0.073
     378.20    -0.020
     379.23    -0.002
     380.26    -0.042
     381.29    -0.003
     382.32    -0.075
     383.35     0.133
     384.39    -0.071
     385.42     0.044
     386.45    -0.014
     387.48    -0.015
     388.51    -0.008
     389.54     0.028
     390.57     0.036
     391.60    -0.054
     392.63    -0.008
     393.66     0.058
     394.69    -0.026
     395.72     0.060
     396.75     0.021
     397.78    -0.053
     398.81    -0.075
     399.84     0.032