%%LAB     777  datapoints: v_lsr [km/s] and T_B [K]
    -399.83    -0.024
    -398.80     0.011
    -397.77    -0.016
    -396.74    -0.038
    -395.71    -0.014
    -394.68    -0.029
    -393.65    -0.030
    -392.62    -0.040
    -391.59    -0.070
    -390.55    -0.030
    -389.52     0.052
    -388.49    -0.144
    -387.46    -0.017
    -386.43    -0.002
    -385.40    -0.016
    -384.37    -0.062
    -383.34     0.039
    -382.31     0.063
    -381.28     0.053
    -380.25     0.004
    -379.22     0.017
    -378.19     0.089
    -377.16    -0.086
    -376.13     0.021
    -375.10    -0.038
    -374.07    -0.053
    -373.04    -0.022
    -372.01    -0.139
    -370.98     0.013
    -369.94    -0.083
    -368.91    -0.121
    -367.88     0.049
    -366.85     0.072
    -365.82     0.106
    -364.79     0.028
    -363.76    -0.042
    -362.73    -0.051
    -361.70    -0.029
    -360.67     0.019
    -359.64    -0.000
    -358.61    -0.028
    -357.58    -0.054
    -356.55    -0.039
    -355.52    -0.091
    -354.49    -0.019
    -353.46     0.006
    -352.43     0.069
    -351.40     0.061
    -350.37     0.009
    -349.34    -0.015
    -348.30    -0.024
    -347.27     0.029
    -346.24     0.057
    -345.21     0.084
    -344.18     0.102
    -343.15    -0.029
    -342.12     0.113
    -341.09    -0.073
    -340.06     0.064
    -339.03     0.058
    -338.00     0.041
    -336.97    -0.076
    -335.94    -0.158
    -334.91     0.036
    -333.88     0.054
    -332.85     0.030
    -331.82    -0.038
    -330.79    -0.058
    -329.76     0.073
    -328.73     0.001
    -327.69     0.065
    -326.66    -0.028
    -325.63     0.082
    -324.60     0.016
    -323.57     0.065
    -322.54     0.014
    -321.51    -0.031
    -320.48     0.008
    -319.45     0.004
    -318.42    -0.043
    -317.39    -0.014
    -316.36     0.029
    -315.33     0.077
    -314.30     0.035
    -313.27     0.130
    -312.24    -0.000
    -311.21     0.112
    -310.18    -0.027
    -309.15     0.081
    -308.12     0.052
    -307.09     0.102
    -306.05     0.056
    -305.02     0.003
    -303.99    -0.046
    -302.96     0.079
    -301.93     0.020
    -300.90     0.047
    -299.87     0.036
    -298.84     0.012
    -297.81    -0.079
    -296.78     0.036
    -295.75     0.097
    -294.72    -0.008
    -293.69    -0.032
    -292.66    -0.014
    -291.63     0.009
    -290.60    -0.016
    -289.57     0.032
    -288.54    -0.052
    -287.51     0.008
    -286.48     0.042
    -285.44     0.105
    -284.41    -0.048
    -283.38     0.086
    -282.35     0.024
    -281.32    -0.009
    -280.29     0.104
    -279.26     0.100
    -278.23     0.038
    -277.20     0.067
    -276.17     0.055
    -275.14    -0.050
    -274.11    -0.050
    -273.08    -0.088
    -272.05    -0.039
    -271.02    -0.023
    -269.99    -0.034
    -268.96     0.038
    -267.93     0.045
    -266.90    -0.056
    -265.87    -0.043
    -264.84     0.023
    -263.80    -0.114
    -262.77    -0.008
    -261.74    -0.012
    -260.71    -0.084
    -259.68     0.057
    -258.65     0.038
    -257.62     0.020
    -256.59    -0.066
    -255.56    -0.017
    -254.53     0.053
    -253.50    -0.009
    -252.47     0.096
    -251.44    -0.004
    -250.41     0.019
    -249.38     0.006
    -248.35    -0.050
    -247.32     0.109
    -246.29    -0.045
    -245.26    -0.046
    -244.23    -0.036
    -243.20     0.073
    -242.16    -0.007
    -241.13     0.007
    -240.10    -0.030
    -239.07     0.026
    -238.04    -0.089
    -237.01     0.006
    -235.98    -0.089
    -234.95    -0.019
    -233.92    -0.013
    -232.89     0.055
    -231.86     0.035
    -230.83    -0.052
    -229.80     0.068
    -228.77     0.014
    -227.74     0.033
    -226.71     0.060
    -225.68     0.054
    -224.65    -0.062
    -223.62    -0.079
    -222.59     0.018
    -221.55     0.014
    -220.52     0.085
    -219.49    -0.019
    -218.46     0.016
    -217.43    -0.037
    -216.40     0.031
    -215.37    -0.039
    -214.34     0.011
    -213.31    -0.044
    -212.28     0.073
    -211.25    -0.040
    -210.22     0.000
    -209.19    -0.003
    -208.16     0.083
    -207.13    -0.015
    -206.10     0.050
    -205.07    -0.003
    -204.04     0.076
    -203.01     0.085
    -201.98     0.019
    -200.95    -0.059
    -199.91     0.087
    -198.88     0.017
    -197.85     0.093
    -196.82    -0.094
    -195.79     0.004
    -194.76     0.056
    -193.73     0.034
    -192.70     0.071
    -191.67     0.044
    -190.64     0.065
    -189.61    -0.059
    -188.58    -0.086
    -187.55     0.025
    -186.52    -0.028
    -185.49    -0.041
    -184.46     0.049
    -183.43    -0.087
    -182.40     0.052
    -181.37     0.033
    -180.34    -0.020
    -179.30     0.070
    -178.27     0.056
    -177.24    -0.048
    -176.21    -0.027
    -175.18    -0.064
    -174.15    -0.056
    -173.12    -0.045
    -172.09     0.023
    -171.06     0.095
    -170.03     0.046
    -169.00     0.103
    -167.97     0.055
    -166.94    -0.010
    -165.91    -0.076
    -164.88    -0.065
    -163.85    -0.123
    -162.82     0.073
    -161.79     0.005
    -160.76    -0.030
    -159.73    -0.057
    -158.70    -0.002
    -157.66     0.002
    -156.63     0.116
    -155.60     0.054
    -154.57     0.044
    -153.54    -0.046
    -152.51     0.069
    -151.48     0.037
    -150.45     0.128
    -149.42     0.116
    -148.39     0.066
    -147.36     0.051
    -146.33     0.075
    -145.30     0.108
    -144.27     0.175
    -143.24     0.119
    -142.21     0.240
    -141.18     0.117
    -140.15     0.284
    -139.12     0.219
    -138.09     0.311
    -137.05     0.436
    -136.02     0.447
    -134.99     0.309
    -133.96     0.500
    -132.93     0.513
    -131.90     0.510
    -130.87     0.461
    -129.84     0.664
    -128.81     0.708
    -127.78     0.830
    -126.75     0.832
    -125.72     1.074
    -124.69     1.069
    -123.66     1.124
    -122.63     1.117
    -121.60     1.160
    -120.57     0.969
    -119.54     1.103
    -118.51     0.939
    -117.48     0.865
    -116.45     0.779
    -115.41     0.807
    -114.38     0.753
    -113.35     0.599
    -112.32     0.561
    -111.29     0.529
    -110.26     0.383
    -109.23     0.522
    -108.20     0.264
    -107.17     0.306
    -106.14     0.179
    -105.11     0.211
    -104.08     0.165
    -103.05     0.220
    -102.02     0.121
    -100.99     0.158
     -99.96     0.154
     -98.93     0.127
     -97.90     0.167
     -96.87     0.142
     -95.84     0.204
     -94.80     0.204
     -93.77     0.299
     -92.74     0.403
     -91.71     0.325
     -90.68     0.415
     -89.65     0.456
     -88.62     0.495
     -87.59     0.636
     -86.56     0.773
     -85.53     0.675
     -84.50     0.604
     -83.47     0.581
     -82.44     0.611
     -81.41     0.599
     -80.38     0.580
     -79.35     0.663
     -78.32     0.535
     -77.29     0.502
     -76.26     0.548
     -75.23     0.408
     -74.20     0.492
     -73.16     0.427
     -72.13     0.417
     -71.10     0.443
     -70.07     0.316
     -69.04     0.313
     -68.01     0.359
     -66.98     0.342
     -65.95     0.320
     -64.92     0.279
     -63.89     0.311
     -62.86     0.299
     -61.83     0.267
     -60.80     0.314
     -59.77     0.265
     -58.74     0.221
     -57.71     0.243
     -56.68     0.250
     -55.65     0.307
     -54.62     0.217
     -53.59     0.275
     -52.55     0.202
     -51.52     0.481
     -50.49     0.391
     -49.46     0.472
     -48.43     0.552
     -47.40     0.669
     -46.37     0.676
     -45.34     0.945
     -44.31     1.031
     -43.28     1.055
     -42.25     1.323
     -41.22     1.587
     -40.19     1.812
     -39.16     2.048
     -38.13     2.409
     -37.10     2.689
     -36.07     3.011
     -35.04     3.477
     -34.01     3.823
     -32.98     4.299
     -31.95     4.625
     -30.91     4.838
     -29.88     5.106
     -28.85     5.090
     -27.82     5.114
     -26.79     5.262
     -25.76     5.235
     -24.73     5.251
     -23.70     5.322
     -22.67     5.487
     -21.64     5.481
     -20.61     5.445
     -19.58     5.284
     -18.55     5.161
     -17.52     5.078
     -16.49     5.101
     -15.46     5.116
     -14.43     5.063
     -13.40     5.293
     -12.37     5.492
     -11.34     5.903
     -10.30     6.208
      -9.27     6.794
      -8.24     7.406
      -7.21     8.185
      -6.18     9.445
      -5.15    10.715
      -4.12    12.165
      -3.09    13.299
      -2.06    14.395
      -1.03    15.512
       0.00    16.934
       1.03    19.479
       2.06    21.488
       3.09    21.558
       4.12    19.389
       5.15    16.418
       6.18    13.954
       7.21    12.054
       8.24    10.906
       9.27     9.774
      10.30     8.835
      11.34     7.782
      12.37     6.860
      13.40     5.820
      14.43     4.865
      15.46     4.024
      16.49     3.290
      17.52     2.730
      18.55     2.394
      19.58     1.810
      20.61     1.618
      21.64     1.290
      22.67     1.214
      23.70     0.925
      24.73     0.780
      25.76     0.607
      26.79     0.614
      27.82     0.537
      28.85     0.436
      29.88     0.337
      30.91     0.392
      31.95     0.413
      32.98     0.293
      34.01     0.204
      35.04     0.206
      36.07     0.114
      37.10     0.181
      38.13     0.131
      39.16     0.170
      40.19     0.116
      41.22     0.079
      42.25     0.154
      43.28     0.024
      44.31     0.078
      45.34     0.080
      46.37    -0.051
      47.40     0.216
      48.43     0.057
      49.46     0.039
      50.49    -0.082
      51.52    -0.011
      52.55     0.019
      53.59     0.046
      54.62     0.074
      55.65     0.054
      56.68    -0.051
      57.71     0.087
      58.74    -0.086
      59.77     0.116
      60.80     0.028
      61.83     0.123
      62.86    -0.001
      63.89    -0.036
      64.92     0.020
      65.95     0.103
      66.98    -0.077
      68.01     0.052
      69.04     0.078
      70.07     0.028
      71.10     0.039
      72.13     0.115
      73.16     0.008
      74.20     0.012
      75.23    -0.063
      76.26     0.059
      77.29    -0.040
      78.32     0.014
      79.35     0.012
      80.38    -0.060
      81.41     0.007
      82.44     0.003
      83.47    -0.063
      84.50     0.050
      85.53    -0.077
      86.56     0.024
      87.59     0.060
      88.62     0.001
      89.65    -0.081
      90.68    -0.009
      91.71    -0.007
      92.74    -0.026
      93.77     0.093
      94.80    -0.017
      95.84    -0.057
      96.87     0.100
      97.90    -0.006
      98.93     0.068
      99.96     0.083
     100.99    -0.076
     102.02    -0.022
     103.05     0.129
     104.08    -0.020
     105.11     0.100
     106.14    -0.046
     107.17     0.056
     108.20    -0.022
     109.23     0.057
     110.26     0.012
     111.29    -0.144
     112.32    -0.025
     113.35     0.107
     114.38    -0.029
     115.41     0.026
     116.45     0.009
     117.48     0.017
     118.51    -0.094
     119.54     0.010
     120.57    -0.006
     121.60    -0.069
     122.63    -0.022
     123.66     0.017
     124.69    -0.009
     125.72    -0.030
     126.75     0.074
     127.78     0.017
     128.81     0.030
     129.84     0.007
     130.87    -0.067
     131.90     0.052
     132.93    -0.036
     133.96     0.061
     134.99     0.004
     136.02     0.028
     137.05    -0.002
     138.09     0.108
     139.12    -0.019
     140.15     0.058
     141.18     0.007
     142.21    -0.011
     143.24    -0.030
     144.27     0.060
     145.30    -0.066
     146.33     0.071
     147.36     0.022
     148.39     0.007
     149.42    -0.035
     150.45    -0.099
     151.48     0.111
     152.51     0.004
     153.54    -0.041
     154.57     0.049
     155.60     0.018
     156.63     0.075
     157.66     0.005
     158.70     0.034
     159.73     0.046
     160.76     0.046
     161.79    -0.068
     162.82     0.059
     163.85    -0.107
     164.88     0.047
     165.91    -0.052
     166.94    -0.015
     167.97     0.010
     169.00    -0.022
     170.03    -0.133
     171.06    -0.004
     172.09     0.029
     173.12     0.014
     174.15    -0.070
     175.18     0.176
     176.21    -0.056
     177.24    -0.052
     178.27    -0.001
     179.30    -0.055
     180.34     0.117
     181.37    -0.030
     182.40    -0.056
     183.43     0.102
     184.46    -0.009
     185.49     0.062
     186.52    -0.053
     187.55     0.083
     188.58    -0.016
     189.61     0.058
     190.64    -0.013
     191.67    -0.020
     192.70    -0.113
     193.73     0.065
     194.76    -0.053
     195.79     0.173
     196.82    -0.042
     197.85     0.039
     198.88     0.055
     199.91     0.065
     200.95    -0.069
     201.98     0.011
     203.01    -0.026
     204.04     0.074
     205.07    -0.068
     206.10     0.004
     207.13     0.040
     208.16    -0.006
     209.19     0.047
     210.22    -0.026
     211.25    -0.007
     212.28    -0.041
     213.31    -0.034
     214.34    -0.041
     215.37     0.092
     216.40    -0.046
     217.43     0.091
     218.46    -0.042
     219.49    -0.003
     220.52    -0.027
     221.55    -0.035
     222.59    -0.078
     223.62    -0.029
     224.65     0.002
     225.68    -0.051
     226.71     0.073
     227.74     0.042
     228.77     0.055
     229.80    -0.117
     230.83     0.090
     231.86     0.021
     232.89    -0.006
     233.92     0.012
     234.95     0.053
     235.98     0.105
     237.01    -0.004
     238.04     0.017
     239.07     0.014
     240.10    -0.012
     241.13     0.006
     242.16     0.049
     243.20    -0.069
     244.23    -0.011
     245.26     0.137
     246.29    -0.066
     247.32    -0.052
     248.35    -0.046
     249.38     0.086
     250.41     0.002
     251.44    -0.059
     252.47     0.011
     253.50    -0.034
     254.53    -0.064
     255.56     0.048
     256.59     0.003
     257.62     0.037
     258.65     0.065
     259.68    -0.027
     260.71     0.055
     261.74     0.014
     262.77    -0.103
     263.80    -0.009
     264.84     0.028
     265.87     0.070
     266.90    -0.037
     267.93     0.034
     268.96    -0.032
     269.99     0.052
     271.02     0.045
     272.05    -0.036
     273.08    -0.071
     274.11     0.000
     275.14    -0.092
     276.17     0.106
     277.20    -0.073
     278.23    -0.032
     279.26    -0.115
     280.29    -0.082
     281.32    -0.037
     282.35     0.103
     283.38    -0.039
     284.41     0.030
     285.45    -0.047
     286.48     0.027
     287.51     0.014
     288.54    -0.036
     289.57    -0.032
     290.60     0.137
     291.63    -0.050
     292.66     0.002
     293.69     0.018
     294.72    -0.024
     295.75     0.094
     296.78    -0.014
     297.81    -0.003
     298.84     0.105
     299.87    -0.118
     300.90     0.029
     301.93     0.008
     302.96     0.022
     303.99    -0.036
     305.02    -0.046
     306.05    -0.008
     307.09     0.020
     308.12    -0.009
     309.15     0.038
     310.18     0.005
     311.21     0.008
     312.24    -0.083
     313.27    -0.036
     314.30    -0.019
     315.33     0.010
     316.36    -0.013
     317.39    -0.010
     318.42    -0.087
     319.45     0.025
     320.48    -0.034
     321.51     0.068
     322.54     0.063
     323.57    -0.025
     324.60    -0.168
     325.63     0.027
     326.66    -0.016
     327.69     0.016
     328.73    -0.029
     329.76     0.042
     330.79    -0.006
     331.82     0.030
     332.85     0.036
     333.88     0.120
     334.91     0.024
     335.94    -0.061
     336.97    -0.028
     338.00    -0.024
     339.03     0.050
     340.06     0.012
     341.09    -0.051
     342.12     0.045
     343.15    -0.032
     344.18    -0.051
     345.21    -0.105
     346.24     0.042
     347.27    -0.010
     348.30     0.063
     349.34    -0.018
     350.37     0.087
     351.40    -0.060
     352.43     0.064
     353.46    -0.144
     354.49     0.075
     355.52     0.067
     356.55     0.023
     357.58     0.052
     358.61     0.090
     359.64    -0.066
     360.67     0.029
     361.70    -0.009
     362.73     0.062
     363.76    -0.105
     364.79    -0.007
     365.82     0.004
     366.85     0.040
     367.88     0.004
     368.91    -0.039
     369.94    -0.020
     370.98     0.069
     372.01     0.037
     373.04    -0.009
     374.07    -0.116
     375.10     0.031
     376.13    -0.031
     377.16     0.045
     378.19    -0.017
     379.22    -0.030
     380.25     0.014
     381.28     0.014
     382.31    -0.099
     383.34    -0.002
     384.37    -0.123
     385.40    -0.012
     386.43    -0.105
     387.46    -0.054
     388.49    -0.057
     389.52    -0.047
     390.55    -0.114
     391.59     0.032
     392.62    -0.010
     393.65     0.049
     394.68    -0.154
     395.71    -0.076
     396.74    -0.045
     397.77    -0.108
     398.80    -0.086
     399.83    -0.106