%%LAB     777  datapoints: v_lsr [km/s] and T_B [K]
    -399.82     0.016
    -398.79    -0.009
    -397.76    -0.030
    -396.73     0.002
    -395.70     0.004
    -394.67    -0.101
    -393.64     0.050
    -392.61    -0.117
    -391.58     0.001
    -390.55    -0.007
    -389.52     0.101
    -388.48    -0.076
    -387.45     0.116
    -386.42    -0.045
    -385.39     0.045
    -384.36    -0.057
    -383.33     0.016
    -382.30    -0.121
    -381.27     0.092
    -380.24    -0.082
    -379.21    -0.049
    -378.18    -0.003
    -377.15    -0.051
    -376.12    -0.010
    -375.09    -0.014
    -374.06    -0.010
    -373.03     0.036
    -372.00    -0.092
    -370.97     0.048
    -369.94    -0.101
    -368.91    -0.043
    -367.88     0.032
    -366.85    -0.008
    -365.81     0.039
    -364.78    -0.059
    -363.75    -0.031
    -362.72     0.116
    -361.69    -0.028
    -360.66     0.101
    -359.63     0.035
    -358.60     0.029
    -357.57    -0.052
    -356.54     0.112
    -355.51    -0.052
    -354.48     0.109
    -353.45     0.021
    -352.42     0.124
    -351.39    -0.022
    -350.36     0.023
    -349.33    -0.012
    -348.30    -0.030
    -347.27    -0.021
    -346.24     0.077
    -345.21    -0.033
    -344.17    -0.050
    -343.14    -0.088
    -342.11     0.168
    -341.08     0.006
    -340.05    -0.026
    -339.02    -0.039
    -337.99    -0.101
    -336.96    -0.035
    -335.93     0.065
    -334.90     0.042
    -333.87    -0.002
    -332.84     0.010
    -331.81     0.033
    -330.78     0.062
    -329.75    -0.055
    -328.72    -0.104
    -327.69     0.004
    -326.66    -0.038
    -325.63    -0.115
    -324.60    -0.050
    -323.57     0.019
    -322.54    -0.076
    -321.50    -0.014
    -320.47    -0.037
    -319.44     0.061
    -318.41    -0.095
    -317.38     0.051
    -316.35     0.039
    -315.32     0.060
    -314.29    -0.007
    -313.26     0.061
    -312.23    -0.052
    -311.20     0.080
    -310.17     0.051
    -309.14    -0.006
    -308.11    -0.033
    -307.08     0.061
    -306.05     0.130
    -305.02     0.093
    -303.99    -0.069
    -302.96     0.011
    -301.93    -0.065
    -300.90     0.048
    -299.86    -0.053
    -298.83    -0.001
    -297.80     0.013
    -296.77    -0.034
    -295.74     0.017
    -294.71     0.034
    -293.68    -0.000
    -292.65     0.062
    -291.62     0.010
    -290.59     0.014
    -289.56     0.015
    -288.53    -0.116
    -287.50    -0.063
    -286.47     0.018
    -285.44    -0.043
    -284.41     0.051
    -283.38     0.042
    -282.35     0.078
    -281.32     0.098
    -280.29     0.154
    -279.26    -0.038
    -278.23     0.054
    -277.19    -0.098
    -276.16     0.024
    -275.13    -0.030
    -274.10     0.002
    -273.07    -0.065
    -272.04    -0.007
    -271.01    -0.062
    -269.98    -0.066
    -268.95    -0.021
    -267.92     0.013
    -266.89    -0.008
    -265.86     0.013
    -264.83    -0.050
    -263.80    -0.017
    -262.77    -0.022
    -261.74     0.048
    -260.71    -0.027
    -259.68     0.006
    -258.65     0.021
    -257.62    -0.062
    -256.59    -0.039
    -255.56    -0.005
    -254.52    -0.029
    -253.49    -0.008
    -252.46    -0.007
    -251.43     0.036
    -250.40    -0.009
    -249.37     0.050
    -248.34    -0.077
    -247.31     0.020
    -246.28    -0.053
    -245.25    -0.007
    -244.22    -0.148
    -243.19     0.015
    -242.16     0.005
    -241.13     0.007
    -240.10     0.060
    -239.07    -0.001
    -238.04     0.005
    -237.01     0.076
    -235.98     0.017
    -234.95     0.075
    -233.92     0.001
    -232.88     0.070
    -231.85     0.108
    -230.82     0.014
    -229.79     0.077
    -228.76     0.019
    -227.73     0.027
    -226.70     0.021
    -225.67    -0.018
    -224.64     0.045
    -223.61    -0.096
    -222.58     0.085
    -221.55    -0.009
    -220.52     0.053
    -219.49    -0.018
    -218.46     0.028
    -217.43     0.055
    -216.40    -0.039
    -215.37     0.022
    -214.34    -0.012
    -213.31    -0.052
    -212.28     0.024
    -211.25    -0.007
    -210.21     0.069
    -209.18     0.028
    -208.15     0.050
    -207.12     0.092
    -206.09    -0.043
    -205.06    -0.014
    -204.03     0.010
    -203.00    -0.012
    -201.97    -0.013
    -200.94    -0.057
    -199.91     0.001
    -198.88     0.025
    -197.85     0.045
    -196.82    -0.018
    -195.79     0.055
    -194.76    -0.096
    -193.73    -0.078
    -192.70    -0.039
    -191.67     0.074
    -190.64    -0.086
    -189.61    -0.017
    -188.57     0.016
    -187.54     0.040
    -186.51    -0.023
    -185.48     0.070
    -184.45    -0.017
    -183.42     0.004
    -182.39    -0.042
    -181.36    -0.031
    -180.33    -0.063
    -179.30    -0.030
    -178.27    -0.051
    -177.24    -0.018
    -176.21    -0.052
    -175.18     0.040
    -174.15    -0.027
    -173.12     0.001
    -172.09     0.041
    -171.06     0.044
    -170.03     0.083
    -169.00     0.061
    -167.97     0.069
    -166.94     0.016
    -165.90     0.024
    -164.87     0.110
    -163.84    -0.005
    -162.81     0.074
    -161.78    -0.024
    -160.75     0.020
    -159.72     0.076
    -158.69     0.043
    -157.66     0.019
    -156.63    -0.020
    -155.60     0.045
    -154.57     0.036
    -153.54     0.046
    -152.51     0.044
    -151.48    -0.105
    -150.45     0.115
    -149.42     0.056
    -148.39    -0.055
    -147.36     0.026
    -146.33     0.054
    -145.30     0.150
    -144.26     0.052
    -143.23     0.035
    -142.20     0.214
    -141.17     0.072
    -140.14     0.076
    -139.11     0.041
    -138.08     0.142
    -137.05     0.092
    -136.02     0.121
    -134.99     0.052
    -133.96     0.156
    -132.93     0.080
    -131.90     0.188
    -130.87     0.221
    -129.84     0.268
    -128.81     0.317
    -127.78     0.340
    -126.75     0.375
    -125.72     0.556
    -124.69     0.798
    -123.66     1.105
    -122.63     1.477
    -121.59     2.104
    -120.56     3.053
    -119.53     4.157
    -118.50     5.314
    -117.47     6.752
    -116.44     8.073
    -115.41     9.483
    -114.38    10.512
    -113.35    11.701
    -112.32    12.767
    -111.29    13.529
    -110.26    13.892
    -109.23    14.486
    -108.20    15.385
    -107.17    16.957
    -106.14    18.725
    -105.11    20.266
    -104.08    21.039
    -103.05    20.625
    -102.02    19.195
    -100.99    17.261
     -99.95    14.960
     -98.92    13.087
     -97.89    11.483
     -96.86    10.145
     -95.83     9.554
     -94.80     9.573
     -93.77    10.206
     -92.74    11.127
     -91.71    12.242
     -90.68    13.443
     -89.65    14.733
     -88.62    16.339
     -87.59    18.018
     -86.56    19.985
     -85.53    22.459
     -84.50    25.570
     -83.47    29.307
     -82.44    33.272
     -81.41    36.669
     -80.38    39.768
     -79.35    42.461
     -78.32    45.234
     -77.28    48.055
     -76.25    51.287
     -75.22    54.905
     -74.19    58.499
     -73.16    61.244
     -72.13    62.684
     -71.10    62.432
     -70.07    60.286
     -69.04    56.134
     -68.01    51.245
     -66.98    46.329
     -65.95    42.329
     -64.92    39.278
     -63.89    36.991
     -62.86    35.425
     -61.83    34.220
     -60.80    33.378
     -59.77    32.793
     -58.74    31.849
     -57.71    30.526
     -56.68    28.586
     -55.65    26.265
     -54.61    23.605
     -53.58    20.499
     -52.55    17.259
     -51.52    14.711
     -50.49    13.464
     -49.46    13.071
     -48.43    13.612
     -47.40    14.902
     -46.37    16.757
     -45.34    19.117
     -44.31    21.312
     -43.28    23.431
     -42.25    25.325
     -41.22    26.894
     -40.19    27.410
     -39.16    27.198
     -38.13    25.951
     -37.10    24.180
     -36.07    22.180
     -35.04    20.631
     -34.01    19.477
     -32.97    19.130
     -31.94    19.224
     -30.91    19.510
     -29.88    19.632
     -28.85    19.566
     -27.82    18.809
     -26.79    17.698
     -25.76    16.197
     -24.73    15.340
     -23.70    14.797
     -22.67    15.246
     -21.64    16.659
     -20.61    18.276
     -19.58    20.373
     -18.55    22.341
     -17.52    24.345
     -16.49    26.894
     -15.46    29.789
     -14.43    33.375
     -13.40    37.261
     -12.37    41.905
     -11.34    46.826
     -10.30    51.443
      -9.27    56.511
      -8.24    61.587
      -7.21    65.940
      -6.18    69.526
      -5.15    72.644
      -4.12    76.095
      -3.09    80.269
      -2.06    84.758
      -1.03    88.708
       0.00    91.667
       1.03    92.906
       2.06    91.751
       3.09    88.205
       4.12    82.552
       5.15    76.394
       6.18    71.101
       7.21    67.144
       8.24    63.506
       9.27    60.593
      10.30    57.050
      11.34    51.788
      12.37    46.694
      13.40    43.337
      14.43    41.956
      15.46    41.530
      16.49    41.884
      17.52    41.557
      18.55    38.939
      19.58    33.028
      20.61    26.446
      21.64    20.978
      22.67    17.277
      23.70    14.567
      24.73    12.759
      25.76    10.931
      26.79     9.444
      27.82     8.092
      28.85     6.809
      29.88     5.635
      30.91     4.887
      31.94     4.038
      32.97     3.397
      34.01     2.892
      35.04     2.433
      36.07     2.420
      37.10     2.187
      38.13     2.270
      39.16     2.425
      40.19     2.398
      41.22     2.202
      42.25     1.828
      43.28     1.453
      44.31     1.158
      45.34     0.917
      46.37     0.593
      47.40     0.572
      48.43     0.377
      49.46     0.250
      50.49     0.272
      51.52     0.302
      52.55     0.104
      53.58     0.143
      54.61     0.137
      55.65     0.074
      56.68     0.048
      57.71     0.010
      58.74     0.036
      59.77     0.119
      60.80    -0.023
      61.83     0.000
      62.86     0.098
      63.89     0.088
      64.92     0.036
      65.95     0.069
      66.98     0.039
      68.01     0.035
      69.04     0.089
      70.07     0.019
      71.10    -0.002
      72.13     0.071
      73.16    -0.054
      74.19     0.044
      75.22    -0.032
      76.25     0.090
      77.28    -0.057
      78.32    -0.050
      79.35    -0.045
      80.38    -0.056
      81.41     0.046
      82.44     0.130
      83.47    -0.047
      84.50     0.048
      85.53    -0.101
      86.56    -0.008
      87.59     0.037
      88.62     0.040
      89.65     0.031
      90.68     0.039
      91.71     0.057
      92.74    -0.002
      93.77     0.051
      94.80    -0.087
      95.83    -0.108
      96.86    -0.001
      97.89     0.056
      98.92    -0.044
      99.96     0.013
     100.99     0.070
     102.02     0.077
     103.05     0.045
     104.08     0.006
     105.11     0.162
     106.14     0.026
     107.17     0.061
     108.20     0.037
     109.23     0.100
     110.26    -0.037
     111.29     0.131
     112.32    -0.120
     113.35    -0.024
     114.38     0.030
     115.41     0.123
     116.44     0.066
     117.47     0.107
     118.50     0.019
     119.53     0.023
     120.56     0.056
     121.59     0.057
     122.63    -0.078
     123.66     0.055
     124.69    -0.071
     125.72     0.070
     126.75    -0.110
     127.78     0.100
     128.81     0.050
     129.84    -0.099
     130.87     0.029
     131.90     0.011
     132.93    -0.073
     133.96    -0.010
     134.99    -0.032
     136.02    -0.013
     137.05    -0.028
     138.08     0.013
     139.11     0.022
     140.14     0.064
     141.17    -0.110
     142.20    -0.000
     143.23    -0.069
     144.26     0.021
     145.30    -0.105
     146.33     0.018
     147.36    -0.039
     148.39     0.155
     149.42    -0.023
     150.45    -0.057
     151.48     0.105
     152.51     0.017
     153.54     0.053
     154.57     0.039
     155.60    -0.039
     156.63     0.122
     157.66    -0.072
     158.69     0.018
     159.72     0.023
     160.75    -0.009
     161.78    -0.040
     162.81     0.016
     163.84     0.000
     164.87     0.082
     165.90     0.025
     166.94    -0.036
     167.97    -0.050
     169.00     0.081
     170.03     0.012
     171.06     0.005
     172.09     0.011
     173.12     0.066
     174.15    -0.042
     175.18    -0.010
     176.21     0.045
     177.24     0.100
     178.27    -0.002
     179.30     0.076
     180.33    -0.110
     181.36    -0.015
     182.39     0.068
     183.42    -0.002
     184.45     0.041
     185.48     0.031
     186.51    -0.058
     187.54     0.000
     188.57    -0.056
     189.61     0.078
     190.64    -0.052
     191.67     0.018
     192.70    -0.015
     193.73     0.060
     194.76    -0.054
     195.79    -0.027
     196.82    -0.016
     197.85     0.074
     198.88     0.044
     199.91    -0.004
     200.94     0.046
     201.97    -0.026
     203.00     0.066
     204.03    -0.012
     205.06     0.031
     206.09    -0.011
     207.12    -0.025
     208.15    -0.037
     209.18    -0.107
     210.21     0.032
     211.25    -0.078
     212.28     0.094
     213.31    -0.009
     214.34     0.021
     215.37    -0.013
     216.40     0.054
     217.43     0.006
     218.46     0.001
     219.49    -0.055
     220.52     0.010
     221.55    -0.039
     222.58    -0.064
     223.61     0.019
     224.64     0.068
     225.67    -0.045
     226.70     0.006
     227.73     0.012
     228.76    -0.057
     229.79    -0.082
     230.82    -0.123
     231.85     0.031
     232.88    -0.010
     233.92    -0.126
     234.95    -0.033
     235.98    -0.049
     237.01     0.038
     238.04     0.025
     239.07     0.053
     240.10    -0.036
     241.13    -0.039
     242.16    -0.006
     243.19     0.012
     244.22    -0.027
     245.25     0.082
     246.28     0.073
     247.31    -0.013
     248.34    -0.023
     249.37     0.051
     250.40    -0.046
     251.43     0.103
     252.46     0.002
     253.49     0.007
     254.52    -0.037
     255.56    -0.084
     256.59    -0.017
     257.62     0.027
     258.65     0.045
     259.68     0.059
     260.71     0.028
     261.74     0.007
     262.77     0.054
     263.80    -0.016
     264.83     0.051
     265.86    -0.042
     266.89    -0.053
     267.92     0.044
     268.95    -0.050
     269.98     0.178
     271.01     0.005
     272.04     0.032
     273.07     0.070
     274.10     0.066
     275.13    -0.079
     276.16     0.081
     277.19    -0.027
     278.23     0.101
     279.26    -0.041
     280.29     0.046
     281.32    -0.008
     282.35     0.141
     283.38    -0.050
     284.41     0.002
     285.44     0.002
     286.47     0.062
     287.50    -0.037
     288.53     0.100
     289.56    -0.065
     290.59     0.042
     291.62     0.087
     292.65     0.067
     293.68    -0.019
     294.71    -0.005
     295.74    -0.022
     296.77     0.129
     297.80    -0.063
     298.83     0.108
     299.86    -0.037
     300.90     0.074
     301.93    -0.047
     302.96     0.188
     303.99    -0.031
     305.02    -0.067
     306.05     0.018
     307.08    -0.033
     308.11     0.041
     309.14     0.053
     310.17     0.038
     311.20    -0.057
     312.23    -0.075
     313.26     0.038
     314.29    -0.004
     315.32    -0.070
     316.35    -0.093
     317.38    -0.011
     318.41    -0.257
     319.44     0.029
     320.47    -0.116
     321.50    -0.015
     322.54     0.025
     323.57    -0.109
     324.60    -0.115
     325.63    -0.036
     326.66    -0.059
     327.69     0.048
     328.72    -0.060
     329.75    -0.046
     330.78    -0.038
     331.81     0.118
     332.84    -0.028
     333.87    -0.008
     334.90    -0.005
     335.93     0.015
     336.96    -0.014
     337.99     0.107
     339.02     0.087
     340.05     0.042
     341.08     0.095
     342.11    -0.008
     343.14    -0.040
     344.17     0.012
     345.21    -0.033
     346.24     0.050
     347.27     0.020
     348.30    -0.073
     349.33    -0.027
     350.36     0.098
     351.39     0.086
     352.42    -0.024
     353.45    -0.064
     354.48    -0.003
     355.51     0.092
     356.54    -0.038
     357.57     0.042
     358.60    -0.015
     359.63     0.034
     360.66     0.005
     361.69     0.041
     362.72     0.099
     363.75    -0.043
     364.78     0.006
     365.81    -0.056
     366.85     0.011
     367.88    -0.080
     368.91    -0.031
     369.94    -0.037
     370.97     0.039
     372.00    -0.080
     373.03    -0.034
     374.06    -0.041
     375.09    -0.016
     376.12     0.007
     377.15     0.049
     378.18     0.031
     379.21     0.001
     380.24     0.031
     381.27    -0.033
     382.30    -0.039
     383.33     0.125
     384.36     0.069
     385.39     0.048
     386.42    -0.001
     387.45    -0.001
     388.48    -0.005
     389.52    -0.039
     390.55    -0.035
     391.58    -0.069
     392.61    -0.090
     393.64     0.023
     394.67    -0.100
     395.70    -0.087
     396.73    -0.135
     397.76    -0.019
     398.79    -0.065
     399.82     0.051