%%LAB     777  datapoints: v_lsr [km/s] and T_B [K]
    -399.87     0.081
    -398.84    -0.034
    -397.81     0.019
    -396.78     0.046
    -395.75    -0.021
    -394.72    -0.010
    -393.69     0.011
    -392.66     0.035
    -391.63     0.081
    -390.60    -0.028
    -389.57     0.021
    -388.54    -0.046
    -387.51    -0.016
    -386.48    -0.012
    -385.44    -0.021
    -384.41    -0.108
    -383.38     0.040
    -382.35    -0.039
    -381.32    -0.009
    -380.29    -0.004
    -379.26     0.095
    -378.23    -0.046
    -377.20     0.031
    -376.17     0.008
    -375.14    -0.066
    -374.11    -0.106
    -373.08     0.049
    -372.05    -0.029
    -371.02     0.028
    -369.99    -0.003
    -368.95     0.049
    -367.92    -0.019
    -366.89    -0.019
    -365.86    -0.001
    -364.83     0.087
    -363.80    -0.055
    -362.77    -0.036
    -361.74    -0.004
    -360.71    -0.128
    -359.68     0.015
    -358.65     0.009
    -357.62     0.011
    -356.59     0.031
    -355.56    -0.026
    -354.53    -0.046
    -353.50    -0.003
    -352.47     0.013
    -351.43    -0.038
    -350.40     0.055
    -349.37    -0.077
    -348.34     0.035
    -347.31    -0.068
    -346.28     0.051
    -345.25    -0.030
    -344.22     0.010
    -343.19    -0.080
    -342.16     0.066
    -341.13     0.036
    -340.10     0.023
    -339.07     0.058
    -338.04     0.116
    -337.01    -0.004
    -335.98    -0.020
    -334.95    -0.002
    -333.91    -0.017
    -332.88    -0.032
    -331.85    -0.090
    -330.82    -0.070
    -329.79    -0.007
    -328.76    -0.035
    -327.73     0.034
    -326.70    -0.075
    -325.67    -0.025
    -324.64    -0.092
    -323.61    -0.011
    -322.58     0.010
    -321.55     0.004
    -320.52    -0.006
    -319.49     0.007
    -318.46    -0.027
    -317.42     0.050
    -316.39     0.061
    -315.36     0.001
    -314.33    -0.020
    -313.30     0.114
    -312.27    -0.015
    -311.24     0.006
    -310.21    -0.035
    -309.18     0.075
    -308.15    -0.004
    -307.12    -0.028
    -306.09    -0.007
    -305.06    -0.038
    -304.03     0.057
    -303.00     0.002
    -301.97    -0.006
    -300.94     0.047
    -299.90     0.063
    -298.87    -0.097
    -297.84     0.061
    -296.81     0.075
    -295.78     0.010
    -294.75     0.014
    -293.72    -0.075
    -292.69     0.059
    -291.66    -0.049
    -290.63     0.013
    -289.60    -0.087
    -288.57     0.042
    -287.54    -0.049
    -286.51     0.095
    -285.48    -0.028
    -284.45     0.104
    -283.42    -0.029
    -282.38     0.044
    -281.35    -0.092
    -280.32    -0.045
    -279.29    -0.025
    -278.26    -0.036
    -277.23     0.005
    -276.20     0.115
    -275.17    -0.066
    -274.14    -0.006
    -273.11     0.040
    -272.08    -0.091
    -271.05     0.053
    -270.02    -0.036
    -268.99    -0.027
    -267.96     0.051
    -266.93    -0.046
    -265.89     0.097
    -264.86     0.076
    -263.83     0.032
    -262.80     0.030
    -261.77    -0.041
    -260.74    -0.023
    -259.71    -0.011
    -258.68    -0.075
    -257.65    -0.004
    -256.62    -0.000
    -255.59     0.050
    -254.56    -0.071
    -253.53     0.046
    -252.50     0.044
    -251.47    -0.031
    -250.44    -0.031
    -249.41     0.013
    -248.37    -0.075
    -247.34     0.021
    -246.31    -0.002
    -245.28     0.074
    -244.25    -0.015
    -243.22     0.121
    -242.19     0.018
    -241.16    -0.027
    -240.13    -0.096
    -239.10    -0.016
    -238.07    -0.019
    -237.04    -0.033
    -236.01     0.050
    -234.98    -0.002
    -233.95     0.065
    -232.92    -0.026
    -231.89     0.048
    -230.85     0.030
    -229.82     0.045
    -228.79    -0.004
    -227.76    -0.082
    -226.73     0.007
    -225.70    -0.020
    -224.67     0.074
    -223.64     0.035
    -222.61     0.041
    -221.58    -0.022
    -220.55    -0.006
    -219.52    -0.011
    -218.49    -0.004
    -217.46     0.017
    -216.43    -0.037
    -215.40    -0.032
    -214.36     0.066
    -213.33     0.019
    -212.30     0.041
    -211.27    -0.047
    -210.24     0.091
    -209.21    -0.080
    -208.18     0.081
    -207.15     0.083
    -206.12     0.010
    -205.09     0.019
    -204.06     0.033
    -203.03    -0.064
    -202.00    -0.014
    -200.97    -0.015
    -199.94     0.011
    -198.91    -0.010
    -197.88     0.089
    -196.84    -0.080
    -195.81     0.004
    -194.78     0.010
    -193.75     0.002
    -192.72     0.054
    -191.69    -0.051
    -190.66    -0.021
    -189.63     0.029
    -188.60     0.060
    -187.57     0.057
    -186.54    -0.019
    -185.51    -0.033
    -184.48     0.018
    -183.45     0.003
    -182.42     0.067
    -181.39     0.079
    -180.36     0.032
    -179.32     0.120
    -178.29    -0.048
    -177.26     0.006
    -176.23    -0.013
    -175.20    -0.001
    -174.17     0.027
    -173.14    -0.087
    -172.11    -0.077
    -171.08    -0.018
    -170.05     0.073
    -169.02    -0.022
    -167.99    -0.029
    -166.96     0.018
    -165.93    -0.042
    -164.90     0.039
    -163.87    -0.023
    -162.83     0.048
    -161.80     0.005
    -160.77    -0.034
    -159.74     0.022
    -158.71     0.045
    -157.68    -0.002
    -156.65     0.040
    -155.62     0.019
    -154.59     0.014
    -153.56     0.102
    -152.53    -0.002
    -151.50     0.056
    -150.47     0.078
    -149.44     0.080
    -148.41    -0.030
    -147.38    -0.011
    -146.35    -0.027
    -145.31    -0.002
    -144.28    -0.011
    -143.25    -0.024
    -142.22    -0.098
    -141.19    -0.011
    -140.16    -0.031
    -139.13    -0.000
    -138.10     0.104
    -137.07    -0.080
    -136.04    -0.007
    -135.01     0.098
    -133.98    -0.081
    -132.95    -0.062
    -131.92     0.025
    -130.89     0.042
    -129.86    -0.042
    -128.83     0.038
    -127.79     0.091
    -126.76    -0.015
    -125.73     0.031
    -124.70     0.097
    -123.67     0.121
    -122.64     0.038
    -121.61     0.150
    -120.58    -0.045
    -119.55    -0.009
    -118.52     0.014
    -117.49     0.126
    -116.46    -0.061
    -115.43     0.050
    -114.40    -0.044
    -113.37     0.006
    -112.34    -0.050
    -111.30     0.008
    -110.27    -0.032
    -109.24     0.149
    -108.21     0.063
    -107.18     0.103
    -106.15     0.089
    -105.12     0.083
    -104.09     0.128
    -103.06     0.122
    -102.03     0.122
    -101.00     0.196
     -99.97     0.105
     -98.94     0.200
     -97.91     0.111
     -96.88     0.230
     -95.85     0.145
     -94.82     0.165
     -93.78     0.223
     -92.75     0.229
     -91.72     0.235
     -90.69     0.252
     -89.66     0.253
     -88.63     0.228
     -87.60     0.220
     -86.57     0.299
     -85.54     0.333
     -84.51     0.263
     -83.48     0.309
     -82.45     0.370
     -81.42     0.394
     -80.39     0.368
     -79.36     0.362
     -78.33     0.429
     -77.30     0.487
     -76.26     0.555
     -75.23     0.510
     -74.20     0.513
     -73.17     0.427
     -72.14     0.539
     -71.11     0.537
     -70.08     0.559
     -69.05     0.526
     -68.02     0.691
     -66.99     0.669
     -65.96     0.654
     -64.93     0.638
     -63.90     0.717
     -62.87     0.730
     -61.84     0.776
     -60.81     0.754
     -59.77     0.835
     -58.74     0.675
     -57.71     0.846
     -56.68     0.811
     -55.65     0.801
     -54.62     0.814
     -53.59     0.828
     -52.56     0.878
     -51.53     0.868
     -50.50     0.853
     -49.47     0.843
     -48.44     0.879
     -47.41     0.838
     -46.38     0.869
     -45.35     0.842
     -44.32     0.782
     -43.29     0.888
     -42.25     0.820
     -41.22     0.870
     -40.19     0.898
     -39.16     1.044
     -38.13     0.893
     -37.10     1.193
     -36.07     1.257
     -35.04     1.496
     -34.01     1.635
     -32.98     1.840
     -31.95     2.036
     -30.92     2.390
     -29.89     2.783
     -28.86     3.300
     -27.83     3.783
     -26.80     4.229
     -25.77     4.787
     -24.73     5.211
     -23.70     5.550
     -22.67     5.963
     -21.64     6.279
     -20.61     6.552
     -19.58     6.585
     -18.55     6.715
     -17.52     6.667
     -16.49     6.683
     -15.46     6.615
     -14.43     6.627
     -13.40     6.517
     -12.37     6.723
     -11.34     6.780
     -10.31     7.079
      -9.28     7.331
      -8.24     8.162
      -7.21     9.180
      -6.18    10.508
      -5.15    12.470
      -4.12    14.993
      -3.09    19.393
      -2.06    26.174
      -1.03    32.464
       0.00    34.924
       1.03    32.177
       2.06    27.520
       3.09    24.690
       4.12    23.041
       5.15    18.993
       6.18    13.962
       7.21     9.904
       8.24     7.375
       9.28     5.618
      10.31     4.356
      11.34     3.508
      12.37     2.825
      13.40     2.341
      14.43     1.989
      15.46     1.692
      16.49     1.453
      17.52     1.232
      18.55     1.010
      19.58     0.823
      20.61     0.807
      21.64     0.578
      22.67     0.511
      23.70     0.478
      24.73     0.371
      25.77     0.271
      26.80     0.330
      27.83     0.293
      28.86     0.198
      29.89     0.204
      30.92     0.216
      31.95     0.125
      32.98     0.084
      34.01     0.141
      35.04     0.107
      36.07     0.057
      37.10     0.084
      38.13     0.034
      39.16     0.158
      40.19     0.099
      41.22     0.092
      42.25    -0.019
      43.29     0.073
      44.32    -0.008
      45.35     0.030
      46.38     0.007
      47.41    -0.017
      48.44    -0.030
      49.47     0.037
      50.50    -0.046
      51.53     0.062
      52.56    -0.036
      53.59     0.076
      54.62     0.050
      55.65     0.017
      56.68     0.039
      57.71     0.169
      58.74     0.070
      59.77    -0.048
      60.81     0.047
      61.84    -0.052
      62.87    -0.007
      63.90    -0.012
      64.93     0.029
      65.96    -0.063
      66.99    -0.055
      68.02     0.040
      69.05    -0.026
      70.08     0.048
      71.11    -0.053
      72.14     0.059
      73.17    -0.057
      74.20    -0.014
      75.23     0.019
      76.26     0.084
      77.30     0.069
      78.33     0.041
      79.36    -0.041
      80.39     0.052
      81.42    -0.016
      82.45     0.049
      83.48    -0.066
      84.51    -0.042
      85.54    -0.000
      86.57     0.022
      87.60     0.015
      88.63     0.114
      89.66    -0.023
      90.69    -0.024
      91.72    -0.022
      92.75     0.060
      93.78     0.003
      94.82     0.056
      95.85    -0.036
      96.88     0.068
      97.91     0.070
      98.94     0.020
      99.97    -0.037
     101.00     0.003
     102.03     0.013
     103.06     0.056
     104.09     0.016
     105.12     0.035
     106.15    -0.033
     107.18     0.064
     108.21    -0.126
     109.24     0.034
     110.27     0.043
     111.30    -0.047
     112.34     0.056
     113.37    -0.023
     114.40    -0.037
     115.43    -0.002
     116.46     0.053
     117.49     0.002
     118.52     0.055
     119.55     0.060
     120.58    -0.023
     121.61     0.052
     122.64    -0.011
     123.67     0.011
     124.70     0.026
     125.73    -0.023
     126.76     0.083
     127.79    -0.007
     128.83    -0.008
     129.86     0.090
     130.89     0.055
     131.92    -0.020
     132.95     0.043
     133.98     0.091
     135.01     0.069
     136.04     0.057
     137.07    -0.010
     138.10    -0.037
     139.13     0.060
     140.16     0.010
     141.19    -0.117
     142.22    -0.008
     143.25     0.003
     144.28     0.002
     145.31     0.031
     146.35    -0.020
     147.38    -0.016
     148.41     0.035
     149.44     0.011
     150.47    -0.052
     151.50     0.003
     152.53     0.039
     153.56     0.035
     154.59    -0.027
     155.62    -0.070
     156.65    -0.048
     157.68     0.014
     158.71     0.022
     159.74     0.082
     160.77     0.046
     161.80    -0.065
     162.83    -0.028
     163.87     0.014
     164.90    -0.003
     165.93    -0.106
     166.96    -0.050
     167.99     0.002
     169.02    -0.026
     170.05     0.003
     171.08     0.001
     172.11    -0.129
     173.14     0.040
     174.17     0.052
     175.20     0.079
     176.23     0.081
     177.26     0.016
     178.29     0.022
     179.32     0.038
     180.36    -0.078
     181.39     0.031
     182.42    -0.005
     183.45    -0.049
     184.48     0.030
     185.51    -0.017
     186.54    -0.072
     187.57    -0.019
     188.60    -0.044
     189.63     0.041
     190.66    -0.001
     191.69     0.052
     192.72     0.001
     193.75     0.029
     194.78    -0.074
     195.81    -0.018
     196.84     0.056
     197.88    -0.030
     198.91    -0.021
     199.94    -0.001
     200.97    -0.010
     202.00     0.033
     203.03    -0.062
     204.06     0.042
     205.09    -0.010
     206.12    -0.087
     207.15    -0.085
     208.18    -0.001
     209.21     0.047
     210.24     0.005
     211.27     0.134
     212.30     0.064
     213.33    -0.071
     214.36     0.051
     215.40    -0.015
     216.43     0.071
     217.46    -0.032
     218.49     0.015
     219.52     0.004
     220.55    -0.034
     221.58    -0.056
     222.61    -0.005
     223.64     0.072
     224.67    -0.005
     225.70     0.059
     226.73    -0.018
     227.76     0.071
     228.79     0.026
     229.82    -0.033
     230.85     0.030
     231.89    -0.025
     232.92    -0.015
     233.95     0.021
     234.98     0.084
     236.01    -0.102
     237.04     0.018
     238.07    -0.117
     239.10    -0.105
     240.13    -0.079
     241.16     0.062
     242.19    -0.080
     243.22     0.014
     244.25    -0.081
     245.28     0.003
     246.31     0.027
     247.34     0.013
     248.37     0.025
     249.41     0.044
     250.44    -0.027
     251.47    -0.022
     252.50     0.063
     253.53     0.005
     254.56    -0.093
     255.59     0.006
     256.62     0.040
     257.65    -0.042
     258.68     0.011
     259.71     0.042
     260.74     0.094
     261.77    -0.006
     262.80     0.033
     263.83     0.019
     264.86    -0.072
     265.89     0.050
     266.93     0.028
     267.96     0.002
     268.99    -0.076
     270.02    -0.029
     271.05     0.049
     272.08     0.050
     273.11     0.004
     274.14     0.064
     275.17     0.003
     276.20     0.053
     277.23    -0.029
     278.26     0.093
     279.29    -0.090
     280.32    -0.023
     281.35    -0.092
     282.38     0.004
     283.42    -0.010
     284.45     0.120
     285.48    -0.083
     286.51     0.040
     287.54    -0.082
     288.57    -0.072
     289.60     0.011
     290.63     0.002
     291.66    -0.016
     292.69    -0.054
     293.72    -0.078
     294.75    -0.034
     295.78     0.040
     296.81     0.060
     297.84     0.040
     298.87     0.111
     299.90     0.055
     300.94     0.124
     301.97    -0.070
     303.00     0.031
     304.03     0.034
     305.06     0.020
     306.09     0.021
     307.12    -0.022
     308.15    -0.035
     309.18     0.052
     310.21    -0.081
     311.24     0.027
     312.27     0.010
     313.30    -0.068
     314.33     0.006
     315.36    -0.004
     316.39    -0.035
     317.42    -0.001
     318.46     0.076
     319.49     0.089
     320.52     0.050
     321.55     0.034
     322.58     0.060
     323.61     0.015
     324.64    -0.072
     325.67    -0.035
     326.70    -0.038
     327.73    -0.010
     328.76    -0.000
     329.79    -0.112
     330.82    -0.050
     331.85    -0.032
     332.88    -0.036
     333.91    -0.015
     334.95    -0.018
     335.98     0.047
     337.01     0.044
     338.04    -0.008
     339.07    -0.012
     340.10     0.021
     341.13    -0.000
     342.16     0.023
     343.19    -0.075
     344.22     0.015
     345.25    -0.049
     346.28    -0.040
     347.31     0.014
     348.34     0.102
     349.37     0.073
     350.40     0.059
     351.43    -0.029
     352.47    -0.055
     353.50     0.040
     354.53     0.051
     355.56     0.042
     356.59     0.012
     357.62    -0.011
     358.65     0.068
     359.68    -0.003
     360.71     0.049
     361.74    -0.121
     362.77     0.069
     363.80     0.059
     364.83     0.126
     365.86    -0.017
     366.89     0.008
     367.92    -0.155
     368.95    -0.078
     369.99    -0.034
     371.02     0.056
     372.05    -0.049
     373.08     0.016
     374.11     0.003
     375.14    -0.044
     376.17    -0.117
     377.20    -0.007
     378.23     0.012
     379.26     0.061
     380.29    -0.060
     381.32     0.029
     382.35    -0.032
     383.38     0.023
     384.41    -0.019
     385.44    -0.055
     386.48     0.004
     387.51     0.012
     388.54    -0.038
     389.57     0.083
     390.60     0.003
     391.63     0.074
     392.66     0.068
     393.69     0.025
     394.72    -0.077
     395.75     0.023
     396.78    -0.095
     397.81     0.019
     398.84     0.046
     399.87     0.031