%%LAB     777  datapoints: v_lsr [km/s] and T_B [K]
    -399.81     0.034
    -398.78    -0.090
    -397.75     0.015
    -396.72    -0.062
    -395.69    -0.001
    -394.66    -0.035
    -393.63     0.006
    -392.60     0.026
    -391.57     0.014
    -390.54    -0.041
    -389.51     0.097
    -388.48     0.014
    -387.45     0.027
    -386.42     0.016
    -385.39     0.023
    -384.36    -0.035
    -383.33    -0.066
    -382.30    -0.005
    -381.27     0.005
    -380.24    -0.033
    -379.21     0.106
    -378.18     0.007
    -377.14     0.126
    -376.11     0.053
    -375.08     0.014
    -374.05     0.012
    -373.02     0.028
    -371.99    -0.044
    -370.96     0.058
    -369.93    -0.078
    -368.90     0.091
    -367.87    -0.050
    -366.84    -0.048
    -365.81     0.066
    -364.78     0.026
    -363.75    -0.027
    -362.72     0.044
    -361.69     0.024
    -360.66    -0.016
    -359.63    -0.008
    -358.60     0.019
    -357.57     0.008
    -356.54     0.027
    -355.51    -0.025
    -354.47     0.029
    -353.44    -0.099
    -352.41     0.108
    -351.38     0.038
    -350.35     0.032
    -349.32     0.037
    -348.29     0.019
    -347.26     0.081
    -346.23     0.028
    -345.20     0.035
    -344.17     0.084
    -343.14    -0.011
    -342.11     0.043
    -341.08    -0.045
    -340.05    -0.011
    -339.02    -0.030
    -337.99     0.046
    -336.96     0.041
    -335.93    -0.033
    -334.90     0.018
    -333.87    -0.028
    -332.84    -0.034
    -331.80     0.030
    -330.77    -0.043
    -329.74    -0.012
    -328.71     0.018
    -327.68     0.042
    -326.65     0.047
    -325.62     0.035
    -324.59     0.019
    -323.56     0.090
    -322.53    -0.089
    -321.50     0.023
    -320.47    -0.028
    -319.44     0.111
    -318.41    -0.012
    -317.38     0.066
    -316.35     0.046
    -315.32     0.066
    -314.29    -0.028
    -313.26     0.086
    -312.23    -0.055
    -311.20     0.031
    -310.17    -0.083
    -309.14    -0.019
    -308.10    -0.033
    -307.07     0.010
    -306.04    -0.050
    -305.01     0.025
    -303.98     0.046
    -302.95    -0.028
    -301.92    -0.003
    -300.89    -0.112
    -299.86    -0.065
    -298.83    -0.069
    -297.80    -0.031
    -296.77     0.029
    -295.74     0.046
    -294.71    -0.064
    -293.68    -0.071
    -292.65     0.057
    -291.62    -0.008
    -290.59     0.052
    -289.56    -0.091
    -288.53     0.053
    -287.50    -0.023
    -286.47     0.032
    -285.43    -0.009
    -284.40    -0.061
    -283.37     0.020
    -282.34     0.046
    -281.31    -0.050
    -280.28    -0.051
    -279.25     0.012
    -278.22    -0.014
    -277.19    -0.019
    -276.16    -0.069
    -275.13    -0.003
    -274.10     0.014
    -273.07    -0.118
    -272.04     0.008
    -271.01     0.001
    -269.98    -0.023
    -268.95    -0.028
    -267.92    -0.045
    -266.89    -0.028
    -265.86    -0.066
    -264.83     0.022
    -263.80     0.005
    -262.76     0.004
    -261.73     0.002
    -260.70    -0.075
    -259.67    -0.031
    -258.64    -0.109
    -257.61    -0.040
    -256.58    -0.011
    -255.55    -0.024
    -254.52     0.020
    -253.49    -0.001
    -252.46    -0.006
    -251.43     0.008
    -250.40     0.027
    -249.37     0.051
    -248.34     0.044
    -247.31     0.006
    -246.28    -0.001
    -245.25     0.021
    -244.22     0.131
    -243.19     0.070
    -242.16    -0.060
    -241.13     0.058
    -240.09     0.081
    -239.06     0.010
    -238.03     0.012
    -237.00     0.042
    -235.97     0.108
    -234.94    -0.044
    -233.91    -0.020
    -232.88     0.042
    -231.85    -0.030
    -230.82    -0.047
    -229.79     0.020
    -228.76    -0.011
    -227.73     0.093
    -226.70     0.046
    -225.67    -0.008
    -224.64     0.031
    -223.61    -0.020
    -222.58     0.017
    -221.55     0.023
    -220.52     0.148
    -219.49    -0.055
    -218.46     0.065
    -217.42     0.103
    -216.39     0.071
    -215.36     0.043
    -214.33    -0.052
    -213.30    -0.012
    -212.27    -0.026
    -211.24     0.047
    -210.21    -0.064
    -209.18    -0.123
    -208.15     0.089
    -207.12    -0.013
    -206.09     0.054
    -205.06     0.047
    -204.03    -0.004
    -203.00    -0.014
    -201.97     0.011
    -200.94     0.034
    -199.91     0.024
    -198.88     0.038
    -197.85    -0.007
    -196.82    -0.006
    -195.79     0.051
    -194.76    -0.032
    -193.72     0.014
    -192.69    -0.016
    -191.66    -0.010
    -190.63    -0.039
    -189.60    -0.053
    -188.57     0.100
    -187.54     0.010
    -186.51    -0.068
    -185.48    -0.010
    -184.45     0.062
    -183.42    -0.036
    -182.39    -0.043
    -181.36     0.092
    -180.33    -0.043
    -179.30     0.001
    -178.27    -0.048
    -177.24     0.030
    -176.21    -0.056
    -175.18     0.043
    -174.15     0.003
    -173.12     0.154
    -172.09     0.032
    -171.05    -0.067
    -170.02     0.096
    -168.99     0.054
    -167.96     0.035
    -166.93     0.159
    -165.90     0.024
    -164.87     0.050
    -163.84    -0.005
    -162.81     0.055
    -161.78    -0.003
    -160.75    -0.031
    -159.72    -0.048
    -158.69     0.033
    -157.66    -0.072
    -156.63     0.058
    -155.60    -0.045
    -154.57    -0.053
    -153.54    -0.107
    -152.51    -0.027
    -151.48    -0.018
    -150.45     0.071
    -149.42     0.048
    -148.38     0.064
    -147.35    -0.087
    -146.32     0.016
    -145.29     0.044
    -144.26     0.038
    -143.23    -0.046
    -142.20    -0.027
    -141.17     0.014
    -140.14     0.086
    -139.11    -0.011
    -138.08     0.026
    -137.05     0.072
    -136.02     0.138
    -134.99     0.040
    -133.96     0.115
    -132.93     0.008
    -131.90     0.205
    -130.87     0.071
    -129.84     0.178
    -128.81    -0.006
    -127.78     0.061
    -126.75     0.056
    -125.71     0.127
    -124.68     0.075
    -123.65     0.186
    -122.62     0.200
    -121.59     0.243
    -120.56     0.194
    -119.53     0.311
    -118.50     0.318
    -117.47     0.439
    -116.44     0.515
    -115.41     0.556
    -114.38     0.712
    -113.35     0.825
    -112.32     0.904
    -111.29     0.969
    -110.26     1.122
    -109.23     1.248
    -108.20     1.475
    -107.17     1.617
    -106.14     1.748
    -105.11     1.866
    -104.08     2.164
    -103.05     2.322
    -102.01     2.528
    -100.98     2.710
     -99.95     3.057
     -98.92     3.360
     -97.89     3.423
     -96.86     3.832
     -95.83     3.873
     -94.80     4.307
     -93.77     4.454
     -92.74     4.865
     -91.71     5.092
     -90.68     5.249
     -89.65     5.497
     -88.62     5.841
     -87.59     6.084
     -86.56     6.293
     -85.53     6.518
     -84.50     6.744
     -83.47     6.770
     -82.44     6.962
     -81.41     7.108
     -80.38     7.238
     -79.34     7.420
     -78.31     7.325
     -77.28     7.444
     -76.25     7.636
     -75.22     7.818
     -74.19     8.143
     -73.16     8.277
     -72.13     8.208
     -71.10     8.219
     -70.07     8.045
     -69.04     7.865
     -68.01     7.687
     -66.98     7.363
     -65.95     7.127
     -64.92     6.929
     -63.89     6.646
     -62.86     6.345
     -61.83     6.171
     -60.80     5.704
     -59.77     5.396
     -58.74     5.077
     -57.71     4.777
     -56.67     4.543
     -55.64     4.285
     -54.61     3.970
     -53.58     3.643
     -52.55     3.489
     -51.52     3.285
     -50.49     3.056
     -49.46     2.874
     -48.43     2.734
     -47.40     2.608
     -46.37     2.438
     -45.34     2.369
     -44.31     2.205
     -43.28     2.218
     -42.25     2.038
     -41.22     2.244
     -40.19     2.037
     -39.16     2.154
     -38.13     2.193
     -37.10     2.136
     -36.07     2.122
     -35.04     2.106
     -34.00     2.009
     -32.97     2.120
     -31.94     2.121
     -30.91     2.238
     -29.88     2.372
     -28.85     2.368
     -27.82     2.708
     -26.79     2.913
     -25.76     3.166
     -24.73     3.494
     -23.70     3.776
     -22.67     4.026
     -21.64     4.377
     -20.61     4.758
     -19.58     5.001
     -18.55     5.317
     -17.52     5.646
     -16.49     5.946
     -15.46     6.305
     -14.43     6.519
     -13.40     6.925
     -12.37     7.302
     -11.33     7.553
     -10.30     8.161
      -9.27     8.573
      -8.24     9.413
      -7.21    10.372
      -6.18    11.975
      -5.15    14.068
      -4.12    16.615
      -3.09    19.298
      -2.06    22.560
      -1.03    27.079
       0.00    33.096
       1.03    39.292
       2.06    45.408
       3.09    53.318
       4.12    62.881
       5.15    72.487
       6.18    80.482
       7.21    87.002
       8.24    91.975
       9.27    92.504
      10.30    91.550
      11.33    89.184
      12.37    83.196
      13.40    74.377
      14.43    64.831
      15.46    54.819
      16.49    45.122
      17.52    35.401
      18.55    26.874
      19.58    20.489
      20.61    15.922
      21.64    12.689
      22.67    10.191
      23.70     8.260
      24.73     6.851
      25.76     5.851
      26.79     4.868
      27.82     4.122
      28.85     3.435
      29.88     2.912
      30.91     2.555
      31.94     2.012
      32.97     1.734
      34.00     1.493
      35.04     1.273
      36.07     0.950
      37.10     0.937
      38.13     0.722
      39.16     0.622
      40.19     0.444
      41.22     0.435
      42.25     0.388
      43.28     0.376
      44.31     0.274
      45.34     0.241
      46.37     0.175
      47.40     0.220
      48.43     0.088
      49.46     0.228
      50.49     0.055
      51.52     0.104
      52.55     0.119
      53.58     0.106
      54.61     0.149
      55.64     0.015
      56.67     0.132
      57.71     0.096
      58.74     0.160
      59.77     0.064
      60.80     0.083
      61.83     0.048
      62.86    -0.027
      63.89     0.067
      64.92     0.040
      65.95     0.047
      66.98     0.038
      68.01     0.059
      69.04     0.041
      70.07     0.068
      71.10     0.037
      72.13    -0.032
      73.16     0.041
      74.19    -0.026
      75.22     0.021
      76.25     0.111
      77.28     0.130
      78.31     0.037
      79.34     0.078
      80.38    -0.060
      81.41     0.064
      82.44     0.057
      83.47    -0.050
      84.50     0.035
      85.53     0.011
      86.56     0.053
      87.59     0.050
      88.62     0.058
      89.65    -0.022
      90.68    -0.080
      91.71     0.013
      92.74     0.081
      93.77     0.038
      94.80     0.001
      95.83    -0.000
      96.86     0.018
      97.89    -0.125
      98.92     0.022
      99.95     0.037
     100.98    -0.040
     102.01     0.027
     103.04     0.026
     104.08     0.008
     105.11     0.048
     106.14     0.016
     107.17     0.017
     108.20    -0.009
     109.23     0.044
     110.26    -0.055
     111.29    -0.051
     112.32    -0.056
     113.35    -0.045
     114.38    -0.030
     115.41     0.087
     116.44    -0.010
     117.47     0.100
     118.50    -0.061
     119.53     0.068
     120.56     0.009
     121.59     0.081
     122.62     0.114
     123.65     0.013
     124.68     0.009
     125.71     0.016
     126.75    -0.044
     127.78     0.046
     128.81    -0.056
     129.84    -0.077
     130.87    -0.008
     131.90     0.029
     132.93    -0.056
     133.96     0.019
     134.99    -0.018
     136.02    -0.000
     137.05     0.087
     138.08    -0.008
     139.11     0.026
     140.14    -0.039
     141.17     0.008
     142.20     0.056
     143.23     0.057
     144.26     0.085
     145.29     0.098
     146.32    -0.034
     147.35    -0.028
     148.38    -0.038
     149.42     0.078
     150.45    -0.047
     151.48    -0.011
     152.51     0.028
     153.54    -0.012
     154.57    -0.060
     155.60    -0.118
     156.63    -0.069
     157.66     0.006
     158.69     0.068
     159.72    -0.036
     160.75     0.048
     161.78     0.033
     162.81    -0.015
     163.84    -0.026
     164.87    -0.003
     165.90    -0.010
     166.93    -0.021
     167.96    -0.011
     168.99    -0.017
     170.02    -0.039
     171.05    -0.055
     172.09    -0.152
     173.12     0.028
     174.15    -0.096
     175.18    -0.010
     176.21    -0.006
     177.24     0.014
     178.27     0.045
     179.30     0.001
     180.33    -0.007
     181.36     0.089
     182.39     0.060
     183.42    -0.057
     184.45    -0.016
     185.48     0.047
     186.51    -0.004
     187.54     0.030
     188.57    -0.005
     189.60     0.049
     190.63    -0.058
     191.66    -0.011
     192.69     0.031
     193.72     0.161
     194.76    -0.073
     195.79     0.028
     196.82     0.001
     197.85     0.059
     198.88     0.062
     199.91     0.017
     200.94    -0.047
     201.97     0.072
     203.00    -0.003
     204.03     0.061
     205.06     0.056
     206.09     0.015
     207.12     0.086
     208.15    -0.117
     209.18    -0.061
     210.21     0.053
     211.24    -0.115
     212.27     0.025
     213.30    -0.045
     214.33     0.015
     215.36    -0.050
     216.39     0.032
     217.42     0.078
     218.46     0.054
     219.49    -0.026
     220.52     0.028
     221.55    -0.047
     222.58     0.073
     223.61    -0.124
     224.64    -0.060
     225.67    -0.087
     226.70    -0.041
     227.73    -0.057
     228.76     0.105
     229.79    -0.059
     230.82    -0.015
     231.85     0.029
     232.88    -0.037
     233.91     0.064
     234.94     0.088
     235.97    -0.048
     237.00    -0.014
     238.03     0.084
     239.06    -0.023
     240.09     0.097
     241.13     0.032
     242.16     0.003
     243.19    -0.060
     244.22    -0.017
     245.25    -0.018
     246.28     0.061
     247.31     0.056
     248.34    -0.006
     249.37     0.014
     250.40     0.030
     251.43     0.011
     252.46    -0.063
     253.49    -0.007
     254.52    -0.008
     255.55     0.052
     256.58    -0.066
     257.61     0.020
     258.64     0.017
     259.67     0.028
     260.70     0.042
     261.73    -0.069
     262.76     0.012
     263.80     0.011
     264.83     0.003
     265.86     0.048
     266.89     0.008
     267.92     0.008
     268.95    -0.010
     269.98     0.088
     271.01     0.040
     272.04    -0.023
     273.07    -0.019
     274.10    -0.045
     275.13     0.003
     276.16     0.075
     277.19    -0.059
     278.22    -0.039
     279.25    -0.029
     280.28    -0.099
     281.31    -0.035
     282.34    -0.022
     283.37    -0.023
     284.40     0.006
     285.43    -0.013
     286.47     0.042
     287.50    -0.114
     288.53     0.024
     289.56    -0.040
     290.59     0.097
     291.62    -0.023
     292.65     0.093
     293.68     0.038
     294.71     0.005
     295.74     0.045
     296.77     0.087
     297.80    -0.029
     298.83     0.015
     299.86     0.028
     300.89     0.027
     301.92    -0.082
     302.95     0.052
     303.98    -0.087
     305.01     0.033
     306.04    -0.001
     307.07     0.007
     308.10    -0.053
     309.14    -0.008
     310.17    -0.042
     311.20    -0.069
     312.23    -0.062
     313.26    -0.066
     314.29     0.001
     315.32     0.001
     316.35    -0.048
     317.38    -0.020
     318.41    -0.057
     319.44     0.092
     320.47    -0.046
     321.50     0.046
     322.53     0.076
     323.56    -0.043
     324.59    -0.013
     325.62     0.058
     326.65    -0.043
     327.68    -0.028
     328.71     0.030
     329.74     0.063
     330.77    -0.011
     331.80     0.024
     332.84    -0.056
     333.87     0.046
     334.90    -0.025
     335.93     0.063
     336.96     0.008
     337.99     0.042
     339.02     0.018
     340.05     0.070
     341.08    -0.029
     342.11     0.108
     343.14    -0.033
     344.17     0.071
     345.20    -0.034
     346.23     0.027
     347.26     0.031
     348.29    -0.054
     349.32    -0.050
     350.35     0.081
     351.38    -0.047
     352.41    -0.145
     353.44    -0.067
     354.47    -0.028
     355.51    -0.092
     356.54     0.014
     357.57    -0.048
     358.60     0.001
     359.63    -0.008
     360.66     0.050
     361.69     0.015
     362.72    -0.016
     363.75    -0.033
     364.78     0.059
     365.81    -0.124
     366.84     0.101
     367.87     0.004
     368.90     0.008
     369.93     0.068
     370.96     0.008
     371.99    -0.009
     373.02     0.073
     374.05    -0.041
     375.08     0.025
     376.11    -0.043
     377.14    -0.039
     378.18     0.095
     379.21     0.027
     380.24    -0.034
     381.27     0.087
     382.30    -0.082
     383.33    -0.027
     384.36    -0.022
     385.39    -0.026
     386.42    -0.019
     387.45    -0.009
     388.48    -0.112
     389.51     0.019
     390.54     0.042
     391.57     0.009
     392.60    -0.032
     393.63    -0.034
     394.66    -0.079
     395.69     0.026
     396.72    -0.043
     397.75     0.004
     398.78    -0.076
     399.81     0.041