%%LAB     777  datapoints: v_lsr [km/s] and T_B [K]
    -399.82     0.017
    -398.79     0.031
    -397.76     0.031
    -396.73    -0.056
    -395.70     0.004
    -394.67    -0.035
    -393.64    -0.066
    -392.61     0.047
    -391.58     0.043
    -390.55     0.036
    -389.52    -0.048
    -388.49     0.118
    -387.46     0.060
    -386.43     0.015
    -385.40     0.014
    -384.37    -0.103
    -383.33    -0.025
    -382.30     0.031
    -381.27     0.078
    -380.24     0.031
    -379.21     0.057
    -378.18    -0.035
    -377.15     0.048
    -376.12    -0.041
    -375.09     0.004
    -374.06     0.000
    -373.03    -0.007
    -372.00     0.039
    -370.97     0.046
    -369.94     0.004
    -368.91     0.021
    -367.88     0.009
    -366.85     0.037
    -365.82    -0.022
    -364.79    -0.020
    -363.76    -0.062
    -362.73     0.058
    -361.70    -0.038
    -360.66    -0.040
    -359.63    -0.070
    -358.60     0.035
    -357.57    -0.056
    -356.54     0.092
    -355.51    -0.037
    -354.48    -0.033
    -353.45    -0.039
    -352.42     0.041
    -351.39    -0.041
    -350.36     0.077
    -349.33     0.041
    -348.30    -0.025
    -347.27    -0.032
    -346.24     0.072
    -345.21    -0.044
    -344.18    -0.014
    -343.15     0.020
    -342.12    -0.003
    -341.09    -0.047
    -340.06     0.037
    -339.02    -0.016
    -337.99    -0.030
    -336.96     0.048
    -335.93    -0.047
    -334.90     0.005
    -333.87    -0.005
    -332.84     0.004
    -331.81     0.034
    -330.78     0.006
    -329.75    -0.079
    -328.72    -0.026
    -327.69    -0.032
    -326.66    -0.061
    -325.63    -0.066
    -324.60    -0.020
    -323.57     0.043
    -322.54     0.076
    -321.51     0.007
    -320.48     0.039
    -319.45    -0.011
    -318.42    -0.025
    -317.38    -0.041
    -316.35    -0.055
    -315.32     0.019
    -314.29    -0.034
    -313.26     0.028
    -312.23    -0.013
    -311.20    -0.017
    -310.17     0.016
    -309.14     0.084
    -308.11     0.057
    -307.08     0.049
    -306.05     0.090
    -305.02     0.012
    -303.99    -0.001
    -302.96     0.117
    -301.93    -0.082
    -300.90     0.052
    -299.87    -0.063
    -298.84    -0.008
    -297.81    -0.039
    -296.78     0.008
    -295.74     0.034
    -294.71    -0.074
    -293.68    -0.058
    -292.65    -0.021
    -291.62    -0.083
    -290.59    -0.045
    -289.56    -0.010
    -288.53     0.004
    -287.50    -0.025
    -286.47    -0.007
    -285.44    -0.030
    -284.41     0.062
    -283.38    -0.013
    -282.35     0.055
    -281.32    -0.031
    -280.29     0.007
    -279.26    -0.088
    -278.23     0.126
    -277.20    -0.028
    -276.17    -0.023
    -275.14    -0.019
    -274.11    -0.064
    -273.07     0.032
    -272.04     0.040
    -271.01     0.021
    -269.98    -0.013
    -268.95     0.028
    -267.92     0.072
    -266.89    -0.011
    -265.86     0.013
    -264.83    -0.077
    -263.80    -0.051
    -262.77     0.000
    -261.74    -0.018
    -260.71    -0.018
    -259.68     0.107
    -258.65    -0.082
    -257.62     0.116
    -256.59    -0.036
    -255.56    -0.080
    -254.53     0.070
    -253.50     0.032
    -252.47    -0.058
    -251.43     0.117
    -250.40     0.053
    -249.37    -0.016
    -248.34    -0.033
    -247.31     0.008
    -246.28     0.069
    -245.25     0.019
    -244.22     0.043
    -243.19     0.045
    -242.16     0.025
    -241.13     0.134
    -240.10    -0.061
    -239.07     0.044
    -238.04     0.013
    -237.01     0.055
    -235.98    -0.012
    -234.95     0.001
    -233.92     0.009
    -232.89    -0.057
    -231.86     0.051
    -230.83     0.001
    -229.79     0.013
    -228.76    -0.065
    -227.73     0.033
    -226.70     0.056
    -225.67    -0.071
    -224.64    -0.002
    -223.61    -0.103
    -222.58    -0.017
    -221.55    -0.015
    -220.52    -0.001
    -219.49     0.002
    -218.46     0.029
    -217.43    -0.105
    -216.40     0.094
    -215.37     0.048
    -214.34    -0.033
    -213.31    -0.020
    -212.28     0.071
    -211.25    -0.018
    -210.22     0.025
    -209.19     0.003
    -208.15     0.043
    -207.12    -0.055
    -206.09    -0.010
    -205.06    -0.046
    -204.03     0.064
    -203.00     0.049
    -201.97     0.085
    -200.94    -0.111
    -199.91    -0.117
    -198.88    -0.080
    -197.85     0.112
    -196.82    -0.014
    -195.79    -0.072
    -194.76    -0.069
    -193.73     0.065
    -192.70     0.011
    -191.67     0.050
    -190.64    -0.018
    -189.61     0.031
    -188.58     0.138
    -187.55     0.098
    -186.52    -0.091
    -185.48     0.070
    -184.45     0.052
    -183.42     0.030
    -182.39    -0.101
    -181.36    -0.015
    -180.33    -0.089
    -179.30     0.019
    -178.27     0.008
    -177.24    -0.045
    -176.21    -0.022
    -175.18     0.073
    -174.15    -0.018
    -173.12    -0.007
    -172.09     0.022
    -171.06     0.016
    -170.03    -0.001
    -169.00     0.111
    -167.97    -0.013
    -166.94    -0.043
    -165.91    -0.046
    -164.88     0.064
    -163.84     0.058
    -162.81    -0.005
    -161.78    -0.000
    -160.75     0.011
    -159.72    -0.045
    -158.69     0.046
    -157.66     0.035
    -156.63     0.055
    -155.60     0.096
    -154.57     0.017
    -153.54     0.046
    -152.51     0.055
    -151.48    -0.069
    -150.45     0.089
    -149.42    -0.118
    -148.39     0.009
    -147.36     0.001
    -146.33     0.036
    -145.30     0.021
    -144.27     0.060
    -143.24    -0.022
    -142.20     0.063
    -141.17     0.052
    -140.14     0.074
    -139.11     0.030
    -138.08     0.036
    -137.05     0.053
    -136.02     0.089
    -134.99     0.043
    -133.96     0.114
    -132.93     0.017
    -131.90     0.118
    -130.87     0.085
    -129.84     0.107
    -128.81    -0.033
    -127.78     0.055
    -126.75     0.107
    -125.72     0.135
    -124.69     0.063
    -123.66     0.196
    -122.63     0.216
    -121.60     0.134
    -120.57     0.277
    -119.53     0.237
    -118.50     0.213
    -117.47     0.276
    -116.44     0.208
    -115.41     0.383
    -114.38     0.322
    -113.35     0.358
    -112.32     0.359
    -111.29     0.552
    -110.26     0.416
    -109.23     0.469
    -108.20     0.395
    -107.17     0.586
    -106.14     0.609
    -105.11     0.619
    -104.08     0.656
    -103.05     0.721
    -102.02     0.826
    -100.99     0.844
     -99.96     0.855
     -98.93     1.003
     -97.89     1.002
     -96.86     1.230
     -95.83     1.291
     -94.80     1.508
     -93.77     1.599
     -92.74     1.866
     -91.71     2.038
     -90.68     2.311
     -89.65     2.623
     -88.62     3.122
     -87.59     3.421
     -86.56     4.151
     -85.53     4.710
     -84.50     5.812
     -83.47     6.882
     -82.44     8.441
     -81.41    10.538
     -80.38    13.455
     -79.35    17.523
     -78.32    23.096
     -77.29    29.813
     -76.25    36.509
     -75.22    42.428
     -74.19    46.888
     -73.16    48.859
     -72.13    49.245
     -71.10    49.025
     -70.07    48.886
     -69.04    48.459
     -68.01    48.306
     -66.98    47.743
     -65.95    47.540
     -64.92    46.860
     -63.89    45.596
     -62.86    43.589
     -61.83    41.127
     -60.80    39.392
     -59.77    38.818
     -58.74    39.415
     -57.71    41.092
     -56.68    42.587
     -55.65    43.436
     -54.61    43.849
     -53.58    43.710
     -52.55    42.623
     -51.52    40.816
     -50.49    37.523
     -49.46    33.670
     -48.43    29.335
     -47.40    25.081
     -46.37    20.962
     -45.34    17.281
     -44.31    14.065
     -43.28    11.667
     -42.25     9.842
     -41.22     8.597
     -40.19     7.821
     -39.16     7.535
     -38.13     7.358
     -37.10     7.633
     -36.07     8.021
     -35.04     8.668
     -34.01     9.348
     -32.98    10.360
     -31.94    11.409
     -30.91    13.143
     -29.88    15.359
     -28.85    18.481
     -27.82    22.304
     -26.79    26.480
     -25.76    30.076
     -24.73    33.433
     -23.70    36.626
     -22.67    38.459
     -21.64    39.366
     -20.61    39.708
     -19.58    40.742
     -18.55    43.533
     -17.52    47.109
     -16.49    51.614
     -15.46    55.174
     -14.43    57.077
     -13.40    56.917
     -12.37    55.514
     -11.34    53.730
     -10.30    53.083
      -9.27    53.522
      -8.24    55.292
      -7.21    57.191
      -6.18    59.577
      -5.15    63.138
      -4.12    67.913
      -3.09    74.564
      -2.06    82.359
      -1.03    90.541
       0.00    97.946
       1.03   104.834
       2.06   109.932
       3.09   113.715
       4.12   116.855
       5.15   119.813
       6.18   118.237
       7.21   114.753
       8.24   111.831
       9.27   106.730
      10.30    97.118
      11.34    85.608
      12.37    75.343
      13.40    66.820
      14.43    59.986
      15.46    54.748
      16.49    49.695
      17.52    44.241
      18.55    39.166
      19.58    35.212
      20.61    31.916
      21.64    28.193
      22.67    24.782
      23.70    20.926
      24.73    17.100
      25.76    13.428
      26.79    10.156
      27.82     7.404
      28.85     5.529
      29.88     4.110
      30.91     2.983
      31.94     2.279
      32.98     1.814
      34.01     1.461
      35.04     1.068
      36.07     0.861
      37.10     0.639
      38.13     0.461
      39.16     0.542
      40.19     0.316
      41.22     0.282
      42.25     0.131
      43.28     0.231
      44.31     0.154
      45.34     0.151
      46.37     0.245
      47.40     0.170
      48.43     0.078
      49.46     0.231
      50.49     0.068
      51.52     0.120
      52.55     0.046
      53.58     0.147
      54.61    -0.015
      55.65     0.040
      56.68     0.012
      57.71     0.105
      58.74    -0.003
      59.77    -0.042
      60.80     0.031
      61.83    -0.009
      62.86     0.075
      63.89     0.019
      64.92     0.037
      65.95     0.043
      66.98    -0.065
      68.01    -0.054
      69.04    -0.128
      70.07     0.013
      71.10     0.057
      72.13     0.028
      73.16    -0.000
      74.19    -0.009
      75.22     0.052
      76.25     0.060
      77.29     0.070
      78.32    -0.014
      79.35     0.009
      80.38     0.081
      81.41     0.040
      82.44    -0.005
      83.47    -0.060
      84.50     0.042
      85.53    -0.041
      86.56     0.091
      87.59     0.039
      88.62     0.039
      89.65     0.012
      90.68    -0.039
      91.71     0.116
      92.74     0.061
      93.77     0.060
      94.80     0.035
      95.83    -0.065
      96.86     0.081
      97.89    -0.058
      98.93    -0.037
      99.96     0.020
     100.99     0.032
     102.02     0.040
     103.05     0.104
     104.08     0.035
     105.11     0.061
     106.14     0.016
     107.17     0.051
     108.20     0.033
     109.23     0.072
     110.26     0.037
     111.29     0.082
     112.32     0.014
     113.35     0.102
     114.38    -0.049
     115.41     0.044
     116.44     0.171
     117.47     0.069
     118.50     0.005
     119.53     0.039
     120.57     0.070
     121.60    -0.010
     122.63    -0.057
     123.66    -0.053
     124.69    -0.053
     125.72     0.015
     126.75    -0.032
     127.78    -0.018
     128.81     0.117
     129.84     0.068
     130.87    -0.049
     131.90     0.043
     132.93     0.043
     133.96     0.025
     134.99    -0.027
     136.02     0.016
     137.05    -0.123
     138.08     0.007
     139.11     0.053
     140.14     0.066
     141.17    -0.092
     142.20     0.009
     143.24    -0.104
     144.27     0.051
     145.30    -0.013
     146.33     0.076
     147.36    -0.012
     148.39    -0.078
     149.42     0.014
     150.45     0.073
     151.48    -0.050
     152.51    -0.007
     153.54     0.060
     154.57     0.105
     155.60     0.086
     156.63     0.024
     157.66     0.031
     158.69     0.087
     159.72     0.045
     160.75     0.119
     161.78    -0.021
     162.81    -0.005
     163.84     0.027
     164.88    -0.084
     165.91    -0.098
     166.94     0.055
     167.97     0.041
     169.00     0.064
     170.03    -0.088
     171.06     0.064
     172.09    -0.042
     173.12     0.015
     174.15    -0.040
     175.18     0.002
     176.21    -0.012
     177.24     0.046
     178.27    -0.091
     179.30    -0.015
     180.33    -0.140
     181.36    -0.035
     182.39    -0.009
     183.42     0.003
     184.45    -0.080
     185.48    -0.008
     186.52     0.072
     187.55     0.039
     188.58    -0.068
     189.61     0.004
     190.64    -0.005
     191.67    -0.012
     192.70     0.025
     193.73    -0.014
     194.76     0.044
     195.79     0.011
     196.82     0.006
     197.85    -0.019
     198.88    -0.019
     199.91     0.018
     200.94    -0.012
     201.97     0.038
     203.00    -0.039
     204.03     0.037
     205.06    -0.075
     206.09     0.072
     207.12    -0.023
     208.15    -0.033
     209.19    -0.062
     210.22     0.092
     211.25     0.027
     212.28     0.044
     213.31    -0.048
     214.34     0.108
     215.37     0.017
     216.40     0.108
     217.43    -0.069
     218.46     0.010
     219.49    -0.025
     220.52     0.075
     221.55    -0.024
     222.58    -0.049
     223.61    -0.104
     224.64     0.129
     225.67    -0.021
     226.70     0.060
     227.73     0.030
     228.76    -0.062
     229.79     0.046
     230.83    -0.014
     231.86     0.035
     232.89    -0.054
     233.92    -0.001
     234.95     0.012
     235.98    -0.047
     237.01     0.018
     238.04    -0.094
     239.07     0.075
     240.10     0.025
     241.13     0.018
     242.16    -0.025
     243.19     0.052
     244.22     0.127
     245.25    -0.095
     246.28     0.044
     247.31    -0.011
     248.34    -0.129
     249.37     0.051
     250.40     0.057
     251.43    -0.039
     252.47    -0.006
     253.50     0.041
     254.53     0.011
     255.56     0.035
     256.59    -0.064
     257.62     0.071
     258.65    -0.003
     259.68     0.053
     260.71    -0.073
     261.74    -0.026
     262.77    -0.034
     263.80     0.094
     264.83    -0.045
     265.86     0.067
     266.89    -0.107
     267.92     0.032
     268.95    -0.034
     269.98    -0.001
     271.01     0.046
     272.04     0.014
     273.07     0.017
     274.11    -0.084
     275.14    -0.032
     276.17     0.050
     277.20    -0.077
     278.23     0.004
     279.26     0.026
     280.29     0.043
     281.32    -0.093
     282.35     0.018
     283.38     0.024
     284.41    -0.022
     285.44     0.042
     286.47     0.005
     287.50     0.052
     288.53    -0.036
     289.56    -0.173
     290.59     0.076
     291.62     0.066
     292.65     0.064
     293.68    -0.036
     294.71     0.029
     295.74     0.029
     296.78    -0.089
     297.81     0.048
     298.84    -0.024
     299.87     0.046
     300.90     0.023
     301.93    -0.060
     302.96    -0.058
     303.99    -0.043
     305.02     0.048
     306.05    -0.044
     307.08    -0.070
     308.11    -0.016
     309.14     0.033
     310.17     0.052
     311.20     0.039
     312.23     0.007
     313.26     0.064
     314.29    -0.065
     315.32     0.017
     316.35    -0.058
     317.38     0.022
     318.42    -0.066
     319.45     0.071
     320.48     0.148
     321.51     0.047
     322.54     0.045
     323.57    -0.044
     324.60    -0.118
     325.63     0.040
     326.66    -0.042
     327.69    -0.031
     328.72    -0.048
     329.75     0.060
     330.78    -0.049
     331.81    -0.040
     332.84    -0.060
     333.87     0.092
     334.90    -0.050
     335.93     0.001
     336.96    -0.127
     337.99    -0.080
     339.02    -0.060
     340.06    -0.009
     341.09    -0.073
     342.12    -0.043
     343.15    -0.010
     344.18     0.072
     345.21    -0.014
     346.24     0.012
     347.27    -0.069
     348.30     0.056
     349.33     0.019
     350.36     0.018
     351.39    -0.106
     352.42    -0.020
     353.45     0.083
     354.48     0.026
     355.51     0.043
     356.54    -0.044
     357.57    -0.012
     358.60     0.017
     359.63    -0.045
     360.66     0.107
     361.70    -0.001
     362.73     0.006
     363.76    -0.040
     364.79     0.038
     365.82     0.011
     366.85     0.189
     367.88     0.017
     368.91    -0.003
     369.94     0.005
     370.97     0.125
     372.00     0.015
     373.03     0.038
     374.06    -0.044
     375.09     0.004
     376.12     0.024
     377.15    -0.015
     378.18    -0.015
     379.21     0.038
     380.24     0.072
     381.27     0.085
     382.30    -0.015
     383.33     0.059
     384.37     0.032
     385.40     0.051
     386.43    -0.024
     387.46    -0.101
     388.49     0.036
     389.52     0.113
     390.55     0.028
     391.58     0.028
     392.61    -0.019
     393.64     0.055
     394.67    -0.032
     395.70     0.156
     396.73    -0.001
     397.76    -0.051
     398.79     0.036
     399.82     0.006