%%LAB     777  datapoints: v_lsr [km/s] and T_B [K]
    -399.87    -0.007
    -398.84     0.067
    -397.81    -0.106
    -396.78     0.007
    -395.75     0.162
    -394.72     0.004
    -393.69    -0.060
    -392.66    -0.049
    -391.63     0.010
    -390.60     0.054
    -389.57    -0.004
    -388.54    -0.090
    -387.50     0.114
    -386.47    -0.051
    -385.44    -0.029
    -384.41    -0.046
    -383.38     0.073
    -382.35    -0.043
    -381.32     0.126
    -380.29    -0.007
    -379.26    -0.023
    -378.23    -0.057
    -377.20    -0.033
    -376.17     0.072
    -375.14     0.023
    -374.11    -0.032
    -373.08    -0.027
    -372.05    -0.045
    -371.02    -0.002
    -369.98    -0.075
    -368.95     0.067
    -367.92    -0.020
    -366.89    -0.039
    -365.86     0.020
    -364.83    -0.006
    -363.80     0.074
    -362.77     0.076
    -361.74     0.074
    -360.71     0.069
    -359.68    -0.021
    -358.65    -0.018
    -357.62     0.034
    -356.59     0.059
    -355.56    -0.016
    -354.53    -0.021
    -353.50    -0.016
    -352.46    -0.063
    -351.43    -0.088
    -350.40    -0.050
    -349.37    -0.040
    -348.34     0.140
    -347.31    -0.011
    -346.28     0.022
    -345.25     0.053
    -344.22    -0.025
    -343.19     0.023
    -342.16    -0.000
    -341.13    -0.021
    -340.10    -0.041
    -339.07    -0.064
    -338.04     0.051
    -337.01    -0.056
    -335.98     0.003
    -334.94     0.006
    -333.91    -0.080
    -332.88    -0.089
    -331.85     0.002
    -330.82     0.018
    -329.79     0.020
    -328.76    -0.050
    -327.73    -0.074
    -326.70    -0.082
    -325.67     0.040
    -324.64    -0.135
    -323.61     0.006
    -322.58    -0.076
    -321.55    -0.003
    -320.52     0.043
    -319.49     0.046
    -318.45    -0.046
    -317.42     0.052
    -316.39    -0.006
    -315.36     0.046
    -314.33     0.025
    -313.30    -0.011
    -312.27    -0.053
    -311.24    -0.068
    -310.21    -0.055
    -309.18     0.001
    -308.15    -0.072
    -307.12    -0.018
    -306.09     0.026
    -305.06     0.001
    -304.03    -0.056
    -303.00     0.103
    -301.97     0.065
    -300.93    -0.073
    -299.90    -0.049
    -298.87     0.009
    -297.84    -0.025
    -296.81     0.009
    -295.78    -0.079
    -294.75     0.043
    -293.72    -0.055
    -292.69    -0.008
    -291.66     0.043
    -290.63     0.016
    -289.60    -0.048
    -288.57     0.068
    -287.54    -0.113
    -286.51    -0.023
    -285.48    -0.031
    -284.45    -0.020
    -283.41     0.042
    -282.38     0.124
    -281.35     0.007
    -280.32     0.061
    -279.29     0.028
    -278.26     0.098
    -277.23     0.029
    -276.20    -0.048
    -275.17     0.063
    -274.14    -0.016
    -273.11     0.042
    -272.08     0.011
    -271.05    -0.004
    -270.02    -0.022
    -268.99    -0.021
    -267.96     0.049
    -266.92    -0.038
    -265.89     0.073
    -264.86    -0.027
    -263.83     0.048
    -262.80    -0.056
    -261.77    -0.009
    -260.74     0.107
    -259.71     0.117
    -258.68     0.058
    -257.65     0.085
    -256.62    -0.096
    -255.59     0.018
    -254.56    -0.065
    -253.53     0.016
    -252.50    -0.014
    -251.47     0.146
    -250.44     0.049
    -249.40     0.061
    -248.37     0.053
    -247.34     0.077
    -246.31     0.055
    -245.28     0.052
    -244.25    -0.030
    -243.22     0.043
    -242.19    -0.026
    -241.16    -0.013
    -240.13     0.001
    -239.10     0.164
    -238.07     0.052
    -237.04    -0.022
    -236.01    -0.105
    -234.98    -0.037
    -233.95     0.049
    -232.92     0.002
    -231.88     0.048
    -230.85     0.030
    -229.82     0.029
    -228.79     0.022
    -227.76    -0.111
    -226.73     0.011
    -225.70    -0.071
    -224.67    -0.001
    -223.64    -0.052
    -222.61    -0.106
    -221.58    -0.065
    -220.55     0.013
    -219.52    -0.067
    -218.49     0.066
    -217.46     0.020
    -216.43     0.036
    -215.40    -0.057
    -214.36     0.008
    -213.33    -0.104
    -212.30     0.026
    -211.27    -0.170
    -210.24     0.027
    -209.21    -0.045
    -208.18     0.040
    -207.15     0.050
    -206.12    -0.004
    -205.09     0.046
    -204.06     0.083
    -203.03    -0.097
    -202.00     0.031
    -200.97     0.103
    -199.94     0.052
    -198.91    -0.004
    -197.87     0.007
    -196.84     0.067
    -195.81    -0.003
    -194.78    -0.023
    -193.75     0.063
    -192.72    -0.009
    -191.69     0.053
    -190.66    -0.025
    -189.63     0.024
    -188.60    -0.097
    -187.57     0.027
    -186.54    -0.015
    -185.51     0.046
    -184.48    -0.046
    -183.45     0.092
    -182.42    -0.035
    -181.39    -0.026
    -180.35    -0.008
    -179.32     0.030
    -178.29    -0.025
    -177.26     0.061
    -176.23    -0.040
    -175.20     0.030
    -174.17     0.018
    -173.14     0.096
    -172.11    -0.013
    -171.08    -0.039
    -170.05     0.104
    -169.02     0.040
    -167.99    -0.074
    -166.96     0.059
    -165.93    -0.095
    -164.90     0.022
    -163.87    -0.040
    -162.83     0.010
    -161.80    -0.032
    -160.77     0.141
    -159.74     0.058
    -158.71    -0.029
    -157.68    -0.028
    -156.65    -0.013
    -155.62     0.018
    -154.59     0.053
    -153.56     0.004
    -152.53    -0.049
    -151.50     0.013
    -150.47     0.096
    -149.44    -0.081
    -148.41     0.069
    -147.38     0.035
    -146.34     0.046
    -145.31    -0.048
    -144.28     0.025
    -143.25    -0.048
    -142.22    -0.029
    -141.19     0.003
    -140.16     0.101
    -139.13     0.048
    -138.10    -0.036
    -137.07     0.024
    -136.04    -0.024
    -135.01    -0.052
    -133.98    -0.028
    -132.95    -0.082
    -131.92    -0.029
    -130.89    -0.048
    -129.86     0.037
    -128.82    -0.048
    -127.79    -0.062
    -126.76    -0.010
    -125.73     0.036
    -124.70    -0.116
    -123.67    -0.024
    -122.64     0.016
    -121.61     0.059
    -120.58    -0.038
    -119.55    -0.039
    -118.52    -0.033
    -117.49    -0.090
    -116.46     0.015
    -115.43    -0.007
    -114.40    -0.033
    -113.37     0.013
    -112.34     0.043
    -111.30     0.050
    -110.27     0.061
    -109.24    -0.041
    -108.21    -0.039
    -107.18    -0.036
    -106.15     0.081
    -105.12     0.008
    -104.09    -0.043
    -103.06     0.034
    -102.03    -0.066
    -101.00     0.024
     -99.97    -0.022
     -98.94     0.068
     -97.91     0.021
     -96.88     0.036
     -95.85    -0.024
     -94.82     0.063
     -93.78    -0.026
     -92.75     0.095
     -91.72     0.027
     -90.69     0.038
     -89.66     0.060
     -88.63    -0.052
     -87.60     0.107
     -86.57     0.032
     -85.54     0.058
     -84.51     0.120
     -83.48     0.012
     -82.45     0.127
     -81.42     0.203
     -80.39     0.029
     -79.36     0.096
     -78.33     0.086
     -77.29     0.043
     -76.26     0.110
     -75.23     0.110
     -74.20     0.087
     -73.17     0.130
     -72.14     0.084
     -71.11     0.155
     -70.08     0.260
     -69.05     0.021
     -68.02     0.234
     -66.99     0.148
     -65.96     0.130
     -64.93     0.231
     -63.90     0.114
     -62.87     0.035
     -61.84     0.195
     -60.81     0.221
     -59.77     0.179
     -58.74     0.151
     -57.71     0.239
     -56.68     0.117
     -55.65     0.220
     -54.62     0.140
     -53.59     0.303
     -52.56     0.294
     -51.53     0.232
     -50.50     0.225
     -49.47     0.380
     -48.44     0.436
     -47.41     0.460
     -46.38     0.489
     -45.35     0.507
     -44.32     0.670
     -43.29     0.663
     -42.25     0.708
     -41.22     0.721
     -40.19     0.752
     -39.16     0.712
     -38.13     0.710
     -37.10     0.589
     -36.07     0.584
     -35.04     0.522
     -34.01     0.430
     -32.98     0.643
     -31.95     0.455
     -30.92     0.501
     -29.89     0.473
     -28.86     0.580
     -27.83     0.582
     -26.80     0.534
     -25.76     0.660
     -24.73     0.740
     -23.70     0.847
     -22.67     0.785
     -21.64     0.899
     -20.61     1.045
     -19.58     1.061
     -18.55     1.234
     -17.52     1.172
     -16.49     1.402
     -15.46     1.540
     -14.43     1.800
     -13.40     1.928
     -12.37     2.193
     -11.34     2.451
     -10.31     2.878
      -9.28     3.252
      -8.24     3.896
      -7.21     4.545
      -6.18     5.269
      -5.15     6.249
      -4.12     7.318
      -3.09     8.467
      -2.06     9.976
      -1.03    11.114
       0.00    12.421
       1.03    14.474
       2.06    17.474
       3.09    20.726
       4.12    24.665
       5.15    27.866
       6.18    29.053
       7.21    28.225
       8.24    26.332
       9.28    23.416
      10.31    19.661
      11.34    16.482
      12.37    14.709
      13.40    13.185
      14.43    11.761
      15.46    10.536
      16.49     9.494
      17.52     8.347
      18.55     7.458
      19.58     6.564
      20.61     5.804
      21.64     5.230
      22.67     4.572
      23.70     4.080
      24.73     3.569
      25.76     3.158
      26.80     2.789
      27.83     2.326
      28.86     2.021
      29.89     1.703
      30.92     1.452
      31.95     1.288
      32.98     1.151
      34.01     0.965
      35.04     0.932
      36.07     0.716
      37.10     0.715
      38.13     0.575
      39.16     0.577
      40.19     0.342
      41.22     0.373
      42.25     0.328
      43.29     0.263
      44.32     0.208
      45.35     0.249
      46.38     0.157
      47.41     0.151
      48.44     0.116
      49.47     0.054
      50.50     0.141
      51.53     0.135
      52.56     0.142
      53.59     0.085
      54.62     0.038
      55.65     0.097
      56.68    -0.011
      57.71     0.069
      58.74     0.044
      59.77    -0.033
      60.81     0.042
      61.84    -0.063
      62.87     0.011
      63.90     0.044
      64.93    -0.159
      65.96     0.066
      66.99    -0.057
      68.02     0.038
      69.05     0.010
      70.08     0.009
      71.11     0.139
      72.14    -0.020
      73.17     0.085
      74.20     0.098
      75.23    -0.010
      76.26     0.043
      77.29     0.069
      78.33     0.106
      79.36    -0.070
      80.39     0.035
      81.42     0.151
      82.45     0.036
      83.48    -0.055
      84.51     0.053
      85.54    -0.001
      86.57    -0.072
      87.60     0.037
      88.63    -0.034
      89.66     0.049
      90.69     0.019
      91.72     0.016
      92.75    -0.033
      93.78    -0.071
      94.82     0.088
      95.85     0.046
      96.88     0.070
      97.91    -0.023
      98.94    -0.077
      99.97     0.019
     101.00     0.053
     102.03    -0.120
     103.06     0.079
     104.09    -0.063
     105.12     0.082
     106.15    -0.062
     107.18    -0.026
     108.21    -0.067
     109.24    -0.037
     110.27    -0.033
     111.30    -0.020
     112.34     0.011
     113.37    -0.043
     114.40     0.025
     115.43     0.142
     116.46     0.041
     117.49     0.063
     118.52    -0.016
     119.55     0.013
     120.58    -0.007
     121.61     0.088
     122.64     0.006
     123.67     0.029
     124.70     0.052
     125.73     0.115
     126.76    -0.049
     127.79     0.060
     128.82    -0.055
     129.86     0.014
     130.89     0.002
     131.92    -0.016
     132.95    -0.007
     133.98     0.076
     135.01     0.048
     136.04     0.107
     137.07    -0.067
     138.10    -0.040
     139.13    -0.026
     140.16    -0.005
     141.19     0.073
     142.22    -0.066
     143.25    -0.074
     144.28    -0.027
     145.31    -0.000
     146.34     0.056
     147.38     0.026
     148.41     0.068
     149.44     0.007
     150.47    -0.047
     151.50    -0.020
     152.53     0.039
     153.56     0.026
     154.59    -0.019
     155.62     0.023
     156.65     0.104
     157.68     0.134
     158.71     0.075
     159.74    -0.036
     160.77    -0.090
     161.80    -0.066
     162.83     0.047
     163.87    -0.024
     164.90     0.058
     165.93    -0.036
     166.96     0.040
     167.99     0.110
     169.02     0.071
     170.05    -0.030
     171.08     0.054
     172.11    -0.057
     173.14    -0.009
     174.17     0.017
     175.20     0.032
     176.23     0.038
     177.26     0.138
     178.29    -0.023
     179.32    -0.023
     180.35    -0.004
     181.39    -0.026
     182.42    -0.026
     183.45     0.032
     184.48     0.009
     185.51     0.026
     186.54    -0.023
     187.57     0.002
     188.60     0.001
     189.63    -0.071
     190.66     0.051
     191.69     0.051
     192.72    -0.024
     193.75    -0.074
     194.78     0.036
     195.81     0.084
     196.84    -0.086
     197.87    -0.088
     198.91    -0.036
     199.94     0.014
     200.97    -0.047
     202.00     0.083
     203.03    -0.045
     204.06     0.042
     205.09     0.046
     206.12     0.042
     207.15     0.062
     208.18     0.030
     209.21    -0.095
     210.24    -0.039
     211.27    -0.071
     212.30     0.103
     213.33     0.028
     214.36    -0.015
     215.40    -0.039
     216.43    -0.115
     217.46     0.008
     218.49     0.035
     219.52    -0.079
     220.55     0.008
     221.58    -0.097
     222.61    -0.013
     223.64     0.005
     224.67     0.023
     225.70    -0.036
     226.73     0.038
     227.76     0.018
     228.79     0.034
     229.82    -0.199
     230.85     0.017
     231.88    -0.009
     232.92     0.036
     233.95     0.005
     234.98     0.053
     236.01     0.073
     237.04    -0.033
     238.07    -0.062
     239.10     0.052
     240.13     0.013
     241.16     0.080
     242.19     0.088
     243.22    -0.085
     244.25     0.105
     245.28    -0.042
     246.31     0.105
     247.34     0.004
     248.37    -0.041
     249.40    -0.035
     250.44     0.038
     251.47     0.025
     252.50     0.060
     253.53    -0.028
     254.56    -0.056
     255.59     0.098
     256.62     0.069
     257.65     0.025
     258.68    -0.006
     259.71    -0.092
     260.74     0.020
     261.77     0.035
     262.80    -0.020
     263.83    -0.018
     264.86     0.028
     265.89     0.148
     266.92    -0.048
     267.96    -0.041
     268.99    -0.106
     270.02     0.026
     271.05    -0.111
     272.08     0.014
     273.11     0.000
     274.14    -0.033
     275.17    -0.040
     276.20     0.000
     277.23    -0.070
     278.26     0.004
     279.29    -0.016
     280.32     0.065
     281.35    -0.081
     282.38     0.077
     283.41     0.023
     284.45     0.032
     285.48     0.054
     286.51    -0.069
     287.54    -0.006
     288.57     0.058
     289.60    -0.026
     290.63     0.054
     291.66    -0.030
     292.69     0.025
     293.72     0.005
     294.75     0.045
     295.78    -0.003
     296.81    -0.024
     297.84     0.024
     298.87     0.018
     299.90     0.042
     300.93    -0.065
     301.97     0.054
     303.00     0.005
     304.03    -0.024
     305.06     0.026
     306.09    -0.017
     307.12     0.012
     308.15    -0.032
     309.18    -0.050
     310.21    -0.000
     311.24     0.074
     312.27     0.072
     313.30     0.078
     314.33    -0.012
     315.36    -0.034
     316.39    -0.076
     317.42    -0.054
     318.45    -0.028
     319.49    -0.098
     320.52    -0.065
     321.55    -0.038
     322.58     0.003
     323.61     0.097
     324.64     0.024
     325.67     0.046
     326.70     0.028
     327.73     0.028
     328.76    -0.049
     329.79     0.016
     330.82    -0.058
     331.85     0.008
     332.88    -0.044
     333.91    -0.051
     334.94    -0.030
     335.98     0.033
     337.01    -0.034
     338.04    -0.025
     339.07     0.077
     340.10    -0.068
     341.13    -0.046
     342.16     0.059
     343.19     0.029
     344.22    -0.018
     345.25    -0.011
     346.28     0.015
     347.31    -0.010
     348.34    -0.053
     349.37     0.025
     350.40     0.030
     351.43     0.023
     352.46     0.011
     353.50     0.062
     354.53     0.015
     355.56     0.030
     356.59     0.000
     357.62     0.004
     358.65     0.093
     359.68    -0.086
     360.71     0.049
     361.74    -0.047
     362.77     0.036
     363.80     0.010
     364.83     0.103
     365.86    -0.060
     366.89     0.002
     367.92    -0.073
     368.95     0.005
     369.98    -0.002
     371.02     0.192
     372.05    -0.099
     373.08    -0.035
     374.11    -0.008
     375.14     0.031
     376.17    -0.009
     377.20     0.091
     378.23    -0.082
     379.26     0.003
     380.29     0.062
     381.32     0.044
     382.35    -0.058
     383.38     0.059
     384.41     0.068
     385.44    -0.009
     386.47     0.019
     387.50    -0.017
     388.54     0.010
     389.57     0.014
     390.60     0.050
     391.63     0.053
     392.66     0.067
     393.69     0.004
     394.72     0.125
     395.75     0.048
     396.78    -0.032
     397.81     0.075
     398.84    -0.003
     399.87     0.095