%%LAB     777  datapoints: v_lsr [km/s] and T_B [K]
    -399.83     0.022
    -398.80    -0.005
    -397.77     0.094
    -396.74    -0.063
    -395.71     0.069
    -394.68    -0.001
    -393.65     0.012
    -392.62    -0.023
    -391.59    -0.003
    -390.56    -0.043
    -389.53     0.009
    -388.50    -0.061
    -387.47    -0.054
    -386.44    -0.067
    -385.40     0.009
    -384.37     0.019
    -383.34    -0.024
    -382.31    -0.068
    -381.28     0.031
    -380.25    -0.040
    -379.22    -0.033
    -378.19    -0.002
    -377.16     0.069
    -376.13    -0.041
    -375.10    -0.022
    -374.07    -0.010
    -373.04    -0.010
    -372.01    -0.054
    -370.98     0.010
    -369.95     0.063
    -368.92     0.035
    -367.89     0.054
    -366.86     0.055
    -365.83     0.029
    -364.79     0.037
    -363.76    -0.072
    -362.73     0.022
    -361.70     0.079
    -360.67     0.007
    -359.64    -0.047
    -358.61     0.113
    -357.58     0.023
    -356.55    -0.044
    -355.52    -0.104
    -354.49     0.054
    -353.46    -0.013
    -352.43    -0.064
    -351.40    -0.040
    -350.37     0.025
    -349.34    -0.020
    -348.31     0.035
    -347.28    -0.052
    -346.25     0.090
    -345.22    -0.076
    -344.19     0.069
    -343.15    -0.014
    -342.12     0.007
    -341.09    -0.006
    -340.06     0.050
    -339.03     0.032
    -338.00     0.010
    -336.97    -0.100
    -335.94     0.004
    -334.91    -0.025
    -333.88     0.045
    -332.85    -0.001
    -331.82     0.075
    -330.79    -0.039
    -329.76     0.093
    -328.73     0.015
    -327.70    -0.006
    -326.67    -0.003
    -325.64    -0.081
    -324.61    -0.116
    -323.58     0.093
    -322.54    -0.019
    -321.51    -0.050
    -320.48     0.016
    -319.45     0.044
    -318.42    -0.050
    -317.39     0.042
    -316.36     0.020
    -315.33     0.085
    -314.30    -0.046
    -313.27     0.067
    -312.24    -0.019
    -311.21     0.026
    -310.18     0.001
    -309.15     0.043
    -308.12     0.053
    -307.09     0.063
    -306.06     0.023
    -305.03     0.105
    -304.00     0.034
    -302.97    -0.015
    -301.93    -0.102
    -300.90    -0.025
    -299.87    -0.040
    -298.84     0.003
    -297.81    -0.079
    -296.78    -0.042
    -295.75     0.056
    -294.72     0.063
    -293.69    -0.027
    -292.66     0.056
    -291.63    -0.042
    -290.60    -0.006
    -289.57     0.068
    -288.54     0.053
    -287.51    -0.030
    -286.48     0.018
    -285.45    -0.135
    -284.42    -0.050
    -283.39    -0.051
    -282.36     0.023
    -281.32    -0.003
    -280.29     0.043
    -279.26     0.054
    -278.23     0.022
    -277.20     0.001
    -276.17    -0.029
    -275.14    -0.059
    -274.11    -0.048
    -273.08     0.020
    -272.05     0.017
    -271.02    -0.017
    -269.99    -0.009
    -268.96    -0.087
    -267.93     0.003
    -266.90    -0.058
    -265.87     0.029
    -264.84    -0.023
    -263.81     0.050
    -262.78    -0.007
    -261.75    -0.077
    -260.72     0.010
    -259.68     0.089
    -258.65     0.049
    -257.62    -0.065
    -256.59    -0.025
    -255.56    -0.035
    -254.53    -0.015
    -253.50     0.056
    -252.47     0.017
    -251.44    -0.010
    -250.41    -0.029
    -249.38     0.028
    -248.35     0.050
    -247.32    -0.066
    -246.29     0.030
    -245.26     0.121
    -244.23     0.031
    -243.20     0.016
    -242.17    -0.020
    -241.14    -0.018
    -240.11     0.012
    -239.07     0.073
    -238.04     0.048
    -237.01     0.009
    -235.98     0.045
    -234.95    -0.006
    -233.92    -0.001
    -232.89     0.031
    -231.86    -0.023
    -230.83     0.052
    -229.80     0.015
    -228.77     0.027
    -227.74     0.021
    -226.71     0.070
    -225.68    -0.065
    -224.65     0.037
    -223.62    -0.007
    -222.59     0.063
    -221.56     0.049
    -220.53     0.064
    -219.50    -0.060
    -218.46     0.022
    -217.43     0.024
    -216.40     0.006
    -215.37    -0.004
    -214.34     0.024
    -213.31    -0.008
    -212.28     0.099
    -211.25     0.006
    -210.22     0.153
    -209.19    -0.006
    -208.16     0.038
    -207.13    -0.004
    -206.10     0.111
    -205.07     0.056
    -204.04    -0.019
    -203.01    -0.028
    -201.98     0.066
    -200.95     0.000
    -199.92     0.032
    -198.89    -0.022
    -197.85    -0.023
    -196.82    -0.028
    -195.79     0.033
    -194.76     0.042
    -193.73     0.015
    -192.70    -0.040
    -191.67     0.083
    -190.64     0.042
    -189.61     0.076
    -188.58    -0.016
    -187.55    -0.016
    -186.52    -0.013
    -185.49    -0.069
    -184.46     0.016
    -183.43    -0.052
    -182.40    -0.061
    -181.37     0.002
    -180.34    -0.018
    -179.31     0.071
    -178.28     0.067
    -177.25     0.070
    -176.21    -0.144
    -175.18     0.038
    -174.15     0.069
    -173.12     0.095
    -172.09    -0.030
    -171.06     0.015
    -170.03     0.029
    -169.00     0.031
    -167.97    -0.121
    -166.94     0.052
    -165.91     0.029
    -164.88     0.047
    -163.85     0.017
    -162.82     0.060
    -161.79     0.079
    -160.76     0.020
    -159.73    -0.029
    -158.70     0.079
    -157.67     0.119
    -156.64     0.112
    -155.60     0.093
    -154.57     0.170
    -153.54     0.103
    -152.51     0.198
    -151.48     0.212
    -150.45     0.367
    -149.42     0.395
    -148.39     0.417
    -147.36     0.434
    -146.33     0.535
    -145.30     0.641
    -144.27     0.739
    -143.24     0.741
    -142.21     0.960
    -141.18     1.138
    -140.15     1.287
    -139.12     1.574
    -138.09     1.971
    -137.06     2.203
    -136.03     2.650
    -134.99     3.010
    -133.96     3.554
    -132.93     4.114
    -131.90     4.472
    -130.87     4.850
    -129.84     4.894
    -128.81     4.660
    -127.78     4.417
    -126.75     4.108
    -125.72     4.031
    -124.69     3.933
    -123.66     4.078
    -122.63     4.249
    -121.60     4.406
    -120.57     4.505
    -119.54     4.541
    -118.51     4.679
    -117.48     4.924
    -116.45     4.687
    -115.42     4.562
    -114.38     4.350
    -113.35     4.390
    -112.32     4.408
    -111.29     4.436
    -110.26     4.364
    -109.23     4.267
    -108.20     4.005
    -107.17     3.923
    -106.14     4.055
    -105.11     3.984
    -104.08     4.151
    -103.05     4.386
    -102.02     4.677
    -100.99     4.971
     -99.96     5.389
     -98.93     6.060
     -97.90     6.545
     -96.87     7.236
     -95.84     7.589
     -94.81     7.699
     -93.77     7.579
     -92.74     7.440
     -91.71     7.382
     -90.68     7.294
     -89.65     7.475
     -88.62     7.477
     -87.59     7.493
     -86.56     7.416
     -85.53     7.352
     -84.50     7.408
     -83.47     7.367
     -82.44     7.312
     -81.41     7.267
     -80.38     7.292
     -79.35     7.125
     -78.32     7.142
     -77.29     7.081
     -76.26     7.101
     -75.23     6.974
     -74.20     6.912
     -73.17     6.810
     -72.13     6.746
     -71.10     6.494
     -70.07     6.397
     -69.04     5.958
     -68.01     5.936
     -66.98     5.819
     -65.95     5.706
     -64.92     5.519
     -63.89     5.388
     -62.86     5.202
     -61.83     4.961
     -60.80     4.820
     -59.77     4.801
     -58.74     4.592
     -57.71     4.433
     -56.68     4.406
     -55.65     4.456
     -54.62     4.595
     -53.59     4.487
     -52.56     4.435
     -51.52     4.631
     -50.49     4.706
     -49.46     5.057
     -48.43     5.450
     -47.40     5.839
     -46.37     6.086
     -45.34     6.541
     -44.31     6.880
     -43.28     7.163
     -42.25     7.290
     -41.22     7.325
     -40.19     7.284
     -39.16     7.251
     -38.13     7.061
     -37.10     6.935
     -36.07     6.547
     -35.04     6.369
     -34.01     6.255
     -32.98     6.142
     -31.95     6.257
     -30.91     6.242
     -29.88     6.349
     -28.85     6.707
     -27.82     6.894
     -26.79     7.424
     -25.76     7.847
     -24.73     8.540
     -23.70     9.126
     -22.67     9.705
     -21.64    10.447
     -20.61    11.227
     -19.58    11.645
     -18.55    12.059
     -17.52    12.703
     -16.49    13.881
     -15.46    15.537
     -14.43    17.555
     -13.40    19.930
     -12.37    22.635
     -11.34    26.121
     -10.30    30.827
      -9.27    37.458
      -8.24    45.055
      -7.21    52.622
      -6.18    62.065
      -5.15    70.719
      -4.12    76.061
      -3.09    77.587
      -2.06    75.882
      -1.03    72.069
       0.00    65.499
       1.03    58.124
       2.06    52.166
       3.09    46.052
       4.12    38.602
       5.15    29.750
       6.18    22.427
       7.21    17.343
       8.24    13.278
       9.27    10.187
      10.30     7.866
      11.34     6.235
      12.37     4.916
      13.40     4.087
      14.43     3.291
      15.46     2.729
      16.49     2.159
      17.52     1.772
      18.55     1.634
      19.58     1.242
      20.61     1.139
      21.64     0.945
      22.67     0.887
      23.70     0.718
      24.73     0.604
      25.76     0.558
      26.79     0.434
      27.82     0.322
      28.85     0.294
      29.88     0.321
      30.91     0.211
      31.95     0.172
      32.98     0.159
      34.01     0.062
      35.04     0.133
      36.07     0.084
      37.10     0.122
      38.13    -0.047
      39.16     0.127
      40.19    -0.005
      41.22    -0.089
      42.25     0.023
      43.28     0.045
      44.31    -0.015
      45.34     0.081
      46.37     0.043
      47.40     0.085
      48.43     0.059
      49.46     0.105
      50.49     0.005
      51.52    -0.045
      52.56     0.033
      53.59    -0.015
      54.62    -0.087
      55.65     0.073
      56.68     0.073
      57.71    -0.007
      58.74     0.135
      59.77     0.071
      60.80    -0.011
      61.83     0.013
      62.86     0.026
      63.89     0.023
      64.92     0.026
      65.95     0.086
      66.98    -0.032
      68.01    -0.006
      69.04     0.071
      70.07     0.006
      71.10    -0.020
      72.13     0.114
      73.17    -0.034
      74.20    -0.011
      75.23     0.076
      76.26     0.036
      77.29     0.027
      78.32     0.072
      79.35     0.123
      80.38     0.031
      81.41    -0.036
      82.44     0.081
      83.47     0.028
      84.50     0.035
      85.53     0.066
      86.56    -0.023
      87.59     0.006
      88.62     0.104
      89.65     0.015
      90.68     0.098
      91.71    -0.003
      92.74    -0.012
      93.77    -0.007
      94.81     0.017
      95.84     0.011
      96.87     0.013
      97.90     0.049
      98.93    -0.031
      99.96    -0.033
     100.99     0.037
     102.02     0.015
     103.05    -0.007
     104.08    -0.023
     105.11     0.066
     106.14     0.087
     107.17     0.010
     108.20     0.089
     109.23     0.081
     110.26    -0.059
     111.29    -0.005
     112.32    -0.073
     113.35     0.059
     114.38    -0.049
     115.42     0.050
     116.45     0.061
     117.48     0.140
     118.51     0.004
     119.54     0.072
     120.57    -0.016
     121.60    -0.001
     122.63    -0.031
     123.66    -0.059
     124.69    -0.199
     125.72    -0.022
     126.75    -0.008
     127.78     0.014
     128.81    -0.047
     129.84     0.095
     130.87    -0.063
     131.90     0.079
     132.93    -0.027
     133.96     0.044
     134.99     0.055
     136.03     0.031
     137.06    -0.120
     138.09     0.029
     139.12     0.051
     140.15     0.027
     141.18    -0.110
     142.21     0.005
     143.24     0.022
     144.27     0.002
     145.30     0.030
     146.33     0.021
     147.36    -0.007
     148.39     0.042
     149.42    -0.071
     150.45     0.017
     151.48     0.018
     152.51     0.124
     153.54    -0.033
     154.57     0.002
     155.60    -0.035
     156.64     0.029
     157.67    -0.058
     158.70     0.068
     159.73    -0.102
     160.76     0.113
     161.79    -0.021
     162.82     0.045
     163.85     0.018
     164.88    -0.021
     165.91    -0.061
     166.94     0.059
     167.97     0.097
     169.00     0.008
     170.03     0.051
     171.06     0.054
     172.09     0.017
     173.12     0.030
     174.15    -0.070
     175.18    -0.004
     176.21    -0.093
     177.24    -0.156
     178.28    -0.080
     179.31    -0.059
     180.34    -0.081
     181.37     0.015
     182.40    -0.039
     183.43    -0.028
     184.46     0.040
     185.49    -0.004
     186.52    -0.041
     187.55    -0.083
     188.58     0.065
     189.61    -0.018
     190.64    -0.017
     191.67     0.007
     192.70    -0.035
     193.73    -0.018
     194.76     0.049
     195.79    -0.002
     196.82    -0.016
     197.85    -0.009
     198.89    -0.007
     199.92     0.047
     200.95    -0.006
     201.98     0.014
     203.01    -0.002
     204.04     0.022
     205.07    -0.126
     206.10     0.019
     207.13     0.039
     208.16     0.054
     209.19    -0.032
     210.22     0.024
     211.25     0.058
     212.28     0.078
     213.31    -0.038
     214.34     0.026
     215.37     0.021
     216.40     0.019
     217.43    -0.012
     218.46     0.015
     219.50    -0.067
     220.53     0.041
     221.56    -0.126
     222.59     0.025
     223.62    -0.078
     224.65     0.066
     225.68    -0.116
     226.71     0.079
     227.74    -0.069
     228.77     0.025
     229.80    -0.063
     230.83     0.087
     231.86     0.050
     232.89     0.062
     233.92     0.042
     234.95    -0.010
     235.98     0.028
     237.01     0.042
     238.04     0.050
     239.07    -0.001
     240.11    -0.052
     241.14    -0.020
     242.17    -0.103
     243.20    -0.021
     244.23     0.065
     245.26    -0.062
     246.29     0.009
     247.32    -0.046
     248.35     0.019
     249.38     0.086
     250.41     0.016
     251.44     0.054
     252.47    -0.015
     253.50     0.048
     254.53    -0.028
     255.56     0.012
     256.59    -0.042
     257.62     0.089
     258.65    -0.091
     259.68    -0.043
     260.72    -0.010
     261.75     0.056
     262.78     0.010
     263.81    -0.016
     264.84     0.015
     265.87    -0.002
     266.90    -0.037
     267.93    -0.041
     268.96    -0.053
     269.99     0.121
     271.02     0.011
     272.05     0.051
     273.08    -0.051
     274.11     0.114
     275.14     0.026
     276.17     0.073
     277.20    -0.109
     278.23     0.055
     279.26     0.056
     280.29    -0.002
     281.32    -0.124
     282.36     0.069
     283.39    -0.062
     284.42    -0.005
     285.45    -0.041
     286.48     0.019
     287.51    -0.023
     288.54     0.003
     289.57    -0.083
     290.60     0.035
     291.63    -0.067
     292.66    -0.031
     293.69    -0.066
     294.72     0.025
     295.75    -0.036
     296.78     0.023
     297.81     0.017
     298.84     0.006
     299.87     0.025
     300.90    -0.033
     301.93     0.029
     302.97    -0.005
     304.00     0.119
     305.03     0.051
     306.06    -0.042
     307.09     0.107
     308.12     0.025
     309.15     0.012
     310.18    -0.079
     311.21     0.051
     312.24    -0.043
     313.27    -0.025
     314.30    -0.035
     315.33     0.061
     316.36    -0.043
     317.39    -0.013
     318.42     0.051
     319.45    -0.038
     320.48    -0.022
     321.51     0.015
     322.54    -0.031
     323.58     0.069
     324.61     0.003
     325.64     0.076
     326.67     0.002
     327.70     0.000
     328.73    -0.086
     329.76    -0.028
     330.79    -0.067
     331.82     0.097
     332.85     0.014
     333.88     0.086
     334.91    -0.033
     335.94     0.071
     336.97    -0.036
     338.00     0.011
     339.03     0.002
     340.06    -0.024
     341.09    -0.001
     342.12    -0.054
     343.15     0.037
     344.19    -0.046
     345.22    -0.051
     346.25     0.015
     347.28     0.048
     348.31    -0.019
     349.34    -0.059
     350.37     0.109
     351.40     0.004
     352.43     0.031
     353.46    -0.016
     354.49     0.008
     355.52    -0.057
     356.55     0.049
     357.58     0.009
     358.61    -0.015
     359.64    -0.033
     360.67     0.042
     361.70    -0.038
     362.73    -0.005
     363.76    -0.012
     364.79    -0.022
     365.83    -0.018
     366.86    -0.029
     367.89    -0.072
     368.92     0.012
     369.95    -0.106
     370.98     0.027
     372.01    -0.008
     373.04     0.085
     374.07    -0.110
     375.10     0.112
     376.13     0.030
     377.16    -0.012
     378.19     0.039
     379.22     0.003
     380.25     0.049
     381.28     0.040
     382.31    -0.128
     383.34    -0.043
     384.37    -0.003
     385.40     0.011
     386.44     0.058
     387.47    -0.038
     388.50     0.029
     389.53     0.080
     390.56     0.029
     391.59     0.087
     392.62     0.023
     393.65     0.035
     394.68     0.016
     395.71     0.088
     396.74    -0.010
     397.77     0.122
     398.80    -0.005
     399.83    -0.005