%%LAB     777  datapoints: v_lsr [km/s] and T_B [K]
    -399.85    -0.028
    -398.81    -0.009
    -397.78    -0.020
    -396.75    -0.091
    -395.72     0.063
    -394.69    -0.023
    -393.66     0.057
    -392.63     0.064
    -391.60     0.024
    -390.57    -0.015
    -389.54     0.029
    -388.51    -0.042
    -387.48    -0.060
    -386.45    -0.093
    -385.42    -0.015
    -384.39     0.031
    -383.36     0.042
    -382.33     0.005
    -381.30    -0.082
    -380.27    -0.115
    -379.23     0.040
    -378.20    -0.002
    -377.17     0.012
    -376.14     0.066
    -375.11     0.093
    -374.08    -0.043
    -373.05    -0.023
    -372.02    -0.108
    -370.99     0.013
    -369.96     0.022
    -368.93    -0.017
    -367.90     0.005
    -366.87    -0.017
    -365.84    -0.051
    -364.81     0.063
    -363.78    -0.015
    -362.75     0.057
    -361.72    -0.053
    -360.69    -0.060
    -359.65    -0.025
    -358.62    -0.122
    -357.59     0.146
    -356.56     0.044
    -355.53     0.002
    -354.50     0.011
    -353.47     0.102
    -352.44     0.001
    -351.41     0.002
    -350.38     0.021
    -349.35     0.014
    -348.32     0.060
    -347.29     0.044
    -346.26    -0.024
    -345.23    -0.049
    -344.20     0.013
    -343.17     0.003
    -342.14     0.059
    -341.10     0.037
    -340.07    -0.009
    -339.04    -0.037
    -338.01     0.009
    -336.98    -0.018
    -335.95     0.043
    -334.92     0.034
    -333.89     0.079
    -332.86     0.054
    -331.83     0.014
    -330.80     0.022
    -329.77    -0.018
    -328.74    -0.050
    -327.71    -0.053
    -326.68    -0.057
    -325.65     0.023
    -324.62    -0.026
    -323.59     0.070
    -322.56    -0.066
    -321.52    -0.027
    -320.49    -0.021
    -319.46     0.010
    -318.43    -0.065
    -317.40     0.133
    -316.37    -0.027
    -315.34     0.060
    -314.31    -0.014
    -313.28    -0.051
    -312.25    -0.057
    -311.22     0.028
    -310.19     0.020
    -309.16    -0.066
    -308.13     0.091
    -307.10     0.097
    -306.07    -0.031
    -305.04     0.041
    -304.01     0.061
    -302.98     0.009
    -301.94    -0.016
    -300.91     0.022
    -299.88     0.049
    -298.85     0.013
    -297.82    -0.049
    -296.79     0.062
    -295.76     0.072
    -294.73     0.024
    -293.70     0.055
    -292.67    -0.033
    -291.64    -0.098
    -290.61     0.027
    -289.58     0.126
    -288.55     0.104
    -287.52     0.074
    -286.49    -0.036
    -285.46     0.014
    -284.43     0.044
    -283.40    -0.009
    -282.36     0.036
    -281.33     0.037
    -280.30     0.062
    -279.27    -0.027
    -278.24    -0.023
    -277.21     0.011
    -276.18    -0.004
    -275.15    -0.023
    -274.12     0.038
    -273.09    -0.086
    -272.06    -0.031
    -271.03    -0.096
    -270.00    -0.027
    -268.97    -0.038
    -267.94    -0.013
    -266.91    -0.002
    -265.88     0.067
    -264.85    -0.065
    -263.82    -0.005
    -262.78    -0.099
    -261.75     0.023
    -260.72     0.078
    -259.69     0.085
    -258.66     0.021
    -257.63    -0.079
    -256.60     0.027
    -255.57    -0.003
    -254.54    -0.001
    -253.51     0.047
    -252.48    -0.022
    -251.45     0.042
    -250.42     0.095
    -249.39    -0.019
    -248.36    -0.022
    -247.33     0.019
    -246.30     0.056
    -245.27    -0.012
    -244.24    -0.055
    -243.20     0.005
    -242.17     0.023
    -241.14    -0.049
    -240.11    -0.133
    -239.08    -0.040
    -238.05    -0.007
    -237.02    -0.003
    -235.99     0.011
    -234.96     0.023
    -233.93     0.040
    -232.90    -0.005
    -231.87    -0.005
    -230.84     0.058
    -229.81    -0.008
    -228.78     0.084
    -227.75     0.021
    -226.72    -0.019
    -225.69    -0.046
    -224.66     0.009
    -223.62     0.026
    -222.59    -0.035
    -221.56     0.058
    -220.53     0.098
    -219.50     0.051
    -218.47    -0.046
    -217.44    -0.046
    -216.41    -0.030
    -215.38     0.064
    -214.35     0.030
    -213.32     0.023
    -212.29     0.116
    -211.26     0.035
    -210.23     0.006
    -209.20    -0.019
    -208.17     0.137
    -207.14     0.042
    -206.11    -0.072
    -205.08     0.037
    -204.04     0.071
    -203.01    -0.037
    -201.98    -0.015
    -200.95     0.075
    -199.92    -0.007
    -198.89    -0.100
    -197.86    -0.007
    -196.83     0.007
    -195.80     0.004
    -194.77    -0.020
    -193.74     0.018
    -192.71    -0.064
    -191.68    -0.011
    -190.65    -0.033
    -189.62     0.040
    -188.59     0.047
    -187.56    -0.011
    -186.53    -0.093
    -185.50     0.052
    -184.46    -0.014
    -183.43     0.007
    -182.40    -0.011
    -181.37    -0.052
    -180.34    -0.011
    -179.31    -0.003
    -178.28    -0.052
    -177.25    -0.127
    -176.22    -0.072
    -175.19     0.022
    -174.16     0.032
    -173.13     0.023
    -172.10     0.054
    -171.07    -0.084
    -170.04     0.037
    -169.01     0.115
    -167.98    -0.059
    -166.95    -0.025
    -165.92    -0.013
    -164.88     0.113
    -163.85     0.039
    -162.82     0.014
    -161.79    -0.062
    -160.76     0.022
    -159.73     0.146
    -158.70     0.104
    -157.67     0.030
    -156.64     0.079
    -155.61     0.121
    -154.58     0.055
    -153.55     0.084
    -152.52     0.236
    -151.49     0.183
    -150.46     0.167
    -149.43     0.205
    -148.40     0.243
    -147.37     0.169
    -146.34     0.322
    -145.30     0.273
    -144.27     0.317
    -143.24     0.184
    -142.21     0.213
    -141.18     0.216
    -140.15     0.354
    -139.12     0.287
    -138.09     0.259
    -137.06     0.296
    -136.03     0.332
    -135.00     0.224
    -133.97     0.251
    -132.94     0.193
    -131.91     0.219
    -130.88     0.180
    -129.85     0.234
    -128.82     0.203
    -127.79     0.240
    -126.76     0.210
    -125.72     0.250
    -124.69     0.265
    -123.66     0.293
    -122.63     0.288
    -121.60     0.372
    -120.57     0.374
    -119.54     0.478
    -118.51     0.404
    -117.48     0.547
    -116.45     0.494
    -115.42     0.685
    -114.39     0.732
    -113.36     0.706
    -112.33     0.803
    -111.30     0.812
    -110.27     0.838
    -109.24     1.008
    -108.21     1.060
    -107.17     1.113
    -106.14     1.164
    -105.11     1.214
    -104.08     1.316
    -103.05     1.509
    -102.02     1.464
    -100.99     1.621
     -99.96     1.697
     -98.93     1.793
     -97.90     2.007
     -96.87     1.952
     -95.84     2.058
     -94.81     2.084
     -93.78     2.016
     -92.75     2.165
     -91.72     2.023
     -90.69     2.096
     -89.66     1.956
     -88.63     1.765
     -87.59     1.645
     -86.56     1.574
     -85.53     1.425
     -84.50     1.428
     -83.47     1.229
     -82.44     1.217
     -81.41     1.021
     -80.38     1.088
     -79.35     0.868
     -78.32     0.899
     -77.29     0.796
     -76.26     0.706
     -75.23     0.711
     -74.20     0.640
     -73.17     0.642
     -72.14     0.707
     -71.11     0.738
     -70.08     0.685
     -69.05     0.588
     -68.01     0.700
     -66.98     0.577
     -65.95     0.656
     -64.92     0.497
     -63.89     0.686
     -62.86     0.591
     -61.83     0.712
     -60.80     0.659
     -59.77     0.739
     -58.74     0.726
     -57.71     0.641
     -56.68     0.714
     -55.65     0.767
     -54.62     0.669
     -53.59     0.678
     -52.56     0.687
     -51.53     0.784
     -50.50     0.786
     -49.47     0.677
     -48.43     0.633
     -47.40     0.608
     -46.37     0.622
     -45.34     0.540
     -44.31     0.411
     -43.28     0.501
     -42.25     0.387
     -41.22     0.510
     -40.19     0.546
     -39.16     0.550
     -38.13     0.519
     -37.10     0.435
     -36.07     0.459
     -35.04     0.594
     -34.01     0.501
     -32.98     0.411
     -31.95     0.410
     -30.92     0.440
     -29.89     0.574
     -28.85     0.511
     -27.82     0.590
     -26.79     0.696
     -25.76     0.653
     -24.73     0.797
     -23.70     0.827
     -22.67     0.983
     -21.64     1.066
     -20.61     1.235
     -19.58     1.424
     -18.55     1.565
     -17.52     1.811
     -16.49     2.147
     -15.46     2.526
     -14.43     2.966
     -13.40     3.055
     -12.37     3.514
     -11.34     3.894
     -10.31     4.444
      -9.27     5.055
      -8.24     5.734
      -7.21     6.235
      -6.18     7.015
      -5.15     7.752
      -4.12     8.478
      -3.09     9.597
      -2.06    10.876
      -1.03    13.024
       0.00    16.325
       1.03    19.592
       2.06    21.989
       3.09    23.557
       4.12    23.693
       5.15    22.023
       6.18    20.609
       7.21    20.711
       8.24    20.980
       9.27    20.334
      10.31    19.016
      11.34    16.791
      12.37    14.357
      13.40    11.995
      14.43     9.971
      15.46     8.248
      16.49     6.891
      17.52     5.766
      18.55     4.867
      19.58     4.172
      20.61     3.654
      21.64     3.128
      22.67     2.673
      23.70     2.244
      24.73     1.968
      25.76     1.713
      26.79     1.587
      27.82     1.254
      28.85     1.223
      29.89     0.912
      30.92     0.891
      31.95     0.654
      32.98     0.614
      34.01     0.509
      35.04     0.487
      36.07     0.427
      37.10     0.431
      38.13     0.348
      39.16     0.308
      40.19     0.155
      41.22     0.158
      42.25     0.127
      43.28     0.175
      44.31     0.130
      45.34     0.056
      46.37    -0.011
      47.40     0.126
      48.43     0.053
      49.47     0.225
      50.50     0.097
      51.53     0.157
      52.56     0.098
      53.59     0.097
      54.62     0.049
      55.65     0.112
      56.68     0.040
      57.71     0.134
      58.74    -0.009
      59.77     0.011
      60.80     0.016
      61.83    -0.025
      62.86    -0.080
      63.89     0.041
      64.92     0.032
      65.95    -0.005
      66.98    -0.009
      68.01     0.030
      69.05     0.055
      70.08    -0.047
      71.11    -0.030
      72.14     0.069
      73.17    -0.044
      74.20    -0.012
      75.23    -0.007
      76.26     0.008
      77.29    -0.030
      78.32     0.014
      79.35     0.032
      80.38     0.090
      81.41    -0.031
      82.44     0.042
      83.47     0.005
      84.50     0.063
      85.53    -0.054
      86.56     0.008
      87.59    -0.084
      88.63    -0.007
      89.66     0.032
      90.69     0.047
      91.72     0.035
      92.75    -0.093
      93.78    -0.142
      94.81     0.002
      95.84    -0.004
      96.87     0.011
      97.90     0.040
      98.93     0.045
      99.96     0.007
     100.99     0.003
     102.02    -0.003
     103.05     0.033
     104.08     0.024
     105.11     0.036
     106.14     0.056
     107.17    -0.011
     108.21    -0.047
     109.24    -0.040
     110.27     0.028
     111.30     0.017
     112.33     0.048
     113.36     0.048
     114.39     0.039
     115.42    -0.005
     116.45    -0.044
     117.48     0.062
     118.51     0.085
     119.54     0.076
     120.57    -0.031
     121.60     0.088
     122.63    -0.049
     123.66    -0.028
     124.69     0.013
     125.72     0.031
     126.76     0.042
     127.79     0.024
     128.82     0.003
     129.85     0.036
     130.88     0.033
     131.91     0.093
     132.94     0.034
     133.97     0.052
     135.00    -0.016
     136.03    -0.006
     137.06     0.015
     138.09     0.058
     139.12    -0.002
     140.15    -0.068
     141.18     0.024
     142.21     0.050
     143.24    -0.011
     144.27     0.046
     145.30     0.014
     146.34     0.069
     147.37    -0.005
     148.40    -0.020
     149.43     0.037
     150.46    -0.056
     151.49    -0.026
     152.52     0.157
     153.55    -0.031
     154.58     0.021
     155.61    -0.069
     156.64    -0.023
     157.67    -0.052
     158.70     0.076
     159.73    -0.039
     160.76    -0.045
     161.79    -0.013
     162.82    -0.014
     163.85    -0.020
     164.88    -0.050
     165.92    -0.010
     166.95    -0.057
     167.98    -0.056
     169.01     0.069
     170.04    -0.005
     171.07     0.101
     172.10    -0.102
     173.13     0.014
     174.16    -0.024
     175.19     0.027
     176.22    -0.121
     177.25    -0.050
     178.28     0.017
     179.31     0.049
     180.34    -0.026
     181.37     0.098
     182.40    -0.030
     183.43     0.022
     184.46    -0.008
     185.50    -0.038
     186.53    -0.009
     187.56    -0.036
     188.59    -0.085
     189.62     0.110
     190.65    -0.004
     191.68    -0.011
     192.71    -0.016
     193.74    -0.025
     194.77    -0.177
     195.80    -0.098
     196.83    -0.039
     197.86    -0.097
     198.89     0.053
     199.92     0.001
     200.95     0.017
     201.98     0.048
     203.01    -0.066
     204.04    -0.003
     205.08    -0.016
     206.11     0.029
     207.14    -0.061
     208.17     0.003
     209.20     0.045
     210.23    -0.055
     211.26    -0.061
     212.29    -0.063
     213.32     0.033
     214.35     0.104
     215.38     0.000
     216.41    -0.032
     217.44    -0.004
     218.47     0.027
     219.50    -0.095
     220.53     0.032
     221.56    -0.016
     222.59     0.067
     223.62     0.019
     224.66     0.055
     225.69     0.047
     226.72    -0.026
     227.75    -0.007
     228.78     0.033
     229.81    -0.037
     230.84     0.027
     231.87     0.098
     232.90     0.095
     233.93    -0.106
     234.96    -0.078
     235.99    -0.001
     237.02     0.155
     238.05     0.052
     239.08     0.033
     240.11    -0.077
     241.14    -0.008
     242.17     0.037
     243.20     0.062
     244.24    -0.037
     245.27     0.003
     246.30    -0.050
     247.33     0.053
     248.36    -0.010
     249.39     0.085
     250.42    -0.072
     251.45     0.070
     252.48     0.116
     253.51     0.101
     254.54     0.061
     255.57     0.074
     256.60    -0.046
     257.63     0.006
     258.66    -0.015
     259.69     0.037
     260.72     0.025
     261.75     0.025
     262.78    -0.094
     263.82    -0.017
     264.85     0.005
     265.88     0.087
     266.91    -0.003
     267.94     0.061
     268.97    -0.043
     270.00    -0.045
     271.03    -0.088
     272.06    -0.041
     273.09     0.026
     274.12     0.009
     275.15    -0.005
     276.18     0.055
     277.21    -0.038
     278.24    -0.017
     279.27    -0.068
     280.30     0.019
     281.33     0.058
     282.36     0.030
     283.40     0.025
     284.43    -0.036
     285.46    -0.077
     286.49     0.034
     287.52    -0.077
     288.55     0.088
     289.58    -0.023
     290.61     0.068
     291.64    -0.016
     292.67     0.023
     293.70    -0.066
     294.73    -0.009
     295.76     0.031
     296.79     0.010
     297.82    -0.033
     298.85     0.042
     299.88     0.075
     300.91     0.039
     301.94     0.018
     302.98     0.111
     304.01     0.003
     305.04     0.077
     306.07    -0.074
     307.10     0.012
     308.13    -0.004
     309.16     0.119
     310.19    -0.051
     311.22     0.002
     312.25    -0.003
     313.28     0.026
     314.31    -0.014
     315.34    -0.002
     316.37     0.013
     317.40     0.002
     318.43    -0.020
     319.46     0.016
     320.49    -0.077
     321.52    -0.126
     322.56    -0.006
     323.59    -0.010
     324.62    -0.034
     325.65     0.036
     326.68    -0.068
     327.71    -0.026
     328.74    -0.004
     329.77     0.038
     330.80    -0.005
     331.83    -0.025
     332.86    -0.082
     333.89    -0.063
     334.92     0.062
     335.95    -0.067
     336.98    -0.040
     338.01     0.011
     339.04    -0.002
     340.07     0.037
     341.10    -0.018
     342.14    -0.088
     343.17    -0.020
     344.20     0.004
     345.23     0.006
     346.26    -0.077
     347.29    -0.045
     348.32     0.007
     349.35    -0.037
     350.38     0.036
     351.41     0.030
     352.44    -0.005
     353.47    -0.050
     354.50     0.106
     355.53    -0.054
     356.56     0.023
     357.59    -0.031
     358.62    -0.006
     359.65     0.081
     360.69    -0.001
     361.72     0.066
     362.75     0.044
     363.78    -0.015
     364.81    -0.004
     365.84     0.043
     366.87    -0.051
     367.90    -0.015
     368.93     0.000
     369.96    -0.050
     370.99     0.090
     372.02     0.011
     373.05     0.069
     374.08     0.012
     375.11    -0.014
     376.14     0.056
     377.17    -0.075
     378.20    -0.008
     379.23     0.061
     380.27    -0.022
     381.30     0.020
     382.33    -0.050
     383.36     0.019
     384.39    -0.010
     385.42     0.045
     386.45    -0.035
     387.48     0.063
     388.51     0.021
     389.54     0.043
     390.57    -0.041
     391.60     0.057
     392.63     0.008
     393.66     0.104
     394.69     0.001
     395.72     0.122
     396.75    -0.007
     397.78     0.023
     398.81     0.014
     399.85     0.099