%%LAB     777  datapoints: v_lsr [km/s] and T_B [K]
    -399.86     0.021
    -398.83    -0.079
    -397.80     0.052
    -396.77     0.031
    -395.74     0.017
    -394.71    -0.110
    -393.68     0.060
    -392.65    -0.013
    -391.62     0.019
    -390.59    -0.105
    -389.56     0.054
    -388.53     0.094
    -387.50     0.038
    -386.47     0.033
    -385.43     0.164
    -384.40    -0.054
    -383.37     0.113
    -382.34    -0.032
    -381.31     0.036
    -380.28    -0.053
    -379.25     0.053
    -378.22    -0.025
    -377.19     0.014
    -376.16    -0.038
    -375.13     0.027
    -374.10     0.046
    -373.07     0.043
    -372.04    -0.017
    -371.01    -0.033
    -369.98    -0.065
    -368.95     0.052
    -367.91    -0.023
    -366.88     0.052
    -365.85    -0.010
    -364.82    -0.097
    -363.79     0.024
    -362.76     0.050
    -361.73    -0.003
    -360.70    -0.033
    -359.67     0.028
    -358.64     0.043
    -357.61    -0.106
    -356.58     0.009
    -355.55     0.026
    -354.52     0.076
    -353.49     0.030
    -352.46    -0.042
    -351.43    -0.085
    -350.40     0.065
    -349.36    -0.105
    -348.33    -0.016
    -347.30    -0.019
    -346.27     0.070
    -345.24    -0.148
    -344.21     0.031
    -343.18     0.093
    -342.15     0.029
    -341.12    -0.064
    -340.09     0.005
    -339.06     0.052
    -338.03     0.044
    -337.00     0.005
    -335.97    -0.046
    -334.94    -0.049
    -333.91    -0.135
    -332.88    -0.072
    -331.84     0.046
    -330.81     0.114
    -329.78    -0.033
    -328.75     0.012
    -327.72     0.074
    -326.69    -0.001
    -325.66     0.032
    -324.63     0.017
    -323.60     0.023
    -322.57    -0.014
    -321.54     0.051
    -320.51     0.013
    -319.48    -0.035
    -318.45     0.020
    -317.42    -0.041
    -316.39    -0.025
    -315.36     0.027
    -314.32    -0.045
    -313.29     0.079
    -312.26    -0.060
    -311.23     0.069
    -310.20    -0.100
    -309.17     0.032
    -308.14     0.005
    -307.11    -0.007
    -306.08    -0.043
    -305.05     0.021
    -304.02    -0.030
    -302.99     0.106
    -301.96     0.023
    -300.93    -0.029
    -299.90     0.019
    -298.87     0.011
    -297.84    -0.092
    -296.81     0.087
    -295.77     0.032
    -294.74     0.034
    -293.71    -0.109
    -292.68     0.054
    -291.65     0.011
    -290.62    -0.040
    -289.59    -0.105
    -288.56     0.053
    -287.53     0.044
    -286.50    -0.067
    -285.47     0.004
    -284.44     0.050
    -283.41    -0.003
    -282.38     0.009
    -281.35    -0.074
    -280.32     0.038
    -279.29    -0.043
    -278.25    -0.092
    -277.22    -0.091
    -276.19    -0.009
    -275.16    -0.044
    -274.13     0.070
    -273.10    -0.061
    -272.07    -0.041
    -271.04     0.075
    -270.01     0.109
    -268.98    -0.074
    -267.95     0.006
    -266.92     0.033
    -265.89    -0.022
    -264.86    -0.052
    -263.83     0.044
    -262.80     0.012
    -261.77     0.023
    -260.74    -0.014
    -259.70     0.010
    -258.67     0.009
    -257.64     0.003
    -256.61     0.089
    -255.58     0.039
    -254.55     0.022
    -253.52     0.066
    -252.49    -0.034
    -251.46     0.016
    -250.43    -0.041
    -249.40     0.018
    -248.37     0.039
    -247.34    -0.005
    -246.31     0.045
    -245.28     0.025
    -244.25     0.002
    -243.22     0.022
    -242.18     0.074
    -241.15     0.044
    -240.12    -0.029
    -239.09    -0.007
    -238.06    -0.010
    -237.03     0.005
    -236.00     0.006
    -234.97     0.044
    -233.94    -0.012
    -232.91    -0.005
    -231.88    -0.023
    -230.85    -0.018
    -229.82     0.006
    -228.79    -0.000
    -227.76     0.061
    -226.73     0.015
    -225.70     0.126
    -224.67     0.106
    -223.63    -0.010
    -222.60     0.093
    -221.57     0.050
    -220.54     0.033
    -219.51     0.051
    -218.48    -0.023
    -217.45     0.124
    -216.42     0.088
    -215.39     0.064
    -214.36    -0.071
    -213.33    -0.084
    -212.30     0.001
    -211.27    -0.033
    -210.24     0.034
    -209.21    -0.087
    -208.18     0.021
    -207.15    -0.031
    -206.11     0.054
    -205.08    -0.070
    -204.05     0.080
    -203.02    -0.028
    -201.99     0.033
    -200.96    -0.028
    -199.93     0.069
    -198.90     0.008
    -197.87     0.014
    -196.84    -0.002
    -195.81    -0.018
    -194.78    -0.013
    -193.75    -0.063
    -192.72    -0.127
    -191.69    -0.020
    -190.66    -0.072
    -189.63     0.094
    -188.60    -0.061
    -187.56     0.047
    -186.53     0.053
    -185.50    -0.065
    -184.47    -0.036
    -183.44     0.060
    -182.41     0.017
    -181.38    -0.004
    -180.35    -0.057
    -179.32     0.032
    -178.29     0.034
    -177.26     0.005
    -176.23    -0.060
    -175.20     0.015
    -174.17    -0.023
    -173.14     0.032
    -172.11    -0.009
    -171.08     0.066
    -170.04    -0.028
    -169.01    -0.027
    -167.98    -0.109
    -166.95    -0.013
    -165.92     0.090
    -164.89     0.020
    -163.86     0.046
    -162.83     0.101
    -161.80    -0.044
    -160.77     0.119
    -159.74    -0.063
    -158.71     0.065
    -157.68     0.102
    -156.65     0.003
    -155.62    -0.046
    -154.59    -0.005
    -153.56    -0.042
    -152.52    -0.030
    -151.49    -0.050
    -150.46     0.086
    -149.43     0.007
    -148.40     0.052
    -147.37    -0.031
    -146.34    -0.026
    -145.31    -0.020
    -144.28    -0.091
    -143.25     0.017
    -142.22     0.063
    -141.19     0.018
    -140.16     0.072
    -139.13    -0.042
    -138.10     0.143
    -137.07     0.023
    -136.04    -0.028
    -135.01    -0.006
    -133.97     0.122
    -132.94     0.073
    -131.91     0.105
    -130.88     0.024
    -129.85     0.092
    -128.82     0.139
    -127.79     0.097
    -126.76     0.127
    -125.73     0.079
    -124.70     0.096
    -123.67     0.185
    -122.64     0.234
    -121.61     0.260
    -120.58     0.228
    -119.55     0.303
    -118.52     0.232
    -117.49     0.278
    -116.45     0.317
    -115.42     0.305
    -114.39     0.310
    -113.36     0.362
    -112.33     0.422
    -111.30     0.435
    -110.27     0.343
    -109.24     0.442
    -108.21     0.337
    -107.18     0.464
    -106.15     0.466
    -105.12     0.493
    -104.09     0.458
    -103.06     0.564
    -102.03     0.609
    -101.00     0.539
     -99.97     0.677
     -98.94     0.755
     -97.90     0.769
     -96.87     0.834
     -95.84     0.817
     -94.81     0.953
     -93.78     1.045
     -92.75     1.053
     -91.72     1.109
     -90.69     1.219
     -89.66     1.260
     -88.63     1.300
     -87.60     1.248
     -86.57     1.277
     -85.54     1.446
     -84.51     1.513
     -83.48     1.611
     -82.45     1.721
     -81.42     1.805
     -80.38     1.912
     -79.35     1.890
     -78.32     2.087
     -77.29     2.103
     -76.26     2.265
     -75.23     2.212
     -74.20     2.345
     -73.17     2.324
     -72.14     2.555
     -71.11     2.494
     -70.08     2.631
     -69.05     2.642
     -68.02     2.797
     -66.99     2.887
     -65.96     3.121
     -64.93     3.142
     -63.90     3.221
     -62.86     3.181
     -61.83     3.276
     -60.80     3.209
     -59.77     3.405
     -58.74     3.449
     -57.71     3.538
     -56.68     3.344
     -55.65     3.420
     -54.62     3.318
     -53.59     3.376
     -52.56     3.434
     -51.53     3.491
     -50.50     3.495
     -49.47     3.837
     -48.44     3.855
     -47.41     4.017
     -46.38     4.125
     -45.35     4.253
     -44.31     4.435
     -43.28     4.560
     -42.25     4.622
     -41.22     4.713
     -40.19     4.676
     -39.16     4.887
     -38.13     4.942
     -37.10     5.004
     -36.07     5.152
     -35.04     5.344
     -34.01     5.305
     -32.98     5.432
     -31.95     5.486
     -30.92     5.713
     -29.89     5.744
     -28.86     6.073
     -27.83     6.341
     -26.79     6.762
     -25.76     6.938
     -24.73     7.397
     -23.70     7.902
     -22.67     8.430
     -21.64     9.118
     -20.61     9.955
     -19.58    11.064
     -18.55    12.408
     -17.52    14.062
     -16.49    16.158
     -15.46    18.606
     -14.43    21.331
     -13.40    24.167
     -12.37    26.868
     -11.34    29.259
     -10.31    31.210
      -9.28    32.792
      -8.24    34.630
      -7.21    36.207
      -6.18    37.138
      -5.15    36.765
      -4.12    36.423
      -3.09    36.380
      -2.06    37.528
      -1.03    40.343
       0.00    44.530
       1.03    49.932
       2.06    54.514
       3.09    59.524
       4.12    64.298
       5.15    67.832
       6.18    68.473
       7.21    66.662
       8.24    62.850
       9.28    57.023
      10.31    50.972
      11.34    45.725
      12.37    41.864
      13.40    38.381
      14.43    35.175
      15.46    32.219
      16.49    29.354
      17.52    26.247
      18.55    23.263
      19.58    20.155
      20.61    16.065
      21.64    11.011
      22.67     7.071
      23.70     4.841
      24.73     3.763
      25.76     3.124
      26.79     2.619
      27.83     2.373
      28.86     2.219
      29.89     1.999
      30.92     1.991
      31.95     1.817
      32.98     1.711
      34.01     1.542
      35.04     1.587
      36.07     1.432
      37.10     1.305
      38.13     1.191
      39.16     1.155
      40.19     1.075
      41.22     0.868
      42.25     0.834
      43.28     0.735
      44.31     0.517
      45.35     0.552
      46.38     0.389
      47.41     0.378
      48.44     0.260
      49.47     0.263
      50.50     0.240
      51.53     0.189
      52.56     0.146
      53.59     0.187
      54.62     0.103
      55.65     0.069
      56.68    -0.017
      57.71     0.121
      58.74     0.050
      59.77     0.030
      60.80    -0.007
      61.83     0.006
      62.86     0.026
      63.90     0.134
      64.93     0.031
      65.96     0.130
      66.99    -0.049
      68.02     0.130
      69.05     0.009
      70.08     0.129
      71.11     0.013
      72.14     0.095
      73.17     0.056
      74.20     0.101
      75.23     0.021
      76.26     0.147
      77.29     0.021
      78.32     0.073
      79.35     0.014
      80.38     0.020
      81.42     0.055
      82.45    -0.036
      83.48     0.060
      84.51     0.065
      85.54     0.013
      86.57    -0.029
      87.60     0.021
      88.63     0.153
      89.66    -0.069
      90.69    -0.001
      91.72     0.026
      92.75     0.097
      93.78     0.058
      94.81     0.056
      95.84     0.014
      96.87     0.136
      97.90     0.073
      98.94     0.031
      99.97     0.112
     101.00     0.044
     102.03    -0.041
     103.06     0.116
     104.09    -0.084
     105.12     0.051
     106.15    -0.070
     107.18     0.007
     108.21     0.126
     109.24    -0.068
     110.27     0.029
     111.30     0.083
     112.33     0.034
     113.36     0.058
     114.39    -0.019
     115.42     0.034
     116.45    -0.010
     117.49     0.059
     118.52     0.064
     119.55     0.058
     120.58    -0.035
     121.61     0.070
     122.64    -0.012
     123.67     0.014
     124.70    -0.052
     125.73    -0.038
     126.76     0.016
     127.79    -0.027
     128.82    -0.023
     129.85     0.022
     130.88    -0.019
     131.91    -0.011
     132.94     0.024
     133.97     0.052
     135.01     0.090
     136.04     0.012
     137.07    -0.063
     138.10     0.051
     139.13    -0.010
     140.16    -0.049
     141.19    -0.048
     142.22    -0.125
     143.25    -0.025
     144.28     0.065
     145.31    -0.054
     146.34    -0.117
     147.37    -0.098
     148.40    -0.018
     149.43    -0.052
     150.46     0.007
     151.49    -0.063
     152.52    -0.004
     153.56    -0.011
     154.59    -0.035
     155.62     0.081
     156.65    -0.060
     157.68     0.065
     158.71    -0.008
     159.74    -0.054
     160.77    -0.012
     161.80     0.063
     162.83    -0.010
     163.86    -0.056
     164.89     0.097
     165.92     0.023
     166.95     0.046
     167.98    -0.098
     169.01     0.001
     170.04     0.030
     171.08     0.003
     172.11     0.100
     173.14    -0.044
     174.17     0.009
     175.20    -0.077
     176.23    -0.048
     177.26     0.013
     178.29    -0.058
     179.32     0.006
     180.35    -0.051
     181.38     0.058
     182.41    -0.067
     183.44    -0.016
     184.47     0.012
     185.50     0.101
     186.53     0.013
     187.56     0.038
     188.59     0.070
     189.63     0.026
     190.66     0.063
     191.69     0.022
     192.72    -0.036
     193.75     0.004
     194.78    -0.064
     195.81     0.079
     196.84    -0.043
     197.87    -0.050
     198.90     0.021
     199.93     0.109
     200.96     0.016
     201.99    -0.005
     203.02     0.041
     204.05    -0.017
     205.08     0.011
     206.11    -0.022
     207.15     0.022
     208.18     0.003
     209.21    -0.046
     210.24     0.106
     211.27    -0.095
     212.30     0.115
     213.33    -0.063
     214.36     0.109
     215.39    -0.025
     216.42     0.013
     217.45    -0.036
     218.48    -0.010
     219.51    -0.047
     220.54    -0.047
     221.57     0.072
     222.60    -0.017
     223.63     0.015
     224.67    -0.083
     225.70     0.013
     226.73     0.011
     227.76     0.008
     228.79     0.064
     229.82    -0.014
     230.85    -0.046
     231.88    -0.014
     232.91     0.023
     233.94    -0.077
     234.97    -0.015
     236.00    -0.103
     237.03     0.030
     238.06    -0.017
     239.09    -0.012
     240.12    -0.017
     241.15     0.164
     242.18     0.052
     243.22     0.035
     244.25     0.040
     245.28     0.015
     246.31    -0.068
     247.34     0.060
     248.37    -0.003
     249.40     0.060
     250.43    -0.002
     251.46    -0.018
     252.49    -0.075
     253.52     0.010
     254.55    -0.079
     255.58     0.075
     256.61    -0.056
     257.64    -0.025
     258.67     0.041
     259.70     0.053
     260.74     0.032
     261.77     0.038
     262.80    -0.006
     263.83    -0.019
     264.86    -0.002
     265.89    -0.040
     266.92    -0.021
     267.95    -0.005
     268.98    -0.007
     270.01     0.003
     271.04    -0.013
     272.07     0.041
     273.10     0.026
     274.13     0.033
     275.16    -0.011
     276.19     0.033
     277.22     0.024
     278.25    -0.011
     279.29    -0.045
     280.32     0.012
     281.35    -0.039
     282.38     0.109
     283.41     0.044
     284.44    -0.034
     285.47    -0.063
     286.50     0.000
     287.53    -0.079
     288.56     0.031
     289.59     0.037
     290.62     0.101
     291.65     0.019
     292.68    -0.031
     293.71    -0.001
     294.74    -0.059
     295.77    -0.154
     296.81    -0.019
     297.84    -0.108
     298.87     0.007
     299.90     0.040
     300.93     0.041
     301.96     0.091
     302.99    -0.023
     304.02     0.054
     305.05    -0.001
     306.08     0.015
     307.11    -0.030
     308.14     0.078
     309.17    -0.025
     310.20    -0.006
     311.23    -0.025
     312.26    -0.010
     313.29     0.032
     314.33    -0.052
     315.36    -0.125
     316.39    -0.023
     317.42     0.008
     318.45     0.013
     319.48     0.047
     320.51    -0.045
     321.54     0.048
     322.57    -0.088
     323.60     0.004
     324.63     0.001
     325.66    -0.001
     326.69     0.082
     327.72     0.019
     328.75     0.001
     329.78    -0.021
     330.81     0.015
     331.84    -0.049
     332.88    -0.029
     333.91     0.025
     334.94    -0.047
     335.97    -0.041
     337.00    -0.041
     338.03     0.055
     339.06     0.107
     340.09     0.083
     341.12     0.007
     342.15     0.003
     343.18    -0.015
     344.21     0.080
     345.24    -0.002
     346.27     0.042
     347.30    -0.043
     348.33    -0.077
     349.36     0.074
     350.40    -0.033
     351.43    -0.001
     352.46     0.055
     353.49    -0.054
     354.52     0.017
     355.55    -0.072
     356.58     0.058
     357.61    -0.005
     358.64     0.043
     359.67    -0.054
     360.70     0.068
     361.73    -0.089
     362.76     0.048
     363.79    -0.015
     364.82     0.040
     365.85    -0.041
     366.88     0.050
     367.91    -0.051
     368.95     0.025
     369.98    -0.054
     371.01     0.051
     372.04    -0.111
     373.07     0.086
     374.10     0.044
     375.13    -0.002
     376.16    -0.051
     377.19    -0.025
     378.22     0.086
     379.25    -0.051
     380.28    -0.012
     381.31    -0.063
     382.34     0.017
     383.37     0.125
     384.40    -0.003
     385.43     0.171
     386.47    -0.019
     387.50     0.022
     388.53     0.180
     389.56     0.041
     390.59     0.006
     391.62    -0.016
     392.65     0.042
     393.68    -0.052
     394.71     0.017
     395.74     0.068
     396.77    -0.027
     397.80     0.209
     398.83     0.075
     399.86     0.146