%%LAB     777  datapoints: v_lsr [km/s] and T_B [K]
    -399.86    -0.024
    -398.83     0.007
    -397.80     0.033
    -396.77     0.002
    -395.74     0.015
    -394.70    -0.049
    -393.67    -0.014
    -392.64     0.082
    -391.61     0.035
    -390.58    -0.006
    -389.55     0.060
    -388.52    -0.079
    -387.49    -0.028
    -386.46     0.011
    -385.43     0.007
    -384.40    -0.084
    -383.37    -0.002
    -382.34     0.113
    -381.31     0.059
    -380.28    -0.110
    -379.25    -0.034
    -378.22    -0.039
    -377.19     0.043
    -376.15     0.049
    -375.12    -0.030
    -374.09     0.044
    -373.06    -0.042
    -372.03    -0.043
    -371.00     0.029
    -369.97    -0.001
    -368.94     0.094
    -367.91    -0.021
    -366.88    -0.061
    -365.85    -0.018
    -364.82     0.107
    -363.79    -0.041
    -362.76     0.059
    -361.73    -0.017
    -360.70     0.054
    -359.67    -0.017
    -358.64     0.046
    -357.60     0.034
    -356.57    -0.059
    -355.54    -0.023
    -354.51    -0.043
    -353.48    -0.106
    -352.45     0.017
    -351.42    -0.117
    -350.39    -0.022
    -349.36     0.027
    -348.33    -0.079
    -347.30     0.042
    -346.27     0.015
    -345.24    -0.007
    -344.21    -0.014
    -343.18    -0.120
    -342.15    -0.068
    -341.12    -0.045
    -340.09     0.028
    -339.05     0.005
    -338.02     0.065
    -336.99    -0.032
    -335.96     0.007
    -334.93    -0.025
    -333.90     0.005
    -332.87    -0.092
    -331.84     0.001
    -330.81    -0.020
    -329.78    -0.033
    -328.75    -0.111
    -327.72    -0.040
    -326.69     0.061
    -325.66    -0.004
    -324.63     0.051
    -323.60     0.029
    -322.57     0.022
    -321.53     0.059
    -320.50     0.006
    -319.47     0.014
    -318.44     0.017
    -317.41    -0.013
    -316.38    -0.012
    -315.35    -0.029
    -314.32     0.033
    -313.29     0.131
    -312.26     0.059
    -311.23    -0.067
    -310.20     0.046
    -309.17     0.065
    -308.14    -0.032
    -307.11    -0.064
    -306.08    -0.044
    -305.05    -0.008
    -304.02    -0.048
    -302.98    -0.008
    -301.95    -0.047
    -300.92    -0.065
    -299.89    -0.011
    -298.86     0.007
    -297.83    -0.067
    -296.80     0.027
    -295.77    -0.080
    -294.74     0.074
    -293.71    -0.027
    -292.68     0.050
    -291.65    -0.040
    -290.62    -0.039
    -289.59     0.038
    -288.56     0.045
    -287.53    -0.058
    -286.50     0.050
    -285.47     0.017
    -284.43     0.036
    -283.40     0.001
    -282.37     0.013
    -281.34     0.071
    -280.31     0.037
    -279.28    -0.011
    -278.25     0.076
    -277.22    -0.036
    -276.19     0.076
    -275.16     0.046
    -274.13     0.056
    -273.10     0.049
    -272.07     0.116
    -271.04    -0.034
    -270.01     0.050
    -268.98     0.007
    -267.95     0.064
    -266.92     0.025
    -265.88     0.101
    -264.85     0.038
    -263.82    -0.025
    -262.79     0.057
    -261.76    -0.010
    -260.73    -0.021
    -259.70     0.076
    -258.67    -0.039
    -257.64     0.081
    -256.61     0.063
    -255.58     0.135
    -254.55    -0.085
    -253.52     0.057
    -252.49    -0.013
    -251.46    -0.001
    -250.43    -0.031
    -249.40     0.005
    -248.37    -0.088
    -247.33    -0.021
    -246.30     0.009
    -245.27    -0.005
    -244.24     0.114
    -243.21     0.032
    -242.18    -0.081
    -241.15    -0.001
    -240.12    -0.002
    -239.09     0.088
    -238.06    -0.011
    -237.03     0.006
    -236.00     0.084
    -234.97     0.106
    -233.94    -0.050
    -232.91     0.046
    -231.88    -0.010
    -230.85     0.165
    -229.82     0.062
    -228.78     0.026
    -227.75     0.001
    -226.72    -0.023
    -225.69    -0.042
    -224.66    -0.000
    -223.63     0.039
    -222.60    -0.018
    -221.57    -0.014
    -220.54     0.063
    -219.51     0.004
    -218.48     0.008
    -217.45     0.001
    -216.42     0.005
    -215.39    -0.072
    -214.36     0.022
    -213.33    -0.021
    -212.30     0.002
    -211.26    -0.069
    -210.23    -0.100
    -209.20    -0.017
    -208.17    -0.048
    -207.14    -0.007
    -206.11    -0.079
    -205.08     0.007
    -204.05     0.019
    -203.02     0.007
    -201.99    -0.042
    -200.96    -0.042
    -199.93    -0.017
    -198.90     0.027
    -197.87     0.005
    -196.84     0.064
    -195.81     0.022
    -194.78    -0.007
    -193.75     0.043
    -192.71    -0.154
    -191.68    -0.023
    -190.65     0.001
    -189.62    -0.027
    -188.59     0.076
    -187.56    -0.044
    -186.53     0.089
    -185.50     0.061
    -184.47    -0.002
    -183.44    -0.054
    -182.41    -0.077
    -181.38     0.051
    -180.35     0.043
    -179.32    -0.011
    -178.29    -0.050
    -177.26     0.003
    -176.23     0.009
    -175.20    -0.007
    -174.16    -0.002
    -173.13    -0.029
    -172.10     0.034
    -171.07     0.044
    -170.04    -0.048
    -169.01     0.030
    -167.98     0.017
    -166.95     0.079
    -165.92     0.152
    -164.89     0.013
    -163.86     0.081
    -162.83     0.100
    -161.80    -0.047
    -160.77     0.061
    -159.74    -0.033
    -158.71     0.044
    -157.68    -0.031
    -156.65    -0.017
    -155.61    -0.049
    -154.58     0.021
    -153.55    -0.019
    -152.52     0.031
    -151.49    -0.072
    -150.46    -0.045
    -149.43     0.016
    -148.40     0.010
    -147.37    -0.070
    -146.34     0.043
    -145.31     0.038
    -144.28    -0.001
    -143.25     0.008
    -142.22     0.050
    -141.19     0.096
    -140.16    -0.011
    -139.13     0.054
    -138.10     0.091
    -137.06    -0.004
    -136.03    -0.001
    -135.00    -0.001
    -133.97     0.028
    -132.94     0.099
    -131.91     0.028
    -130.88     0.091
    -129.85     0.033
    -128.82     0.063
    -127.79     0.148
    -126.76     0.082
    -125.73     0.042
    -124.70     0.122
    -123.67     0.177
    -122.64     0.111
    -121.61     0.228
    -120.58     0.229
    -119.55     0.270
    -118.51     0.152
    -117.48     0.170
    -116.45     0.253
    -115.42     0.176
    -114.39     0.240
    -113.36     0.340
    -112.33     0.190
    -111.30     0.220
    -110.27     0.227
    -109.24     0.299
    -108.21     0.139
    -107.18     0.302
    -106.15     0.246
    -105.12     0.183
    -104.09     0.238
    -103.06     0.293
    -102.03     0.193
    -100.99     0.271
     -99.96     0.308
     -98.93     0.269
     -97.90     0.247
     -96.87     0.244
     -95.84     0.132
     -94.81     0.300
     -93.78     0.196
     -92.75     0.296
     -91.72     0.253
     -90.69     0.338
     -89.66     0.278
     -88.63     0.363
     -87.60     0.340
     -86.57     0.434
     -85.54     0.449
     -84.51     0.494
     -83.48     0.525
     -82.44     0.525
     -81.41     0.650
     -80.38     0.583
     -79.35     0.598
     -78.32     0.756
     -77.29     0.837
     -76.26     0.829
     -75.23     0.883
     -74.20     1.064
     -73.17     1.042
     -72.14     1.091
     -71.11     1.229
     -70.08     1.373
     -69.05     1.577
     -68.02     1.666
     -66.99     1.900
     -65.96     1.980
     -64.93     2.120
     -63.89     2.309
     -62.86     2.369
     -61.83     2.349
     -60.80     2.238
     -59.77     2.116
     -58.74     2.082
     -57.71     2.037
     -56.68     1.889
     -55.65     1.858
     -54.62     1.732
     -53.59     1.800
     -52.56     1.738
     -51.53     1.697
     -50.50     1.692
     -49.47     1.683
     -48.44     1.537
     -47.41     1.432
     -46.38     1.396
     -45.34     1.371
     -44.31     1.465
     -43.28     1.350
     -42.25     1.305
     -41.22     1.281
     -40.19     1.311
     -39.16     1.314
     -38.13     1.189
     -37.10     1.187
     -36.07     1.321
     -35.04     1.472
     -34.01     1.516
     -32.98     1.573
     -31.95     1.688
     -30.92     1.700
     -29.89     1.855
     -28.86     2.052
     -27.83     2.204
     -26.79     2.654
     -25.76     2.887
     -24.73     3.221
     -23.70     3.429
     -22.67     3.975
     -21.64     4.325
     -20.61     4.646
     -19.58     5.088
     -18.55     5.434
     -17.52     5.785
     -16.49     6.154
     -15.46     6.772
     -14.43     7.302
     -13.40     7.904
     -12.37     8.576
     -11.34     9.223
     -10.31     9.887
      -9.28    10.819
      -8.24    11.816
      -7.21    13.485
      -6.18    15.446
      -5.15    17.910
      -4.12    21.274
      -3.09    25.594
      -2.06    30.485
      -1.03    34.670
       0.00    38.143
       1.03    38.953
       2.06    38.147
       3.09    35.841
       4.12    32.552
       5.15    28.524
       6.18    24.606
       7.21    21.262
       8.24    18.380
       9.28    15.614
      10.31    12.965
      11.34    10.230
      12.37     8.197
      13.40     6.562
      14.43     5.354
      15.46     4.494
      16.49     3.659
      17.52     3.156
      18.55     2.709
      19.58     2.187
      20.61     1.943
      21.64     1.666
      22.67     1.490
      23.70     1.214
      24.73     1.025
      25.76     0.760
      26.79     0.699
      27.83     0.562
      28.86     0.467
      29.89     0.377
      30.92     0.348
      31.95     0.218
      32.98     0.138
      34.01     0.108
      35.04     0.108
      36.07     0.086
      37.10     0.106
      38.13    -0.001
      39.16     0.056
      40.19     0.011
      41.22     0.070
      42.25    -0.001
      43.28     0.003
      44.31    -0.007
      45.34     0.060
      46.38    -0.073
      47.41     0.098
      48.44     0.116
      49.47     0.017
      50.50     0.034
      51.53    -0.042
      52.56     0.066
      53.59     0.035
      54.62     0.083
      55.65     0.097
      56.68     0.044
      57.71     0.002
      58.74    -0.042
      59.77     0.022
      60.80     0.063
      61.83     0.103
      62.86     0.007
      63.89     0.119
      64.93     0.073
      65.96     0.025
      66.99     0.021
      68.02     0.039
      69.05    -0.060
      70.08     0.036
      71.11    -0.030
      72.14    -0.049
      73.17    -0.048
      74.20     0.021
      75.23     0.048
      76.26     0.093
      77.29     0.033
      78.32     0.016
      79.35     0.096
      80.38    -0.026
      81.41     0.048
      82.44     0.023
      83.48     0.055
      84.51    -0.034
      85.54     0.001
      86.57    -0.180
      87.60    -0.016
      88.63    -0.066
      89.66    -0.175
      90.69     0.101
      91.72    -0.031
      92.75     0.039
      93.78    -0.095
      94.81     0.075
      95.84     0.018
      96.87     0.090
      97.90     0.032
      98.93     0.130
      99.96    -0.046
     100.99     0.111
     102.03    -0.067
     103.06     0.048
     104.09    -0.026
     105.12     0.095
     106.15     0.049
     107.18     0.009
     108.21    -0.031
     109.24     0.059
     110.27    -0.001
     111.30     0.032
     112.33     0.015
     113.36     0.052
     114.39    -0.034
     115.42     0.144
     116.45     0.017
     117.48    -0.002
     118.51    -0.024
     119.55     0.137
     120.58    -0.031
     121.61    -0.017
     122.64    -0.035
     123.67     0.059
     124.70    -0.029
     125.73     0.061
     126.76     0.069
     127.79     0.014
     128.82    -0.027
     129.85     0.070
     130.88    -0.034
     131.91    -0.014
     132.94    -0.079
     133.97    -0.001
     135.00     0.003
     136.03     0.007
     137.06    -0.023
     138.10     0.017
     139.13    -0.099
     140.16    -0.029
     141.19     0.074
     142.22     0.073
     143.25    -0.002
     144.28     0.060
     145.31    -0.039
     146.34     0.000
     147.37     0.009
     148.40    -0.049
     149.43     0.003
     150.46    -0.031
     151.49     0.013
     152.52     0.032
     153.55     0.032
     154.58     0.046
     155.61    -0.112
     156.65     0.047
     157.68     0.040
     158.71     0.073
     159.74    -0.046
     160.77     0.076
     161.80     0.011
     162.83     0.011
     163.86     0.037
     164.89     0.035
     165.92     0.036
     166.95     0.070
     167.98     0.007
     169.01     0.071
     170.04    -0.003
     171.07     0.045
     172.10    -0.100
     173.13     0.008
     174.16    -0.004
     175.20     0.074
     176.23    -0.051
     177.26     0.043
     178.29    -0.002
     179.32     0.143
     180.35    -0.021
     181.38    -0.093
     182.41     0.002
     183.44     0.004
     184.47    -0.020
     185.50    -0.071
     186.53    -0.066
     187.56    -0.008
     188.59     0.003
     189.62    -0.022
     190.65    -0.073
     191.68     0.100
     192.71    -0.035
     193.75    -0.067
     194.78    -0.051
     195.81     0.122
     196.84    -0.022
     197.87     0.058
     198.90     0.012
     199.93    -0.026
     200.96    -0.007
     201.99     0.029
     203.02    -0.047
     204.05     0.012
     205.08    -0.067
     206.11     0.041
     207.14    -0.111
     208.17    -0.035
     209.20    -0.004
     210.23     0.007
     211.26    -0.034
     212.30     0.087
     213.33     0.004
     214.36     0.074
     215.39     0.042
     216.42     0.072
     217.45    -0.111
     218.48    -0.008
     219.51     0.019
     220.54     0.063
     221.57    -0.115
     222.60     0.054
     223.63     0.025
     224.66     0.096
     225.69    -0.044
     226.72     0.115
     227.75    -0.003
     228.78    -0.059
     229.82    -0.065
     230.85    -0.028
     231.88    -0.181
     232.91     0.103
     233.94    -0.022
     234.97    -0.014
     236.00    -0.099
     237.03     0.116
     238.06    -0.154
     239.09     0.013
     240.12    -0.100
     241.15     0.023
     242.18     0.057
     243.21     0.066
     244.24     0.006
     245.27     0.083
     246.30    -0.020
     247.33     0.141
     248.37     0.037
     249.40     0.018
     250.43    -0.086
     251.46     0.018
     252.49    -0.068
     253.52     0.055
     254.55    -0.179
     255.58    -0.009
     256.61    -0.064
     257.64    -0.000
     258.67    -0.008
     259.70     0.029
     260.73    -0.049
     261.76    -0.053
     262.79     0.059
     263.82     0.026
     264.85     0.003
     265.88    -0.053
     266.92     0.022
     267.95     0.050
     268.98    -0.008
     270.01     0.017
     271.04    -0.005
     272.07     0.018
     273.10     0.080
     274.13    -0.066
     275.16     0.007
     276.19    -0.002
     277.22    -0.010
     278.25    -0.034
     279.28    -0.065
     280.31     0.002
     281.34    -0.017
     282.37     0.042
     283.40    -0.054
     284.43     0.069
     285.47    -0.140
     286.50     0.063
     287.53    -0.073
     288.56     0.042
     289.59     0.001
     290.62    -0.030
     291.65     0.001
     292.68     0.105
     293.71    -0.035
     294.74    -0.028
     295.77    -0.111
     296.80     0.092
     297.83     0.017
     298.86     0.005
     299.89    -0.032
     300.92     0.000
     301.95    -0.008
     302.98     0.078
     304.02    -0.032
     305.05    -0.021
     306.08    -0.042
     307.11     0.050
     308.14     0.006
     309.17     0.050
     310.20     0.006
     311.23     0.006
     312.26    -0.012
     313.29     0.043
     314.32    -0.040
     315.35    -0.021
     316.38     0.036
     317.41     0.021
     318.44    -0.007
     319.47    -0.044
     320.50    -0.011
     321.53    -0.045
     322.57     0.071
     323.60    -0.024
     324.63    -0.001
     325.66    -0.059
     326.69     0.058
     327.72     0.057
     328.75    -0.097
     329.78     0.047
     330.81    -0.009
     331.84     0.007
     332.87     0.084
     333.90     0.023
     334.93     0.009
     335.96     0.046
     336.99    -0.053
     338.02    -0.071
     339.05    -0.071
     340.09     0.056
     341.12     0.034
     342.15     0.037
     343.18    -0.099
     344.21     0.179
     345.24    -0.098
     346.27    -0.037
     347.30    -0.002
     348.33     0.051
     349.36    -0.035
     350.39    -0.081
     351.42     0.022
     352.45     0.029
     353.48    -0.057
     354.51    -0.026
     355.54     0.054
     356.57     0.098
     357.60    -0.005
     358.64    -0.011
     359.67     0.039
     360.70     0.034
     361.73     0.082
     362.76     0.018
     363.79    -0.028
     364.82     0.111
     365.85    -0.056
     366.88     0.034
     367.91    -0.019
     368.94     0.066
     369.97    -0.065
     371.00    -0.092
     372.03     0.040
     373.06    -0.054
     374.09    -0.016
     375.12    -0.049
     376.15     0.027
     377.19     0.012
     378.22    -0.016
     379.25    -0.030
     380.28    -0.093
     381.31    -0.071
     382.34    -0.081
     383.37     0.009
     384.40    -0.049
     385.43    -0.032
     386.46     0.003
     387.49     0.068
     388.52     0.068
     389.55     0.020
     390.58    -0.061
     391.61     0.096
     392.64     0.030
     393.67     0.003
     394.70     0.060
     395.74     0.087
     396.77     0.062
     397.80     0.086
     398.83     0.029
     399.86     0.006