%%LAB     777  datapoints: v_lsr [km/s] and T_B [K]
    -399.83     0.038
    -398.79     0.132
    -397.76    -0.042
    -396.73    -0.090
    -395.70    -0.008
    -394.67     0.026
    -393.64     0.102
    -392.61    -0.054
    -391.58     0.095
    -390.55     0.047
    -389.52    -0.084
    -388.49     0.008
    -387.46    -0.021
    -386.43    -0.098
    -385.40     0.011
    -384.37    -0.132
    -383.34     0.113
    -382.31    -0.058
    -381.28     0.092
    -380.25    -0.022
    -379.22    -0.006
    -378.19    -0.009
    -377.15     0.024
    -376.12    -0.027
    -375.09    -0.005
    -374.06    -0.032
    -373.03    -0.038
    -372.00    -0.011
    -370.97     0.033
    -369.94     0.032
    -368.91     0.048
    -367.88     0.047
    -366.85    -0.031
    -365.82     0.010
    -364.79     0.013
    -363.76     0.006
    -362.73    -0.014
    -361.70     0.086
    -360.67     0.022
    -359.64    -0.006
    -358.61    -0.070
    -357.58    -0.009
    -356.55    -0.033
    -355.51    -0.021
    -354.48     0.020
    -353.45    -0.035
    -352.42     0.047
    -351.39     0.056
    -350.36     0.014
    -349.33    -0.044
    -348.30     0.006
    -347.27     0.004
    -346.24    -0.011
    -345.21     0.036
    -344.18     0.025
    -343.15    -0.053
    -342.12     0.012
    -341.09     0.025
    -340.06     0.081
    -339.03    -0.032
    -338.00     0.021
    -336.97     0.089
    -335.94     0.035
    -334.91    -0.035
    -333.87     0.020
    -332.84     0.011
    -331.81     0.031
    -330.78     0.006
    -329.75    -0.009
    -328.72    -0.062
    -327.69     0.034
    -326.66     0.000
    -325.63     0.024
    -324.60    -0.023
    -323.57    -0.037
    -322.54    -0.002
    -321.51     0.024
    -320.48    -0.036
    -319.45    -0.009
    -318.42    -0.031
    -317.39     0.002
    -316.36    -0.083
    -315.33     0.020
    -314.30    -0.006
    -313.27     0.043
    -312.23     0.007
    -311.20    -0.003
    -310.17     0.049
    -309.14    -0.054
    -308.11    -0.149
    -307.08     0.031
    -306.05    -0.055
    -305.02     0.035
    -303.99    -0.029
    -302.96     0.083
    -301.93    -0.046
    -300.90     0.059
    -299.87    -0.083
    -298.84     0.012
    -297.81    -0.048
    -296.78    -0.076
    -295.75    -0.015
    -294.72     0.124
    -293.69    -0.006
    -292.66    -0.019
    -291.62    -0.044
    -290.59     0.065
    -289.56     0.051
    -288.53     0.009
    -287.50    -0.054
    -286.47     0.053
    -285.44    -0.041
    -284.41     0.005
    -283.38     0.057
    -282.35     0.028
    -281.32    -0.034
    -280.29    -0.011
    -279.26     0.059
    -278.23     0.070
    -277.20    -0.018
    -276.17    -0.070
    -275.14     0.039
    -274.11    -0.012
    -273.08     0.008
    -272.05     0.011
    -271.02    -0.035
    -269.98    -0.023
    -268.95    -0.044
    -267.92     0.034
    -266.89    -0.101
    -265.86    -0.082
    -264.83     0.039
    -263.80     0.012
    -262.77     0.006
    -261.74     0.087
    -260.71     0.099
    -259.68    -0.039
    -258.65     0.011
    -257.62     0.029
    -256.59     0.058
    -255.56     0.014
    -254.53     0.090
    -253.50    -0.069
    -252.47     0.014
    -251.44    -0.013
    -250.41    -0.007
    -249.38    -0.004
    -248.34     0.029
    -247.31     0.029
    -246.28     0.022
    -245.25     0.104
    -244.22    -0.052
    -243.19    -0.034
    -242.16     0.029
    -241.13    -0.003
    -240.10     0.034
    -239.07     0.143
    -238.04    -0.036
    -237.01    -0.018
    -235.98     0.058
    -234.95     0.009
    -233.92    -0.136
    -232.89     0.063
    -231.86     0.031
    -230.83    -0.036
    -229.80    -0.093
    -228.77     0.016
    -227.74    -0.064
    -226.70     0.085
    -225.67    -0.033
    -224.64    -0.025
    -223.61    -0.014
    -222.58    -0.010
    -221.55    -0.012
    -220.52    -0.011
    -219.49    -0.068
    -218.46     0.038
    -217.43     0.025
    -216.40     0.054
    -215.37    -0.032
    -214.34    -0.013
    -213.31    -0.004
    -212.28     0.062
    -211.25     0.133
    -210.22    -0.040
    -209.19     0.045
    -208.16     0.098
    -207.13    -0.088
    -206.10     0.094
    -205.06     0.016
    -204.03     0.022
    -203.00    -0.033
    -201.97    -0.012
    -200.94     0.110
    -199.91    -0.010
    -198.88     0.018
    -197.85     0.022
    -196.82     0.007
    -195.79    -0.049
    -194.76     0.061
    -193.73     0.012
    -192.70    -0.024
    -191.67     0.036
    -190.64    -0.016
    -189.61    -0.011
    -188.58     0.037
    -187.55     0.031
    -186.52     0.069
    -185.49    -0.053
    -184.46    -0.034
    -183.42     0.074
    -182.39    -0.084
    -181.36     0.072
    -180.33    -0.011
    -179.30     0.108
    -178.27     0.099
    -177.24     0.049
    -176.21     0.081
    -175.18     0.015
    -174.15    -0.019
    -173.12     0.075
    -172.09    -0.021
    -171.06     0.018
    -170.03     0.040
    -169.00     0.069
    -167.97    -0.009
    -166.94    -0.016
    -165.91     0.016
    -164.88    -0.004
    -163.85    -0.117
    -162.82    -0.022
    -161.78     0.010
    -160.75     0.018
    -159.72    -0.077
    -158.69    -0.087
    -157.66    -0.050
    -156.63    -0.090
    -155.60    -0.061
    -154.57    -0.031
    -153.54    -0.156
    -152.51     0.024
    -151.48    -0.052
    -150.45    -0.037
    -149.42     0.022
    -148.39    -0.024
    -147.36    -0.019
    -146.33     0.110
    -145.30    -0.019
    -144.27     0.088
    -143.24     0.026
    -142.21     0.095
    -141.18     0.041
    -140.14     0.082
    -139.11    -0.005
    -138.08     0.100
    -137.05     0.060
    -136.02     0.036
    -134.99    -0.019
    -133.96     0.019
    -132.93     0.075
    -131.90     0.099
    -130.87    -0.036
    -129.84     0.055
    -128.81     0.202
    -127.78     0.095
    -126.75     0.008
    -125.72     0.075
    -124.69     0.203
    -123.66     0.121
    -122.63     0.176
    -121.60     0.246
    -120.57     0.242
    -119.54     0.208
    -118.50     0.351
    -117.47     0.427
    -116.44     0.359
    -115.41     0.422
    -114.38     0.428
    -113.35     0.455
    -112.32     0.549
    -111.29     0.662
    -110.26     0.591
    -109.23     0.667
    -108.20     0.680
    -107.17     0.720
    -106.14     0.730
    -105.11     0.868
    -104.08     0.776
    -103.05     0.854
    -102.02     0.648
    -100.99     0.743
     -99.96     0.658
     -98.93     0.661
     -97.90     0.619
     -96.86     0.706
     -95.83     0.585
     -94.80     0.509
     -93.77     0.586
     -92.74     0.578
     -91.71     0.554
     -90.68     0.511
     -89.65     0.509
     -88.62     0.541
     -87.59     0.541
     -86.56     0.567
     -85.53     0.474
     -84.50     0.542
     -83.47     0.567
     -82.44     0.614
     -81.41     0.605
     -80.38     0.719
     -79.35     0.575
     -78.32     0.726
     -77.29     0.614
     -76.26     0.735
     -75.22     0.682
     -74.19     0.697
     -73.16     0.761
     -72.13     0.909
     -71.10     0.873
     -70.07     0.837
     -69.04     0.737
     -68.01     0.881
     -66.98     0.885
     -65.95     0.895
     -64.92     0.856
     -63.89     0.845
     -62.86     0.851
     -61.83     0.870
     -60.80     0.830
     -59.77     0.711
     -58.74     0.565
     -57.71     0.544
     -56.68     0.517
     -55.65     0.514
     -54.62     0.457
     -53.58     0.454
     -52.55     0.406
     -51.52     0.460
     -50.49     0.426
     -49.46     0.428
     -48.43     0.291
     -47.40     0.447
     -46.37     0.318
     -45.34     0.438
     -44.31     0.311
     -43.28     0.387
     -42.25     0.368
     -41.22     0.395
     -40.19     0.452
     -39.16     0.441
     -38.13     0.359
     -37.10     0.448
     -36.07     0.234
     -35.04     0.389
     -34.01     0.286
     -32.98     0.353
     -31.94     0.271
     -30.91     0.371
     -29.88     0.383
     -28.85     0.339
     -27.82     0.383
     -26.79     0.495
     -25.76     0.402
     -24.73     0.410
     -23.70     0.399
     -22.67     0.582
     -21.64     0.577
     -20.61     0.697
     -19.58     0.711
     -18.55     0.850
     -17.52     1.065
     -16.49     1.197
     -15.46     1.322
     -14.43     1.672
     -13.40     1.905
     -12.37     2.300
     -11.34     2.550
     -10.30     2.948
      -9.27     3.518
      -8.24     4.146
      -7.21     4.934
      -6.18     5.838
      -5.15     6.743
      -4.12     7.539
      -3.09     8.279
      -2.06     9.402
      -1.03    10.143
       0.00    10.149
       1.03     9.296
       2.06     8.265
       3.09     7.343
       4.12     6.889
       5.15     6.188
       6.18     5.274
       7.21     4.422
       8.24     3.591
       9.27     2.916
      10.30     2.503
      11.34     2.066
      12.37     1.827
      13.40     1.536
      14.43     1.343
      15.46     1.103
      16.49     0.967
      17.52     0.753
      18.55     0.666
      19.58     0.589
      20.61     0.568
      21.64     0.385
      22.67     0.378
      23.70     0.301
      24.73     0.264
      25.76     0.255
      26.79     0.219
      27.82     0.114
      28.85     0.212
      29.88     0.222
      30.91     0.162
      31.94     0.125
      32.98     0.232
      34.01     0.082
      35.04     0.054
      36.07     0.094
      37.10     0.058
      38.13     0.019
      39.16     0.014
      40.19    -0.046
      41.22    -0.006
      42.25     0.010
      43.28     0.066
      44.31     0.040
      45.34    -0.065
      46.37     0.023
      47.40     0.107
      48.43    -0.088
      49.46    -0.033
      50.49    -0.050
      51.52     0.058
      52.55     0.013
      53.58     0.034
      54.62    -0.049
      55.65     0.005
      56.68    -0.084
      57.71    -0.071
      58.74     0.012
      59.77     0.060
      60.80     0.041
      61.83     0.065
      62.86    -0.037
      63.89     0.057
      64.92    -0.038
      65.95    -0.098
      66.98     0.036
      68.01    -0.024
      69.04     0.042
      70.07     0.044
      71.10    -0.071
      72.13     0.021
      73.16     0.009
      74.19     0.001
      75.22    -0.070
      76.26    -0.020
      77.29    -0.018
      78.32     0.022
      79.35     0.031
      80.38     0.020
      81.41     0.037
      82.44    -0.046
      83.47    -0.133
      84.50    -0.058
      85.53    -0.024
      86.56     0.030
      87.59    -0.101
      88.62     0.096
      89.65    -0.011
      90.68     0.044
      91.71     0.040
      92.74    -0.057
      93.77     0.022
      94.80     0.018
      95.83     0.093
      96.86     0.050
      97.90     0.042
      98.93     0.018
      99.96     0.014
     100.99    -0.049
     102.02     0.083
     103.05     0.115
     104.08     0.053
     105.11    -0.008
     106.14     0.022
     107.17     0.015
     108.20     0.027
     109.23     0.107
     110.26     0.011
     111.29     0.008
     112.32     0.063
     113.35     0.031
     114.38    -0.013
     115.41    -0.005
     116.44     0.042
     117.47     0.047
     118.50    -0.069
     119.54    -0.016
     120.57     0.009
     121.60     0.026
     122.63     0.048
     123.66     0.064
     124.69    -0.030
     125.72     0.074
     126.75     0.040
     127.78     0.113
     128.81    -0.029
     129.84    -0.021
     130.87     0.025
     131.90     0.042
     132.93     0.087
     133.96     0.090
     134.99    -0.055
     136.02    -0.106
     137.05     0.048
     138.08     0.036
     139.11     0.041
     140.14     0.028
     141.18     0.000
     142.21     0.016
     143.24    -0.008
     144.27    -0.117
     145.30     0.050
     146.33     0.111
     147.36     0.049
     148.39     0.018
     149.42     0.026
     150.45    -0.007
     151.48    -0.026
     152.51     0.012
     153.54    -0.093
     154.57     0.085
     155.60     0.026
     156.63     0.003
     157.66     0.012
     158.69     0.099
     159.72     0.039
     160.75    -0.003
     161.78    -0.113
     162.82     0.004
     163.85     0.021
     164.88     0.003
     165.91     0.023
     166.94    -0.020
     167.97     0.059
     169.00    -0.007
     170.03    -0.001
     171.06     0.010
     172.09     0.011
     173.12    -0.029
     174.15     0.020
     175.18     0.014
     176.21    -0.069
     177.24     0.120
     178.27     0.039
     179.30     0.116
     180.33    -0.058
     181.36    -0.098
     182.39    -0.048
     183.42     0.014
     184.46    -0.020
     185.49     0.007
     186.52    -0.051
     187.55     0.093
     188.58    -0.059
     189.61     0.063
     190.64     0.040
     191.67     0.079
     192.70     0.019
     193.73     0.032
     194.76    -0.149
     195.79     0.009
     196.82    -0.039
     197.85     0.052
     198.88    -0.011
     199.91     0.082
     200.94     0.051
     201.97     0.018
     203.00     0.071
     204.03     0.019
     205.06     0.015
     206.10    -0.044
     207.13    -0.085
     208.16    -0.008
     209.19     0.009
     210.22    -0.045
     211.25    -0.086
     212.28    -0.033
     213.31     0.059
     214.34    -0.004
     215.37    -0.091
     216.40     0.022
     217.43    -0.016
     218.46     0.040
     219.49    -0.069
     220.52    -0.022
     221.55    -0.032
     222.58    -0.031
     223.61     0.018
     224.64     0.036
     225.67     0.002
     226.70     0.013
     227.74     0.031
     228.77    -0.015
     229.80     0.013
     230.83     0.009
     231.86     0.021
     232.89    -0.013
     233.92     0.066
     234.95    -0.021
     235.98     0.000
     237.01    -0.006
     238.04    -0.115
     239.07    -0.006
     240.10    -0.058
     241.13    -0.028
     242.16    -0.116
     243.19     0.003
     244.22     0.025
     245.25     0.042
     246.28    -0.060
     247.31    -0.023
     248.34    -0.024
     249.38    -0.018
     250.41    -0.058
     251.44    -0.018
     252.47    -0.100
     253.50    -0.025
     254.53     0.099
     255.56     0.033
     256.59    -0.069
     257.62    -0.036
     258.65    -0.036
     259.68     0.069
     260.71    -0.050
     261.74     0.093
     262.77     0.030
     263.80     0.072
     264.83     0.012
     265.86    -0.047
     266.89     0.040
     267.92     0.018
     268.95    -0.008
     269.98     0.049
     271.02     0.001
     272.05    -0.102
     273.08     0.022
     274.11    -0.030
     275.14     0.019
     276.17    -0.048
     277.20    -0.034
     278.23    -0.021
     279.26    -0.053
     280.29     0.030
     281.32    -0.105
     282.35     0.064
     283.38     0.074
     284.41     0.038
     285.44    -0.082
     286.47    -0.005
     287.50    -0.124
     288.53    -0.004
     289.56     0.061
     290.59    -0.087
     291.62     0.036
     292.66     0.064
     293.69    -0.051
     294.72    -0.015
     295.75     0.016
     296.78    -0.023
     297.81    -0.029
     298.84     0.048
     299.87    -0.040
     300.90     0.049
     301.93     0.090
     302.96    -0.006
     303.99    -0.021
     305.02    -0.020
     306.05     0.111
     307.08     0.058
     308.11     0.001
     309.14     0.045
     310.17    -0.105
     311.20     0.030
     312.23     0.133
     313.27     0.014
     314.30     0.043
     315.33    -0.002
     316.36     0.040
     317.39     0.112
     318.42    -0.002
     319.45     0.035
     320.48    -0.093
     321.51    -0.020
     322.54     0.058
     323.57     0.028
     324.60     0.046
     325.63    -0.036
     326.66    -0.046
     327.69     0.037
     328.72     0.007
     329.75    -0.027
     330.78    -0.050
     331.81     0.089
     332.84    -0.029
     333.87     0.067
     334.91    -0.055
     335.94     0.013
     336.97    -0.002
     338.00    -0.009
     339.03    -0.071
     340.06     0.067
     341.09    -0.047
     342.12     0.007
     343.15     0.056
     344.18     0.044
     345.21    -0.039
     346.24     0.054
     347.27    -0.090
     348.30    -0.012
     349.33    -0.115
     350.36    -0.033
     351.39     0.069
     352.42     0.023
     353.45    -0.061
     354.48     0.033
     355.51     0.029
     356.55    -0.041
     357.58    -0.029
     358.61    -0.093
     359.64    -0.056
     360.67     0.048
     361.70    -0.104
     362.73     0.059
     363.76    -0.049
     364.79    -0.048
     365.82     0.020
     366.85     0.052
     367.88     0.033
     368.91     0.047
     369.94    -0.013
     370.97     0.001
     372.00     0.034
     373.03     0.002
     374.06    -0.035
     375.09     0.081
     376.12    -0.013
     377.15     0.037
     378.19     0.022
     379.22    -0.033
     380.25    -0.009
     381.28     0.042
     382.31    -0.030
     383.34     0.073
     384.37    -0.097
     385.40    -0.067
     386.43    -0.014
     387.46    -0.013
     388.49    -0.008
     389.52    -0.006
     390.55    -0.027
     391.58    -0.031
     392.61    -0.012
     393.64     0.096
     394.67    -0.032
     395.70     0.077
     396.73     0.013
     397.76    -0.014
     398.79     0.030
     399.83     0.034