%%LAB     777  datapoints: v_lsr [km/s] and T_B [K]
    -399.85    -0.036
    -398.82    -0.038
    -397.79    -0.116
    -396.76    -0.069
    -395.73     0.024
    -394.70    -0.006
    -393.67    -0.061
    -392.64    -0.043
    -391.60    -0.023
    -390.57    -0.075
    -389.54    -0.003
    -388.51    -0.087
    -387.48     0.045
    -386.45    -0.054
    -385.42     0.047
    -384.39     0.004
    -383.36     0.102
    -382.33    -0.056
    -381.30    -0.006
    -380.27    -0.004
    -379.24     0.017
    -378.21     0.041
    -377.18    -0.055
    -376.15     0.023
    -375.12     0.002
    -374.09    -0.010
    -373.05     0.051
    -372.02    -0.021
    -370.99     0.020
    -369.96    -0.035
    -368.93    -0.009
    -367.90     0.032
    -366.87     0.005
    -365.84     0.018
    -364.81    -0.026
    -363.78    -0.030
    -362.75    -0.008
    -361.72     0.011
    -360.69     0.010
    -359.66    -0.024
    -358.63    -0.001
    -357.60    -0.007
    -356.57    -0.019
    -355.54     0.063
    -354.51    -0.016
    -353.47    -0.011
    -352.44     0.047
    -351.41     0.017
    -350.38     0.134
    -349.35    -0.044
    -348.32     0.072
    -347.29    -0.000
    -346.26     0.016
    -345.23    -0.034
    -344.20    -0.031
    -343.17    -0.013
    -342.14     0.022
    -341.11    -0.094
    -340.08     0.022
    -339.05    -0.048
    -338.02    -0.039
    -336.99     0.019
    -335.96     0.045
    -334.92     0.007
    -333.89     0.099
    -332.86     0.000
    -331.83     0.046
    -330.80    -0.036
    -329.77     0.066
    -328.74    -0.050
    -327.71     0.039
    -326.68     0.057
    -325.65    -0.132
    -324.62    -0.031
    -323.59     0.015
    -322.56    -0.039
    -321.53     0.087
    -320.50    -0.093
    -319.47     0.067
    -318.44    -0.009
    -317.41     0.030
    -316.38    -0.044
    -315.34     0.100
    -314.31    -0.032
    -313.28     0.020
    -312.25    -0.001
    -311.22     0.128
    -310.19    -0.070
    -309.16     0.044
    -308.13     0.102
    -307.10     0.030
    -306.07    -0.036
    -305.04     0.072
    -304.01     0.026
    -302.98     0.053
    -301.95     0.043
    -300.92    -0.036
    -299.89     0.015
    -298.86     0.038
    -297.83    -0.101
    -296.80    -0.013
    -295.76    -0.072
    -294.73     0.059
    -293.70    -0.046
    -292.67     0.034
    -291.64     0.001
    -290.61     0.018
    -289.58     0.005
    -288.55    -0.020
    -287.52     0.009
    -286.49     0.164
    -285.46    -0.082
    -284.43     0.064
    -283.40     0.048
    -282.37     0.002
    -281.34     0.014
    -280.31    -0.001
    -279.28    -0.050
    -278.25    -0.001
    -277.21    -0.064
    -276.18    -0.054
    -275.15    -0.081
    -274.12     0.013
    -273.09     0.029
    -272.06     0.023
    -271.03    -0.015
    -270.00    -0.072
    -268.97    -0.014
    -267.94     0.018
    -266.91     0.056
    -265.88     0.059
    -264.85    -0.012
    -263.82     0.014
    -262.79    -0.061
    -261.76     0.061
    -260.73     0.079
    -259.70     0.002
    -258.67    -0.015
    -257.63    -0.084
    -256.60     0.034
    -255.57    -0.031
    -254.54     0.103
    -253.51    -0.013
    -252.48    -0.062
    -251.45    -0.073
    -250.42    -0.012
    -249.39     0.126
    -248.36    -0.010
    -247.33    -0.033
    -246.30    -0.045
    -245.27    -0.102
    -244.24    -0.120
    -243.21     0.035
    -242.18     0.019
    -241.15     0.029
    -240.12    -0.036
    -239.08     0.037
    -238.05     0.042
    -237.02     0.033
    -235.99    -0.051
    -234.96     0.058
    -233.93     0.045
    -232.90    -0.095
    -231.87     0.062
    -230.84     0.017
    -229.81    -0.047
    -228.78    -0.020
    -227.75    -0.091
    -226.72     0.037
    -225.69    -0.064
    -224.66     0.129
    -223.63    -0.123
    -222.60     0.079
    -221.57    -0.009
    -220.54     0.004
    -219.50    -0.130
    -218.47    -0.015
    -217.44    -0.020
    -216.41     0.110
    -215.38    -0.091
    -214.35     0.024
    -213.32    -0.023
    -212.29     0.036
    -211.26    -0.039
    -210.23    -0.029
    -209.20    -0.146
    -208.17     0.027
    -207.14     0.005
    -206.11     0.026
    -205.08    -0.017
    -204.05     0.040
    -203.02    -0.005
    -201.99     0.129
    -200.95    -0.049
    -199.92     0.019
    -198.89    -0.028
    -197.86    -0.013
    -196.83     0.024
    -195.80     0.033
    -194.77    -0.021
    -193.74     0.039
    -192.71    -0.036
    -191.68     0.063
    -190.65     0.054
    -189.62     0.053
    -188.59     0.058
    -187.56     0.057
    -186.53     0.013
    -185.50     0.099
    -184.47    -0.051
    -183.44    -0.030
    -182.41     0.155
    -181.37     0.054
    -180.34     0.089
    -179.31     0.023
    -178.28     0.016
    -177.25     0.020
    -176.22    -0.027
    -175.19    -0.036
    -174.16    -0.062
    -173.13     0.005
    -172.10     0.007
    -171.07     0.018
    -170.04     0.083
    -169.01     0.085
    -167.98     0.087
    -166.95     0.006
    -165.92     0.040
    -164.89     0.061
    -163.86     0.020
    -162.83     0.014
    -161.79     0.052
    -160.76    -0.023
    -159.73     0.064
    -158.70     0.062
    -157.67     0.011
    -156.64    -0.027
    -155.61    -0.037
    -154.58    -0.074
    -153.55    -0.004
    -152.52     0.103
    -151.49     0.044
    -150.46     0.039
    -149.43     0.048
    -148.40     0.011
    -147.37     0.083
    -146.34     0.130
    -145.31     0.041
    -144.28     0.076
    -143.24     0.045
    -142.21     0.127
    -141.18     0.070
    -140.15     0.008
    -139.12     0.090
    -138.09     0.154
    -137.06     0.083
    -136.03     0.078
    -135.00     0.115
    -133.97     0.173
    -132.94     0.093
    -131.91     0.275
    -130.88     0.171
    -129.85     0.252
    -128.82     0.195
    -127.79     0.380
    -126.76     0.344
    -125.73     0.446
    -124.70     0.487
    -123.66     0.570
    -122.63     0.651
    -121.60     0.767
    -120.57     0.739
    -119.54     0.896
    -118.51     1.146
    -117.48     1.157
    -116.45     1.261
    -115.42     1.624
    -114.39     1.748
    -113.36     1.946
    -112.33     2.162
    -111.30     2.535
    -110.27     2.692
    -109.24     3.009
    -108.21     3.503
    -107.18     3.818
    -106.15     4.268
    -105.11     4.630
    -104.08     4.980
    -103.05     5.363
    -102.02     5.408
    -100.99     5.655
     -99.96     5.721
     -98.93     5.900
     -97.90     5.995
     -96.87     6.054
     -95.84     6.122
     -94.81     6.241
     -93.78     6.271
     -92.75     6.203
     -91.72     6.059
     -90.69     5.946
     -89.66     5.653
     -88.63     5.523
     -87.60     5.443
     -86.57     5.305
     -85.53     5.118
     -84.50     5.084
     -83.47     4.836
     -82.44     4.799
     -81.41     4.816
     -80.38     4.931
     -79.35     4.937
     -78.32     5.207
     -77.29     5.312
     -76.26     5.664
     -75.23     6.116
     -74.20     6.664
     -73.17     7.263
     -72.14     8.106
     -71.11     8.606
     -70.08     9.139
     -69.05     9.494
     -68.02    10.097
     -66.98    10.398
     -65.95    10.631
     -64.92    10.718
     -63.89    10.920
     -62.86    10.914
     -61.83    11.030
     -60.80    10.926
     -59.77    10.820
     -58.74    10.478
     -57.71    10.222
     -56.68     9.807
     -55.65     9.518
     -54.62     9.070
     -53.59     8.624
     -52.56     8.347
     -51.53     8.165
     -50.50     8.084
     -49.47     8.163
     -48.44     8.282
     -47.40     8.621
     -46.37     9.465
     -45.34    10.777
     -44.31    12.643
     -43.28    15.312
     -42.25    17.637
     -41.22    20.148
     -40.19    22.425
     -39.16    23.802
     -38.13    24.187
     -37.10    23.446
     -36.07    22.067
     -35.04    20.919
     -34.01    20.394
     -32.98    20.697
     -31.95    21.612
     -30.92    22.467
     -29.89    22.918
     -28.86    22.776
     -27.82    21.718
     -26.79    20.109
     -25.76    18.097
     -24.73    16.434
     -23.70    15.100
     -22.67    14.305
     -21.64    13.381
     -20.61    12.901
     -19.58    12.213
     -18.55    11.809
     -17.52    11.585
     -16.49    11.307
     -15.46    11.273
     -14.43    10.734
     -13.40    10.251
     -12.37     9.785
     -11.34     9.265
     -10.31     9.220
      -9.27     9.436
      -8.24    10.286
      -7.21    11.413
      -6.18    13.421
      -5.15    16.781
      -4.12    21.428
      -3.09    26.380
      -2.06    32.114
      -1.03    40.507
       0.00    52.596
       1.03    65.502
       2.06    74.086
       3.09    75.771
       4.12    73.142
       5.15    68.018
       6.18    58.000
       7.21    45.529
       8.24    34.986
       9.27    26.926
      10.31    20.324
      11.34    15.204
      12.37    11.184
      13.40     7.984
      14.43     6.148
      15.46     4.962
      16.49     4.140
      17.52     3.684
      18.55     3.398
      19.58     3.224
      20.61     3.256
      21.64     3.157
      22.67     2.970
      23.70     2.642
      24.73     2.449
      25.76     2.028
      26.79     1.718
      27.82     1.315
      28.86     1.043
      29.89     0.858
      30.92     0.598
      31.95     0.509
      32.98     0.331
      34.01     0.304
      35.04     0.300
      36.07     0.187
      37.10     0.209
      38.13     0.071
      39.16     0.069
      40.19     0.117
      41.22     0.104
      42.25     0.118
      43.28     0.077
      44.31    -0.059
      45.34     0.100
      46.37     0.081
      47.40     0.032
      48.44     0.082
      49.47     0.120
      50.50     0.092
      51.53    -0.007
      52.56    -0.020
      53.59     0.005
      54.62     0.109
      55.65     0.002
      56.68    -0.074
      57.71     0.071
      58.74    -0.029
      59.77     0.049
      60.80    -0.020
      61.83    -0.016
      62.86    -0.091
      63.89     0.036
      64.92     0.004
      65.95     0.067
      66.98     0.130
      68.02     0.010
      69.05     0.042
      70.08    -0.018
      71.11     0.079
      72.14     0.097
      73.17     0.065
      74.20    -0.066
      75.23     0.051
      76.26     0.032
      77.29     0.080
      78.32     0.029
      79.35     0.005
      80.38     0.045
      81.41    -0.014
      82.44     0.011
      83.47     0.061
      84.50     0.053
      85.53     0.068
      86.57     0.021
      87.60     0.076
      88.63    -0.068
      89.66     0.107
      90.69     0.025
      91.72    -0.068
      92.75     0.040
      93.78     0.092
      94.81     0.098
      95.84    -0.022
      96.87     0.050
      97.90    -0.015
      98.93     0.047
      99.96     0.121
     100.99     0.090
     102.02    -0.018
     103.05     0.039
     104.08    -0.002
     105.11     0.036
     106.15     0.054
     107.18     0.085
     108.21     0.033
     109.24     0.087
     110.27     0.019
     111.30     0.016
     112.33    -0.038
     113.36    -0.049
     114.39     0.040
     115.42     0.002
     116.45    -0.060
     117.48     0.043
     118.51     0.016
     119.54     0.071
     120.57    -0.014
     121.60     0.078
     122.63     0.010
     123.66     0.007
     124.70     0.018
     125.73     0.037
     126.76    -0.010
     127.79     0.059
     128.82    -0.104
     129.85     0.004
     130.88     0.036
     131.91    -0.016
     132.94    -0.110
     133.97     0.032
     135.00     0.066
     136.03    -0.058
     137.06    -0.013
     138.09     0.058
     139.12    -0.030
     140.15     0.003
     141.18     0.029
     142.21     0.010
     143.24    -0.056
     144.28     0.046
     145.31     0.041
     146.34     0.013
     147.37    -0.022
     148.40     0.112
     149.43    -0.097
     150.46     0.081
     151.49    -0.043
     152.52     0.049
     153.55     0.028
     154.58    -0.020
     155.61    -0.092
     156.64     0.034
     157.67    -0.056
     158.70     0.005
     159.73    -0.047
     160.76     0.013
     161.79     0.082
     162.83     0.012
     163.86     0.068
     164.89     0.109
     165.92    -0.074
     166.95     0.039
     167.98    -0.098
     169.01     0.073
     170.04     0.031
     171.07    -0.001
     172.10    -0.007
     173.13    -0.037
     174.16     0.004
     175.19     0.003
     176.22    -0.116
     177.25    -0.019
     178.28    -0.115
     179.31    -0.038
     180.34     0.005
     181.37     0.010
     182.41     0.002
     183.44     0.014
     184.47     0.025
     185.50    -0.035
     186.53     0.036
     187.56     0.130
     188.59    -0.047
     189.62     0.019
     190.65     0.035
     191.68    -0.056
     192.71    -0.061
     193.74     0.061
     194.77    -0.012
     195.80     0.051
     196.83     0.002
     197.86    -0.010
     198.89     0.018
     199.92     0.020
     200.95    -0.040
     201.99     0.016
     203.02    -0.124
     204.05     0.129
     205.08    -0.006
     206.11    -0.082
     207.14    -0.008
     208.17     0.006
     209.20    -0.002
     210.23    -0.015
     211.26    -0.075
     212.29    -0.097
     213.32     0.016
     214.35    -0.012
     215.38    -0.018
     216.41     0.046
     217.44    -0.074
     218.47    -0.028
     219.50     0.015
     220.54     0.019
     221.57    -0.069
     222.60    -0.001
     223.63     0.086
     224.66     0.036
     225.69    -0.093
     226.72    -0.019
     227.75     0.070
     228.78     0.035
     229.81     0.031
     230.84     0.034
     231.87    -0.012
     232.90     0.133
     233.93    -0.083
     234.96     0.007
     235.99     0.005
     237.02     0.034
     238.05     0.025
     239.08     0.047
     240.12     0.010
     241.15    -0.045
     242.18    -0.011
     243.21    -0.021
     244.24    -0.026
     245.27     0.046
     246.30    -0.012
     247.33     0.117
     248.36     0.070
     249.39     0.050
     250.42     0.023
     251.45    -0.002
     252.48    -0.139
     253.51     0.028
     254.54    -0.052
     255.57     0.038
     256.60     0.079
     257.63     0.038
     258.67    -0.034
     259.70    -0.012
     260.73     0.011
     261.76    -0.032
     262.79     0.024
     263.82     0.082
     264.85     0.121
     265.88     0.010
     266.91    -0.025
     267.94     0.009
     268.97    -0.095
     270.00     0.039
     271.03     0.004
     272.06    -0.099
     273.09    -0.001
     274.12    -0.005
     275.15    -0.013
     276.18     0.056
     277.21     0.013
     278.25     0.076
     279.28    -0.140
     280.31     0.058
     281.34    -0.038
     282.37     0.116
     283.40     0.001
     284.43     0.067
     285.46    -0.042
     286.49     0.068
     287.52     0.077
     288.55     0.082
     289.58     0.067
     290.61     0.076
     291.64     0.017
     292.67     0.090
     293.70    -0.032
     294.73     0.021
     295.76    -0.036
     296.80    -0.025
     297.83     0.037
     298.86    -0.044
     299.89    -0.053
     300.92    -0.021
     301.95     0.051
     302.98     0.062
     304.01    -0.012
     305.04     0.037
     306.07    -0.097
     307.10     0.002
     308.13    -0.006
     309.16    -0.118
     310.19    -0.080
     311.22     0.002
     312.25    -0.001
     313.28     0.012
     314.31     0.007
     315.34     0.103
     316.38     0.015
     317.41    -0.072
     318.44    -0.065
     319.47    -0.043
     320.50    -0.141
     321.53     0.037
     322.56    -0.064
     323.59     0.041
     324.62    -0.072
     325.65     0.017
     326.68    -0.042
     327.71     0.044
     328.74     0.028
     329.77     0.099
     330.80    -0.084
     331.83     0.015
     332.86    -0.043
     333.89    -0.019
     334.92     0.021
     335.96     0.016
     336.99    -0.098
     338.02    -0.003
     339.05    -0.030
     340.08     0.059
     341.11     0.016
     342.14     0.059
     343.17    -0.024
     344.20     0.083
     345.23    -0.031
     346.26     0.066
     347.29    -0.135
     348.32    -0.026
     349.35    -0.055
     350.38     0.005
     351.41    -0.033
     352.44    -0.037
     353.47    -0.058
     354.51     0.097
     355.54    -0.054
     356.57    -0.004
     357.60     0.013
     358.63    -0.081
     359.66    -0.013
     360.69     0.095
     361.72     0.037
     362.75    -0.026
     363.78    -0.073
     364.81     0.179
     365.84     0.063
     366.87     0.020
     367.90    -0.005
     368.93     0.142
     369.96    -0.016
     370.99    -0.015
     372.02     0.012
     373.05     0.001
     374.09    -0.062
     375.12     0.079
     376.15    -0.032
     377.18    -0.028
     378.21     0.076
     379.24     0.042
     380.27    -0.196
     381.30    -0.009
     382.33     0.129
     383.36     0.045
     384.39    -0.025
     385.42     0.067
     386.45     0.000
     387.48     0.074
     388.51    -0.014
     389.54     0.043
     390.57     0.060
     391.60     0.009
     392.64     0.020
     393.67     0.070
     394.70    -0.046
     395.73     0.030
     396.76     0.117
     397.79     0.053
     398.82     0.029
     399.85     0.025