%%LAB     777  datapoints: v_lsr [km/s] and T_B [K]
    -399.83     0.006
    -398.80    -0.058
    -397.77    -0.003
    -396.74    -0.004
    -395.71    -0.040
    -394.68     0.025
    -393.65     0.067
    -392.62    -0.091
    -391.59    -0.014
    -390.56    -0.085
    -389.53    -0.006
    -388.50    -0.071
    -387.47    -0.068
    -386.43    -0.088
    -385.40     0.028
    -384.37     0.020
    -383.34    -0.081
    -382.31    -0.057
    -381.28     0.122
    -380.25    -0.034
    -379.22     0.073
    -378.19     0.094
    -377.16    -0.053
    -376.13     0.044
    -375.10    -0.127
    -374.07    -0.077
    -373.04     0.030
    -372.01    -0.006
    -370.98     0.081
    -369.95    -0.001
    -368.92     0.000
    -367.89     0.005
    -366.86     0.045
    -365.83     0.062
    -364.79     0.026
    -363.76     0.032
    -362.73     0.015
    -361.70     0.073
    -360.67     0.091
    -359.64    -0.071
    -358.61    -0.038
    -357.58    -0.071
    -356.55    -0.002
    -355.52     0.032
    -354.49     0.046
    -353.46    -0.062
    -352.43    -0.065
    -351.40     0.036
    -350.37     0.065
    -349.34    -0.008
    -348.31     0.009
    -347.28    -0.031
    -346.25     0.015
    -345.22     0.057
    -344.18     0.056
    -343.15     0.037
    -342.12     0.010
    -341.09    -0.034
    -340.06    -0.022
    -339.03     0.059
    -338.00    -0.023
    -336.97    -0.009
    -335.94     0.060
    -334.91     0.069
    -333.88    -0.098
    -332.85    -0.030
    -331.82    -0.059
    -330.79    -0.052
    -329.76     0.071
    -328.73     0.016
    -327.70     0.062
    -326.67     0.059
    -325.64    -0.050
    -324.61    -0.081
    -323.57    -0.045
    -322.54    -0.012
    -321.51     0.087
    -320.48     0.001
    -319.45     0.074
    -318.42    -0.063
    -317.39     0.040
    -316.36     0.030
    -315.33     0.027
    -314.30    -0.043
    -313.27     0.008
    -312.24    -0.098
    -311.21     0.057
    -310.18    -0.004
    -309.15     0.048
    -308.12    -0.053
    -307.09    -0.022
    -306.06     0.010
    -305.03     0.085
    -304.00     0.002
    -302.96     0.043
    -301.93     0.025
    -300.90    -0.008
    -299.87    -0.053
    -298.84    -0.003
    -297.81    -0.030
    -296.78    -0.032
    -295.75    -0.013
    -294.72     0.037
    -293.69     0.037
    -292.66    -0.034
    -291.63     0.010
    -290.60     0.046
    -289.57     0.029
    -288.54     0.049
    -287.51    -0.024
    -286.48     0.003
    -285.45    -0.059
    -284.42     0.011
    -283.39    -0.050
    -282.36     0.024
    -281.32    -0.039
    -280.29     0.116
    -279.26    -0.041
    -278.23     0.032
    -277.20     0.011
    -276.17     0.062
    -275.14     0.032
    -274.11     0.015
    -273.08    -0.047
    -272.05     0.005
    -271.02    -0.029
    -269.99     0.051
    -268.96    -0.081
    -267.93     0.020
    -266.90    -0.001
    -265.87     0.057
    -264.84     0.057
    -263.81     0.023
    -262.78     0.091
    -261.75     0.003
    -260.71     0.015
    -259.68     0.118
    -258.65     0.072
    -257.62     0.034
    -256.59     0.109
    -255.56    -0.016
    -254.53     0.027
    -253.50    -0.045
    -252.47     0.000
    -251.44     0.097
    -250.41     0.044
    -249.38     0.032
    -248.35    -0.003
    -247.32     0.068
    -246.29     0.080
    -245.26     0.034
    -244.23     0.006
    -243.20     0.006
    -242.17     0.110
    -241.14    -0.043
    -240.10     0.077
    -239.07     0.026
    -238.04     0.097
    -237.01     0.025
    -235.98    -0.062
    -234.95     0.071
    -233.92    -0.002
    -232.89    -0.004
    -231.86     0.013
    -230.83     0.033
    -229.80     0.069
    -228.77    -0.014
    -227.74    -0.013
    -226.71     0.013
    -225.68     0.085
    -224.65     0.014
    -223.62     0.000
    -222.59     0.069
    -221.56     0.019
    -220.53    -0.008
    -219.50    -0.052
    -218.46     0.036
    -217.43    -0.116
    -216.40     0.018
    -215.37    -0.091
    -214.34     0.061
    -213.31     0.056
    -212.28    -0.033
    -211.25     0.035
    -210.22     0.133
    -209.19    -0.007
    -208.16    -0.012
    -207.13     0.065
    -206.10     0.044
    -205.07    -0.042
    -204.04     0.054
    -203.01     0.035
    -201.98     0.048
    -200.95     0.055
    -199.92    -0.019
    -198.89    -0.001
    -197.85     0.044
    -196.82    -0.077
    -195.79    -0.044
    -194.76     0.040
    -193.73     0.067
    -192.70    -0.006
    -191.67     0.005
    -190.64    -0.040
    -189.61    -0.002
    -188.58    -0.031
    -187.55    -0.052
    -186.52    -0.008
    -185.49    -0.019
    -184.46     0.014
    -183.43     0.043
    -182.40    -0.010
    -181.37    -0.077
    -180.34     0.007
    -179.31    -0.040
    -178.28    -0.048
    -177.24     0.045
    -176.21     0.065
    -175.18    -0.018
    -174.15    -0.105
    -173.12    -0.032
    -172.09    -0.149
    -171.06     0.007
    -170.03    -0.052
    -169.00    -0.040
    -167.97    -0.091
    -166.94    -0.013
    -165.91    -0.173
    -164.88     0.023
    -163.85    -0.079
    -162.82     0.068
    -161.79     0.014
    -160.76     0.032
    -159.73    -0.034
    -158.70     0.083
    -157.67     0.077
    -156.63     0.057
    -155.60     0.110
    -154.57     0.134
    -153.54     0.106
    -152.51     0.128
    -151.48     0.097
    -150.45     0.211
    -149.42     0.272
    -148.39     0.216
    -147.36     0.234
    -146.33     0.327
    -145.30     0.289
    -144.27     0.337
    -143.24     0.337
    -142.21     0.392
    -141.18     0.464
    -140.15     0.459
    -139.12     0.439
    -138.09     0.390
    -137.06     0.484
    -136.03     0.516
    -134.99     0.452
    -133.96     0.416
    -132.93     0.404
    -131.90     0.536
    -130.87     0.452
    -129.84     0.560
    -128.81     0.464
    -127.78     0.511
    -126.75     0.368
    -125.72     0.381
    -124.69     0.445
    -123.66     0.370
    -122.63     0.345
    -121.60     0.488
    -120.57     0.341
    -119.54     0.399
    -118.51     0.269
    -117.48     0.357
    -116.45     0.252
    -115.42     0.293
    -114.38     0.283
    -113.35     0.335
    -112.32     0.271
    -111.29     0.264
    -110.26     0.191
    -109.23     0.256
    -108.20     0.195
    -107.17     0.286
    -106.14     0.147
    -105.11     0.150
    -104.08     0.190
    -103.05     0.227
    -102.02     0.152
    -100.99     0.206
     -99.96     0.176
     -98.93     0.186
     -97.90     0.196
     -96.87     0.294
     -95.84     0.234
     -94.81     0.269
     -93.77     0.272
     -92.74     0.309
     -91.71     0.187
     -90.68     0.256
     -89.65     0.255
     -88.62     0.361
     -87.59     0.256
     -86.56     0.408
     -85.53     0.454
     -84.50     0.373
     -83.47     0.403
     -82.44     0.429
     -81.41     0.380
     -80.38     0.416
     -79.35     0.480
     -78.32     0.464
     -77.29     0.377
     -76.26     0.436
     -75.23     0.372
     -74.20     0.480
     -73.17     0.303
     -72.13     0.377
     -71.10     0.367
     -70.07     0.367
     -69.04     0.300
     -68.01     0.331
     -66.98     0.322
     -65.95     0.417
     -64.92     0.273
     -63.89     0.363
     -62.86     0.263
     -61.83     0.284
     -60.80     0.326
     -59.77     0.367
     -58.74     0.443
     -57.71     0.453
     -56.68     0.484
     -55.65     0.527
     -54.62     0.559
     -53.59     0.568
     -52.56     0.667
     -51.52     0.755
     -50.49     0.894
     -49.46     1.071
     -48.43     1.219
     -47.40     1.319
     -46.37     1.581
     -45.34     1.787
     -44.31     1.956
     -43.28     2.180
     -42.25     2.540
     -41.22     2.858
     -40.19     3.180
     -39.16     3.485
     -38.13     3.720
     -37.10     4.002
     -36.07     4.184
     -35.04     4.286
     -34.01     4.188
     -32.98     4.174
     -31.95     3.992
     -30.91     3.877
     -29.88     3.631
     -28.85     3.425
     -27.82     3.347
     -26.79     3.162
     -25.76     3.053
     -24.73     2.979
     -23.70     2.933
     -22.67     2.804
     -21.64     2.885
     -20.61     3.058
     -19.58     3.055
     -18.55     3.262
     -17.52     3.569
     -16.49     3.796
     -15.46     4.152
     -14.43     4.652
     -13.40     5.272
     -12.37     5.952
     -11.34     6.701
     -10.30     7.804
      -9.27     8.857
      -8.24    10.382
      -7.21    12.068
      -6.18    14.633
      -5.15    17.665
      -4.12    21.093
      -3.09    23.613
      -2.06    24.593
      -1.03    24.226
       0.00    22.792
       1.03    20.601
       2.06    18.101
       3.09    16.251
       4.12    14.934
       5.15    14.032
       6.18    13.969
       7.21    14.108
       8.24    13.779
       9.27    12.531
      10.30    10.826
      11.34     8.835
      12.37     7.209
      13.40     5.832
      14.43     4.824
      15.46     3.814
      16.49     3.175
      17.52     2.579
      18.55     2.091
      19.58     1.708
      20.61     1.504
      21.64     1.113
      22.67     0.880
      23.70     0.787
      24.73     0.644
      25.76     0.462
      26.79     0.348
      27.82     0.350
      28.85     0.261
      29.88     0.076
      30.91     0.103
      31.95     0.028
      32.98     0.086
      34.01    -0.024
      35.04     0.074
      36.07    -0.032
      37.10     0.030
      38.13     0.018
      39.16     0.136
      40.19     0.046
      41.22    -0.018
      42.25    -0.064
      43.28    -0.030
      44.31    -0.048
      45.34     0.022
      46.37    -0.030
      47.40     0.064
      48.43    -0.032
      49.46     0.011
      50.49    -0.037
      51.52     0.080
      52.56     0.030
      53.59    -0.029
      54.62    -0.019
      55.65     0.011
      56.68     0.007
      57.71     0.022
      58.74    -0.028
      59.77     0.053
      60.80     0.014
      61.83    -0.002
      62.86     0.069
      63.89     0.097
      64.92     0.043
      65.95     0.042
      66.98    -0.003
      68.01     0.054
      69.04    -0.088
      70.07    -0.013
      71.10     0.059
      72.13    -0.006
      73.17     0.025
      74.20    -0.001
      75.23     0.018
      76.26     0.085
      77.29    -0.035
      78.32     0.062
      79.35     0.025
      80.38     0.055
      81.41     0.002
      82.44     0.117
      83.47     0.064
      84.50     0.008
      85.53     0.060
      86.56     0.083
      87.59     0.020
      88.62    -0.056
      89.65     0.030
      90.68     0.016
      91.71     0.007
      92.74     0.025
      93.77    -0.066
      94.81     0.049
      95.84    -0.040
      96.87     0.028
      97.90    -0.091
      98.93     0.020
      99.96     0.019
     100.99     0.078
     102.02     0.013
     103.05     0.001
     104.08     0.176
     105.11     0.085
     106.14     0.035
     107.17    -0.021
     108.20     0.286
     109.23     0.181
     110.26    -0.050
     111.29     0.094
     112.32    -0.069
     113.35     0.060
     114.38    -0.001
     115.42     0.059
     116.45    -0.012
     117.48     0.019
     118.51     0.100
     119.54     0.046
     120.57     0.002
     121.60     0.038
     122.63    -0.127
     123.66    -0.001
     124.69     0.027
     125.72    -0.014
     126.75    -0.074
     127.78     0.044
     128.81     0.075
     129.84     0.117
     130.87    -0.032
     131.90     0.042
     132.93    -0.005
     133.96     0.022
     134.99    -0.001
     136.03     0.001
     137.06    -0.050
     138.09     0.074
     139.12     0.005
     140.15    -0.011
     141.18     0.001
     142.21     0.003
     143.24     0.015
     144.27     0.033
     145.30    -0.009
     146.33     0.125
     147.36    -0.008
     148.39     0.056
     149.42    -0.022
     150.45     0.024
     151.48    -0.062
     152.51     0.087
     153.54    -0.035
     154.57     0.052
     155.60     0.057
     156.63    -0.037
     157.67    -0.025
     158.70     0.037
     159.73    -0.010
     160.76     0.065
     161.79    -0.051
     162.82     0.118
     163.85     0.050
     164.88    -0.008
     165.91    -0.013
     166.94     0.090
     167.97    -0.005
     169.00     0.055
     170.03    -0.106
     171.06     0.108
     172.09     0.071
     173.12     0.074
     174.15    -0.010
     175.18    -0.032
     176.21    -0.076
     177.24    -0.014
     178.28    -0.094
     179.31    -0.043
     180.34    -0.068
     181.37     0.035
     182.40     0.020
     183.43     0.045
     184.46    -0.031
     185.49    -0.016
     186.52    -0.013
     187.55     0.012
     188.58    -0.009
     189.61     0.025
     190.64     0.055
     191.67    -0.051
     192.70    -0.061
     193.73    -0.083
     194.76    -0.027
     195.79     0.053
     196.82    -0.054
     197.85    -0.012
     198.89     0.029
     199.92     0.030
     200.95     0.018
     201.98    -0.058
     203.01    -0.041
     204.04     0.067
     205.07    -0.057
     206.10     0.005
     207.13    -0.108
     208.16     0.043
     209.19    -0.062
     210.22     0.090
     211.25    -0.034
     212.28    -0.040
     213.31    -0.033
     214.34    -0.009
     215.37     0.025
     216.40    -0.042
     217.43     0.013
     218.46     0.024
     219.50    -0.010
     220.53     0.009
     221.56     0.008
     222.59     0.057
     223.62     0.015
     224.65     0.006
     225.68    -0.043
     226.71     0.009
     227.74    -0.079
     228.77     0.088
     229.80    -0.032
     230.83     0.019
     231.86    -0.004
     232.89    -0.008
     233.92     0.023
     234.95     0.019
     235.98    -0.039
     237.01    -0.012
     238.04     0.039
     239.07     0.127
     240.10     0.001
     241.14    -0.029
     242.17    -0.057
     243.20    -0.073
     244.23     0.014
     245.26    -0.012
     246.29     0.019
     247.32    -0.039
     248.35    -0.051
     249.38     0.053
     250.41     0.033
     251.44     0.033
     252.47    -0.041
     253.50     0.066
     254.53    -0.059
     255.56    -0.023
     256.59    -0.012
     257.62     0.044
     258.65     0.036
     259.68    -0.014
     260.71     0.091
     261.75    -0.090
     262.78     0.001
     263.81     0.026
     264.84     0.014
     265.87     0.040
     266.90    -0.021
     267.93     0.008
     268.96    -0.017
     269.99     0.043
     271.02    -0.018
     272.05    -0.011
     273.08     0.023
     274.11     0.069
     275.14     0.006
     276.17    -0.025
     277.20    -0.095
     278.23    -0.002
     279.26    -0.043
     280.29    -0.020
     281.32     0.036
     282.36    -0.005
     283.39    -0.144
     284.42     0.049
     285.45    -0.040
     286.48     0.057
     287.51    -0.053
     288.54    -0.070
     289.57    -0.030
     290.60     0.018
     291.63     0.006
     292.66     0.029
     293.69    -0.038
     294.72     0.073
     295.75    -0.015
     296.78    -0.104
     297.81     0.016
     298.84    -0.015
     299.87    -0.097
     300.90    -0.028
     301.93    -0.023
     302.96    -0.034
     304.00    -0.014
     305.03    -0.023
     306.06    -0.000
     307.09     0.025
     308.12    -0.089
     309.15     0.009
     310.18    -0.029
     311.21     0.005
     312.24     0.086
     313.27     0.064
     314.30    -0.045
     315.33     0.066
     316.36     0.088
     317.39    -0.076
     318.42     0.016
     319.45    -0.072
     320.48    -0.097
     321.51     0.092
     322.54    -0.000
     323.57     0.018
     324.61     0.020
     325.64    -0.030
     326.67    -0.006
     327.70    -0.021
     328.73    -0.011
     329.76    -0.008
     330.79    -0.005
     331.82     0.038
     332.85     0.024
     333.88     0.058
     334.91    -0.049
     335.94    -0.087
     336.97     0.006
     338.00     0.004
     339.03    -0.076
     340.06     0.010
     341.09    -0.059
     342.12    -0.022
     343.15     0.032
     344.18    -0.020
     345.22    -0.003
     346.25     0.047
     347.28    -0.047
     348.31     0.094
     349.34     0.029
     350.37     0.046
     351.40     0.087
     352.43     0.031
     353.46    -0.023
     354.49    -0.030
     355.52    -0.070
     356.55     0.039
     357.58     0.001
     358.61    -0.015
     359.64     0.007
     360.67     0.118
     361.70    -0.023
     362.73     0.005
     363.76    -0.014
     364.79     0.027
     365.83     0.014
     366.86     0.047
     367.89    -0.005
     368.92     0.061
     369.95    -0.037
     370.98     0.021
     372.01     0.001
     373.04     0.002
     374.07     0.043
     375.10     0.032
     376.13    -0.071
     377.16    -0.028
     378.19    -0.040
     379.22     0.036
     380.25    -0.010
     381.28     0.001
     382.31     0.036
     383.34     0.035
     384.37    -0.017
     385.40     0.038
     386.43     0.015
     387.47    -0.035
     388.50    -0.008
     389.53     0.038
     390.56    -0.047
     391.59     0.026
     392.62    -0.060
     393.65     0.000
     394.68    -0.024
     395.71    -0.041
     396.74     0.032
     397.77     0.050
     398.80    -0.046
     399.83    -0.049