%%LAB     777  datapoints: v_lsr [km/s] and T_B [K]
    -399.87    -0.023
    -398.84    -0.052
    -397.81    -0.033
    -396.78     0.037
    -395.75    -0.072
    -394.72    -0.053
    -393.69     0.025
    -392.66    -0.099
    -391.63    -0.033
    -390.60     0.002
    -389.57    -0.022
    -388.54    -0.046
    -387.51     0.033
    -386.48     0.014
    -385.45     0.016
    -384.42     0.037
    -383.38     0.086
    -382.35    -0.009
    -381.32     0.078
    -380.29    -0.005
    -379.26     0.006
    -378.23    -0.087
    -377.20     0.024
    -376.17    -0.030
    -375.14    -0.048
    -374.11    -0.044
    -373.08    -0.072
    -372.05    -0.024
    -371.02    -0.006
    -369.99     0.053
    -368.96     0.069
    -367.93     0.011
    -366.89     0.061
    -365.86    -0.003
    -364.83     0.062
    -363.80    -0.041
    -362.77     0.096
    -361.74    -0.030
    -360.71     0.085
    -359.68     0.006
    -358.65     0.012
    -357.62     0.031
    -356.59     0.035
    -355.56    -0.024
    -354.53     0.036
    -353.50    -0.051
    -352.47    -0.007
    -351.44    -0.041
    -350.41     0.030
    -349.37    -0.012
    -348.34     0.024
    -347.31    -0.072
    -346.28     0.102
    -345.25    -0.056
    -344.22    -0.011
    -343.19     0.004
    -342.16    -0.059
    -341.13    -0.062
    -340.10     0.077
    -339.07     0.003
    -338.04     0.072
    -337.01     0.067
    -335.98     0.037
    -334.95     0.067
    -333.92     0.051
    -332.88    -0.034
    -331.85     0.052
    -330.82     0.014
    -329.79     0.097
    -328.76     0.040
    -327.73     0.004
    -326.70    -0.005
    -325.67    -0.022
    -324.64     0.032
    -323.61     0.041
    -322.58    -0.162
    -321.55    -0.002
    -320.52    -0.004
    -319.49     0.005
    -318.46    -0.018
    -317.43     0.003
    -316.40    -0.082
    -315.36    -0.018
    -314.33    -0.069
    -313.30     0.002
    -312.27     0.067
    -311.24    -0.011
    -310.21    -0.023
    -309.18     0.019
    -308.15    -0.006
    -307.12     0.003
    -306.09     0.043
    -305.06    -0.024
    -304.03     0.012
    -303.00    -0.076
    -301.97    -0.008
    -300.94     0.057
    -299.91     0.054
    -298.88     0.014
    -297.84    -0.046
    -296.81     0.052
    -295.78    -0.077
    -294.75     0.034
    -293.72     0.002
    -292.69     0.029
    -291.66    -0.002
    -290.63     0.080
    -289.60    -0.025
    -288.57     0.037
    -287.54     0.003
    -286.51    -0.027
    -285.48    -0.021
    -284.45    -0.042
    -283.42     0.063
    -282.39    -0.085
    -281.35     0.022
    -280.32    -0.036
    -279.29     0.049
    -278.26     0.055
    -277.23    -0.025
    -276.20     0.012
    -275.17    -0.007
    -274.14    -0.017
    -273.11    -0.001
    -272.08    -0.112
    -271.05    -0.015
    -270.02     0.003
    -268.99     0.011
    -267.96     0.044
    -266.93    -0.017
    -265.90     0.020
    -264.87    -0.088
    -263.83    -0.001
    -262.80    -0.072
    -261.77    -0.007
    -260.74    -0.027
    -259.71     0.040
    -258.68    -0.038
    -257.65     0.026
    -256.62    -0.030
    -255.59    -0.030
    -254.56     0.020
    -253.53     0.001
    -252.50    -0.006
    -251.47     0.029
    -250.44     0.067
    -249.41    -0.032
    -248.38     0.021
    -247.34     0.086
    -246.31     0.013
    -245.28     0.057
    -244.25    -0.017
    -243.22     0.092
    -242.19     0.076
    -241.16     0.084
    -240.13    -0.066
    -239.10     0.088
    -238.07    -0.024
    -237.04     0.072
    -236.01     0.004
    -234.98     0.052
    -233.95    -0.068
    -232.92     0.098
    -231.89     0.022
    -230.86     0.066
    -229.82    -0.035
    -228.79     0.039
    -227.76     0.004
    -226.73    -0.083
    -225.70     0.061
    -224.67     0.055
    -223.64    -0.005
    -222.61     0.018
    -221.58    -0.013
    -220.55     0.035
    -219.52    -0.011
    -218.49     0.079
    -217.46     0.023
    -216.43    -0.062
    -215.40    -0.011
    -214.37    -0.017
    -213.33    -0.005
    -212.30     0.008
    -211.27    -0.071
    -210.24     0.007
    -209.21    -0.014
    -208.18     0.005
    -207.15     0.027
    -206.12    -0.038
    -205.09    -0.043
    -204.06     0.013
    -203.03     0.027
    -202.00    -0.016
    -200.97    -0.082
    -199.94     0.073
    -198.91    -0.031
    -197.88     0.031
    -196.85     0.052
    -195.81     0.033
    -194.78    -0.006
    -193.75    -0.000
    -192.72    -0.023
    -191.69     0.066
    -190.66    -0.032
    -189.63     0.000
    -188.60     0.041
    -187.57    -0.013
    -186.54    -0.134
    -185.51     0.007
    -184.48    -0.032
    -183.45     0.106
    -182.42     0.023
    -181.39    -0.065
    -180.36    -0.060
    -179.32     0.062
    -178.29    -0.047
    -177.26     0.052
    -176.23    -0.018
    -175.20    -0.068
    -174.17    -0.015
    -173.14     0.041
    -172.11    -0.077
    -171.08    -0.041
    -170.05     0.000
    -169.02     0.147
    -167.99    -0.018
    -166.96     0.082
    -165.93    -0.004
    -164.90    -0.031
    -163.87    -0.038
    -162.84     0.003
    -161.80    -0.051
    -160.77    -0.006
    -159.74     0.098
    -158.71     0.037
    -157.68     0.017
    -156.65     0.097
    -155.62     0.008
    -154.59    -0.018
    -153.56    -0.072
    -152.53     0.023
    -151.50     0.029
    -150.47    -0.017
    -149.44    -0.040
    -148.41     0.056
    -147.38    -0.105
    -146.35    -0.056
    -145.32     0.097
    -144.28     0.010
    -143.25     0.049
    -142.22     0.076
    -141.19     0.022
    -140.16     0.039
    -139.13     0.041
    -138.10     0.070
    -137.07    -0.032
    -136.04     0.063
    -135.01     0.026
    -133.98    -0.025
    -132.95     0.042
    -131.92     0.134
    -130.89    -0.014
    -129.86     0.035
    -128.83    -0.013
    -127.79     0.042
    -126.76     0.025
    -125.73     0.068
    -124.70     0.078
    -123.67     0.159
    -122.64     0.052
    -121.61     0.167
    -120.58     0.098
    -119.55     0.178
    -118.52     0.150
    -117.49     0.070
    -116.46     0.141
    -115.43     0.171
    -114.40     0.218
    -113.37     0.283
    -112.34     0.241
    -111.31     0.286
    -110.27     0.284
    -109.24     0.379
    -108.21     0.297
    -107.18     0.389
    -106.15     0.384
    -105.12     0.346
    -104.09     0.253
    -103.06     0.268
    -102.03     0.442
    -101.00     0.439
     -99.97     0.358
     -98.94     0.403
     -97.91     0.314
     -96.88     0.471
     -95.85     0.296
     -94.82     0.494
     -93.78     0.478
     -92.75     0.478
     -91.72     0.442
     -90.69     0.501
     -89.66     0.428
     -88.63     0.509
     -87.60     0.498
     -86.57     0.546
     -85.54     0.488
     -84.51     0.497
     -83.48     0.586
     -82.45     0.666
     -81.42     0.465
     -80.39     0.595
     -79.36     0.631
     -78.33     0.597
     -77.30     0.561
     -76.26     0.647
     -75.23     0.598
     -74.20     0.584
     -73.17     0.598
     -72.14     0.710
     -71.11     0.586
     -70.08     0.494
     -69.05     0.579
     -68.02     0.622
     -66.99     0.603
     -65.96     0.725
     -64.93     0.706
     -63.90     0.656
     -62.87     0.656
     -61.84     0.572
     -60.81     0.554
     -59.77     0.576
     -58.74     0.640
     -57.71     0.557
     -56.68     0.681
     -55.65     0.652
     -54.62     0.624
     -53.59     0.645
     -52.56     0.555
     -51.53     0.513
     -50.50     0.633
     -49.47     0.700
     -48.44     0.609
     -47.41     0.669
     -46.38     0.662
     -45.35     0.803
     -44.32     0.801
     -43.29     0.781
     -42.25     0.912
     -41.22     0.897
     -40.19     1.112
     -39.16     1.277
     -38.13     1.349
     -37.10     1.526
     -36.07     1.720
     -35.04     2.123
     -34.01     2.520
     -32.98     2.909
     -31.95     3.518
     -30.92     3.975
     -29.89     4.207
     -28.86     4.370
     -27.83     4.432
     -26.80     4.547
     -25.77     4.673
     -24.73     4.729
     -23.70     4.617
     -22.67     4.513
     -21.64     4.424
     -20.61     4.368
     -19.58     4.273
     -18.55     4.442
     -17.52     4.654
     -16.49     4.724
     -15.46     5.041
     -14.43     5.200
     -13.40     5.444
     -12.37     5.737
     -11.34     6.184
     -10.31     6.857
      -9.28     7.524
      -8.24     8.325
      -7.21     9.411
      -6.18    10.852
      -5.15    12.667
      -4.12    15.281
      -3.09    19.297
      -2.06    23.685
      -1.03    26.634
       0.00    27.631
       1.03    28.705
       2.06    29.913
       3.09    29.093
       4.12    25.400
       5.15    18.964
       6.18    13.216
       7.21     9.738
       8.24     7.548
       9.28     5.863
      10.31     4.715
      11.34     3.698
      12.37     2.946
      13.40     2.396
      14.43     1.884
      15.46     1.555
      16.49     1.295
      17.52     0.989
      18.55     0.814
      19.58     0.804
      20.61     0.544
      21.64     0.416
      22.67     0.477
      23.70     0.356
      24.73     0.392
      25.77     0.279
      26.80     0.309
      27.83     0.175
      28.86     0.230
      29.89     0.125
      30.92     0.070
      31.95     0.050
      32.98     0.098
      34.01     0.002
      35.04     0.100
      36.07    -0.061
      37.10     0.024
      38.13     0.030
      39.16     0.011
      40.19     0.045
      41.22     0.014
      42.25    -0.011
      43.29     0.093
      44.32     0.035
      45.35     0.024
      46.38    -0.006
      47.41     0.074
      48.44     0.039
      49.47     0.086
      50.50     0.039
      51.53     0.049
      52.56    -0.039
      53.59     0.016
      54.62     0.034
      55.65     0.066
      56.68     0.038
      57.71     0.049
      58.74    -0.008
      59.78     0.044
      60.81    -0.016
      61.84    -0.018
      62.87     0.164
      63.90     0.124
      64.93     0.060
      65.96     0.024
      66.99     0.011
      68.02     0.059
      69.05     0.037
      70.08     0.039
      71.11     0.105
      72.14     0.106
      73.17    -0.016
      74.20     0.010
      75.23    -0.061
      76.26    -0.028
      77.30    -0.064
      78.33     0.106
      79.36    -0.044
      80.39     0.074
      81.42    -0.038
      82.45    -0.007
      83.48     0.063
      84.51     0.056
      85.54    -0.012
      86.57     0.093
      87.60     0.042
      88.63     0.161
      89.66    -0.023
      90.69     0.005
      91.72     0.002
      92.75     0.086
      93.78    -0.047
      94.82    -0.095
      95.85    -0.003
      96.88    -0.015
      97.91    -0.016
      98.94    -0.050
      99.97     0.067
     101.00     0.148
     102.03    -0.003
     103.06     0.085
     104.09     0.064
     105.12    -0.033
     106.15    -0.060
     107.18     0.028
     108.21     0.052
     109.24     0.104
     110.27     0.004
     111.31     0.060
     112.34    -0.032
     113.37     0.005
     114.40    -0.079
     115.43    -0.041
     116.46    -0.045
     117.49     0.089
     118.52     0.041
     119.55     0.047
     120.58     0.043
     121.61     0.123
     122.64    -0.043
     123.67    -0.025
     124.70     0.059
     125.73     0.077
     126.76     0.072
     127.79    -0.032
     128.83    -0.039
     129.86    -0.012
     130.89    -0.020
     131.92     0.030
     132.95    -0.001
     133.98    -0.009
     135.01    -0.049
     136.04     0.040
     137.07    -0.045
     138.10     0.093
     139.13     0.020
     140.16     0.019
     141.19    -0.015
     142.22    -0.011
     143.25    -0.065
     144.28    -0.010
     145.32    -0.080
     146.35    -0.083
     147.38     0.058
     148.41    -0.001
     149.44    -0.042
     150.47     0.084
     151.50     0.027
     152.53     0.109
     153.56    -0.008
     154.59     0.061
     155.62    -0.034
     156.65    -0.017
     157.68    -0.057
     158.71     0.022
     159.74     0.018
     160.77    -0.050
     161.80    -0.062
     162.84     0.025
     163.87    -0.091
     164.90    -0.001
     165.93    -0.033
     166.96     0.035
     167.99     0.136
     169.02    -0.004
     170.05    -0.003
     171.08    -0.056
     172.11     0.013
     173.14     0.106
     174.17    -0.039
     175.20    -0.032
     176.23     0.036
     177.26    -0.009
     178.29    -0.049
     179.33     0.062
     180.36    -0.015
     181.39     0.092
     182.42    -0.051
     183.45    -0.009
     184.48     0.079
     185.51     0.028
     186.54    -0.085
     187.57    -0.035
     188.60     0.041
     189.63    -0.012
     190.66    -0.004
     191.69    -0.043
     192.72     0.090
     193.75     0.002
     194.78    -0.131
     195.81    -0.010
     196.85    -0.064
     197.88    -0.118
     198.91    -0.106
     199.94    -0.035
     200.97     0.066
     202.00     0.060
     203.03    -0.007
     204.06    -0.017
     205.09    -0.002
     206.12     0.068
     207.15     0.068
     208.18     0.012
     209.21     0.004
     210.24     0.026
     211.27    -0.047
     212.30    -0.018
     213.33    -0.005
     214.37     0.014
     215.40     0.056
     216.43     0.023
     217.46    -0.126
     218.49    -0.018
     219.52    -0.089
     220.55    -0.081
     221.58    -0.077
     222.61    -0.002
     223.64    -0.098
     224.67     0.087
     225.70     0.007
     226.73    -0.051
     227.76    -0.096
     228.79     0.007
     229.82    -0.016
     230.86    -0.014
     231.89     0.022
     232.92     0.078
     233.95     0.013
     234.98     0.005
     236.01     0.004
     237.04     0.109
     238.07    -0.045
     239.10    -0.080
     240.13     0.007
     241.16     0.007
     242.19     0.056
     243.22    -0.063
     244.25    -0.048
     245.28     0.080
     246.31    -0.022
     247.34     0.079
     248.38     0.009
     249.41     0.074
     250.44     0.102
     251.47     0.025
     252.50     0.001
     253.53     0.022
     254.56     0.006
     255.59     0.059
     256.62    -0.069
     257.65     0.028
     258.68    -0.010
     259.71     0.046
     260.74     0.009
     261.77    -0.038
     262.80    -0.002
     263.83     0.072
     264.87     0.018
     265.90     0.027
     266.93    -0.108
     267.96    -0.008
     268.99    -0.004
     270.02     0.041
     271.05    -0.074
     272.08    -0.069
     273.11     0.004
     274.14     0.028
     275.17     0.062
     276.20    -0.005
     277.23    -0.130
     278.26     0.094
     279.29    -0.019
     280.32    -0.024
     281.35    -0.043
     282.39     0.082
     283.42     0.044
     284.45     0.092
     285.48     0.036
     286.51     0.091
     287.54    -0.090
     288.57     0.023
     289.60    -0.075
     290.63    -0.054
     291.66    -0.055
     292.69    -0.015
     293.72    -0.022
     294.75     0.035
     295.78    -0.056
     296.81    -0.026
     297.84    -0.064
     298.88    -0.019
     299.91     0.125
     300.94     0.040
     301.97     0.068
     303.00    -0.009
     304.03    -0.028
     305.06     0.096
     306.09    -0.043
     307.12    -0.094
     308.15    -0.031
     309.18    -0.069
     310.21    -0.005
     311.24    -0.057
     312.27     0.024
     313.30     0.027
     314.33    -0.031
     315.36     0.052
     316.40    -0.043
     317.43     0.019
     318.46     0.013
     319.49     0.057
     320.52     0.034
     321.55     0.006
     322.58     0.003
     323.61     0.075
     324.64     0.019
     325.67     0.060
     326.70    -0.019
     327.73     0.035
     328.76    -0.084
     329.79     0.071
     330.82    -0.058
     331.85     0.000
     332.88    -0.054
     333.92     0.007
     334.95    -0.001
     335.98     0.006
     337.01    -0.045
     338.04     0.026
     339.07     0.026
     340.10    -0.021
     341.13    -0.079
     342.16    -0.006
     343.19    -0.057
     344.22     0.019
     345.25    -0.132
     346.28     0.102
     347.31     0.004
     348.34    -0.011
     349.37     0.009
     350.41     0.043
     351.44    -0.003
     352.47     0.045
     353.50     0.075
     354.53     0.020
     355.56    -0.025
     356.59     0.018
     357.62    -0.018
     358.65     0.004
     359.68     0.019
     360.71     0.032
     361.74     0.023
     362.77     0.010
     363.80    -0.021
     364.83    -0.060
     365.86    -0.047
     366.89    -0.061
     367.93     0.022
     368.96     0.023
     369.99     0.024
     371.02     0.033
     372.05    -0.085
     373.08     0.001
     374.11    -0.027
     375.14     0.005
     376.17     0.019
     377.20     0.063
     378.23    -0.075
     379.26     0.084
     380.29     0.013
     381.32    -0.025
     382.35     0.059
     383.38    -0.007
     384.42     0.065
     385.45    -0.038
     386.48     0.052
     387.51     0.062
     388.54     0.001
     389.57     0.295
     390.60     0.068
     391.63     0.048
     392.66     0.041
     393.69     0.046
     394.72    -0.018
     395.75     0.083
     396.78    -0.019
     397.81     0.117
     398.84     0.011
     399.87    -0.063