%%LAB     777  datapoints: v_lsr [km/s] and T_B [K]
    -399.82     0.025
    -398.79     0.038
    -397.76     0.080
    -396.73    -0.061
    -395.69    -0.024
    -394.66     0.020
    -393.63     0.051
    -392.60     0.097
    -391.57    -0.029
    -390.54    -0.022
    -389.51    -0.051
    -388.48    -0.030
    -387.45     0.127
    -386.42    -0.097
    -385.39    -0.006
    -384.36    -0.003
    -383.33    -0.041
    -382.30    -0.012
    -381.27    -0.009
    -380.24     0.016
    -379.21     0.085
    -378.18     0.019
    -377.15     0.051
    -376.12    -0.055
    -375.09     0.040
    -374.06    -0.052
    -373.02     0.009
    -371.99    -0.062
    -370.96    -0.058
    -369.93     0.065
    -368.90     0.152
    -367.87    -0.035
    -366.84    -0.031
    -365.81    -0.002
    -364.78     0.041
    -363.75    -0.004
    -362.72    -0.058
    -361.69    -0.013
    -360.66     0.023
    -359.63    -0.074
    -358.60     0.084
    -357.57     0.122
    -356.54     0.052
    -355.51     0.018
    -354.48     0.024
    -353.45    -0.056
    -352.42     0.003
    -351.39    -0.063
    -350.35     0.120
    -349.32     0.029
    -348.29     0.020
    -347.26     0.064
    -346.23     0.011
    -345.20    -0.060
    -344.17    -0.040
    -343.14     0.045
    -342.11    -0.066
    -341.08     0.062
    -340.05     0.100
    -339.02    -0.102
    -337.99    -0.013
    -336.96     0.048
    -335.93     0.070
    -334.90     0.053
    -333.87    -0.017
    -332.84    -0.052
    -331.81    -0.065
    -330.78    -0.002
    -329.75    -0.055
    -328.72    -0.009
    -327.68    -0.027
    -326.65    -0.098
    -325.62     0.024
    -324.59    -0.041
    -323.56     0.066
    -322.53     0.003
    -321.50     0.078
    -320.47    -0.041
    -319.44     0.022
    -318.41     0.095
    -317.38     0.016
    -316.35    -0.043
    -315.32     0.098
    -314.29     0.065
    -313.26     0.062
    -312.23    -0.008
    -311.20     0.028
    -310.17     0.075
    -309.14     0.033
    -308.11     0.045
    -307.08    -0.015
    -306.05     0.097
    -305.01     0.035
    -303.98    -0.016
    -302.95     0.040
    -301.92    -0.014
    -300.89     0.024
    -299.86    -0.032
    -298.83    -0.049
    -297.80    -0.014
    -296.77     0.011
    -295.74    -0.042
    -294.71     0.019
    -293.68    -0.039
    -292.65     0.077
    -291.62    -0.105
    -290.59    -0.055
    -289.56     0.047
    -288.53     0.009
    -287.50    -0.103
    -286.47     0.078
    -285.44    -0.095
    -284.41     0.059
    -283.38    -0.000
    -282.34    -0.071
    -281.31    -0.029
    -280.28    -0.018
    -279.25     0.037
    -278.22    -0.006
    -277.19     0.036
    -276.16    -0.054
    -275.13    -0.069
    -274.10     0.113
    -273.07    -0.052
    -272.04     0.016
    -271.01    -0.040
    -269.98    -0.002
    -268.95    -0.038
    -267.92     0.008
    -266.89    -0.017
    -265.86    -0.051
    -264.83     0.057
    -263.80     0.052
    -262.77    -0.102
    -261.74     0.040
    -260.71    -0.038
    -259.67     0.111
    -258.64     0.014
    -257.61     0.021
    -256.58     0.000
    -255.55     0.080
    -254.52     0.091
    -253.49     0.074
    -252.46    -0.003
    -251.43    -0.003
    -250.40     0.117
    -249.37     0.014
    -248.34    -0.016
    -247.31     0.044
    -246.28    -0.011
    -245.25     0.069
    -244.22    -0.110
    -243.19     0.029
    -242.16    -0.004
    -241.13     0.072
    -240.10     0.038
    -239.07     0.018
    -238.04    -0.115
    -237.00     0.009
    -235.97    -0.037
    -234.94    -0.031
    -233.91    -0.060
    -232.88    -0.019
    -231.85    -0.008
    -230.82    -0.078
    -229.79    -0.041
    -228.76     0.024
    -227.73     0.070
    -226.70     0.064
    -225.67    -0.098
    -224.64     0.093
    -223.61    -0.052
    -222.58     0.048
    -221.55    -0.011
    -220.52     0.021
    -219.49     0.016
    -218.46     0.091
    -217.43     0.074
    -216.40     0.017
    -215.37    -0.039
    -214.33    -0.014
    -213.30     0.061
    -212.27     0.010
    -211.24    -0.099
    -210.21    -0.094
    -209.18     0.026
    -208.15    -0.104
    -207.12    -0.039
    -206.09     0.103
    -205.06     0.020
    -204.03     0.068
    -203.00     0.014
    -201.97     0.018
    -200.94    -0.103
    -199.91     0.120
    -198.88    -0.003
    -197.85     0.004
    -196.82    -0.023
    -195.79     0.052
    -194.76    -0.065
    -193.73     0.059
    -192.70     0.060
    -191.66     0.099
    -190.63    -0.030
    -189.60     0.013
    -188.57    -0.044
    -187.54    -0.085
    -186.51    -0.000
    -185.48    -0.013
    -184.45    -0.054
    -183.42     0.095
    -182.39    -0.048
    -181.36    -0.016
    -180.33    -0.089
    -179.30     0.025
    -178.27     0.036
    -177.24     0.012
    -176.21     0.016
    -175.18     0.026
    -174.15     0.024
    -173.12     0.016
    -172.09    -0.034
    -171.06     0.113
    -170.03     0.038
    -168.99     0.041
    -167.96    -0.033
    -166.93    -0.023
    -165.90     0.014
    -164.87     0.020
    -163.84     0.037
    -162.81    -0.010
    -161.78    -0.019
    -160.75    -0.052
    -159.72    -0.001
    -158.69     0.013
    -157.66     0.050
    -156.63     0.118
    -155.60    -0.072
    -154.57    -0.094
    -153.54    -0.025
    -152.51    -0.103
    -151.48    -0.069
    -150.45    -0.036
    -149.42     0.027
    -148.39     0.123
    -147.36     0.072
    -146.32     0.059
    -145.29     0.089
    -144.26     0.103
    -143.23    -0.005
    -142.20    -0.035
    -141.17     0.070
    -140.14     0.023
    -139.11     0.089
    -138.08     0.032
    -137.05     0.074
    -136.02     0.083
    -134.99     0.055
    -133.96     0.073
    -132.93     0.146
    -131.90    -0.017
    -130.87     0.085
    -129.84     0.182
    -128.81     0.086
    -127.78     0.187
    -126.75     0.267
    -125.72     0.267
    -124.69     0.249
    -123.65     0.339
    -122.62     0.256
    -121.59     0.360
    -120.56     0.388
    -119.53     0.495
    -118.50     0.501
    -117.47     0.570
    -116.44     0.574
    -115.41     0.692
    -114.38     0.574
    -113.35     0.658
    -112.32     0.667
    -111.29     0.728
    -110.26     0.720
    -109.23     0.756
    -108.20     0.619
    -107.17     0.682
    -106.14     0.740
    -105.11     0.723
    -104.08     0.719
    -103.05     0.626
    -102.02     0.636
    -100.98     0.815
     -99.95     0.617
     -98.92     0.719
     -97.89     0.748
     -96.86     0.812
     -95.83     0.898
     -94.80     0.819
     -93.77     0.959
     -92.74     1.132
     -91.71     1.263
     -90.68     1.488
     -89.65     1.588
     -88.62     1.864
     -87.59     2.146
     -86.56     2.409
     -85.53     2.909
     -84.50     3.380
     -83.47     3.916
     -82.44     4.723
     -81.41     5.294
     -80.38     5.875
     -79.35     6.424
     -78.31     6.773
     -77.28     7.152
     -76.25     7.462
     -75.22     7.562
     -74.19     7.863
     -73.16     7.927
     -72.13     8.113
     -71.10     8.278
     -70.07     8.562
     -69.04     8.793
     -68.01     9.375
     -66.98     9.995
     -65.95    10.633
     -64.92    10.669
     -63.89    10.371
     -62.86     9.826
     -61.83     9.107
     -60.80     8.224
     -59.77     7.403
     -58.74     6.488
     -57.71     5.799
     -56.68     5.099
     -55.64     4.775
     -54.61     4.382
     -53.58     4.168
     -52.55     4.035
     -51.52     4.044
     -50.49     3.982
     -49.46     4.198
     -48.43     4.411
     -47.40     4.383
     -46.37     4.304
     -45.34     4.534
     -44.31     4.762
     -43.28     5.099
     -42.25     5.411
     -41.22     5.935
     -40.19     6.475
     -39.16     7.141
     -38.13     7.752
     -37.10     8.400
     -36.07     9.326
     -35.04    10.427
     -34.01    12.021
     -32.97    14.029
     -31.94    16.779
     -30.91    20.042
     -29.88    23.232
     -28.85    25.140
     -27.82    25.480
     -26.79    24.900
     -25.76    23.031
     -24.73    20.809
     -23.70    18.892
     -22.67    17.150
     -21.64    15.312
     -20.61    14.120
     -19.58    12.987
     -18.55    12.274
     -17.52    11.860
     -16.49    11.964
     -15.46    12.285
     -14.43    12.933
     -13.40    13.926
     -12.37    15.184
     -11.34    17.178
     -10.30    19.952
      -9.27    23.779
      -8.24    28.956
      -7.21    36.114
      -6.18    45.598
      -5.15    58.310
      -4.12    71.847
      -3.09    83.254
      -2.06    91.766
      -1.03    98.952
       0.00   104.697
       1.03   110.349
       2.06   113.779
       3.09   115.942
       4.12   116.424
       5.15   116.185
       6.18   117.175
       7.21   116.213
       8.24   110.796
       9.27   103.272
      10.30    96.740
      11.34    89.637
      12.37    81.121
      13.40    71.182
      14.43    60.648
      15.46    49.703
      16.49    39.717
      17.52    31.197
      18.55    24.428
      19.58    18.786
      20.61    14.648
      21.64    11.421
      22.67     9.152
      23.70     7.427
      24.73     6.128
      25.76     5.056
      26.79     4.139
      27.82     3.285
      28.85     2.748
      29.88     1.969
      30.91     1.582
      31.94     1.195
      32.97     1.090
      34.01     0.737
      35.04     0.644
      36.07     0.451
      37.10     0.504
      38.13     0.257
      39.16     0.315
      40.19     0.250
      41.22     0.181
      42.25     0.184
      43.28     0.209
      44.31     0.096
      45.34     0.176
      46.37     0.051
      47.40     0.029
      48.43    -0.019
      49.46     0.092
      50.49     0.011
      51.52     0.131
      52.55    -0.081
      53.58     0.124
      54.61     0.133
      55.64     0.106
      56.68     0.073
      57.71     0.157
      58.74     0.086
      59.77     0.065
      60.80    -0.073
      61.83     0.053
      62.86    -0.052
      63.89     0.111
      64.92     0.069
      65.95     0.146
      66.98     0.029
      68.01     0.022
      69.04     0.040
      70.07     0.062
      71.10     0.011
      72.13    -0.017
      73.16    -0.048
      74.19     0.086
      75.22    -0.090
      76.25    -0.006
      77.28     0.019
      78.31     0.066
      79.35    -0.004
      80.38     0.110
      81.41    -0.104
      82.44    -0.007
      83.47     0.017
      84.50    -0.060
      85.53     0.030
      86.56    -0.023
      87.59     0.107
      88.62     0.081
      89.65    -0.056
      90.68     0.049
      91.71     0.087
      92.74     0.043
      93.77    -0.140
      94.80     0.040
      95.83    -0.027
      96.86    -0.001
      97.89    -0.050
      98.92     0.087
      99.95     0.018
     100.98     0.093
     102.02    -0.040
     103.05    -0.034
     104.08    -0.074
     105.11     0.049
     106.14     0.055
     107.17     0.179
     108.20     0.075
     109.23     0.027
     110.26     0.061
     111.29     0.097
     112.32    -0.038
     113.35    -0.006
     114.38     0.010
     115.41     0.014
     116.44     0.038
     117.47    -0.002
     118.50     0.084
     119.53     0.061
     120.56     0.001
     121.59    -0.020
     122.62    -0.034
     123.65    -0.020
     124.69     0.079
     125.72     0.099
     126.75    -0.025
     127.78     0.048
     128.81    -0.052
     129.84    -0.058
     130.87    -0.065
     131.90     0.098
     132.93    -0.039
     133.96    -0.043
     134.99    -0.011
     136.02    -0.004
     137.05    -0.096
     138.08    -0.057
     139.11     0.055
     140.14    -0.051
     141.17    -0.086
     142.20    -0.000
     143.23    -0.117
     144.26     0.027
     145.29    -0.057
     146.32    -0.002
     147.36     0.037
     148.39    -0.075
     149.42    -0.170
     150.45     0.091
     151.48     0.005
     152.51     0.040
     153.54    -0.002
     154.57     0.052
     155.60    -0.088
     156.63     0.037
     157.66    -0.057
     158.69     0.093
     159.72     0.040
     160.75    -0.043
     161.78    -0.063
     162.81     0.106
     163.84     0.022
     164.87    -0.097
     165.90     0.021
     166.93    -0.023
     167.96    -0.005
     168.99     0.000
     170.03     0.028
     171.06    -0.049
     172.09    -0.013
     173.12     0.015
     174.15    -0.043
     175.18    -0.005
     176.21     0.017
     177.24     0.005
     178.27    -0.006
     179.30     0.078
     180.33    -0.051
     181.36     0.069
     182.39    -0.002
     183.42    -0.028
     184.45    -0.039
     185.48     0.036
     186.51     0.000
     187.54    -0.056
     188.57    -0.008
     189.60     0.089
     190.63     0.081
     191.66    -0.046
     192.70    -0.035
     193.73     0.033
     194.76     0.056
     195.79     0.117
     196.82     0.049
     197.85     0.092
     198.88    -0.075
     199.91     0.050
     200.94     0.103
     201.97    -0.028
     203.00    -0.089
     204.03     0.056
     205.06    -0.015
     206.09     0.076
     207.12     0.054
     208.15     0.073
     209.18     0.065
     210.21    -0.053
     211.24     0.074
     212.27     0.005
     213.30    -0.011
     214.33     0.082
     215.37     0.023
     216.40     0.056
     217.43    -0.090
     218.46     0.044
     219.49     0.045
     220.52     0.115
     221.55     0.028
     222.58    -0.104
     223.61    -0.017
     224.64     0.016
     225.67    -0.025
     226.70     0.008
     227.73     0.003
     228.76     0.009
     229.79    -0.013
     230.82     0.092
     231.85     0.006
     232.88     0.077
     233.91    -0.033
     234.94    -0.058
     235.97    -0.012
     237.00    -0.008
     238.04     0.085
     239.07    -0.022
     240.10     0.087
     241.13    -0.034
     242.16    -0.112
     243.19    -0.002
     244.22    -0.013
     245.25    -0.011
     246.28    -0.018
     247.31     0.020
     248.34    -0.004
     249.37     0.052
     250.40    -0.023
     251.43    -0.000
     252.46     0.004
     253.49    -0.105
     254.52    -0.129
     255.55     0.076
     256.58    -0.086
     257.61     0.021
     258.64    -0.021
     259.67     0.004
     260.71     0.016
     261.74     0.053
     262.77    -0.143
     263.80     0.040
     264.83    -0.015
     265.86     0.044
     266.89     0.050
     267.92     0.028
     268.95     0.011
     269.98    -0.041
     271.01     0.045
     272.04     0.058
     273.07    -0.013
     274.10    -0.013
     275.13     0.011
     276.16    -0.038
     277.19    -0.062
     278.22     0.035
     279.25     0.023
     280.28     0.023
     281.31    -0.047
     282.34     0.112
     283.38    -0.014
     284.41    -0.001
     285.44    -0.071
     286.47     0.087
     287.50    -0.007
     288.53     0.009
     289.56    -0.066
     290.59    -0.033
     291.62    -0.086
     292.65     0.019
     293.68    -0.003
     294.71    -0.084
     295.74    -0.067
     296.77    -0.036
     297.80    -0.017
     298.83    -0.069
     299.86    -0.064
     300.89     0.043
     301.92    -0.083
     302.95    -0.016
     303.98    -0.050
     305.01     0.020
     306.05     0.062
     307.08     0.071
     308.11     0.062
     309.14     0.017
     310.17    -0.004
     311.20     0.089
     312.23    -0.002
     313.26    -0.027
     314.29    -0.000
     315.32     0.014
     316.35     0.002
     317.38     0.078
     318.41     0.017
     319.44    -0.020
     320.47     0.100
     321.50    -0.003
     322.53    -0.053
     323.56     0.005
     324.59    -0.015
     325.62     0.002
     326.65    -0.028
     327.68    -0.039
     328.72    -0.076
     329.75     0.000
     330.78     0.024
     331.81     0.052
     332.84    -0.026
     333.87    -0.053
     334.90    -0.072
     335.93     0.000
     336.96    -0.020
     337.99     0.024
     339.02    -0.079
     340.05     0.058
     341.08     0.007
     342.11     0.017
     343.14    -0.009
     344.17     0.002
     345.20    -0.053
     346.23     0.037
     347.26     0.059
     348.29    -0.052
     349.32     0.047
     350.35     0.004
     351.39    -0.023
     352.42     0.051
     353.45    -0.021
     354.48     0.026
     355.51    -0.041
     356.54     0.084
     357.57    -0.067
     358.60    -0.043
     359.63    -0.022
     360.66     0.065
     361.69    -0.007
     362.72     0.046
     363.75     0.064
     364.78     0.067
     365.81    -0.112
     366.84    -0.041
     367.87    -0.042
     368.90     0.055
     369.93    -0.083
     370.96     0.040
     371.99     0.048
     373.02     0.055
     374.06     0.020
     375.09     0.006
     376.12    -0.087
     377.15     0.007
     378.18     0.019
     379.21     0.051
     380.24    -0.036
     381.27     0.029
     382.30    -0.023
     383.33     0.015
     384.36    -0.132
     385.39     0.053
     386.42    -0.002
     387.45     0.035
     388.48    -0.079
     389.51    -0.044
     390.54     0.011
     391.57     0.084
     392.60     0.006
     393.63     0.055
     394.66     0.002
     395.69     0.167
     396.73    -0.066
     397.76    -0.038
     398.79    -0.029
     399.82     0.065