%%LAB     777  datapoints: v_lsr [km/s] and T_B [K]
    -399.83    -0.010
    -398.80    -0.064
    -397.77     0.002
    -396.74    -0.032
    -395.71     0.029
    -394.68    -0.040
    -393.65    -0.053
    -392.62    -0.046
    -391.59     0.028
    -390.56    -0.028
    -389.53    -0.028
    -388.50    -0.064
    -387.46     0.055
    -386.43     0.089
    -385.40     0.108
    -384.37    -0.068
    -383.34    -0.006
    -382.31    -0.110
    -381.28     0.019
    -380.25    -0.051
    -379.22     0.032
    -378.19    -0.083
    -377.16    -0.064
    -376.13    -0.034
    -375.10    -0.052
    -374.07     0.039
    -373.04     0.077
    -372.01     0.001
    -370.98    -0.072
    -369.95    -0.003
    -368.92     0.024
    -367.89    -0.040
    -366.85     0.109
    -365.82    -0.004
    -364.79     0.059
    -363.76     0.000
    -362.73     0.031
    -361.70     0.025
    -360.67     0.006
    -359.64     0.090
    -358.61    -0.035
    -357.58    -0.065
    -356.55    -0.017
    -355.52    -0.026
    -354.49    -0.046
    -353.46    -0.017
    -352.43    -0.067
    -351.40     0.018
    -350.37     0.091
    -349.34     0.031
    -348.31     0.020
    -347.28     0.001
    -346.24     0.062
    -345.21    -0.083
    -344.18    -0.056
    -343.15    -0.077
    -342.12     0.060
    -341.09    -0.116
    -340.06     0.137
    -339.03    -0.021
    -338.00    -0.023
    -336.97     0.039
    -335.94    -0.086
    -334.91     0.047
    -333.88     0.093
    -332.85     0.083
    -331.82     0.010
    -330.79     0.012
    -329.76     0.086
    -328.73    -0.041
    -327.70    -0.045
    -326.67    -0.073
    -325.64    -0.075
    -324.60    -0.027
    -323.57     0.079
    -322.54     0.002
    -321.51     0.071
    -320.48    -0.035
    -319.45     0.050
    -318.42    -0.004
    -317.39     0.046
    -316.36    -0.063
    -315.33     0.053
    -314.30     0.001
    -313.27     0.028
    -312.24    -0.044
    -311.21     0.021
    -310.18     0.015
    -309.15     0.014
    -308.12     0.025
    -307.09    -0.080
    -306.06    -0.032
    -305.03     0.006
    -303.99    -0.050
    -302.96     0.109
    -301.93     0.076
    -300.90     0.033
    -299.87    -0.072
    -298.84    -0.072
    -297.81    -0.071
    -296.78     0.073
    -295.75    -0.027
    -294.72     0.023
    -293.69    -0.026
    -292.66     0.053
    -291.63     0.034
    -290.60     0.045
    -289.57     0.029
    -288.54     0.074
    -287.51    -0.054
    -286.48     0.007
    -285.45    -0.080
    -284.42     0.114
    -283.39    -0.065
    -282.35    -0.003
    -281.32    -0.009
    -280.29    -0.008
    -279.26     0.030
    -278.23     0.000
    -277.20     0.072
    -276.17     0.032
    -275.14    -0.115
    -274.11     0.169
    -273.08     0.047
    -272.05     0.072
    -271.02    -0.014
    -269.99    -0.071
    -268.96     0.095
    -267.93     0.058
    -266.90    -0.035
    -265.87     0.022
    -264.84     0.112
    -263.81    -0.017
    -262.78    -0.026
    -261.74     0.078
    -260.71     0.001
    -259.68     0.022
    -258.65    -0.051
    -257.62     0.023
    -256.59    -0.049
    -255.56     0.067
    -254.53    -0.036
    -253.50     0.060
    -252.47    -0.052
    -251.44     0.068
    -250.41    -0.042
    -249.38     0.000
    -248.35     0.022
    -247.32     0.089
    -246.29     0.080
    -245.26     0.066
    -244.23     0.061
    -243.20    -0.037
    -242.17     0.114
    -241.13     0.041
    -240.10    -0.074
    -239.07     0.004
    -238.04     0.024
    -237.01     0.027
    -235.98     0.069
    -234.95    -0.009
    -233.92    -0.089
    -232.89     0.123
    -231.86    -0.034
    -230.83     0.062
    -229.80    -0.100
    -228.77    -0.015
    -227.74    -0.064
    -226.71    -0.010
    -225.68     0.003
    -224.65    -0.005
    -223.62    -0.062
    -222.59     0.023
    -221.56    -0.109
    -220.53     0.002
    -219.49    -0.034
    -218.46     0.030
    -217.43     0.051
    -216.40    -0.015
    -215.37     0.008
    -214.34     0.046
    -213.31    -0.050
    -212.28     0.093
    -211.25    -0.055
    -210.22     0.145
    -209.19     0.006
    -208.16     0.046
    -207.13     0.062
    -206.10    -0.006
    -205.07     0.024
    -204.04     0.165
    -203.01    -0.023
    -201.98     0.058
    -200.95     0.022
    -199.92     0.056
    -198.88    -0.059
    -197.85    -0.018
    -196.82     0.020
    -195.79     0.038
    -194.76    -0.056
    -193.73     0.048
    -192.70    -0.055
    -191.67    -0.062
    -190.64     0.005
    -189.61     0.010
    -188.58    -0.013
    -187.55     0.068
    -186.52    -0.066
    -185.49     0.032
    -184.46     0.024
    -183.43     0.028
    -182.40    -0.020
    -181.37    -0.008
    -180.34    -0.038
    -179.31     0.012
    -178.27     0.061
    -177.24     0.031
    -176.21     0.006
    -175.18     0.003
    -174.15    -0.010
    -173.12    -0.057
    -172.09    -0.018
    -171.06    -0.006
    -170.03    -0.041
    -169.00     0.052
    -167.97     0.074
    -166.94     0.088
    -165.91    -0.029
    -164.88     0.112
    -163.85     0.090
    -162.82     0.008
    -161.79    -0.038
    -160.76     0.061
    -159.73    -0.038
    -158.70     0.144
    -157.67     0.106
    -156.63     0.115
    -155.60     0.034
    -154.57     0.141
    -153.54     0.149
    -152.51     0.176
    -151.48     0.231
    -150.45     0.300
    -149.42     0.323
    -148.39     0.347
    -147.36     0.399
    -146.33     0.408
    -145.30     0.472
    -144.27     0.478
    -143.24     0.548
    -142.21     0.667
    -141.18     0.581
    -140.15     0.756
    -139.12     0.882
    -138.09     0.994
    -137.06     0.915
    -136.02     1.128
    -134.99     1.182
    -133.96     1.494
    -132.93     1.560
    -131.90     1.853
    -130.87     2.162
    -129.84     2.412
    -128.81     2.992
    -127.78     3.335
    -126.75     3.589
    -125.72     3.665
    -124.69     3.694
    -123.66     3.502
    -122.63     3.337
    -121.60     3.330
    -120.57     3.218
    -119.54     3.066
    -118.51     2.773
    -117.48     2.505
    -116.45     2.200
    -115.41     1.888
    -114.38     1.762
    -113.35     1.640
    -112.32     1.442
    -111.29     1.310
    -110.26     1.299
    -109.23     1.083
    -108.20     1.025
    -107.17     1.122
    -106.14     0.992
    -105.11     1.050
    -104.08     1.008
    -103.05     0.965
    -102.02     0.973
    -100.99     0.983
     -99.96     0.987
     -98.93     1.061
     -97.90     1.084
     -96.87     1.082
     -95.84     1.241
     -94.81     1.282
     -93.77     1.442
     -92.74     1.479
     -91.71     1.691
     -90.68     1.853
     -89.65     2.126
     -88.62     2.570
     -87.59     2.768
     -86.56     3.138
     -85.53     3.460
     -84.50     3.913
     -83.47     4.071
     -82.44     4.340
     -81.41     4.348
     -80.38     4.323
     -79.35     4.190
     -78.32     3.866
     -77.29     3.630
     -76.26     3.341
     -75.23     3.071
     -74.20     2.671
     -73.16     2.453
     -72.13     2.226
     -71.10     1.926
     -70.07     1.946
     -69.04     1.692
     -68.01     1.711
     -66.98     1.513
     -65.95     1.440
     -64.92     1.359
     -63.89     1.431
     -62.86     1.314
     -61.83     1.332
     -60.80     1.336
     -59.77     1.454
     -58.74     1.489
     -57.71     1.602
     -56.68     1.575
     -55.65     1.690
     -54.62     1.694
     -53.59     1.599
     -52.56     1.648
     -51.52     1.674
     -50.49     1.673
     -49.46     1.655
     -48.43     1.735
     -47.40     1.907
     -46.37     1.985
     -45.34     2.055
     -44.31     2.019
     -43.28     2.088
     -42.25     2.166
     -41.22     2.459
     -40.19     2.471
     -39.16     2.684
     -38.13     2.897
     -37.10     2.961
     -36.07     3.279
     -35.04     3.546
     -34.01     3.990
     -32.98     4.433
     -31.95     4.889
     -30.91     5.748
     -29.88     6.600
     -28.85     7.574
     -27.82     8.483
     -26.79     9.397
     -25.76     9.832
     -24.73    10.375
     -23.70    10.549
     -22.67    10.863
     -21.64    11.460
     -20.61    12.265
     -19.58    12.978
     -18.55    13.149
     -17.52    13.544
     -16.49    14.868
     -15.46    17.563
     -14.43    22.148
     -13.40    28.814
     -12.37    37.167
     -11.34    44.493
     -10.30    49.759
      -9.27    52.852
      -8.24    54.059
      -7.21    56.006
      -6.18    60.112
      -5.15    66.172
      -4.12    72.262
      -3.09    76.281
      -2.06    74.722
      -1.03    78.854
       0.00    80.235
       1.03    75.132
       2.06    68.054
       3.09    58.196
       4.12    46.788
       5.15    35.524
       6.18    25.846
       7.21    17.261
       8.24    10.687
       9.27     6.536
      10.30     4.492
      11.34     3.332
      12.37     2.539
      13.40     1.790
      14.43     1.615
      15.46     1.097
      16.49     0.886
      17.52     0.590
      18.55     0.641
      19.58     0.357
      20.61     0.356
      21.64     0.139
      22.67     0.270
      23.70     0.107
      24.73     0.065
      25.76    -0.021
      26.79     0.065
      27.82     0.043
      28.85     0.010
      29.88    -0.065
      30.91     0.040
      31.95     0.047
      32.98     0.003
      34.01    -0.021
      35.04     0.044
      36.07    -0.016
      37.10     0.014
      38.13     0.031
      39.16     0.047
      40.19    -0.103
      41.22     0.083
      42.25    -0.004
      43.28     0.019
      44.31    -0.027
      45.34     0.196
      46.37    -0.056
      47.40     0.028
      48.43    -0.010
      49.46     0.038
      50.49    -0.115
      51.52     0.068
      52.56     0.040
      53.59     0.065
      54.62    -0.028
      55.65     0.073
      56.68    -0.005
      57.71     0.107
      58.74    -0.001
      59.77     0.046
      60.80     0.011
      61.83     0.023
      62.86     0.007
      63.89     0.207
      64.92     0.067
      65.95     0.054
      66.98    -0.006
      68.01     0.053
      69.04     0.057
      70.07     0.042
      71.10     0.045
      72.13     0.037
      73.16    -0.106
      74.20     0.035
      75.23     0.001
      76.26     0.078
      77.29     0.122
      78.32     0.036
      79.35    -0.021
      80.38     0.007
      81.41     0.079
      82.44     0.037
      83.47     0.003
      84.50     0.037
      85.53    -0.068
      86.56     0.047
      87.59     0.002
      88.62     0.168
      89.65    -0.083
      90.68     0.051
      91.71     0.024
      92.74     0.061
      93.77     0.017
      94.81     0.048
      95.84    -0.011
      96.87     0.046
      97.90     0.105
      98.93     0.049
      99.96     0.023
     100.99     0.098
     102.02    -0.012
     103.05     0.037
     104.08     0.010
     105.11    -0.050
     106.14    -0.130
     107.17     0.101
     108.20    -0.086
     109.23     0.028
     110.26     0.024
     111.29     0.046
     112.32     0.051
     113.35    -0.026
     114.38     0.054
     115.41     0.017
     116.45    -0.031
     117.48     0.066
     118.51    -0.006
     119.54    -0.040
     120.57    -0.056
     121.60    -0.018
     122.63    -0.055
     123.66    -0.034
     124.69    -0.024
     125.72     0.037
     126.75    -0.011
     127.78     0.022
     128.81     0.056
     129.84    -0.025
     130.87    -0.085
     131.90     0.128
     132.93    -0.050
     133.96     0.086
     134.99     0.015
     136.02     0.045
     137.06    -0.042
     138.09     0.059
     139.12    -0.098
     140.15     0.010
     141.18     0.001
     142.21     0.078
     143.24     0.027
     144.27     0.052
     145.30    -0.046
     146.33    -0.009
     147.36     0.022
     148.39    -0.031
     149.42    -0.028
     150.45     0.005
     151.48     0.039
     152.51     0.012
     153.54    -0.005
     154.57    -0.021
     155.60    -0.096
     156.63     0.068
     157.67     0.068
     158.70    -0.116
     159.73    -0.020
     160.76    -0.031
     161.79    -0.020
     162.82     0.024
     163.85     0.062
     164.88     0.003
     165.91    -0.098
     166.94    -0.049
     167.97    -0.043
     169.00     0.003
     170.03    -0.049
     171.06    -0.026
     172.09    -0.013
     173.12     0.030
     174.15    -0.080
     175.18     0.057
     176.21     0.015
     177.24     0.010
     178.27    -0.068
     179.31    -0.000
     180.34     0.061
     181.37     0.012
     182.40    -0.035
     183.43     0.050
     184.46    -0.043
     185.49     0.041
     186.52    -0.087
     187.55     0.054
     188.58     0.000
     189.61     0.074
     190.64    -0.057
     191.67     0.099
     192.70     0.040
     193.73     0.013
     194.76     0.021
     195.79    -0.061
     196.82    -0.037
     197.85     0.080
     198.88    -0.012
     199.92     0.016
     200.95     0.001
     201.98     0.014
     203.01    -0.016
     204.04    -0.038
     205.07    -0.084
     206.10    -0.057
     207.13     0.010
     208.16     0.072
     209.19     0.038
     210.22     0.035
     211.25    -0.029
     212.28     0.004
     213.31     0.014
     214.34     0.067
     215.37    -0.029
     216.40     0.016
     217.43    -0.103
     218.46     0.078
     219.49    -0.037
     220.53     0.034
     221.56     0.019
     222.59    -0.018
     223.62    -0.011
     224.65     0.104
     225.68     0.073
     226.71     0.014
     227.74     0.108
     228.77     0.087
     229.80     0.021
     230.83     0.018
     231.86     0.064
     232.89     0.017
     233.92    -0.055
     234.95     0.084
     235.98    -0.016
     237.01     0.043
     238.04    -0.078
     239.07    -0.027
     240.10     0.022
     241.13    -0.003
     242.17     0.009
     243.20     0.078
     244.23    -0.124
     245.26    -0.059
     246.29     0.024
     247.32    -0.079
     248.35    -0.028
     249.38     0.013
     250.41     0.034
     251.44     0.027
     252.47    -0.055
     253.50    -0.009
     254.53    -0.037
     255.56     0.075
     256.59     0.049
     257.62     0.061
     258.65    -0.048
     259.68     0.002
     260.71    -0.011
     261.74     0.016
     262.78     0.055
     263.81     0.087
     264.84    -0.089
     265.87    -0.044
     266.90    -0.056
     267.93     0.084
     268.96    -0.059
     269.99     0.009
     271.02     0.044
     272.05     0.021
     273.08    -0.004
     274.11    -0.002
     275.14    -0.016
     276.17    -0.009
     277.20     0.010
     278.23     0.039
     279.26    -0.138
     280.29    -0.023
     281.32    -0.111
     282.35     0.005
     283.39    -0.050
     284.42     0.003
     285.45    -0.086
     286.48    -0.016
     287.51     0.035
     288.54     0.039
     289.57     0.013
     290.60     0.004
     291.63    -0.043
     292.66     0.103
     293.69     0.011
     294.72     0.095
     295.75    -0.042
     296.78     0.018
     297.81    -0.071
     298.84    -0.062
     299.87     0.051
     300.90     0.061
     301.93    -0.050
     302.96     0.110
     303.99    -0.084
     305.03     0.039
     306.06    -0.020
     307.09     0.006
     308.12    -0.045
     309.15    -0.000
     310.18    -0.047
     311.21    -0.008
     312.24    -0.061
     313.27     0.058
     314.30     0.058
     315.33     0.053
     316.36    -0.073
     317.39    -0.051
     318.42     0.007
     319.45    -0.030
     320.48     0.011
     321.51     0.034
     322.54     0.043
     323.57    -0.020
     324.60    -0.104
     325.64     0.066
     326.67    -0.050
     327.70     0.147
     328.73    -0.003
     329.76    -0.035
     330.79    -0.034
     331.82    -0.062
     332.85    -0.009
     333.88     0.054
     334.91    -0.008
     335.94     0.050
     336.97    -0.070
     338.00    -0.038
     339.03    -0.026
     340.06    -0.030
     341.09     0.045
     342.12     0.014
     343.15     0.038
     344.18    -0.067
     345.21    -0.073
     346.24     0.030
     347.28    -0.010
     348.31    -0.023
     349.34     0.032
     350.37     0.124
     351.40     0.027
     352.43    -0.005
     353.46    -0.074
     354.49     0.041
     355.52    -0.123
     356.55     0.057
     357.58    -0.039
     358.61     0.052
     359.64    -0.065
     360.67    -0.005
     361.70     0.035
     362.73     0.009
     363.76    -0.089
     364.79    -0.008
     365.82    -0.006
     366.85     0.039
     367.89    -0.026
     368.92    -0.030
     369.95    -0.031
     370.98     0.048
     372.01     0.044
     373.04     0.057
     374.07     0.033
     375.10    -0.040
     376.13    -0.038
     377.16     0.057
     378.19     0.035
     379.22     0.019
     380.25    -0.028
     381.28     0.033
     382.31    -0.012
     383.34     0.114
     384.37     0.013
     385.40    -0.034
     386.43    -0.201
     387.46    -0.050
     388.50    -0.122
     389.53    -0.054
     390.56    -0.052
     391.59     0.081
     392.62    -0.120
     393.65     0.007
     394.68    -0.100
     395.71    -0.017
     396.74     0.010
     397.77    -0.052
     398.80    -0.034
     399.83    -0.065