%%LAB     777  datapoints: v_lsr [km/s] and T_B [K]
    -399.83     0.060
    -398.80     0.036
    -397.77     0.021
    -396.74     0.035
    -395.70    -0.029
    -394.67    -0.005
    -393.64     0.038
    -392.61    -0.059
    -391.58     0.044
    -390.55     0.029
    -389.52    -0.037
    -388.49    -0.031
    -387.46     0.008
    -386.43    -0.027
    -385.40     0.113
    -384.37    -0.037
    -383.34     0.046
    -382.31     0.031
    -381.28    -0.013
    -380.25     0.067
    -379.22    -0.121
    -378.19     0.040
    -377.16     0.074
    -376.13    -0.046
    -375.10    -0.022
    -374.06    -0.033
    -373.03    -0.035
    -372.00    -0.022
    -370.97     0.163
    -369.94    -0.072
    -368.91     0.064
    -367.88     0.055
    -366.85    -0.023
    -365.82     0.039
    -364.79     0.024
    -363.76    -0.049
    -362.73    -0.059
    -361.70    -0.049
    -360.67    -0.018
    -359.64    -0.003
    -358.61     0.041
    -357.58    -0.004
    -356.55    -0.009
    -355.52    -0.051
    -354.49     0.064
    -353.45    -0.042
    -352.42     0.100
    -351.39     0.058
    -350.36     0.045
    -349.33    -0.024
    -348.30     0.105
    -347.27    -0.030
    -346.24     0.076
    -345.21     0.054
    -344.18    -0.041
    -343.15    -0.031
    -342.12    -0.010
    -341.09     0.022
    -340.06    -0.089
    -339.03    -0.096
    -338.00     0.067
    -336.97    -0.051
    -335.94    -0.054
    -334.91    -0.015
    -333.88    -0.029
    -332.85     0.044
    -331.81     0.004
    -330.78    -0.087
    -329.75     0.021
    -328.72    -0.003
    -327.69     0.042
    -326.66    -0.007
    -325.63    -0.052
    -324.60     0.043
    -323.57     0.068
    -322.54    -0.043
    -321.51    -0.030
    -320.48    -0.029
    -319.45     0.081
    -318.42    -0.030
    -317.39     0.043
    -316.36    -0.055
    -315.33    -0.033
    -314.30    -0.032
    -313.27     0.005
    -312.24     0.024
    -311.21     0.008
    -310.17    -0.004
    -309.14     0.045
    -308.11    -0.096
    -307.08     0.100
    -306.05     0.036
    -305.02     0.065
    -303.99     0.015
    -302.96     0.057
    -301.93     0.074
    -300.90     0.010
    -299.87    -0.015
    -298.84     0.021
    -297.81     0.006
    -296.78     0.011
    -295.75    -0.039
    -294.72     0.042
    -293.69    -0.036
    -292.66     0.011
    -291.63    -0.020
    -290.60    -0.024
    -289.57    -0.021
    -288.53    -0.006
    -287.50    -0.005
    -286.47     0.052
    -285.44    -0.024
    -284.41     0.034
    -283.38    -0.047
    -282.35     0.003
    -281.32     0.003
    -280.29     0.039
    -279.26    -0.053
    -278.23    -0.054
    -277.20    -0.002
    -276.17    -0.014
    -275.14     0.123
    -274.11    -0.021
    -273.08     0.046
    -272.05     0.120
    -271.02    -0.025
    -269.99    -0.012
    -268.96    -0.073
    -267.93    -0.004
    -266.89     0.070
    -265.86     0.015
    -264.83     0.026
    -263.80    -0.064
    -262.77    -0.059
    -261.74     0.049
    -260.71    -0.077
    -259.68     0.039
    -258.65    -0.002
    -257.62     0.009
    -256.59    -0.087
    -255.56     0.067
    -254.53    -0.009
    -253.50     0.064
    -252.47     0.060
    -251.44    -0.004
    -250.41     0.025
    -249.38    -0.071
    -248.35     0.014
    -247.32     0.056
    -246.28     0.011
    -245.25    -0.003
    -244.22     0.058
    -243.19    -0.059
    -242.16    -0.042
    -241.13     0.067
    -240.10     0.032
    -239.07     0.001
    -238.04     0.042
    -237.01     0.000
    -235.98    -0.037
    -234.95    -0.016
    -233.92    -0.048
    -232.89     0.067
    -231.86    -0.067
    -230.83     0.047
    -229.80     0.018
    -228.77    -0.047
    -227.74    -0.028
    -226.71    -0.100
    -225.68     0.001
    -224.64     0.130
    -223.61     0.032
    -222.58     0.097
    -221.55    -0.021
    -220.52     0.012
    -219.49     0.031
    -218.46     0.032
    -217.43    -0.052
    -216.40     0.002
    -215.37    -0.034
    -214.34    -0.020
    -213.31     0.027
    -212.28     0.044
    -211.25     0.006
    -210.22     0.058
    -209.19    -0.032
    -208.16    -0.025
    -207.13    -0.041
    -206.10     0.024
    -205.07    -0.015
    -204.04     0.034
    -203.00     0.003
    -201.97     0.131
    -200.94    -0.046
    -199.91     0.034
    -198.88    -0.014
    -197.85     0.064
    -196.82     0.032
    -195.79     0.037
    -194.76    -0.007
    -193.73    -0.041
    -192.70    -0.000
    -191.67     0.021
    -190.64    -0.009
    -189.61    -0.087
    -188.58     0.094
    -187.55    -0.013
    -186.52     0.016
    -185.49     0.077
    -184.46     0.025
    -183.43    -0.030
    -182.40     0.078
    -181.36     0.079
    -180.33     0.012
    -179.30    -0.084
    -178.27     0.024
    -177.24     0.023
    -176.21     0.072
    -175.18    -0.059
    -174.15     0.039
    -173.12    -0.028
    -172.09     0.053
    -171.06     0.034
    -170.03     0.026
    -169.00     0.060
    -167.97     0.030
    -166.94     0.032
    -165.91     0.009
    -164.88    -0.024
    -163.85     0.041
    -162.82     0.066
    -161.79     0.110
    -160.76     0.048
    -159.72    -0.058
    -158.69    -0.016
    -157.66     0.025
    -156.63     0.083
    -155.60     0.044
    -154.57     0.070
    -153.54    -0.014
    -152.51     0.022
    -151.48    -0.058
    -150.45     0.043
    -149.42    -0.010
    -148.39    -0.028
    -147.36    -0.028
    -146.33     0.104
    -145.30    -0.031
    -144.27     0.022
    -143.24    -0.064
    -142.21     0.101
    -141.18     0.042
    -140.15     0.094
    -139.11     0.035
    -138.08     0.115
    -137.05     0.081
    -136.02     0.189
    -134.99     0.134
    -133.96     0.129
    -132.93     0.123
    -131.90     0.141
    -130.87     0.221
    -129.84     0.410
    -128.81     0.296
    -127.78     0.438
    -126.75     0.501
    -125.72     0.507
    -124.69     0.589
    -123.66     0.565
    -122.63     0.588
    -121.60     0.771
    -120.57     0.657
    -119.54     0.741
    -118.51     0.702
    -117.47     0.826
    -116.44     0.907
    -115.41     0.977
    -114.38     1.116
    -113.35     1.079
    -112.32     1.210
    -111.29     1.335
    -110.26     1.451
    -109.23     1.543
    -108.20     1.685
    -107.17     1.874
    -106.14     1.977
    -105.11     2.111
    -104.08     2.251
    -103.05     2.194
    -102.02     2.127
    -100.99     2.008
     -99.96     1.941
     -98.93     1.951
     -97.90     1.828
     -96.87     1.714
     -95.83     1.601
     -94.80     1.686
     -93.77     1.521
     -92.74     1.670
     -91.71     1.683
     -90.68     1.702
     -89.65     1.676
     -88.62     1.809
     -87.59     1.883
     -86.56     2.040
     -85.53     2.002
     -84.50     2.128
     -83.47     2.106
     -82.44     2.201
     -81.41     2.095
     -80.38     2.170
     -79.35     1.926
     -78.32     2.036
     -77.29     1.786
     -76.26     1.799
     -75.23     1.600
     -74.19     1.578
     -73.16     1.417
     -72.13     1.402
     -71.10     1.259
     -70.07     1.079
     -69.04     0.995
     -68.01     1.052
     -66.98     0.861
     -65.95     0.801
     -64.92     0.806
     -63.89     0.743
     -62.86     0.656
     -61.83     0.653
     -60.80     0.655
     -59.77     0.605
     -58.74     0.553
     -57.71     0.604
     -56.68     0.543
     -55.65     0.520
     -54.62     0.641
     -53.58     0.584
     -52.55     0.672
     -51.52     0.607
     -50.49     0.455
     -49.46     0.539
     -48.43     0.521
     -47.40     0.607
     -46.37     0.531
     -45.34     0.706
     -44.31     0.574
     -43.28     0.729
     -42.25     0.709
     -41.22     0.704
     -40.19     0.773
     -39.16     0.823
     -38.13     0.777
     -37.10     0.862
     -36.07     0.969
     -35.04     1.015
     -34.01     1.070
     -32.98     1.193
     -31.94     1.379
     -30.91     1.572
     -29.88     1.676
     -28.85     2.038
     -27.82     2.095
     -26.79     2.409
     -25.76     2.704
     -24.73     3.123
     -23.70     3.704
     -22.67     4.352
     -21.64     5.143
     -20.61     6.023
     -19.58     6.698
     -18.55     7.534
     -17.52     8.242
     -16.49     8.873
     -15.46     9.173
     -14.43     9.361
     -13.40     9.437
     -12.37     9.514
     -11.34     9.656
     -10.30    10.195
      -9.27    10.678
      -8.24    11.672
      -7.21    12.871
      -6.18    14.001
      -5.15    15.378
      -4.12    16.661
      -3.09    18.224
      -2.06    20.031
      -1.03    21.910
       0.00    22.976
       1.03    23.012
       2.06    22.534
       3.09    21.961
       4.12    20.674
       5.15    17.759
       6.18    14.507
       7.21    12.242
       8.24    10.832
       9.27     9.680
      10.30     8.898
      11.34     7.991
      12.37     7.030
      13.40     6.283
      14.43     5.434
      15.46     4.682
      16.49     4.186
      17.52     3.664
      18.55     3.215
      19.58     2.754
      20.61     2.521
      21.64     2.171
      22.67     1.940
      23.70     1.710
      24.73     1.549
      25.76     1.314
      26.79     1.284
      27.82     0.930
      28.85     0.901
      29.88     0.782
      30.91     0.677
      31.94     0.519
      32.98     0.430
      34.01     0.409
      35.04     0.326
      36.07     0.148
      37.10     0.282
      38.13     0.166
      39.16     0.234
      40.19     0.222
      41.22     0.087
      42.25     0.093
      43.28     0.152
      44.31     0.013
      45.34     0.158
      46.37     0.111
      47.40     0.024
      48.43     0.050
      49.46     0.052
      50.49    -0.044
      51.52     0.074
      52.55    -0.092
      53.59     0.010
      54.62     0.036
      55.65     0.090
      56.68     0.094
      57.71     0.073
      58.74     0.021
      59.77     0.008
      60.80     0.033
      61.83     0.011
      62.86     0.003
      63.89     0.031
      64.92     0.063
      65.95     0.094
      66.98    -0.088
      68.01     0.036
      69.04     0.096
      70.07     0.008
      71.10     0.020
      72.13    -0.006
      73.16     0.030
      74.19     0.078
      75.23     0.071
      76.26     0.026
      77.29     0.105
      78.32     0.012
      79.35    -0.052
      80.38    -0.011
      81.41     0.037
      82.44     0.019
      83.47    -0.013
      84.50    -0.014
      85.53    -0.011
      86.56    -0.011
      87.59     0.013
      88.62    -0.032
      89.65     0.071
      90.68     0.044
      91.71    -0.005
      92.74    -0.013
      93.77    -0.011
      94.80    -0.032
      95.83    -0.038
      96.87    -0.123
      97.90    -0.011
      98.93     0.020
      99.96     0.037
     100.99     0.107
     102.02     0.109
     103.05     0.014
     104.08     0.072
     105.11    -0.060
     106.14     0.086
     107.17     0.066
     108.20     0.096
     109.23     0.023
     110.26     0.032
     111.29    -0.085
     112.32     0.023
     113.35     0.032
     114.38     0.025
     115.41    -0.039
     116.44     0.042
     117.47     0.109
     118.51     0.028
     119.54     0.100
     120.57    -0.012
     121.60     0.046
     122.63    -0.034
     123.66     0.118
     124.69     0.026
     125.72     0.001
     126.75     0.128
     127.78     0.039
     128.81     0.005
     129.84    -0.038
     130.87    -0.055
     131.90    -0.011
     132.93    -0.057
     133.96     0.031
     134.99     0.000
     136.02     0.028
     137.05     0.003
     138.08     0.011
     139.11    -0.037
     140.15     0.014
     141.18     0.023
     142.21    -0.021
     143.24    -0.015
     144.27    -0.014
     145.30     0.017
     146.33    -0.078
     147.36     0.020
     148.39     0.054
     149.42     0.034
     150.45     0.025
     151.48    -0.016
     152.51     0.023
     153.54    -0.038
     154.57     0.072
     155.60     0.006
     156.63     0.051
     157.66    -0.078
     158.69     0.015
     159.72    -0.028
     160.76     0.002
     161.79     0.027
     162.82    -0.040
     163.85    -0.007
     164.88     0.111
     165.91     0.008
     166.94    -0.016
     167.97    -0.039
     169.00     0.120
     170.03    -0.048
     171.06     0.055
     172.09    -0.044
     173.12     0.005
     174.15    -0.005
     175.18    -0.043
     176.21     0.010
     177.24    -0.044
     178.27    -0.045
     179.30    -0.066
     180.33    -0.030
     181.36    -0.026
     182.40     0.073
     183.43     0.006
     184.46    -0.040
     185.49     0.091
     186.52    -0.078
     187.55     0.018
     188.58    -0.033
     189.61     0.011
     190.64     0.004
     191.67     0.045
     192.70    -0.002
     193.73     0.115
     194.76     0.002
     195.79     0.031
     196.82    -0.000
     197.85    -0.046
     198.88    -0.013
     199.91     0.022
     200.94     0.009
     201.97     0.081
     203.00    -0.058
     204.04    -0.018
     205.07     0.006
     206.10     0.034
     207.13    -0.020
     208.16    -0.013
     209.19    -0.061
     210.22     0.016
     211.25    -0.009
     212.28     0.045
     213.31     0.009
     214.34    -0.027
     215.37    -0.027
     216.40     0.157
     217.43    -0.060
     218.46     0.049
     219.49    -0.109
     220.52    -0.008
     221.55    -0.034
     222.58     0.022
     223.61    -0.072
     224.64     0.051
     225.68    -0.096
     226.71     0.046
     227.74    -0.033
     228.77     0.054
     229.80     0.023
     230.83    -0.023
     231.86    -0.031
     232.89     0.090
     233.92     0.059
     234.95     0.069
     235.98    -0.027
     237.01    -0.004
     238.04    -0.030
     239.07     0.062
     240.10     0.080
     241.13    -0.020
     242.16    -0.097
     243.19     0.081
     244.22    -0.024
     245.25    -0.117
     246.28     0.047
     247.32     0.025
     248.35     0.055
     249.38     0.020
     250.41    -0.019
     251.44    -0.002
     252.47     0.008
     253.50     0.137
     254.53    -0.019
     255.56    -0.038
     256.59    -0.068
     257.62    -0.036
     258.65    -0.061
     259.68    -0.170
     260.71     0.036
     261.74    -0.050
     262.77    -0.145
     263.80     0.027
     264.83     0.067
     265.86     0.021
     266.89    -0.036
     267.93     0.030
     268.96     0.048
     269.99     0.060
     271.02    -0.061
     272.05     0.029
     273.08    -0.007
     274.11     0.005
     275.14    -0.008
     276.17    -0.000
     277.20    -0.017
     278.23     0.077
     279.26     0.008
     280.29     0.180
     281.32    -0.018
     282.35     0.060
     283.38    -0.066
     284.41     0.109
     285.44     0.015
     286.47     0.002
     287.50    -0.015
     288.53    -0.012
     289.57     0.024
     290.60     0.057
     291.63    -0.026
     292.66    -0.038
     293.69    -0.093
     294.72     0.023
     295.75    -0.025
     296.78     0.034
     297.81     0.005
     298.84    -0.011
     299.87    -0.039
     300.90    -0.060
     301.93    -0.099
     302.96    -0.005
     303.99    -0.047
     305.02     0.021
     306.05    -0.047
     307.08    -0.013
     308.11     0.073
     309.14     0.105
     310.17     0.011
     311.21     0.051
     312.24    -0.010
     313.27    -0.018
     314.30    -0.039
     315.33    -0.022
     316.36    -0.001
     317.39    -0.002
     318.42    -0.014
     319.45    -0.028
     320.48    -0.079
     321.51    -0.078
     322.54    -0.060
     323.57     0.070
     324.60    -0.023
     325.63     0.051
     326.66    -0.057
     327.69     0.086
     328.72    -0.041
     329.75     0.060
     330.78     0.011
     331.81     0.034
     332.85     0.026
     333.88     0.042
     334.91     0.055
     335.94     0.084
     336.97    -0.067
     338.00     0.034
     339.03    -0.020
     340.06     0.064
     341.09     0.003
     342.12     0.032
     343.15    -0.086
     344.18    -0.004
     345.21     0.007
     346.24     0.039
     347.27    -0.022
     348.30     0.049
     349.33    -0.052
     350.36     0.033
     351.39     0.051
     352.42     0.000
     353.45    -0.016
     354.49     0.063
     355.52    -0.056
     356.55    -0.088
     357.58     0.036
     358.61     0.062
     359.64    -0.027
     360.67     0.041
     361.70    -0.031
     362.73     0.064
     363.76     0.045
     364.79    -0.038
     365.82    -0.017
     366.85     0.005
     367.88     0.029
     368.91    -0.040
     369.94     0.046
     370.97    -0.122
     372.00    -0.017
     373.03     0.069
     374.06     0.019
     375.10    -0.008
     376.13    -0.041
     377.16     0.006
     378.19    -0.056
     379.22     0.017
     380.25    -0.079
     381.28    -0.027
     382.31    -0.008
     383.34    -0.074
     384.37     0.037
     385.40     0.064
     386.43     0.011
     387.46     0.075
     388.49    -0.006
     389.52     0.025
     390.55    -0.086
     391.58    -0.011
     392.61     0.044
     393.64    -0.007
     394.67    -0.019
     395.70    -0.056
     396.74    -0.056
     397.77     0.004
     398.80     0.079
     399.83     0.073