%%LAB     777  datapoints: v_lsr [km/s] and T_B [K]
    -399.87     0.047
    -398.84    -0.067
    -397.81    -0.009
    -396.78     0.036
    -395.75     0.029
    -394.72    -0.007
    -393.69    -0.040
    -392.66    -0.015
    -391.63     0.038
    -390.60     0.028
    -389.57    -0.024
    -388.54    -0.014
    -387.51     0.028
    -386.48     0.019
    -385.44     0.011
    -384.41    -0.026
    -383.38    -0.049
    -382.35     0.066
    -381.32    -0.042
    -380.29     0.000
    -379.26     0.010
    -378.23    -0.034
    -377.20    -0.020
    -376.17     0.095
    -375.14     0.018
    -374.11     0.002
    -373.08     0.125
    -372.05    -0.048
    -371.02    -0.043
    -369.99    -0.070
    -368.96    -0.040
    -367.92    -0.058
    -366.89     0.047
    -365.86     0.006
    -364.83     0.070
    -363.80    -0.052
    -362.77     0.000
    -361.74    -0.019
    -360.71     0.057
    -359.68     0.052
    -358.65    -0.020
    -357.62    -0.004
    -356.59     0.058
    -355.56    -0.066
    -354.53     0.017
    -353.50     0.002
    -352.47    -0.021
    -351.43     0.018
    -350.40     0.043
    -349.37     0.021
    -348.34     0.007
    -347.31     0.040
    -346.28     0.026
    -345.25    -0.003
    -344.22    -0.022
    -343.19     0.032
    -342.16    -0.061
    -341.13    -0.018
    -340.10     0.056
    -339.07    -0.046
    -338.04    -0.017
    -337.01     0.087
    -335.98     0.034
    -334.95    -0.003
    -333.91     0.042
    -332.88    -0.100
    -331.85     0.032
    -330.82    -0.009
    -329.79     0.148
    -328.76     0.002
    -327.73     0.050
    -326.70    -0.006
    -325.67    -0.012
    -324.64    -0.042
    -323.61     0.041
    -322.58    -0.098
    -321.55    -0.013
    -320.52    -0.012
    -319.49    -0.075
    -318.46    -0.023
    -317.43     0.063
    -316.39    -0.027
    -315.36    -0.025
    -314.33     0.026
    -313.30     0.017
    -312.27    -0.089
    -311.24    -0.035
    -310.21     0.112
    -309.18     0.020
    -308.15     0.027
    -307.12     0.001
    -306.09     0.011
    -305.06     0.092
    -304.03    -0.015
    -303.00     0.013
    -301.97    -0.017
    -300.94    -0.001
    -299.90    -0.007
    -298.87     0.074
    -297.84     0.008
    -296.81    -0.009
    -295.78    -0.048
    -294.75    -0.002
    -293.72    -0.018
    -292.69    -0.035
    -291.66    -0.100
    -290.63     0.088
    -289.60    -0.013
    -288.57     0.017
    -287.54    -0.001
    -286.51    -0.007
    -285.48    -0.006
    -284.45     0.091
    -283.42     0.029
    -282.38     0.026
    -281.35    -0.064
    -280.32    -0.043
    -279.29     0.040
    -278.26     0.060
    -277.23     0.022
    -276.20    -0.008
    -275.17     0.022
    -274.14     0.095
    -273.11    -0.146
    -272.08    -0.045
    -271.05    -0.033
    -270.02     0.014
    -268.99     0.053
    -267.96     0.030
    -266.93     0.001
    -265.89    -0.032
    -264.86    -0.004
    -263.83     0.004
    -262.80    -0.007
    -261.77    -0.047
    -260.74    -0.024
    -259.71     0.014
    -258.68    -0.079
    -257.65    -0.026
    -256.62    -0.003
    -255.59     0.065
    -254.56    -0.027
    -253.53     0.103
    -252.50     0.053
    -251.47     0.044
    -250.44    -0.110
    -249.41     0.010
    -248.37    -0.062
    -247.34    -0.094
    -246.31    -0.004
    -245.28     0.060
    -244.25    -0.077
    -243.22    -0.007
    -242.19    -0.016
    -241.16    -0.009
    -240.13    -0.043
    -239.10     0.082
    -238.07    -0.041
    -237.04    -0.041
    -236.01    -0.012
    -234.98    -0.045
    -233.95     0.026
    -232.92     0.002
    -231.89     0.048
    -230.85     0.004
    -229.82    -0.004
    -228.79     0.031
    -227.76    -0.008
    -226.73     0.081
    -225.70    -0.001
    -224.67     0.020
    -223.64    -0.039
    -222.61    -0.010
    -221.58     0.009
    -220.55     0.038
    -219.52    -0.020
    -218.49     0.018
    -217.46    -0.042
    -216.43    -0.031
    -215.40    -0.035
    -214.36     0.055
    -213.33    -0.018
    -212.30     0.043
    -211.27     0.068
    -210.24     0.015
    -209.21    -0.022
    -208.18    -0.008
    -207.15    -0.039
    -206.12    -0.037
    -205.09    -0.046
    -204.06     0.015
    -203.03     0.029
    -202.00     0.045
    -200.97    -0.043
    -199.94     0.035
    -198.91    -0.020
    -197.88    -0.028
    -196.84     0.025
    -195.81    -0.047
    -194.78     0.000
    -193.75     0.037
    -192.72    -0.006
    -191.69     0.055
    -190.66    -0.022
    -189.63     0.021
    -188.60     0.042
    -187.57    -0.049
    -186.54    -0.053
    -185.51     0.097
    -184.48    -0.020
    -183.45     0.039
    -182.42     0.043
    -181.39     0.053
    -180.36     0.030
    -179.32    -0.077
    -178.29    -0.071
    -177.26     0.034
    -176.23     0.013
    -175.20     0.010
    -174.17    -0.017
    -173.14    -0.071
    -172.11     0.051
    -171.08     0.031
    -170.05    -0.057
    -169.02    -0.013
    -167.99    -0.056
    -166.96    -0.058
    -165.93    -0.002
    -164.90     0.027
    -163.87     0.014
    -162.83     0.002
    -161.80    -0.012
    -160.77    -0.055
    -159.74    -0.078
    -158.71     0.034
    -157.68     0.019
    -156.65    -0.052
    -155.62     0.003
    -154.59    -0.007
    -153.56     0.027
    -152.53    -0.044
    -151.50    -0.079
    -150.47     0.026
    -149.44    -0.006
    -148.41    -0.051
    -147.38     0.082
    -146.35     0.084
    -145.31    -0.005
    -144.28     0.020
    -143.25     0.005
    -142.22     0.092
    -141.19    -0.029
    -140.16    -0.004
    -139.13    -0.007
    -138.10    -0.037
    -137.07     0.042
    -136.04     0.073
    -135.01    -0.085
    -133.98     0.027
    -132.95     0.028
    -131.92     0.021
    -130.89    -0.015
    -129.86     0.127
    -128.83     0.024
    -127.79     0.017
    -126.76     0.030
    -125.73     0.083
    -124.70     0.087
    -123.67     0.044
    -122.64     0.036
    -121.61     0.008
    -120.58     0.006
    -119.55     0.005
    -118.52     0.020
    -117.49     0.062
    -116.46    -0.087
    -115.43     0.041
    -114.40    -0.042
    -113.37     0.009
    -112.34     0.062
    -111.30     0.118
    -110.27     0.040
    -109.24    -0.010
    -108.21     0.030
    -107.18     0.127
    -106.15     0.081
    -105.12     0.021
    -104.09     0.040
    -103.06     0.066
    -102.03     0.067
    -101.00     0.072
     -99.97     0.054
     -98.94     0.074
     -97.91     0.044
     -96.88     0.100
     -95.85     0.037
     -94.82     0.063
     -93.78     0.030
     -92.75     0.122
     -91.72     0.069
     -90.69     0.115
     -89.66     0.063
     -88.63     0.155
     -87.60     0.063
     -86.57     0.139
     -85.54     0.045
     -84.51     0.150
     -83.48     0.145
     -82.45     0.129
     -81.42     0.126
     -80.39     0.176
     -79.36     0.160
     -78.33     0.205
     -77.30     0.182
     -76.26     0.232
     -75.23     0.232
     -74.20     0.297
     -73.17     0.362
     -72.14     0.403
     -71.11     0.343
     -70.08     0.441
     -69.05     0.524
     -68.02     0.579
     -66.99     0.455
     -65.96     0.525
     -64.93     0.583
     -63.90     0.582
     -62.87     0.567
     -61.84     0.654
     -60.81     0.710
     -59.77     0.699
     -58.74     0.633
     -57.71     0.691
     -56.68     0.732
     -55.65     0.714
     -54.62     0.692
     -53.59     0.704
     -52.56     0.694
     -51.53     0.699
     -50.50     0.728
     -49.47     0.814
     -48.44     0.831
     -47.41     0.927
     -46.38     0.963
     -45.35     1.191
     -44.32     1.130
     -43.29     1.316
     -42.25     1.643
     -41.22     2.039
     -40.19     2.534
     -39.16     3.091
     -38.13     3.680
     -37.10     4.624
     -36.07     5.664
     -35.04     6.864
     -34.01     7.524
     -32.98     7.992
     -31.95     7.859
     -30.92     8.016
     -29.89     8.149
     -28.86     8.108
     -27.83     8.171
     -26.80     8.442
     -25.77     8.528
     -24.73     8.250
     -23.70     7.838
     -22.67     7.401
     -21.64     6.775
     -20.61     6.091
     -19.58     5.684
     -18.55     5.452
     -17.52     5.393
     -16.49     5.555
     -15.46     5.937
     -14.43     6.414
     -13.40     7.087
     -12.37     8.392
     -11.34     9.297
     -10.31    10.015
      -9.28    10.111
      -8.24    10.139
      -7.21    10.405
      -6.18    10.915
      -5.15    12.695
      -4.12    15.622
      -3.09    19.408
      -2.06    22.190
      -1.03    23.881
       0.00    25.200
       1.03    25.509
       2.06    23.398
       3.09    19.667
       4.12    15.820
       5.15    12.818
       6.18    10.195
       7.21     8.013
       8.24     6.600
       9.28     5.183
      10.31     4.281
      11.34     3.415
      12.37     2.736
      13.40     2.166
      14.43     1.742
      15.46     1.352
      16.49     1.021
      17.52     0.678
      18.55     0.608
      19.58     0.386
      20.61     0.350
      21.64     0.200
      22.67     0.197
      23.70     0.143
      24.73     0.056
      25.77     0.061
      26.80     0.033
      27.83    -0.038
      28.86     0.013
      29.89    -0.005
      30.92     0.120
      31.95     0.029
      32.98     0.011
      34.01    -0.032
      35.04     0.037
      36.07     0.023
      37.10     0.091
      38.13     0.004
      39.16     0.062
      40.19     0.005
      41.22     0.016
      42.25    -0.004
      43.29    -0.011
      44.32    -0.049
      45.35    -0.038
      46.38     0.014
      47.41    -0.105
      48.44     0.039
      49.47    -0.009
      50.50    -0.032
      51.53    -0.019
      52.56     0.048
      53.59     0.080
      54.62     0.097
      55.65     0.053
      56.68    -0.003
      57.71     0.106
      58.74     0.122
      59.77    -0.005
      60.81     0.080
      61.84    -0.020
      62.87    -0.011
      63.90     0.008
      64.93    -0.035
      65.96     0.032
      66.99     0.035
      68.02     0.041
      69.05    -0.041
      70.08     0.033
      71.11     0.041
      72.14     0.170
      73.17    -0.017
      74.20     0.026
      75.23    -0.050
      76.26     0.019
      77.30    -0.014
      78.33     0.101
      79.36    -0.014
      80.39     0.044
      81.42    -0.042
      82.45     0.010
      83.48     0.010
      84.51    -0.028
      85.54    -0.001
      86.57     0.072
      87.60    -0.054
      88.63    -0.021
      89.66     0.051
      90.69     0.058
      91.72     0.023
      92.75    -0.071
      93.78     0.024
      94.82    -0.037
      95.85    -0.093
      96.88     0.062
      97.91    -0.102
      98.94     0.095
      99.97     0.016
     101.00     0.018
     102.03     0.018
     103.06    -0.014
     104.09    -0.003
     105.12     0.013
     106.15     0.064
     107.18     0.077
     108.21    -0.079
     109.24     0.006
     110.27     0.035
     111.30    -0.020
     112.34    -0.005
     113.37     0.033
     114.40    -0.046
     115.43     0.002
     116.46    -0.023
     117.49    -0.029
     118.52     0.043
     119.55     0.054
     120.58    -0.007
     121.61     0.008
     122.64    -0.002
     123.67     0.035
     124.70     0.001
     125.73     0.066
     126.76     0.000
     127.79     0.006
     128.83     0.040
     129.86    -0.050
     130.89     0.040
     131.92    -0.006
     132.95    -0.033
     133.98     0.037
     135.01     0.021
     136.04    -0.036
     137.07    -0.033
     138.10    -0.011
     139.13    -0.046
     140.16     0.081
     141.19     0.030
     142.22     0.060
     143.25     0.054
     144.28     0.040
     145.31     0.007
     146.35     0.045
     147.38     0.058
     148.41     0.026
     149.44     0.004
     150.47    -0.078
     151.50    -0.031
     152.53    -0.014
     153.56     0.040
     154.59    -0.026
     155.62    -0.034
     156.65     0.012
     157.68    -0.052
     158.71     0.087
     159.74     0.029
     160.77     0.016
     161.80    -0.014
     162.83    -0.051
     163.87     0.083
     164.90     0.012
     165.93    -0.001
     166.96    -0.050
     167.99     0.004
     169.02     0.033
     170.05     0.045
     171.08     0.059
     172.11    -0.012
     173.14     0.047
     174.17    -0.131
     175.20    -0.024
     176.23    -0.078
     177.26     0.004
     178.29     0.017
     179.32    -0.043
     180.36    -0.040
     181.39     0.013
     182.42    -0.037
     183.45     0.054
     184.48    -0.015
     185.51     0.040
     186.54     0.024
     187.57    -0.000
     188.60    -0.079
     189.63     0.088
     190.66    -0.017
     191.69     0.027
     192.72     0.017
     193.75     0.026
     194.78     0.052
     195.81     0.064
     196.84    -0.064
     197.88     0.028
     198.91    -0.081
     199.94    -0.021
     200.97     0.023
     202.00     0.104
     203.03    -0.084
     204.06     0.043
     205.09    -0.079
     206.12    -0.001
     207.15    -0.026
     208.18    -0.047
     209.21     0.000
     210.24     0.013
     211.27     0.028
     212.30    -0.015
     213.33    -0.050
     214.36     0.023
     215.40     0.012
     216.43    -0.021
     217.46    -0.083
     218.49     0.028
     219.52    -0.107
     220.55     0.050
     221.58    -0.090
     222.61     0.068
     223.64     0.010
     224.67    -0.016
     225.70    -0.048
     226.73     0.061
     227.76    -0.046
     228.79     0.084
     229.82    -0.029
     230.85    -0.006
     231.89    -0.073
     232.92     0.115
     233.95    -0.065
     234.98    -0.005
     236.01    -0.050
     237.04    -0.048
     238.07     0.057
     239.10    -0.045
     240.13    -0.019
     241.16     0.041
     242.19     0.032
     243.22     0.000
     244.25    -0.054
     245.28     0.009
     246.31     0.029
     247.34     0.006
     248.37    -0.021
     249.41    -0.001
     250.44     0.057
     251.47     0.084
     252.50    -0.018
     253.53     0.037
     254.56     0.040
     255.59     0.095
     256.62     0.062
     257.65    -0.096
     258.68    -0.026
     259.71    -0.003
     260.74    -0.039
     261.77    -0.008
     262.80    -0.012
     263.83    -0.020
     264.86     0.069
     265.90    -0.005
     266.93    -0.051
     267.96     0.021
     268.99    -0.052
     270.02     0.030
     271.05    -0.033
     272.08     0.054
     273.11    -0.025
     274.14     0.049
     275.17    -0.017
     276.20    -0.024
     277.23    -0.032
     278.26    -0.002
     279.29     0.057
     280.32    -0.039
     281.35    -0.022
     282.38     0.059
     283.42     0.007
     284.45    -0.040
     285.48     0.036
     286.51    -0.005
     287.54    -0.017
     288.57    -0.029
     289.60     0.001
     290.63     0.002
     291.66     0.023
     292.69     0.060
     293.72    -0.049
     294.75     0.010
     295.78     0.063
     296.81    -0.002
     297.84     0.002
     298.87     0.026
     299.90     0.004
     300.94     0.100
     301.97    -0.148
     303.00    -0.087
     304.03     0.047
     305.06     0.023
     306.09     0.024
     307.12    -0.008
     308.15    -0.032
     309.18     0.011
     310.21    -0.020
     311.24    -0.051
     312.27    -0.038
     313.30     0.061
     314.33     0.009
     315.36     0.055
     316.39     0.084
     317.43    -0.049
     318.46     0.025
     319.49     0.037
     320.52     0.005
     321.55     0.033
     322.58    -0.010
     323.61     0.070
     324.64    -0.072
     325.67     0.023
     326.70    -0.027
     327.73     0.073
     328.76     0.030
     329.79     0.045
     330.82    -0.069
     331.85    -0.027
     332.88    -0.009
     333.91    -0.114
     334.95    -0.090
     335.98     0.062
     337.01    -0.122
     338.04     0.075
     339.07    -0.018
     340.10     0.073
     341.13    -0.024
     342.16     0.055
     343.19     0.073
     344.22    -0.060
     345.25    -0.026
     346.28    -0.026
     347.31    -0.034
     348.34    -0.049
     349.37     0.019
     350.40    -0.072
     351.43     0.135
     352.47    -0.021
     353.50     0.025
     354.53     0.017
     355.56    -0.043
     356.59     0.100
     357.62     0.037
     358.65     0.056
     359.68    -0.090
     360.71     0.041
     361.74     0.003
     362.77    -0.035
     363.80    -0.021
     364.83     0.048
     365.86    -0.025
     366.89    -0.080
     367.92     0.056
     368.96     0.065
     369.99    -0.041
     371.02     0.108
     372.05     0.065
     373.08    -0.070
     374.11     0.019
     375.14     0.004
     376.17    -0.096
     377.20    -0.005
     378.23    -0.023
     379.26     0.015
     380.29    -0.044
     381.32    -0.015
     382.35    -0.049
     383.38     0.020
     384.41    -0.022
     385.44     0.033
     386.48     0.096
     387.51     0.007
     388.54    -0.011
     389.57    -0.005
     390.60     0.040
     391.63    -0.057
     392.66    -0.006
     393.69     0.095
     394.72    -0.007
     395.75     0.110
     396.78     0.014
     397.81     0.001
     398.84     0.060
     399.87    -0.001