%%LAB     777  datapoints: v_lsr [km/s] and T_B [K]
    -399.86     0.027
    -398.83    -0.101
    -397.80    -0.029
    -396.77     0.000
    -395.74    -0.039
    -394.71    -0.008
    -393.68     0.009
    -392.65     0.026
    -391.62    -0.061
    -390.59    -0.045
    -389.56    -0.030
    -388.53     0.027
    -387.50     0.034
    -386.47    -0.058
    -385.44     0.041
    -384.41     0.033
    -383.37     0.089
    -382.34     0.057
    -381.31     0.011
    -380.28    -0.054
    -379.25    -0.035
    -378.22     0.020
    -377.19     0.015
    -376.16    -0.000
    -375.13    -0.003
    -374.10    -0.050
    -373.07     0.056
    -372.04    -0.034
    -371.01    -0.025
    -369.98     0.049
    -368.95     0.022
    -367.92    -0.047
    -366.89    -0.015
    -365.85    -0.094
    -364.82     0.042
    -363.79     0.034
    -362.76     0.001
    -361.73    -0.013
    -360.70    -0.090
    -359.67    -0.055
    -358.64     0.026
    -357.61    -0.056
    -356.58    -0.015
    -355.55    -0.036
    -354.52     0.058
    -353.49    -0.063
    -352.46    -0.047
    -351.43    -0.065
    -350.40    -0.066
    -349.37     0.031
    -348.34     0.023
    -347.30    -0.076
    -346.27    -0.032
    -345.24    -0.008
    -344.21     0.000
    -343.18     0.006
    -342.15     0.047
    -341.12     0.013
    -340.09     0.038
    -339.06    -0.039
    -338.03    -0.013
    -337.00     0.035
    -335.97    -0.026
    -334.94    -0.111
    -333.91     0.072
    -332.88     0.013
    -331.85    -0.080
    -330.82    -0.045
    -329.78     0.025
    -328.75     0.064
    -327.72    -0.003
    -326.69     0.057
    -325.66     0.066
    -324.63    -0.105
    -323.60     0.007
    -322.57    -0.007
    -321.54     0.036
    -320.51     0.055
    -319.48     0.036
    -318.45     0.059
    -317.42    -0.018
    -316.39     0.032
    -315.36     0.028
    -314.33    -0.010
    -313.30     0.011
    -312.26     0.045
    -311.23     0.003
    -310.20     0.052
    -309.17     0.024
    -308.14     0.001
    -307.11     0.069
    -306.08     0.012
    -305.05    -0.015
    -304.02    -0.018
    -302.99     0.019
    -301.96    -0.029
    -300.93     0.158
    -299.90     0.082
    -298.87    -0.039
    -297.84    -0.002
    -296.81    -0.072
    -295.78    -0.060
    -294.75    -0.057
    -293.71     0.044
    -292.68     0.086
    -291.65     0.103
    -290.62     0.011
    -289.59    -0.041
    -288.56     0.005
    -287.53     0.022
    -286.50     0.070
    -285.47    -0.038
    -284.44     0.144
    -283.41     0.061
    -282.38     0.033
    -281.35     0.037
    -280.32    -0.013
    -279.29     0.078
    -278.26     0.034
    -277.23    -0.035
    -276.19     0.065
    -275.16     0.078
    -274.13     0.121
    -273.10    -0.017
    -272.07    -0.013
    -271.04    -0.024
    -270.01    -0.104
    -268.98    -0.011
    -267.95    -0.013
    -266.92    -0.015
    -265.89    -0.005
    -264.86    -0.043
    -263.83    -0.006
    -262.80    -0.045
    -261.77     0.155
    -260.74     0.025
    -259.71     0.055
    -258.67     0.130
    -257.64     0.029
    -256.61    -0.019
    -255.58    -0.008
    -254.55    -0.050
    -253.52     0.030
    -252.49    -0.029
    -251.46    -0.026
    -250.43    -0.019
    -249.40    -0.080
    -248.37    -0.056
    -247.34    -0.070
    -246.31    -0.098
    -245.28     0.031
    -244.25    -0.057
    -243.22    -0.014
    -242.19     0.020
    -241.16     0.055
    -240.12    -0.003
    -239.09     0.092
    -238.06     0.029
    -237.03     0.033
    -236.00     0.013
    -234.97     0.078
    -233.94    -0.066
    -232.91    -0.012
    -231.88     0.081
    -230.85    -0.096
    -229.82    -0.036
    -228.79     0.077
    -227.76    -0.168
    -226.73     0.009
    -225.70     0.052
    -224.67    -0.041
    -223.64    -0.021
    -222.60     0.108
    -221.57    -0.013
    -220.54     0.007
    -219.51    -0.054
    -218.48     0.103
    -217.45     0.067
    -216.42     0.199
    -215.39     0.020
    -214.36    -0.015
    -213.33     0.062
    -212.30     0.047
    -211.27    -0.042
    -210.24    -0.015
    -209.21    -0.007
    -208.18    -0.002
    -207.15     0.011
    -206.12     0.009
    -205.08    -0.058
    -204.05     0.014
    -203.02     0.010
    -201.99     0.010
    -200.96    -0.036
    -199.93     0.110
    -198.90     0.060
    -197.87     0.107
    -196.84    -0.042
    -195.81     0.009
    -194.78     0.045
    -193.75    -0.032
    -192.72     0.004
    -191.69    -0.014
    -190.66    -0.076
    -189.63     0.052
    -188.60    -0.060
    -187.57     0.112
    -186.53     0.031
    -185.50    -0.117
    -184.47     0.049
    -183.44    -0.065
    -182.41    -0.082
    -181.38     0.000
    -180.35     0.017
    -179.32    -0.015
    -178.29     0.028
    -177.26    -0.037
    -176.23    -0.132
    -175.20    -0.089
    -174.17    -0.102
    -173.14     0.034
    -172.11     0.013
    -171.08     0.107
    -170.05     0.045
    -169.01     0.001
    -167.98     0.007
    -166.95     0.070
    -165.92    -0.037
    -164.89     0.001
    -163.86     0.038
    -162.83    -0.025
    -161.80    -0.084
    -160.77     0.057
    -159.74    -0.044
    -158.71    -0.044
    -157.68    -0.115
    -156.65     0.025
    -155.62     0.029
    -154.59    -0.050
    -153.56    -0.118
    -152.53    -0.010
    -151.49    -0.024
    -150.46     0.094
    -149.43     0.046
    -148.40    -0.016
    -147.37     0.029
    -146.34     0.008
    -145.31     0.016
    -144.28     0.009
    -143.25    -0.070
    -142.22    -0.084
    -141.19    -0.010
    -140.16    -0.003
    -139.13     0.019
    -138.10     0.063
    -137.07    -0.012
    -136.04     0.100
    -135.01     0.022
    -133.98    -0.000
    -132.94     0.082
    -131.91     0.085
    -130.88     0.017
    -129.85    -0.148
    -128.82    -0.042
    -127.79     0.039
    -126.76     0.030
    -125.73    -0.015
    -124.70     0.013
    -123.67     0.129
    -122.64     0.047
    -121.61     0.080
    -120.58    -0.002
    -119.55     0.059
    -118.52     0.067
    -117.49     0.091
    -116.46     0.086
    -115.42     0.063
    -114.39     0.109
    -113.36     0.108
    -112.33     0.116
    -111.30     0.088
    -110.27     0.123
    -109.24     0.115
    -108.21     0.031
    -107.18     0.224
    -106.15     0.137
    -105.12     0.139
    -104.09     0.192
    -103.06     0.272
    -102.03     0.296
    -101.00     0.170
     -99.97     0.310
     -98.94     0.311
     -97.90     0.287
     -96.87     0.422
     -95.84     0.387
     -94.81     0.528
     -93.78     0.524
     -92.75     0.546
     -91.72     0.669
     -90.69     0.631
     -89.66     0.699
     -88.63     0.762
     -87.60     0.793
     -86.57     0.943
     -85.54     0.901
     -84.51     0.997
     -83.48     1.004
     -82.45     1.169
     -81.42     1.083
     -80.39     1.291
     -79.35     1.226
     -78.32     1.361
     -77.29     1.470
     -76.26     1.510
     -75.23     1.534
     -74.20     1.580
     -73.17     1.645
     -72.14     1.839
     -71.11     1.785
     -70.08     1.824
     -69.05     1.744
     -68.02     1.691
     -66.99     1.875
     -65.96     1.812
     -64.93     1.838
     -63.90     1.935
     -62.87     1.826
     -61.83     1.911
     -60.80     1.939
     -59.77     1.939
     -58.74     1.906
     -57.71     1.936
     -56.68     1.900
     -55.65     1.930
     -54.62     2.008
     -53.59     2.011
     -52.56     2.009
     -51.53     1.946
     -50.50     2.085
     -49.47     2.166
     -48.44     2.259
     -47.41     2.284
     -46.38     2.380
     -45.35     2.544
     -44.31     2.521
     -43.28     2.889
     -42.25     2.989
     -41.22     3.163
     -40.19     3.345
     -39.16     3.811
     -38.13     4.206
     -37.10     4.605
     -36.07     5.051
     -35.04     5.641
     -34.01     6.370
     -32.98     6.967
     -31.95     7.517
     -30.92     7.689
     -29.89     8.093
     -28.86     8.306
     -27.83     8.582
     -26.80     8.991
     -25.76     9.303
     -24.73     9.819
     -23.70    10.465
     -22.67    11.078
     -21.64    11.603
     -20.61    11.779
     -19.58    12.158
     -18.55    12.410
     -17.52    12.499
     -16.49    12.971
     -15.46    13.509
     -14.43    14.349
     -13.40    15.582
     -12.37    16.891
     -11.34    18.644
     -10.31    20.829
      -9.28    23.442
      -8.24    26.567
      -7.21    29.367
      -6.18    31.339
      -5.15    32.461
      -4.12    33.286
      -3.09    34.389
      -2.06    35.729
      -1.03    37.064
       0.00    38.901
       1.03    41.084
       2.06    42.093
       3.09    41.664
       4.12    39.937
       5.15    38.039
       6.18    36.961
       7.21    35.773
       8.24    34.298
       9.28    33.005
      10.31    31.868
      11.34    30.855
      12.37    29.222
      13.40    25.830
      14.43    21.497
      15.46    16.789
      16.49    12.373
      17.52     8.647
      18.55     5.950
      19.58     4.167
      20.61     2.983
      21.64     2.255
      22.67     1.833
      23.70     1.433
      24.73     1.120
      25.76     0.910
      26.79     0.703
      27.83     0.568
      28.86     0.522
      29.89     0.293
      30.92     0.414
      31.95     0.200
      32.98     0.202
      34.01     0.068
      35.04     0.172
      36.07     0.093
      37.10     0.108
      38.13     0.012
      39.16     0.093
      40.19     0.054
      41.22     0.088
      42.25    -0.031
      43.28     0.183
      44.31    -0.017
      45.35     0.006
      46.38     0.041
      47.41     0.045
      48.44    -0.004
      49.47     0.030
      50.50     0.002
      51.53    -0.005
      52.56    -0.031
      53.59     0.027
      54.62     0.034
      55.65     0.125
      56.68     0.061
      57.71    -0.026
      58.74    -0.014
      59.77    -0.005
      60.80     0.082
      61.83     0.116
      62.87     0.109
      63.90     0.027
      64.93     0.163
      65.96     0.167
      66.99     0.091
      68.02     0.112
      69.05     0.133
      70.08     0.101
      71.11     0.089
      72.14     0.079
      73.17     0.182
      74.20     0.131
      75.23     0.103
      76.26     0.036
      77.29     0.121
      78.32     0.017
      79.35     0.036
      80.39     0.042
      81.42    -0.035
      82.45     0.017
      83.48     0.056
      84.51     0.023
      85.54     0.053
      86.57    -0.070
      87.60     0.023
      88.63     0.013
      89.66    -0.007
      90.69    -0.009
      91.72     0.024
      92.75     0.013
      93.78     0.074
      94.81    -0.031
      95.84    -0.027
      96.87     0.036
      97.90    -0.171
      98.94     0.095
      99.97    -0.082
     101.00    -0.063
     102.03    -0.053
     103.06    -0.001
     104.09    -0.114
     105.12     0.096
     106.15    -0.056
     107.18    -0.055
     108.21    -0.083
     109.24     0.068
     110.27    -0.056
     111.30     0.045
     112.33    -0.037
     113.36     0.084
     114.39    -0.011
     115.42     0.004
     116.46     0.109
     117.49    -0.027
     118.52     0.091
     119.55     0.047
     120.58     0.059
     121.61    -0.039
     122.64    -0.046
     123.67     0.023
     124.70     0.059
     125.73     0.079
     126.76    -0.037
     127.79     0.067
     128.82    -0.063
     129.85     0.103
     130.88    -0.069
     131.91    -0.048
     132.94    -0.019
     133.98     0.011
     135.01     0.014
     136.04    -0.044
     137.07    -0.033
     138.10    -0.022
     139.13    -0.036
     140.16     0.082
     141.19    -0.040
     142.22     0.001
     143.25    -0.062
     144.28    -0.009
     145.31     0.031
     146.34    -0.007
     147.37    -0.053
     148.40     0.015
     149.43    -0.048
     150.46     0.050
     151.49    -0.044
     152.53     0.074
     153.56    -0.122
     154.59     0.121
     155.62     0.006
     156.65     0.115
     157.68    -0.046
     158.71     0.065
     159.74    -0.029
     160.77     0.086
     161.80    -0.049
     162.83    -0.018
     163.86    -0.006
     164.89     0.039
     165.92    -0.039
     166.95     0.069
     167.98    -0.001
     169.01     0.046
     170.05    -0.015
     171.08     0.110
     172.11     0.029
     173.14     0.034
     174.17    -0.163
     175.20     0.009
     176.23     0.049
     177.26     0.014
     178.29     0.062
     179.32     0.118
     180.35     0.013
     181.38     0.057
     182.41    -0.058
     183.44     0.077
     184.47    -0.037
     185.50     0.095
     186.53     0.013
     187.57     0.042
     188.60     0.081
     189.63     0.020
     190.66     0.013
     191.69     0.011
     192.72     0.035
     193.75     0.036
     194.78    -0.039
     195.81     0.035
     196.84    -0.158
     197.87    -0.090
     198.90     0.008
     199.93     0.039
     200.96     0.026
     201.99     0.020
     203.02    -0.021
     204.05    -0.032
     205.08    -0.008
     206.12     0.008
     207.15    -0.047
     208.18     0.022
     209.21    -0.017
     210.24     0.098
     211.27     0.013
     212.30    -0.000
     213.33    -0.065
     214.36     0.029
     215.39    -0.004
     216.42     0.011
     217.45    -0.009
     218.48     0.099
     219.51    -0.123
     220.54     0.109
     221.57    -0.171
     222.60     0.015
     223.64    -0.043
     224.67    -0.033
     225.70    -0.048
     226.73    -0.017
     227.76     0.048
     228.79    -0.025
     229.82    -0.053
     230.85     0.034
     231.88     0.014
     232.91     0.048
     233.94    -0.012
     234.97     0.016
     236.00    -0.000
     237.03     0.131
     238.06     0.009
     239.09     0.052
     240.12    -0.084
     241.16     0.020
     242.19    -0.011
     243.22    -0.052
     244.25    -0.098
     245.28     0.022
     246.31    -0.050
     247.34     0.011
     248.37    -0.095
     249.40    -0.076
     250.43     0.012
     251.46     0.021
     252.49    -0.058
     253.52    -0.051
     254.55    -0.005
     255.58     0.047
     256.61    -0.029
     257.64     0.012
     258.67    -0.048
     259.71     0.081
     260.74     0.028
     261.77     0.071
     262.80    -0.049
     263.83     0.037
     264.86     0.123
     265.89     0.003
     266.92    -0.098
     267.95     0.151
     268.98    -0.004
     270.01     0.006
     271.04     0.015
     272.07     0.071
     273.10     0.017
     274.13     0.045
     275.16     0.088
     276.19    -0.008
     277.23    -0.037
     278.26     0.145
     279.29     0.009
     280.32     0.070
     281.35    -0.013
     282.38    -0.077
     283.41    -0.064
     284.44    -0.013
     285.47    -0.011
     286.50     0.017
     287.53    -0.103
     288.56    -0.002
     289.59    -0.053
     290.62    -0.018
     291.65    -0.022
     292.68     0.039
     293.71    -0.060
     294.75     0.122
     295.78     0.059
     296.81    -0.062
     297.84    -0.098
     298.87    -0.011
     299.90    -0.081
     300.93     0.022
     301.96    -0.083
     302.99    -0.015
     304.02     0.040
     305.05     0.042
     306.08    -0.036
     307.11     0.041
     308.14    -0.065
     309.17    -0.035
     310.20    -0.039
     311.23     0.064
     312.26     0.055
     313.30    -0.030
     314.33     0.018
     315.36     0.068
     316.39    -0.134
     317.42    -0.016
     318.45     0.016
     319.48    -0.024
     320.51    -0.115
     321.54    -0.026
     322.57    -0.105
     323.60     0.014
     324.63    -0.064
     325.66    -0.019
     326.69    -0.006
     327.72     0.002
     328.75     0.055
     329.78    -0.052
     330.82     0.004
     331.85     0.039
     332.88    -0.012
     333.91     0.001
     334.94     0.127
     335.97    -0.009
     337.00    -0.075
     338.03     0.058
     339.06    -0.011
     340.09     0.042
     341.12     0.027
     342.15     0.065
     343.18     0.071
     344.21    -0.011
     345.24     0.062
     346.27    -0.008
     347.30     0.016
     348.34     0.079
     349.37     0.011
     350.40     0.010
     351.43     0.058
     352.46    -0.048
     353.49    -0.010
     354.52     0.040
     355.55    -0.004
     356.58    -0.072
     357.61    -0.014
     358.64     0.072
     359.67    -0.026
     360.70     0.083
     361.73    -0.129
     362.76     0.032
     363.79     0.002
     364.82     0.007
     365.85    -0.108
     366.89     0.031
     367.92    -0.071
     368.95     0.055
     369.98     0.014
     371.01     0.040
     372.04    -0.011
     373.07     0.011
     374.10    -0.041
     375.13     0.055
     376.16    -0.129
     377.19    -0.004
     378.22     0.034
     379.25     0.027
     380.28    -0.034
     381.31    -0.044
     382.34     0.040
     383.37     0.082
     384.41     0.068
     385.44     0.015
     386.47     0.009
     387.50     0.001
     388.53    -0.028
     389.56     0.079
     390.59     0.035
     391.62    -0.006
     392.65    -0.062
     393.68    -0.082
     394.71     0.039
     395.74     0.039
     396.77    -0.003
     397.80     0.042
     398.83     0.078
     399.86     0.077