%%LAB     777  datapoints: v_lsr [km/s] and T_B [K]
    -399.86    -0.043
    -398.83     0.065
    -397.80     0.010
    -396.77    -0.039
    -395.74    -0.015
    -394.71     0.032
    -393.68     0.024
    -392.65    -0.016
    -391.62     0.011
    -390.59    -0.010
    -389.56    -0.024
    -388.53    -0.037
    -387.50    -0.052
    -386.46     0.004
    -385.43    -0.035
    -384.40     0.015
    -383.37     0.013
    -382.34     0.052
    -381.31     0.076
    -380.28    -0.017
    -379.25     0.063
    -378.22    -0.035
    -377.19     0.058
    -376.16    -0.049
    -375.13    -0.002
    -374.10    -0.059
    -373.07    -0.018
    -372.04    -0.046
    -371.01    -0.093
    -369.98     0.007
    -368.95     0.119
    -367.91    -0.047
    -366.88    -0.029
    -365.85     0.019
    -364.82    -0.114
    -363.79    -0.061
    -362.76     0.004
    -361.73     0.030
    -360.70     0.069
    -359.67     0.045
    -358.64     0.099
    -357.61    -0.007
    -356.58     0.063
    -355.55     0.042
    -354.52     0.009
    -353.49     0.074
    -352.46     0.051
    -351.43     0.010
    -350.39     0.056
    -349.36     0.022
    -348.33    -0.008
    -347.30     0.075
    -346.27     0.031
    -345.24    -0.085
    -344.21    -0.016
    -343.18    -0.008
    -342.15    -0.026
    -341.12    -0.012
    -340.09    -0.038
    -339.06    -0.090
    -338.03    -0.004
    -337.00     0.032
    -335.97     0.042
    -334.94    -0.016
    -333.91     0.112
    -332.87    -0.024
    -331.84    -0.001
    -330.81    -0.073
    -329.78    -0.002
    -328.75     0.025
    -327.72    -0.003
    -326.69    -0.048
    -325.66     0.048
    -324.63    -0.002
    -323.60     0.082
    -322.57     0.039
    -321.54    -0.067
    -320.51     0.010
    -319.48    -0.019
    -318.45    -0.038
    -317.42     0.030
    -316.39     0.086
    -315.36     0.051
    -314.32    -0.033
    -313.29     0.007
    -312.26    -0.048
    -311.23    -0.039
    -310.20    -0.057
    -309.17     0.021
    -308.14    -0.073
    -307.11     0.032
    -306.08     0.076
    -305.05    -0.005
    -304.02     0.085
    -302.99    -0.046
    -301.96     0.058
    -300.93    -0.014
    -299.90    -0.047
    -298.87     0.032
    -297.84     0.074
    -296.80    -0.043
    -295.77     0.051
    -294.74     0.044
    -293.71    -0.071
    -292.68     0.048
    -291.65    -0.077
    -290.62     0.023
    -289.59    -0.029
    -288.56     0.003
    -287.53    -0.015
    -286.50    -0.027
    -285.47     0.039
    -284.44    -0.020
    -283.41     0.017
    -282.38     0.043
    -281.35     0.011
    -280.32     0.031
    -279.29    -0.051
    -278.25     0.010
    -277.22    -0.047
    -276.19    -0.031
    -275.16    -0.096
    -274.13    -0.009
    -273.10    -0.059
    -272.07    -0.029
    -271.04    -0.041
    -270.01     0.032
    -268.98     0.051
    -267.95     0.011
    -266.92    -0.058
    -265.89    -0.026
    -264.86     0.044
    -263.83     0.077
    -262.80    -0.072
    -261.77    -0.116
    -260.73    -0.022
    -259.70     0.038
    -258.67     0.044
    -257.64    -0.004
    -256.61     0.018
    -255.58     0.135
    -254.55     0.044
    -253.52     0.121
    -252.49     0.025
    -251.46     0.056
    -250.43     0.089
    -249.40     0.064
    -248.37    -0.010
    -247.34     0.066
    -246.31    -0.062
    -245.28     0.016
    -244.25    -0.000
    -243.22     0.070
    -242.18    -0.035
    -241.15     0.030
    -240.12    -0.035
    -239.09     0.020
    -238.06    -0.029
    -237.03     0.095
    -236.00     0.051
    -234.97    -0.016
    -233.94     0.014
    -232.91    -0.047
    -231.88    -0.039
    -230.85     0.065
    -229.82     0.092
    -228.79    -0.015
    -227.76     0.077
    -226.73    -0.015
    -225.70     0.012
    -224.66     0.105
    -223.63     0.046
    -222.60     0.046
    -221.57     0.074
    -220.54     0.090
    -219.51    -0.053
    -218.48     0.012
    -217.45    -0.084
    -216.42     0.054
    -215.39    -0.103
    -214.36    -0.034
    -213.33     0.056
    -212.30     0.016
    -211.27    -0.123
    -210.24    -0.009
    -209.21     0.027
    -208.18     0.046
    -207.15    -0.038
    -206.11     0.022
    -205.08    -0.103
    -204.05     0.001
    -203.02     0.010
    -201.99     0.028
    -200.96    -0.032
    -199.93     0.053
    -198.90     0.018
    -197.87    -0.036
    -196.84     0.043
    -195.81    -0.043
    -194.78    -0.009
    -193.75     0.013
    -192.72     0.010
    -191.69    -0.053
    -190.66    -0.034
    -189.63    -0.005
    -188.59    -0.054
    -187.56     0.010
    -186.53     0.046
    -185.50     0.113
    -184.47    -0.003
    -183.44     0.027
    -182.41     0.056
    -181.38    -0.051
    -180.35    -0.119
    -179.32     0.044
    -178.29     0.049
    -177.26    -0.026
    -176.23    -0.010
    -175.20    -0.055
    -174.17    -0.102
    -173.14     0.056
    -172.11    -0.031
    -171.08     0.007
    -170.04     0.112
    -169.01    -0.016
    -167.98     0.059
    -166.95     0.096
    -165.92    -0.031
    -164.89     0.052
    -163.86    -0.078
    -162.83     0.008
    -161.80     0.005
    -160.77     0.068
    -159.74    -0.075
    -158.71     0.058
    -157.68    -0.005
    -156.65     0.066
    -155.62     0.020
    -154.59     0.033
    -153.56    -0.012
    -152.52    -0.019
    -151.49    -0.127
    -150.46     0.049
    -149.43     0.005
    -148.40    -0.055
    -147.37     0.021
    -146.34     0.007
    -145.31    -0.049
    -144.28    -0.085
    -143.25    -0.056
    -142.22    -0.069
    -141.19     0.032
    -140.16     0.101
    -139.13    -0.028
    -138.10     0.081
    -137.07    -0.013
    -136.04     0.076
    -135.01     0.063
    -133.97     0.011
    -132.94    -0.066
    -131.91     0.018
    -130.88     0.049
    -129.85     0.074
    -128.82     0.025
    -127.79     0.021
    -126.76    -0.035
    -125.73    -0.013
    -124.70     0.118
    -123.67     0.042
    -122.64     0.017
    -121.61     0.046
    -120.58    -0.017
    -119.55     0.127
    -118.52     0.086
    -117.49     0.127
    -116.45     0.043
    -115.42     0.179
    -114.39     0.056
    -113.36     0.108
    -112.33     0.046
    -111.30     0.131
    -110.27     0.148
    -109.24     0.128
    -108.21     0.191
    -107.18     0.157
    -106.15     0.082
    -105.12     0.153
    -104.09     0.147
    -103.06     0.271
    -102.03     0.129
    -101.00     0.126
     -99.97     0.164
     -98.93     0.207
     -97.90     0.338
     -96.87     0.178
     -95.84     0.210
     -94.81     0.223
     -93.78     0.197
     -92.75     0.341
     -91.72     0.282
     -90.69     0.286
     -89.66     0.329
     -88.63     0.443
     -87.60     0.432
     -86.57     0.426
     -85.54     0.459
     -84.51     0.533
     -83.48     0.469
     -82.45     0.519
     -81.42     0.447
     -80.38     0.569
     -79.35     0.610
     -78.32     0.549
     -77.29     0.769
     -76.26     0.727
     -75.23     0.666
     -74.20     0.717
     -73.17     0.848
     -72.14     0.855
     -71.11     0.907
     -70.08     0.968
     -69.05     0.866
     -68.02     0.922
     -66.99     1.075
     -65.96     1.071
     -64.93     1.121
     -63.90     1.215
     -62.86     1.169
     -61.83     1.283
     -60.80     1.438
     -59.77     1.627
     -58.74     1.882
     -57.71     2.277
     -56.68     2.623
     -55.65     3.134
     -54.62     3.789
     -53.59     4.727
     -52.56     5.689
     -51.53     6.551
     -50.50     6.823
     -49.47     6.594
     -48.44     5.880
     -47.41     5.129
     -46.38     4.362
     -45.35     3.682
     -44.31     3.168
     -43.28     2.587
     -42.25     2.232
     -41.22     1.863
     -40.19     1.621
     -39.16     1.424
     -38.13     1.220
     -37.10     1.233
     -36.07     1.147
     -35.04     1.120
     -34.01     1.007
     -32.98     1.022
     -31.95     1.138
     -30.92     1.108
     -29.89     1.251
     -28.86     1.312
     -27.83     1.488
     -26.79     1.794
     -25.76     1.936
     -24.73     2.268
     -23.70     2.652
     -22.67     3.149
     -21.64     3.803
     -20.61     4.775
     -19.58     5.765
     -18.55     6.867
     -17.52     7.593
     -16.49     8.222
     -15.46     8.303
     -14.43     8.243
     -13.40     8.083
     -12.37     8.452
     -11.34     8.828
     -10.31     9.379
      -9.28    10.178
      -8.24    11.078
      -7.21    12.248
      -6.18    13.660
      -5.15    15.312
      -4.12    17.330
      -3.09    19.679
      -2.06    22.377
      -1.03    25.076
       0.00    27.820
       1.03    30.543
       2.06    32.612
       3.09    33.011
       4.12    30.149
       5.15    26.042
       6.18    22.265
       7.21    19.009
       8.24    16.503
       9.28    14.288
      10.31    12.595
      11.34    10.906
      12.37     9.451
      13.40     7.991
      14.43     6.904
      15.46     5.843
      16.49     4.943
      17.52     4.047
      18.55     3.466
      19.58     2.933
      20.61     2.393
      21.64     1.953
      22.67     1.750
      23.70     1.424
      24.73     1.003
      25.76     0.822
      26.79     0.728
      27.83     0.591
      28.86     0.442
      29.89     0.296
      30.92     0.387
      31.95     0.182
      32.98     0.226
      34.01     0.107
      35.04     0.081
      36.07     0.218
      37.10     0.128
      38.13    -0.004
      39.16     0.154
      40.19     0.097
      41.22     0.069
      42.25    -0.023
      43.28     0.036
      44.31    -0.057
      45.35     0.067
      46.38     0.013
      47.41     0.034
      48.44     0.049
      49.47    -0.027
      50.50     0.051
      51.53     0.015
      52.56     0.009
      53.59     0.094
      54.62     0.029
      55.65    -0.012
      56.68     0.041
      57.71     0.135
      58.74    -0.044
      59.77     0.021
      60.80    -0.081
      61.83    -0.040
      62.86     0.020
      63.90     0.122
      64.93     0.015
      65.96    -0.059
      66.99    -0.023
      68.02    -0.037
      69.05    -0.026
      70.08     0.021
      71.11    -0.024
      72.14     0.081
      73.17    -0.012
      74.20     0.027
      75.23     0.047
      76.26     0.013
      77.29    -0.018
      78.32     0.064
      79.35     0.019
      80.38     0.012
      81.42    -0.048
      82.45     0.127
      83.48     0.019
      84.51     0.071
      85.54     0.013
      86.57     0.022
      87.60     0.024
      88.63     0.070
      89.66    -0.006
      90.69     0.025
      91.72    -0.079
      92.75     0.005
      93.78    -0.061
      94.81     0.049
      95.84     0.006
      96.87     0.037
      97.90    -0.038
      98.93     0.041
      99.97     0.039
     101.00    -0.003
     102.03    -0.105
     103.06    -0.032
     104.09     0.055
     105.12     0.073
     106.15     0.117
     107.18     0.036
     108.21    -0.021
     109.24     0.129
     110.27     0.067
     111.30     0.011
     112.33     0.006
     113.36     0.018
     114.39     0.019
     115.42     0.013
     116.45    -0.083
     117.49     0.072
     118.52    -0.030
     119.55     0.108
     120.58     0.024
     121.61    -0.041
     122.64    -0.020
     123.67     0.023
     124.70     0.007
     125.73    -0.099
     126.76     0.039
     127.79     0.082
     128.82    -0.051
     129.85     0.033
     130.88     0.028
     131.91    -0.037
     132.94    -0.051
     133.97     0.089
     135.01    -0.026
     136.04     0.037
     137.07    -0.026
     138.10     0.052
     139.13    -0.069
     140.16    -0.001
     141.19     0.033
     142.22    -0.011
     143.25    -0.043
     144.28    -0.027
     145.31     0.015
     146.34    -0.060
     147.37     0.006
     148.40     0.034
     149.43     0.032
     150.46    -0.052
     151.49    -0.071
     152.52     0.146
     153.56    -0.056
     154.59    -0.016
     155.62     0.077
     156.65     0.110
     157.68    -0.005
     158.71     0.022
     159.74    -0.060
     160.77     0.011
     161.80    -0.035
     162.83     0.020
     163.86     0.062
     164.89     0.113
     165.92    -0.008
     166.95     0.022
     167.98    -0.015
     169.01     0.050
     170.04    -0.011
     171.08    -0.097
     172.11    -0.089
     173.14    -0.025
     174.17    -0.049
     175.20     0.108
     176.23     0.078
     177.26    -0.035
     178.29     0.072
     179.32     0.028
     180.35     0.054
     181.38    -0.057
     182.41    -0.045
     183.44     0.006
     184.47     0.008
     185.50    -0.017
     186.53    -0.055
     187.56     0.079
     188.59    -0.068
     189.63    -0.045
     190.66    -0.033
     191.69    -0.077
     192.72    -0.004
     193.75    -0.102
     194.78    -0.052
     195.81    -0.001
     196.84    -0.040
     197.87     0.010
     198.90    -0.010
     199.93     0.093
     200.96    -0.030
     201.99    -0.031
     203.02    -0.088
     204.05     0.022
     205.08     0.019
     206.11    -0.039
     207.15     0.065
     208.18     0.011
     209.21    -0.036
     210.24    -0.024
     211.27    -0.020
     212.30     0.118
     213.33    -0.002
     214.36     0.010
     215.39    -0.025
     216.42     0.022
     217.45    -0.039
     218.48     0.035
     219.51    -0.078
     220.54     0.070
     221.57    -0.043
     222.60     0.008
     223.63    -0.002
     224.66     0.075
     225.70    -0.085
     226.73     0.018
     227.76     0.034
     228.79     0.014
     229.82    -0.028
     230.85    -0.015
     231.88     0.050
     232.91     0.121
     233.94    -0.053
     234.97     0.057
     236.00    -0.016
     237.03     0.068
     238.06    -0.044
     239.09    -0.003
     240.12    -0.052
     241.15     0.029
     242.18     0.042
     243.22     0.040
     244.25    -0.065
     245.28     0.044
     246.31    -0.104
     247.34     0.039
     248.37     0.044
     249.40     0.043
     250.43    -0.044
     251.46     0.027
     252.49     0.005
     253.52     0.135
     254.55    -0.008
     255.58     0.075
     256.61    -0.045
     257.64     0.001
     258.67    -0.055
     259.70    -0.032
     260.73     0.074
     261.77     0.118
     262.80     0.017
     263.83     0.033
     264.86     0.068
     265.89     0.053
     266.92    -0.033
     267.95    -0.010
     268.98    -0.019
     270.01    -0.014
     271.04    -0.032
     272.07     0.018
     273.10     0.002
     274.13    -0.007
     275.16     0.016
     276.19    -0.034
     277.22    -0.004
     278.25     0.028
     279.29    -0.040
     280.32     0.013
     281.35     0.026
     282.38     0.095
     283.41     0.001
     284.44     0.126
     285.47    -0.097
     286.50    -0.034
     287.53    -0.037
     288.56    -0.028
     289.59    -0.050
     290.62    -0.032
     291.65    -0.037
     292.68    -0.026
     293.71    -0.030
     294.74     0.076
     295.77     0.022
     296.80     0.018
     297.84    -0.048
     298.87    -0.065
     299.90    -0.052
     300.93     0.028
     301.96    -0.063
     302.99     0.002
     304.02     0.075
     305.05     0.100
     306.08    -0.045
     307.11     0.051
     308.14    -0.051
     309.17     0.049
     310.20    -0.045
     311.23    -0.036
     312.26    -0.057
     313.29    -0.043
     314.32    -0.087
     315.36     0.020
     316.39    -0.077
     317.42     0.009
     318.45    -0.056
     319.48     0.014
     320.51    -0.015
     321.54    -0.012
     322.57     0.017
     323.60     0.068
     324.63    -0.047
     325.66    -0.010
     326.69     0.007
     327.72     0.076
     328.75    -0.055
     329.78    -0.048
     330.81    -0.047
     331.84     0.127
     332.87    -0.055
     333.91    -0.057
     334.94    -0.058
     335.97     0.052
     337.00     0.014
     338.03     0.065
     339.06    -0.115
     340.09     0.061
     341.12    -0.087
     342.15    -0.018
     343.18     0.070
     344.21     0.022
     345.24     0.038
     346.27     0.007
     347.30    -0.033
     348.33     0.027
     349.36    -0.009
     350.39     0.016
     351.43    -0.008
     352.46    -0.030
     353.49     0.004
     354.52     0.102
     355.55    -0.016
     356.58    -0.020
     357.61    -0.004
     358.64    -0.014
     359.67    -0.048
     360.70     0.039
     361.73    -0.063
     362.76     0.034
     363.79     0.040
     364.82     0.120
     365.85    -0.039
     366.88    -0.008
     367.91     0.027
     368.95     0.026
     369.98    -0.107
     371.01    -0.031
     372.04    -0.080
     373.07     0.062
     374.10     0.039
     375.13    -0.112
     376.16    -0.001
     377.19     0.038
     378.22     0.081
     379.25     0.054
     380.28    -0.064
     381.31     0.022
     382.34     0.046
     383.37     0.069
     384.40    -0.067
     385.43    -0.011
     386.46    -0.077
     387.50     0.020
     388.53     0.050
     389.56     0.045
     390.59    -0.142
     391.62    -0.000
     392.65     0.041
     393.68     0.056
     394.71    -0.076
     395.74     0.102
     396.77     0.065
     397.80    -0.006
     398.83    -0.009
     399.86     0.024