%%LAB     777  datapoints: v_lsr [km/s] and T_B [K]
    -399.87     0.013
    -398.84    -0.051
    -397.81     0.021
    -396.78    -0.043
    -395.75     0.044
    -394.72    -0.040
    -393.69     0.017
    -392.66     0.041
    -391.63     0.013
    -390.60    -0.011
    -389.57    -0.060
    -388.54    -0.084
    -387.51    -0.004
    -386.48    -0.093
    -385.45     0.039
    -384.42    -0.048
    -383.38    -0.055
    -382.35    -0.106
    -381.32     0.023
    -380.29    -0.116
    -379.26    -0.013
    -378.23    -0.023
    -377.20     0.003
    -376.17     0.034
    -375.14     0.084
    -374.11    -0.038
    -373.08     0.045
    -372.05     0.004
    -371.02     0.028
    -369.99     0.001
    -368.96     0.097
    -367.93    -0.020
    -366.90     0.062
    -365.86    -0.111
    -364.83     0.010
    -363.80    -0.057
    -362.77     0.005
    -361.74    -0.051
    -360.71    -0.046
    -359.68    -0.117
    -358.65    -0.024
    -357.62    -0.009
    -356.59    -0.045
    -355.56    -0.072
    -354.53     0.059
    -353.50    -0.001
    -352.47     0.008
    -351.44    -0.076
    -350.41     0.007
    -349.37    -0.020
    -348.34    -0.009
    -347.31     0.040
    -346.28     0.000
    -345.25    -0.006
    -344.22     0.025
    -343.19    -0.070
    -342.16    -0.010
    -341.13     0.052
    -340.10     0.029
    -339.07     0.011
    -338.04     0.042
    -337.01    -0.019
    -335.98     0.082
    -334.95     0.012
    -333.92     0.030
    -332.89     0.059
    -331.85     0.040
    -330.82    -0.022
    -329.79     0.013
    -328.76    -0.002
    -327.73    -0.028
    -326.70     0.055
    -325.67     0.004
    -324.64     0.022
    -323.61     0.000
    -322.58     0.013
    -321.55     0.087
    -320.52    -0.007
    -319.49    -0.040
    -318.46     0.003
    -317.43     0.111
    -316.40    -0.039
    -315.36    -0.047
    -314.33     0.011
    -313.30     0.044
    -312.27     0.022
    -311.24     0.008
    -310.21    -0.020
    -309.18     0.078
    -308.15    -0.010
    -307.12     0.030
    -306.09     0.058
    -305.06     0.008
    -304.03    -0.025
    -303.00     0.024
    -301.97    -0.028
    -300.94    -0.015
    -299.91    -0.000
    -298.88    -0.023
    -297.84    -0.099
    -296.81    -0.006
    -295.78     0.034
    -294.75     0.037
    -293.72     0.004
    -292.69     0.053
    -291.66    -0.035
    -290.63     0.029
    -289.60     0.010
    -288.57     0.007
    -287.54     0.024
    -286.51     0.016
    -285.48    -0.013
    -284.45     0.047
    -283.42     0.070
    -282.39    -0.031
    -281.36    -0.115
    -280.32     0.032
    -279.29     0.000
    -278.26     0.047
    -277.23     0.035
    -276.20     0.046
    -275.17    -0.041
    -274.14     0.029
    -273.11    -0.004
    -272.08    -0.028
    -271.05    -0.024
    -270.02     0.003
    -268.99    -0.028
    -267.96     0.068
    -266.93     0.023
    -265.90     0.069
    -264.87     0.001
    -263.83     0.085
    -262.80     0.005
    -261.77    -0.070
    -260.74    -0.059
    -259.71     0.005
    -258.68     0.009
    -257.65    -0.010
    -256.62    -0.035
    -255.59    -0.008
    -254.56     0.019
    -253.53    -0.063
    -252.50    -0.068
    -251.47     0.072
    -250.44     0.039
    -249.41     0.016
    -248.38     0.025
    -247.35     0.079
    -246.31    -0.087
    -245.28     0.017
    -244.25     0.022
    -243.22     0.067
    -242.19     0.012
    -241.16     0.100
    -240.13     0.036
    -239.10     0.027
    -238.07    -0.076
    -237.04    -0.010
    -236.01    -0.050
    -234.98     0.045
    -233.95     0.012
    -232.92     0.028
    -231.89    -0.009
    -230.86    -0.060
    -229.82     0.068
    -228.79    -0.014
    -227.76    -0.025
    -226.73     0.023
    -225.70     0.012
    -224.67     0.005
    -223.64    -0.043
    -222.61    -0.009
    -221.58    -0.013
    -220.55    -0.032
    -219.52    -0.069
    -218.49     0.040
    -217.46    -0.115
    -216.43    -0.047
    -215.40    -0.121
    -214.37     0.042
    -213.34     0.005
    -212.30     0.017
    -211.27    -0.038
    -210.24    -0.006
    -209.21     0.024
    -208.18     0.053
    -207.15    -0.069
    -206.12     0.046
    -205.09     0.001
    -204.06     0.099
    -203.03    -0.095
    -202.00     0.043
    -200.97     0.027
    -199.94    -0.002
    -198.91    -0.019
    -197.88     0.075
    -196.85     0.019
    -195.81     0.068
    -194.78    -0.029
    -193.75     0.041
    -192.72     0.002
    -191.69     0.001
    -190.66    -0.071
    -189.63     0.026
    -188.60     0.045
    -187.57     0.065
    -186.54     0.034
    -185.51     0.083
    -184.48    -0.007
    -183.45     0.005
    -182.42     0.011
    -181.39    -0.068
    -180.36    -0.021
    -179.33     0.016
    -178.29     0.038
    -177.26     0.016
    -176.23    -0.046
    -175.20     0.035
    -174.17    -0.130
    -173.14     0.006
    -172.11    -0.096
    -171.08    -0.057
    -170.05    -0.017
    -169.02     0.023
    -167.99    -0.011
    -166.96     0.052
    -165.93    -0.005
    -164.90     0.019
    -163.87    -0.051
    -162.84     0.030
    -161.80     0.048
    -160.77     0.124
    -159.74     0.000
    -158.71     0.041
    -157.68     0.108
    -156.65     0.078
    -155.62     0.042
    -154.59     0.063
    -153.56     0.013
    -152.53    -0.021
    -151.50    -0.037
    -150.47     0.002
    -149.44    -0.012
    -148.41     0.013
    -147.38    -0.011
    -146.35     0.038
    -145.32    -0.017
    -144.28     0.016
    -143.25    -0.002
    -142.22     0.050
    -141.19    -0.012
    -140.16     0.102
    -139.13    -0.031
    -138.10     0.039
    -137.07     0.065
    -136.04     0.018
    -135.01    -0.007
    -133.98    -0.015
    -132.95     0.032
    -131.92    -0.077
    -130.89    -0.062
    -129.86     0.081
    -128.83    -0.054
    -127.79    -0.038
    -126.76     0.066
    -125.73    -0.004
    -124.70    -0.024
    -123.67     0.047
    -122.64    -0.070
    -121.61    -0.031
    -120.58    -0.019
    -119.55    -0.036
    -118.52    -0.002
    -117.49     0.043
    -116.46    -0.053
    -115.43     0.023
    -114.40     0.075
    -113.37    -0.002
    -112.34    -0.019
    -111.31     0.034
    -110.27    -0.022
    -109.24     0.050
    -108.21    -0.042
    -107.18     0.061
    -106.15     0.059
    -105.12     0.073
    -104.09     0.139
    -103.06     0.072
    -102.03     0.080
    -101.00     0.160
     -99.97     0.049
     -98.94     0.090
     -97.91     0.029
     -96.88     0.179
     -95.85     0.028
     -94.82     0.080
     -93.79     0.066
     -92.75     0.106
     -91.72     0.039
     -90.69     0.057
     -89.66     0.086
     -88.63     0.113
     -87.60     0.024
     -86.57     0.102
     -85.54     0.079
     -84.51     0.095
     -83.48     0.073
     -82.45     0.119
     -81.42     0.099
     -80.39     0.193
     -79.36     0.043
     -78.33     0.125
     -77.30     0.116
     -76.26     0.200
     -75.23     0.048
     -74.20     0.180
     -73.17     0.115
     -72.14     0.203
     -71.11     0.135
     -70.08     0.167
     -69.05     0.184
     -68.02     0.208
     -66.99     0.149
     -65.96     0.219
     -64.93     0.204
     -63.90     0.155
     -62.87     0.201
     -61.84     0.346
     -60.81     0.287
     -59.78     0.234
     -58.74     0.229
     -57.71     0.323
     -56.68     0.293
     -55.65     0.282
     -54.62     0.174
     -53.59     0.304
     -52.56     0.256
     -51.53     0.347
     -50.50     0.344
     -49.47     0.438
     -48.44     0.311
     -47.41     0.343
     -46.38     0.411
     -45.35     0.559
     -44.32     0.383
     -43.29     0.471
     -42.25     0.400
     -41.22     0.434
     -40.19     0.466
     -39.16     0.622
     -38.13     0.527
     -37.10     0.639
     -36.07     0.667
     -35.04     0.794
     -34.01     0.789
     -32.98     0.974
     -31.95     1.150
     -30.92     1.190
     -29.89     1.145
     -28.86     1.208
     -27.83     1.348
     -26.80     1.462
     -25.77     1.517
     -24.73     1.602
     -23.70     1.774
     -22.67     1.938
     -21.64     2.133
     -20.61     2.251
     -19.58     2.571
     -18.55     2.773
     -17.52     2.943
     -16.49     3.254
     -15.46     3.591
     -14.43     4.006
     -13.40     4.517
     -12.37     5.046
     -11.34     5.688
     -10.31     6.625
      -9.28     7.488
      -8.24     8.361
      -7.21     9.206
      -6.18    10.048
      -5.15    10.516
      -4.12    11.247
      -3.09    12.680
      -2.06    14.707
      -1.03    17.161
       0.00    19.642
       1.03    20.962
       2.06    21.347
       3.09    20.733
       4.12    18.844
       5.15    16.225
       6.18    13.126
       7.21     9.998
       8.24     7.691
       9.28     5.932
      10.31     4.497
      11.34     3.472
      12.37     2.771
      13.40     2.194
      14.43     1.725
      15.46     1.345
      16.49     1.155
      17.52     0.997
      18.55     0.787
      19.58     0.711
      20.61     0.630
      21.64     0.553
      22.67     0.519
      23.70     0.479
      24.73     0.496
      25.77     0.352
      26.80     0.347
      27.83     0.282
      28.86     0.272
      29.89     0.112
      30.92     0.120
      31.95     0.037
      32.98     0.089
      34.01     0.090
      35.04     0.030
      36.07     0.032
      37.10     0.040
      38.13    -0.059
      39.16    -0.023
      40.19    -0.021
      41.22     0.006
      42.25    -0.007
      43.29     0.039
      44.32    -0.093
      45.35     0.030
      46.38     0.038
      47.41    -0.008
      48.44     0.023
      49.47     0.031
      50.50    -0.053
      51.53     0.021
      52.56    -0.030
      53.59    -0.006
      54.62     0.001
      55.65     0.030
      56.68    -0.017
      57.71     0.023
      58.74    -0.041
      59.78    -0.007
      60.81    -0.017
      61.84     0.052
      62.87    -0.011
      63.90     0.060
      64.93    -0.022
      65.96     0.034
      66.99    -0.041
      68.02    -0.032
      69.05    -0.019
      70.08     0.089
      71.11     0.011
      72.14     0.038
      73.17    -0.028
      74.20     0.034
      75.23    -0.009
      76.26     0.082
      77.30     0.016
      78.33     0.051
      79.36    -0.040
      80.39     0.012
      81.42    -0.049
      82.45    -0.005
      83.48     0.006
      84.51     0.022
      85.54    -0.031
      86.57     0.068
      87.60    -0.055
      88.63     0.034
      89.66    -0.091
      90.69     0.057
      91.72    -0.040
      92.75    -0.015
      93.79     0.068
      94.82    -0.026
      95.85    -0.047
      96.88     0.063
      97.91     0.100
      98.94     0.088
      99.97     0.024
     101.00     0.012
     102.03     0.019
     103.06     0.014
     104.09    -0.038
     105.12     0.020
     106.15     0.069
     107.18    -0.050
     108.21     0.068
     109.24     0.020
     110.27     0.011
     111.31     0.084
     112.34     0.000
     113.37     0.008
     114.40     0.022
     115.43     0.053
     116.46    -0.007
     117.49    -0.017
     118.52     0.052
     119.55     0.021
     120.58    -0.040
     121.61     0.117
     122.64     0.043
     123.67     0.011
     124.70    -0.046
     125.73     0.041
     126.76    -0.064
     127.79     0.087
     128.83    -0.046
     129.86    -0.015
     130.89     0.050
     131.92     0.013
     132.95     0.014
     133.98     0.038
     135.01    -0.011
     136.04    -0.038
     137.07    -0.010
     138.10     0.033
     139.13     0.022
     140.16     0.023
     141.19     0.086
     142.22     0.033
     143.25    -0.088
     144.28     0.046
     145.32     0.080
     146.35    -0.015
     147.38    -0.061
     148.41     0.059
     149.44    -0.050
     150.47    -0.044
     151.50     0.006
     152.53     0.033
     153.56    -0.016
     154.59    -0.000
     155.62     0.027
     156.65     0.020
     157.68    -0.051
     158.71     0.083
     159.74     0.014
     160.77    -0.011
     161.80     0.013
     162.84    -0.003
     163.87    -0.056
     164.90     0.038
     165.93     0.028
     166.96    -0.008
     167.99    -0.011
     169.02    -0.021
     170.05    -0.046
     171.08     0.006
     172.11    -0.009
     173.14     0.007
     174.17     0.034
     175.20     0.031
     176.23    -0.021
     177.26     0.068
     178.29    -0.029
     179.33     0.075
     180.36    -0.061
     181.39    -0.063
     182.42     0.023
     183.45    -0.011
     184.48    -0.027
     185.51    -0.019
     186.54     0.028
     187.57    -0.035
     188.60    -0.056
     189.63    -0.051
     190.66     0.040
     191.69    -0.008
     192.72    -0.020
     193.75    -0.028
     194.78    -0.027
     195.81    -0.023
     196.85     0.009
     197.88    -0.014
     198.91     0.043
     199.94    -0.008
     200.97    -0.037
     202.00    -0.040
     203.03     0.015
     204.06    -0.033
     205.09    -0.033
     206.12     0.001
     207.15    -0.095
     208.18     0.005
     209.21    -0.069
     210.24     0.027
     211.27    -0.063
     212.30     0.085
     213.34     0.012
     214.37    -0.019
     215.40     0.095
     216.43     0.026
     217.46     0.004
     218.49     0.045
     219.52     0.006
     220.55     0.026
     221.58     0.005
     222.61     0.050
     223.64    -0.010
     224.67    -0.034
     225.70     0.080
     226.73     0.071
     227.76    -0.001
     228.79     0.009
     229.82    -0.088
     230.86     0.032
     231.89    -0.006
     232.92    -0.051
     233.95     0.047
     234.98     0.007
     236.01    -0.006
     237.04    -0.076
     238.07    -0.077
     239.10     0.041
     240.13    -0.047
     241.16     0.024
     242.19     0.048
     243.22     0.011
     244.25    -0.067
     245.28    -0.004
     246.31    -0.008
     247.35    -0.043
     248.38    -0.033
     249.41    -0.023
     250.44    -0.006
     251.47     0.010
     252.50    -0.055
     253.53     0.008
     254.56    -0.064
     255.59     0.062
     256.62    -0.025
     257.65     0.058
     258.68    -0.097
     259.71     0.013
     260.74     0.024
     261.77     0.005
     262.80    -0.007
     263.83     0.032
     264.87     0.083
     265.90    -0.072
     266.93    -0.000
     267.96     0.007
     268.99    -0.036
     270.02    -0.088
     271.05     0.091
     272.08    -0.026
     273.11    -0.026
     274.14     0.002
     275.17    -0.010
     276.20     0.107
     277.23     0.038
     278.26     0.038
     279.29    -0.019
     280.32     0.072
     281.36     0.081
     282.39     0.014
     283.42    -0.041
     284.45     0.015
     285.48    -0.060
     286.51     0.057
     287.54    -0.015
     288.57     0.037
     289.60    -0.021
     290.63     0.034
     291.66    -0.020
     292.69     0.032
     293.72     0.050
     294.75    -0.038
     295.78    -0.032
     296.81     0.130
     297.84    -0.042
     298.88     0.055
     299.91     0.044
     300.94     0.034
     301.97     0.003
     303.00     0.127
     304.03     0.093
     305.06    -0.076
     306.09     0.026
     307.12     0.008
     308.15     0.018
     309.18     0.157
     310.21    -0.108
     311.24    -0.032
     312.27    -0.036
     313.30     0.039
     314.33     0.008
     315.36     0.049
     316.40     0.006
     317.43    -0.034
     318.46     0.008
     319.49    -0.050
     320.52    -0.060
     321.55     0.011
     322.58    -0.032
     323.61    -0.038
     324.64    -0.012
     325.67     0.024
     326.70     0.006
     327.73     0.080
     328.76     0.161
     329.79    -0.058
     330.82    -0.062
     331.85    -0.052
     332.89    -0.030
     333.92    -0.053
     334.95     0.047
     335.98     0.063
     337.01    -0.014
     338.04     0.022
     339.07     0.051
     340.10     0.012
     341.13     0.062
     342.16    -0.046
     343.19    -0.046
     344.22    -0.091
     345.25     0.040
     346.28     0.037
     347.31     0.028
     348.34    -0.037
     349.37     0.058
     350.41     0.060
     351.44    -0.003
     352.47     0.045
     353.50    -0.040
     354.53    -0.047
     355.56    -0.050
     356.59    -0.050
     357.62    -0.021
     358.65     0.009
     359.68     0.084
     360.71     0.050
     361.74    -0.009
     362.77     0.080
     363.80    -0.096
     364.83    -0.021
     365.86    -0.075
     366.90     0.022
     367.93    -0.028
     368.96    -0.044
     369.99    -0.042
     371.02     0.095
     372.05    -0.072
     373.08     0.115
     374.11     0.001
     375.14     0.056
     376.17    -0.107
     377.20    -0.012
     378.23    -0.005
     379.26     0.003
     380.29    -0.045
     381.32     0.056
     382.35     0.039
     383.38    -0.012
     384.42    -0.099
     385.45     0.023
     386.48    -0.065
     387.51     0.040
     388.54    -0.010
     389.57     0.029
     390.60    -0.001
     391.63     0.045
     392.66    -0.170
     393.69    -0.042
     394.72    -0.035
     395.75    -0.024
     396.78    -0.031
     397.81    -0.005
     398.84    -0.053
     399.87    -0.012