%%LAB     777  datapoints: v_lsr [km/s] and T_B [K]
    -399.83    -0.009
    -398.80    -0.081
    -397.77     0.052
    -396.74    -0.053
    -395.71    -0.003
    -394.68    -0.072
    -393.65     0.075
    -392.62     0.104
    -391.59     0.057
    -390.56    -0.026
    -389.53     0.011
    -388.50    -0.064
    -387.47     0.076
    -386.44     0.002
    -385.40     0.106
    -384.37    -0.027
    -383.34    -0.054
    -382.31     0.033
    -381.28     0.007
    -380.25    -0.049
    -379.22    -0.055
    -378.19    -0.025
    -377.16    -0.044
    -376.13     0.039
    -375.10    -0.048
    -374.07     0.051
    -373.04     0.049
    -372.01    -0.065
    -370.98     0.036
    -369.95    -0.081
    -368.92    -0.048
    -367.89    -0.032
    -366.86     0.053
    -365.83     0.072
    -364.79     0.036
    -363.76     0.033
    -362.73     0.079
    -361.70     0.012
    -360.67    -0.014
    -359.64     0.019
    -358.61     0.030
    -357.58    -0.067
    -356.55    -0.041
    -355.52    -0.015
    -354.49    -0.016
    -353.46    -0.052
    -352.43     0.069
    -351.40     0.005
    -350.37    -0.053
    -349.34    -0.072
    -348.31     0.063
    -347.28    -0.014
    -346.25     0.051
    -345.22    -0.040
    -344.18    -0.005
    -343.15    -0.042
    -342.12     0.151
    -341.09    -0.041
    -340.06     0.027
    -339.03    -0.069
    -338.00     0.105
    -336.97    -0.001
    -335.94     0.051
    -334.91    -0.012
    -333.88     0.041
    -332.85    -0.002
    -331.82     0.044
    -330.79    -0.018
    -329.76    -0.049
    -328.73     0.041
    -327.70    -0.021
    -326.67     0.023
    -325.64    -0.048
    -324.61    -0.078
    -323.58     0.058
    -322.54    -0.024
    -321.51     0.055
    -320.48    -0.015
    -319.45     0.009
    -318.42    -0.021
    -317.39     0.121
    -316.36    -0.014
    -315.33     0.045
    -314.30    -0.066
    -313.27    -0.036
    -312.24     0.004
    -311.21    -0.034
    -310.18     0.012
    -309.15     0.079
    -308.12    -0.009
    -307.09    -0.018
    -306.06     0.065
    -305.03    -0.018
    -304.00    -0.000
    -302.97     0.012
    -301.93    -0.050
    -300.90    -0.002
    -299.87     0.029
    -298.84    -0.035
    -297.81     0.059
    -296.78    -0.041
    -295.75     0.001
    -294.72    -0.007
    -293.69     0.068
    -292.66     0.028
    -291.63     0.043
    -290.60     0.064
    -289.57    -0.068
    -288.54    -0.084
    -287.51    -0.098
    -286.48     0.023
    -285.45     0.002
    -284.42     0.045
    -283.39    -0.022
    -282.36     0.112
    -281.32     0.011
    -280.29     0.077
    -279.26    -0.022
    -278.23    -0.024
    -277.20    -0.110
    -276.17     0.071
    -275.14    -0.064
    -274.11     0.013
    -273.08    -0.029
    -272.05    -0.001
    -271.02    -0.039
    -269.99     0.005
    -268.96    -0.034
    -267.93     0.008
    -266.90     0.101
    -265.87     0.011
    -264.84     0.102
    -263.81    -0.014
    -262.78    -0.076
    -261.75     0.014
    -260.71     0.008
    -259.68     0.022
    -258.65     0.007
    -257.62     0.032
    -256.59    -0.011
    -255.56     0.028
    -254.53     0.088
    -253.50     0.055
    -252.47    -0.019
    -251.44    -0.052
    -250.41    -0.105
    -249.38     0.007
    -248.35     0.013
    -247.32    -0.023
    -246.29     0.027
    -245.26    -0.044
    -244.23     0.072
    -243.20    -0.015
    -242.17    -0.073
    -241.14     0.095
    -240.11    -0.007
    -239.07     0.089
    -238.04    -0.070
    -237.01     0.128
    -235.98     0.062
    -234.95     0.033
    -233.92     0.007
    -232.89    -0.000
    -231.86    -0.001
    -230.83     0.079
    -229.80     0.023
    -228.77    -0.000
    -227.74    -0.016
    -226.71     0.116
    -225.68     0.034
    -224.65    -0.050
    -223.62    -0.012
    -222.59    -0.013
    -221.56     0.062
    -220.53     0.003
    -219.50    -0.007
    -218.46     0.066
    -217.43     0.012
    -216.40     0.060
    -215.37     0.019
    -214.34    -0.050
    -213.31     0.019
    -212.28    -0.021
    -211.25    -0.072
    -210.22     0.154
    -209.19    -0.036
    -208.16     0.006
    -207.13    -0.071
    -206.10    -0.001
    -205.07    -0.080
    -204.04     0.100
    -203.01     0.054
    -201.98     0.015
    -200.95     0.058
    -199.92     0.075
    -198.89     0.006
    -197.85     0.038
    -196.82    -0.005
    -195.79     0.055
    -194.76     0.060
    -193.73    -0.044
    -192.70    -0.003
    -191.67    -0.008
    -190.64     0.080
    -189.61     0.046
    -188.58    -0.028
    -187.55     0.106
    -186.52     0.074
    -185.49     0.063
    -184.46    -0.017
    -183.43    -0.073
    -182.40    -0.004
    -181.37    -0.006
    -180.34    -0.038
    -179.31    -0.014
    -178.28    -0.018
    -177.24     0.033
    -176.21    -0.030
    -175.18    -0.023
    -174.15     0.015
    -173.12     0.024
    -172.09     0.011
    -171.06    -0.002
    -170.03     0.135
    -169.00     0.057
    -167.97     0.081
    -166.94     0.089
    -165.91     0.000
    -164.88     0.194
    -163.85    -0.017
    -162.82     0.175
    -161.79     0.215
    -160.76     0.219
    -159.73     0.196
    -158.70     0.120
    -157.67     0.296
    -156.64     0.318
    -155.60     0.331
    -154.57     0.492
    -153.54     0.575
    -152.51     0.660
    -151.48     0.610
    -150.45     0.732
    -149.42     0.701
    -148.39     0.822
    -147.36     0.825
    -146.33     1.056
    -145.30     1.138
    -144.27     1.121
    -143.24     1.200
    -142.21     1.196
    -141.18     1.314
    -140.15     1.306
    -139.12     1.334
    -138.09     1.386
    -137.06     1.350
    -136.03     1.393
    -134.99     1.448
    -133.96     1.510
    -132.93     1.514
    -131.90     1.553
    -130.87     1.556
    -129.84     1.603
    -128.81     1.554
    -127.78     1.625
    -126.75     1.572
    -125.72     1.615
    -124.69     1.473
    -123.66     1.520
    -122.63     1.426
    -121.60     1.339
    -120.57     1.332
    -119.54     1.425
    -118.51     1.081
    -117.48     1.232
    -116.45     1.205
    -115.42     1.123
    -114.38     1.119
    -113.35     1.037
    -112.32     0.873
    -111.29     0.856
    -110.26     0.732
    -109.23     0.712
    -108.20     0.665
    -107.17     0.710
    -106.14     0.697
    -105.11     0.669
    -104.08     0.591
    -103.05     0.728
    -102.02     0.646
    -100.99     0.676
     -99.96     0.875
     -98.93     0.846
     -97.90     0.771
     -96.87     0.897
     -95.84     1.090
     -94.81     1.074
     -93.77     1.129
     -92.74     1.184
     -91.71     1.332
     -90.68     1.302
     -89.65     1.422
     -88.62     1.338
     -87.59     1.423
     -86.56     1.458
     -85.53     1.351
     -84.50     1.331
     -83.47     1.187
     -82.44     1.083
     -81.41     1.035
     -80.38     1.050
     -79.35     0.944
     -78.32     0.892
     -77.29     0.840
     -76.26     0.704
     -75.23     0.753
     -74.20     0.710
     -73.17     0.686
     -72.13     0.756
     -71.10     0.721
     -70.07     0.784
     -69.04     0.763
     -68.01     0.901
     -66.98     0.931
     -65.95     0.871
     -64.92     0.952
     -63.89     0.969
     -62.86     1.052
     -61.83     1.126
     -60.80     1.111
     -59.77     1.323
     -58.74     1.298
     -57.71     1.355
     -56.68     1.455
     -55.65     1.389
     -54.62     1.602
     -53.59     1.553
     -52.56     1.839
     -51.52     2.064
     -50.49     2.420
     -49.46     3.002
     -48.43     3.762
     -47.40     4.675
     -46.37     6.090
     -45.34     7.884
     -44.31     8.882
     -43.28     9.023
     -42.25     8.622
     -41.22     8.111
     -40.19     7.220
     -39.16     6.325
     -38.13     5.486
     -37.10     4.869
     -36.07     4.594
     -35.04     4.486
     -34.01     4.206
     -32.98     4.559
     -31.95     4.633
     -30.91     4.969
     -29.88     5.125
     -28.85     5.561
     -27.82     5.936
     -26.79     6.818
     -25.76     7.588
     -24.73     8.495
     -23.70     9.638
     -22.67    11.098
     -21.64    12.292
     -20.61    13.974
     -19.58    15.461
     -18.55    17.281
     -17.52    19.402
     -16.49    22.081
     -15.46    25.228
     -14.43    29.075
     -13.40    32.268
     -12.37    35.492
     -11.34    38.473
     -10.30    41.222
      -9.27    43.594
      -8.24    44.761
      -7.21    44.795
      -6.18    45.165
      -5.15    44.776
      -4.12    43.306
      -3.09    39.418
      -2.06    35.237
      -1.03    31.338
       0.00    28.607
       1.03    27.642
       2.06    27.905
       3.09    28.133
       4.12    27.254
       5.15    25.756
       6.18    22.632
       7.21    17.612
       8.24    11.874
       9.27     7.155
      10.30     4.654
      11.34     3.265
      12.37     2.524
      13.40     1.884
      14.43     1.427
      15.46     1.147
      16.49     1.037
      17.52     0.720
      18.55     0.609
      19.58     0.454
      20.61     0.415
      21.64     0.382
      22.67     0.307
      23.70     0.299
      24.73     0.214
      25.76     0.190
      26.79     0.165
      27.82     0.015
      28.85     0.016
      29.88     0.015
      30.91     0.155
      31.95     0.045
      32.98     0.002
      34.01     0.031
      35.04     0.085
      36.07     0.029
      37.10     0.160
      38.13     0.017
      39.16     0.139
      40.19     0.055
      41.22     0.080
      42.25     0.081
      43.28     0.077
      44.31    -0.114
      45.34     0.006
      46.37    -0.093
      47.40     0.136
      48.43     0.005
      49.46    -0.077
      50.49    -0.033
      51.52     0.011
      52.56    -0.019
      53.59    -0.003
      54.62    -0.111
      55.65    -0.006
      56.68     0.018
      57.71     0.005
      58.74    -0.020
      59.77    -0.051
      60.80     0.011
      61.83     0.038
      62.86     0.009
      63.89    -0.142
      64.92     0.037
      65.95     0.013
      66.98    -0.025
      68.01    -0.002
      69.04     0.049
      70.07     0.056
      71.10     0.169
      72.13     0.065
      73.17     0.044
      74.20    -0.047
      75.23     0.015
      76.26     0.105
      77.29    -0.042
      78.32    -0.069
      79.35    -0.019
      80.38    -0.033
      81.41     0.010
      82.44     0.109
      83.47     0.004
      84.50    -0.060
      85.53     0.080
      86.56    -0.013
      87.59     0.047
      88.62     0.036
      89.65    -0.091
      90.68    -0.034
      91.71    -0.031
      92.74     0.029
      93.77     0.028
      94.81     0.103
      95.84     0.006
      96.87    -0.024
      97.90     0.138
      98.93     0.064
      99.96     0.046
     100.99     0.034
     102.02     0.020
     103.05    -0.005
     104.08    -0.028
     105.11     0.035
     106.14    -0.013
     107.17    -0.078
     108.20     0.137
     109.23     0.048
     110.26    -0.054
     111.29     0.040
     112.32    -0.114
     113.35    -0.006
     114.38    -0.064
     115.42     0.091
     116.45    -0.003
     117.48     0.093
     118.51    -0.027
     119.54     0.020
     120.57     0.019
     121.60     0.067
     122.63    -0.096
     123.66    -0.008
     124.69    -0.026
     125.72     0.080
     126.75    -0.029
     127.78     0.063
     128.81    -0.003
     129.84     0.037
     130.87    -0.026
     131.90    -0.054
     132.93    -0.020
     133.96     0.078
     134.99     0.008
     136.03    -0.005
     137.06     0.015
     138.09     0.086
     139.12     0.013
     140.15     0.123
     141.18     0.059
     142.21    -0.033
     143.24     0.071
     144.27     0.040
     145.30     0.043
     146.33     0.061
     147.36     0.093
     148.39     0.084
     149.42    -0.007
     150.45    -0.029
     151.48    -0.095
     152.51    -0.069
     153.54     0.002
     154.57     0.058
     155.60    -0.074
     156.64     0.013
     157.67    -0.028
     158.70     0.034
     159.73    -0.000
     160.76    -0.002
     161.79    -0.084
     162.82     0.015
     163.85    -0.055
     164.88    -0.062
     165.91    -0.077
     166.94     0.138
     167.97    -0.064
     169.00    -0.052
     170.03    -0.002
     171.06    -0.011
     172.09    -0.063
     173.12     0.004
     174.15     0.025
     175.18    -0.068
     176.21     0.040
     177.24    -0.012
     178.28    -0.059
     179.31    -0.083
     180.34    -0.002
     181.37     0.017
     182.40    -0.120
     183.43    -0.011
     184.46    -0.061
     185.49    -0.010
     186.52    -0.109
     187.55     0.024
     188.58    -0.029
     189.61    -0.046
     190.64     0.001
     191.67     0.044
     192.70    -0.050
     193.73     0.098
     194.76     0.023
     195.79     0.127
     196.82     0.056
     197.85     0.153
     198.89    -0.036
     199.92     0.087
     200.95     0.099
     201.98     0.032
     203.01    -0.009
     204.04    -0.015
     205.07     0.097
     206.10     0.055
     207.13    -0.005
     208.16     0.099
     209.19    -0.042
     210.22    -0.040
     211.25     0.058
     212.28     0.057
     213.31     0.101
     214.34    -0.013
     215.37     0.030
     216.40     0.056
     217.43    -0.042
     218.46    -0.039
     219.50     0.034
     220.53    -0.058
     221.56    -0.126
     222.59     0.013
     223.62     0.013
     224.65    -0.006
     225.68     0.001
     226.71    -0.023
     227.74     0.032
     228.77     0.022
     229.80    -0.106
     230.83     0.055
     231.86     0.027
     232.89    -0.023
     233.92     0.018
     234.95    -0.013
     235.98    -0.058
     237.01    -0.022
     238.04    -0.078
     239.07     0.054
     240.11     0.017
     241.14     0.067
     242.17    -0.020
     243.20     0.007
     244.23     0.081
     245.26     0.033
     246.29     0.016
     247.32    -0.001
     248.35    -0.041
     249.38     0.008
     250.41     0.077
     251.44    -0.097
     252.47    -0.007
     253.50    -0.118
     254.53    -0.041
     255.56     0.019
     256.59    -0.070
     257.62     0.018
     258.65    -0.025
     259.68    -0.104
     260.71    -0.148
     261.75     0.079
     262.78    -0.004
     263.81     0.079
     264.84     0.047
     265.87     0.093
     266.90     0.040
     267.93     0.056
     268.96     0.021
     269.99     0.095
     271.02    -0.048
     272.05    -0.027
     273.08     0.052
     274.11    -0.096
     275.14     0.014
     276.17     0.001
     277.20    -0.030
     278.23    -0.030
     279.26    -0.018
     280.29     0.067
     281.32    -0.014
     282.36     0.015
     283.39    -0.017
     284.42     0.010
     285.45     0.013
     286.48     0.065
     287.51    -0.062
     288.54     0.009
     289.57     0.013
     290.60     0.070
     291.63    -0.039
     292.66    -0.036
     293.69     0.021
     294.72     0.003
     295.75    -0.027
     296.78     0.003
     297.81    -0.131
     298.84    -0.000
     299.87    -0.050
     300.90     0.032
     301.93    -0.040
     302.97    -0.010
     304.00    -0.028
     305.03     0.066
     306.06    -0.079
     307.09     0.063
     308.12    -0.029
     309.15     0.080
     310.18     0.033
     311.21    -0.060
     312.24    -0.063
     313.27     0.051
     314.30    -0.057
     315.33    -0.017
     316.36    -0.042
     317.39    -0.013
     318.42    -0.008
     319.45     0.105
     320.48    -0.053
     321.51     0.016
     322.54    -0.056
     323.58    -0.039
     324.61     0.051
     325.64     0.011
     326.67     0.098
     327.70    -0.087
     328.73     0.044
     329.76    -0.089
     330.79     0.043
     331.82     0.033
     332.85    -0.074
     333.88    -0.078
     334.91     0.011
     335.94     0.033
     336.97     0.020
     338.00     0.014
     339.03     0.041
     340.06     0.014
     341.09    -0.023
     342.12    -0.022
     343.15     0.027
     344.18     0.093
     345.22    -0.048
     346.25     0.066
     347.28     0.012
     348.31     0.058
     349.34     0.047
     350.37     0.062
     351.40     0.015
     352.43    -0.011
     353.46     0.002
     354.49    -0.074
     355.52    -0.026
     356.55     0.027
     357.58     0.002
     358.61    -0.005
     359.64    -0.012
     360.67    -0.051
     361.70     0.050
     362.73     0.042
     363.76    -0.051
     364.79     0.034
     365.83    -0.035
     366.86    -0.003
     367.89    -0.041
     368.92     0.035
     369.95    -0.083
     370.98     0.010
     372.01     0.020
     373.04     0.054
     374.07    -0.067
     375.10    -0.089
     376.13     0.075
     377.16     0.038
     378.19    -0.060
     379.22     0.067
     380.25    -0.030
     381.28     0.031
     382.31    -0.054
     383.34     0.104
     384.37    -0.037
     385.40    -0.023
     386.44    -0.036
     387.47     0.022
     388.50    -0.018
     389.53     0.036
     390.56     0.002
     391.59    -0.028
     392.62     0.031
     393.65     0.006
     394.68     0.062
     395.71     0.043
     396.74    -0.061
     397.77     0.165
     398.80    -0.088
     399.83     0.071