%%LAB     777  datapoints: v_lsr [km/s] and T_B [K]
    -399.85    -0.027
    -398.82    -0.032
    -397.79    -0.005
    -396.76    -0.054
    -395.72    -0.006
    -394.69    -0.020
    -393.66    -0.015
    -392.63    -0.134
    -391.60     0.079
    -390.57     0.015
    -389.54     0.065
    -388.51    -0.016
    -387.48     0.029
    -386.45    -0.023
    -385.42     0.093
    -384.39     0.005
    -383.36     0.063
    -382.33    -0.027
    -381.30    -0.053
    -380.27     0.025
    -379.24    -0.011
    -378.21     0.011
    -377.18     0.084
    -376.14     0.123
    -375.11    -0.036
    -374.08    -0.014
    -373.05    -0.015
    -372.02    -0.062
    -370.99    -0.014
    -369.96    -0.126
    -368.93    -0.024
    -367.90    -0.019
    -366.87     0.062
    -365.84     0.055
    -364.81     0.030
    -363.78    -0.000
    -362.75     0.007
    -361.72    -0.032
    -360.69     0.006
    -359.66    -0.058
    -358.63     0.007
    -357.60     0.078
    -356.56     0.064
    -355.53     0.044
    -354.50     0.097
    -353.47    -0.046
    -352.44     0.043
    -351.41     0.043
    -350.38     0.061
    -349.35     0.041
    -348.32    -0.011
    -347.29    -0.098
    -346.26     0.107
    -345.23     0.010
    -344.20     0.024
    -343.17     0.023
    -342.14    -0.055
    -341.11    -0.023
    -340.08     0.009
    -339.05     0.023
    -338.01     0.038
    -336.98    -0.037
    -335.95     0.018
    -334.92     0.001
    -333.89     0.014
    -332.86    -0.016
    -331.83     0.069
    -330.80     0.036
    -329.77    -0.041
    -328.74    -0.063
    -327.71     0.017
    -326.68    -0.083
    -325.65    -0.084
    -324.62    -0.011
    -323.59    -0.102
    -322.56    -0.146
    -321.53     0.054
    -320.50    -0.042
    -319.47     0.041
    -318.43    -0.046
    -317.40     0.086
    -316.37     0.112
    -315.34     0.052
    -314.31    -0.020
    -313.28     0.085
    -312.25     0.010
    -311.22    -0.006
    -310.19     0.020
    -309.16    -0.070
    -308.13     0.007
    -307.10     0.016
    -306.07    -0.058
    -305.04     0.062
    -304.01    -0.012
    -302.98     0.076
    -301.95     0.059
    -300.92     0.092
    -299.89    -0.007
    -298.85    -0.049
    -297.82    -0.022
    -296.79     0.025
    -295.76    -0.028
    -294.73     0.037
    -293.70    -0.046
    -292.67    -0.011
    -291.64    -0.027
    -290.61    -0.000
    -289.58    -0.025
    -288.55    -0.077
    -287.52     0.015
    -286.49     0.087
    -285.46    -0.055
    -284.43     0.022
    -283.40     0.024
    -282.37    -0.042
    -281.34     0.091
    -280.31    -0.086
    -279.27    -0.016
    -278.24    -0.006
    -277.21    -0.016
    -276.18     0.022
    -275.15     0.020
    -274.12    -0.037
    -273.09     0.019
    -272.06    -0.012
    -271.03     0.012
    -270.00     0.078
    -268.97     0.013
    -267.94     0.003
    -266.91     0.059
    -265.88    -0.023
    -264.85    -0.098
    -263.82     0.029
    -262.79    -0.037
    -261.76     0.013
    -260.72    -0.064
    -259.69    -0.028
    -258.66     0.038
    -257.63    -0.053
    -256.60     0.050
    -255.57     0.001
    -254.54     0.077
    -253.51     0.034
    -252.48    -0.064
    -251.45     0.020
    -250.42     0.064
    -249.39     0.003
    -248.36    -0.042
    -247.33     0.054
    -246.30    -0.019
    -245.27     0.046
    -244.24     0.009
    -243.21     0.073
    -242.18    -0.023
    -241.14     0.009
    -240.11    -0.092
    -239.08     0.046
    -238.05    -0.057
    -237.02    -0.004
    -235.99    -0.017
    -234.96    -0.030
    -233.93    -0.014
    -232.90    -0.019
    -231.87    -0.037
    -230.84    -0.008
    -229.81    -0.040
    -228.78    -0.010
    -227.75    -0.032
    -226.72     0.057
    -225.69     0.048
    -224.66     0.040
    -223.63     0.024
    -222.60     0.033
    -221.56     0.019
    -220.53     0.026
    -219.50     0.024
    -218.47     0.065
    -217.44     0.017
    -216.41     0.010
    -215.38    -0.077
    -214.35     0.043
    -213.32    -0.031
    -212.29     0.059
    -211.26     0.013
    -210.23    -0.025
    -209.20     0.002
    -208.17     0.039
    -207.14     0.083
    -206.11    -0.009
    -205.08    -0.059
    -204.05    -0.009
    -203.02    -0.006
    -201.98     0.001
    -200.95    -0.054
    -199.92    -0.001
    -198.89     0.097
    -197.86     0.081
    -196.83    -0.025
    -195.80     0.110
    -194.77    -0.086
    -193.74     0.015
    -192.71    -0.071
    -191.68     0.028
    -190.65     0.112
    -189.62     0.077
    -188.59     0.015
    -187.56     0.022
    -186.53    -0.016
    -185.50    -0.029
    -184.47     0.014
    -183.43    -0.014
    -182.40    -0.073
    -181.37     0.067
    -180.34     0.018
    -179.31     0.051
    -178.28    -0.004
    -177.25    -0.075
    -176.22     0.023
    -175.19     0.022
    -174.16    -0.027
    -173.13    -0.031
    -172.10    -0.066
    -171.07     0.001
    -170.04     0.019
    -169.01     0.048
    -167.98    -0.043
    -166.95     0.053
    -165.92     0.026
    -164.89     0.087
    -163.85    -0.065
    -162.82    -0.079
    -161.79    -0.029
    -160.76     0.071
    -159.73    -0.058
    -158.70     0.047
    -157.67    -0.034
    -156.64     0.032
    -155.61    -0.042
    -154.58    -0.008
    -153.55     0.031
    -152.52    -0.006
    -151.49    -0.058
    -150.46     0.037
    -149.43     0.038
    -148.40    -0.130
    -147.37    -0.059
    -146.34     0.031
    -145.31     0.018
    -144.27     0.004
    -143.24     0.060
    -142.21     0.106
    -141.18     0.012
    -140.15     0.042
    -139.12     0.000
    -138.09     0.078
    -137.06     0.013
    -136.03     0.083
    -135.00     0.019
    -133.97     0.077
    -132.94     0.027
    -131.91     0.135
    -130.88     0.073
    -129.85     0.058
    -128.82     0.055
    -127.79     0.039
    -126.76     0.019
    -125.73     0.052
    -124.69     0.095
    -123.66     0.214
    -122.63     0.111
    -121.60     0.127
    -120.57     0.087
    -119.54     0.270
    -118.51     0.174
    -117.48     0.168
    -116.45     0.345
    -115.42     0.428
    -114.39     0.342
    -113.36     0.435
    -112.33     0.531
    -111.30     0.675
    -110.27     0.808
    -109.24     0.891
    -108.21     0.925
    -107.18     1.231
    -106.14     1.303
    -105.11     1.574
    -104.08     1.761
    -103.05     2.050
    -102.02     2.141
    -100.99     2.340
     -99.96     2.393
     -98.93     2.416
     -97.90     2.486
     -96.87     2.518
     -95.84     2.474
     -94.81     2.506
     -93.78     2.371
     -92.75     2.350
     -91.72     2.290
     -90.69     2.192
     -89.66     2.038
     -88.63     1.906
     -87.60     1.691
     -86.56     1.631
     -85.53     1.507
     -84.50     1.370
     -83.47     1.374
     -82.44     1.369
     -81.41     1.148
     -80.38     1.250
     -79.35     1.179
     -78.32     1.082
     -77.29     1.040
     -76.26     1.127
     -75.23     1.089
     -74.20     1.203
     -73.17     1.132
     -72.14     1.183
     -71.11     1.215
     -70.08     1.231
     -69.05     1.167
     -68.02     1.202
     -66.98     1.243
     -65.95     1.213
     -64.92     1.278
     -63.89     1.410
     -62.86     1.303
     -61.83     1.317
     -60.80     1.306
     -59.77     1.364
     -58.74     1.364
     -57.71     1.293
     -56.68     1.285
     -55.65     1.427
     -54.62     1.323
     -53.59     1.471
     -52.56     1.397
     -51.53     1.447
     -50.50     1.440
     -49.47     1.447
     -48.44     1.441
     -47.40     1.535
     -46.37     1.457
     -45.34     1.385
     -44.31     1.372
     -43.28     1.358
     -42.25     1.208
     -41.22     1.188
     -40.19     1.185
     -39.16     1.102
     -38.13     1.113
     -37.10     1.028
     -36.07     0.992
     -35.04     0.976
     -34.01     0.850
     -32.98     0.954
     -31.95     1.013
     -30.92     0.976
     -29.89     0.964
     -28.85     1.033
     -27.82     1.042
     -26.79     1.103
     -25.76     1.261
     -24.73     1.339
     -23.70     1.391
     -22.67     1.567
     -21.64     1.670
     -20.61     2.107
     -19.58     2.220
     -18.55     2.778
     -17.52     3.017
     -16.49     3.554
     -15.46     4.030
     -14.43     4.708
     -13.40     5.094
     -12.37     5.824
     -11.34     6.573
     -10.31     7.638
      -9.27     8.796
      -8.24    10.450
      -7.21    12.296
      -6.18    14.394
      -5.15    16.472
      -4.12    18.685
      -3.09    20.607
      -2.06    22.295
      -1.03    23.209
       0.00    23.811
       1.03    23.975
       2.06    24.230
       3.09    24.717
       4.12    25.027
       5.15    23.903
       6.18    22.217
       7.21    20.920
       8.24    18.938
       9.27    16.749
      10.31    15.163
      11.34    14.063
      12.37    13.422
      13.40    13.444
      14.43    13.732
      15.46    13.607
      16.49    12.988
      17.52    11.241
      18.55     9.013
      19.58     6.866
      20.61     5.150
      21.64     3.727
      22.67     2.790
      23.70     2.187
      24.73     1.703
      25.76     1.439
      26.79     1.236
      27.82     0.980
      28.85     1.003
      29.89     0.729
      30.92     0.685
      31.95     0.660
      32.98     0.561
      34.01     0.401
      35.04     0.428
      36.07     0.310
      37.10     0.285
      38.13     0.271
      39.16     0.141
      40.19     0.195
      41.22     0.194
      42.25     0.179
      43.28     0.178
      44.31     0.106
      45.34     0.177
      46.37     0.133
      47.40     0.174
      48.44     0.171
      49.47     0.103
      50.50     0.033
      51.53     0.116
      52.56     0.083
      53.59     0.123
      54.62    -0.050
      55.65    -0.006
      56.68     0.079
      57.71     0.031
      58.74     0.043
      59.77     0.140
      60.80     0.063
      61.83     0.082
      62.86     0.111
      63.89     0.075
      64.92     0.019
      65.95    -0.014
      66.98     0.009
      68.02     0.041
      69.05     0.054
      70.08     0.040
      71.11     0.109
      72.14     0.109
      73.17     0.067
      74.20     0.134
      75.23    -0.105
      76.26    -0.030
      77.29    -0.053
      78.32    -0.027
      79.35    -0.062
      80.38     0.015
      81.41    -0.009
      82.44     0.084
      83.47     0.025
      84.50    -0.026
      85.53    -0.028
      86.56    -0.013
      87.60    -0.091
      88.63     0.030
      89.66    -0.057
      90.69     0.028
      91.72     0.110
      92.75    -0.017
      93.78    -0.045
      94.81     0.054
      95.84    -0.030
      96.87     0.044
      97.90    -0.041
      98.93     0.042
      99.96    -0.086
     100.99     0.009
     102.02     0.057
     103.05     0.053
     104.08    -0.036
     105.11     0.030
     106.14    -0.075
     107.18     0.067
     108.21    -0.076
     109.24    -0.049
     110.27     0.009
     111.30     0.058
     112.33     0.043
     113.36     0.016
     114.39     0.008
     115.42     0.036
     116.45    -0.089
     117.48     0.016
     118.51    -0.041
     119.54     0.004
     120.57    -0.081
     121.60    -0.020
     122.63     0.054
     123.66     0.063
     124.69    -0.037
     125.73     0.031
     126.76     0.073
     127.79     0.054
     128.82     0.102
     129.85     0.093
     130.88     0.036
     131.91     0.098
     132.94     0.030
     133.97    -0.019
     135.00    -0.094
     136.03     0.037
     137.06     0.004
     138.09    -0.041
     139.12     0.035
     140.15    -0.026
     141.18    -0.001
     142.21     0.051
     143.24     0.014
     144.27     0.048
     145.31    -0.023
     146.34     0.033
     147.37     0.092
     148.40     0.015
     149.43    -0.047
     150.46    -0.087
     151.49     0.018
     152.52    -0.027
     153.55    -0.062
     154.58    -0.033
     155.61     0.001
     156.64     0.002
     157.67     0.079
     158.70     0.035
     159.73     0.024
     160.76     0.040
     161.79    -0.059
     162.82     0.109
     163.85     0.009
     164.89    -0.018
     165.92    -0.008
     166.95     0.073
     167.98     0.004
     169.01     0.139
     170.04    -0.047
     171.07    -0.021
     172.10     0.061
     173.13     0.058
     174.16     0.040
     175.19    -0.031
     176.22    -0.017
     177.25    -0.009
     178.28     0.017
     179.31     0.088
     180.34     0.070
     181.37    -0.009
     182.40    -0.017
     183.43     0.108
     184.47    -0.084
     185.50    -0.033
     186.53    -0.043
     187.56     0.033
     188.59     0.062
     189.62    -0.020
     190.65    -0.097
     191.68    -0.066
     192.71     0.007
     193.74    -0.013
     194.77    -0.018
     195.80    -0.074
     196.83    -0.097
     197.86     0.037
     198.89    -0.018
     199.92    -0.051
     200.95    -0.071
     201.98     0.011
     203.02    -0.094
     204.05    -0.090
     205.08     0.021
     206.11     0.001
     207.14     0.035
     208.17     0.092
     209.20     0.146
     210.23     0.058
     211.26     0.014
     212.29    -0.041
     213.32    -0.014
     214.35     0.100
     215.38     0.022
     216.41    -0.003
     217.44    -0.061
     218.47     0.059
     219.50     0.065
     220.53     0.136
     221.56    -0.013
     222.60    -0.030
     223.63    -0.059
     224.66     0.031
     225.69    -0.064
     226.72     0.032
     227.75    -0.062
     228.78     0.059
     229.81    -0.014
     230.84    -0.023
     231.87    -0.110
     232.90     0.071
     233.93     0.060
     234.96     0.040
     235.99    -0.065
     237.02     0.083
     238.05    -0.153
     239.08    -0.019
     240.11    -0.085
     241.14    -0.003
     242.18    -0.023
     243.21    -0.074
     244.24    -0.068
     245.27    -0.089
     246.30    -0.038
     247.33     0.025
     248.36     0.005
     249.39     0.055
     250.42     0.028
     251.45    -0.019
     252.48    -0.024
     253.51    -0.021
     254.54     0.037
     255.57     0.050
     256.60    -0.093
     257.63     0.018
     258.66    -0.043
     259.69     0.063
     260.72    -0.077
     261.76     0.009
     262.79    -0.034
     263.82     0.043
     264.85    -0.007
     265.88     0.084
     266.91    -0.057
     267.94     0.026
     268.97    -0.065
     270.00    -0.031
     271.03    -0.105
     272.06    -0.074
     273.09    -0.028
     274.12     0.073
     275.15    -0.041
     276.18     0.006
     277.21     0.086
     278.24     0.067
     279.27    -0.055
     280.31     0.087
     281.34    -0.010
     282.37     0.022
     283.40    -0.017
     284.43    -0.015
     285.46    -0.004
     286.49     0.048
     287.52    -0.044
     288.55     0.010
     289.58    -0.062
     290.61     0.081
     291.64     0.098
     292.67     0.015
     293.70    -0.031
     294.73     0.112
     295.76     0.009
     296.79     0.044
     297.82     0.024
     298.85    -0.055
     299.89     0.010
     300.92     0.036
     301.95    -0.063
     302.98    -0.032
     304.01    -0.022
     305.04     0.015
     306.07     0.011
     307.10     0.056
     308.13     0.003
     309.16     0.072
     310.19    -0.013
     311.22    -0.022
     312.25     0.050
     313.28     0.027
     314.31    -0.026
     315.34     0.014
     316.37    -0.056
     317.40    -0.032
     318.43     0.025
     319.47    -0.048
     320.50     0.029
     321.53     0.080
     322.56     0.011
     323.59     0.046
     324.62     0.059
     325.65     0.002
     326.68    -0.019
     327.71     0.063
     328.74    -0.012
     329.77    -0.046
     330.80    -0.004
     331.83     0.076
     332.86    -0.041
     333.89    -0.017
     334.92    -0.034
     335.95    -0.009
     336.98    -0.108
     338.01    -0.014
     339.05    -0.023
     340.08     0.081
     341.11    -0.021
     342.14     0.079
     343.17     0.010
     344.20    -0.005
     345.23     0.022
     346.26    -0.021
     347.29    -0.001
     348.32     0.085
     349.35    -0.073
     350.38    -0.130
     351.41    -0.069
     352.44    -0.014
     353.47     0.008
     354.50    -0.096
     355.53    -0.005
     356.56    -0.009
     357.60    -0.022
     358.63    -0.037
     359.66    -0.045
     360.69    -0.006
     361.72     0.069
     362.75    -0.006
     363.78     0.058
     364.81     0.043
     365.84     0.007
     366.87    -0.034
     367.90     0.051
     368.93     0.076
     369.96    -0.016
     370.99     0.043
     372.02    -0.027
     373.05    -0.104
     374.08     0.014
     375.11     0.044
     376.14     0.074
     377.18     0.053
     378.21    -0.080
     379.24    -0.021
     380.27     0.001
     381.30     0.157
     382.33    -0.037
     383.36     0.012
     384.39     0.049
     385.42     0.046
     386.45    -0.015
     387.48     0.072
     388.51    -0.001
     389.54     0.028
     390.57     0.056
     391.60    -0.053
     392.63     0.038
     393.66     0.048
     394.69    -0.028
     395.72    -0.040
     396.76    -0.081
     397.79     0.007
     398.82     0.081
     399.85     0.007