%%LAB     777  datapoints: v_lsr [km/s] and T_B [K]
    -399.83     0.053
    -398.80    -0.117
    -397.77    -0.010
    -396.74    -0.082
    -395.71    -0.006
    -394.68     0.027
    -393.65     0.054
    -392.62     0.015
    -391.59     0.127
    -390.56     0.024
    -389.53     0.011
    -388.50    -0.009
    -387.46    -0.072
    -386.43     0.098
    -385.40    -0.005
    -384.37     0.036
    -383.34    -0.000
    -382.31    -0.094
    -381.28     0.115
    -380.25    -0.041
    -379.22    -0.067
    -378.19    -0.001
    -377.16     0.010
    -376.13     0.039
    -375.10     0.021
    -374.07    -0.026
    -373.04     0.112
    -372.01     0.041
    -370.98     0.088
    -369.95     0.037
    -368.92     0.045
    -367.89     0.005
    -366.85     0.032
    -365.82    -0.018
    -364.79     0.019
    -363.76    -0.041
    -362.73     0.032
    -361.70    -0.055
    -360.67     0.118
    -359.64    -0.049
    -358.61     0.006
    -357.58    -0.201
    -356.55    -0.152
    -355.52    -0.106
    -354.49     0.000
    -353.46    -0.066
    -352.43    -0.006
    -351.40     0.038
    -350.37     0.012
    -349.34    -0.054
    -348.31    -0.007
    -347.28     0.042
    -346.24    -0.053
    -345.21    -0.031
    -344.18     0.076
    -343.15     0.008
    -342.12     0.005
    -341.09     0.087
    -340.06     0.044
    -339.03    -0.050
    -338.00    -0.051
    -336.97    -0.023
    -335.94    -0.052
    -334.91    -0.019
    -333.88    -0.009
    -332.85     0.072
    -331.82     0.137
    -330.79    -0.043
    -329.76     0.069
    -328.73     0.018
    -327.70    -0.046
    -326.67     0.033
    -325.64    -0.030
    -324.60    -0.002
    -323.57     0.073
    -322.54    -0.033
    -321.51    -0.035
    -320.48    -0.009
    -319.45    -0.063
    -318.42    -0.091
    -317.39    -0.015
    -316.36    -0.019
    -315.33     0.030
    -314.30     0.018
    -313.27     0.007
    -312.24     0.062
    -311.21     0.054
    -310.18    -0.066
    -309.15     0.015
    -308.12     0.014
    -307.09     0.033
    -306.06     0.034
    -305.03     0.013
    -303.99    -0.130
    -302.96     0.041
    -301.93     0.010
    -300.90    -0.037
    -299.87    -0.025
    -298.84    -0.067
    -297.81     0.124
    -296.78    -0.005
    -295.75    -0.121
    -294.72    -0.002
    -293.69     0.023
    -292.66     0.102
    -291.63     0.015
    -290.60     0.082
    -289.57     0.032
    -288.54     0.102
    -287.51    -0.011
    -286.48     0.043
    -285.45     0.135
    -284.42     0.077
    -283.39     0.037
    -282.35     0.024
    -281.32    -0.112
    -280.29     0.018
    -279.26    -0.029
    -278.23     0.032
    -277.20     0.065
    -276.17     0.012
    -275.14     0.064
    -274.11     0.081
    -273.08    -0.061
    -272.05     0.048
    -271.02    -0.046
    -269.99     0.009
    -268.96    -0.150
    -267.93    -0.077
    -266.90    -0.009
    -265.87    -0.095
    -264.84    -0.037
    -263.81     0.077
    -262.78     0.039
    -261.74    -0.024
    -260.71     0.021
    -259.68    -0.053
    -258.65    -0.010
    -257.62     0.080
    -256.59     0.105
    -255.56     0.101
    -254.53    -0.113
    -253.50    -0.028
    -252.47    -0.060
    -251.44     0.136
    -250.41    -0.045
    -249.38     0.038
    -248.35     0.027
    -247.32     0.152
    -246.29    -0.041
    -245.26    -0.028
    -244.23    -0.015
    -243.20     0.066
    -242.17     0.023
    -241.13    -0.028
    -240.10     0.012
    -239.07     0.075
    -238.04     0.022
    -237.01    -0.006
    -235.98    -0.004
    -234.95     0.001
    -233.92    -0.130
    -232.89     0.083
    -231.86     0.089
    -230.83     0.002
    -229.80    -0.031
    -228.77    -0.118
    -227.74     0.019
    -226.71    -0.016
    -225.68    -0.019
    -224.65    -0.080
    -223.62    -0.025
    -222.59     0.015
    -221.56     0.052
    -220.53     0.003
    -219.49    -0.082
    -218.46     0.035
    -217.43     0.061
    -216.40     0.034
    -215.37    -0.010
    -214.34     0.005
    -213.31     0.008
    -212.28     0.035
    -211.25     0.001
    -210.22     0.149
    -209.19    -0.075
    -208.16     0.015
    -207.13     0.081
    -206.10     0.102
    -205.07     0.085
    -204.04     0.039
    -203.01     0.059
    -201.98    -0.012
    -200.95    -0.151
    -199.92     0.001
    -198.88     0.021
    -197.85    -0.004
    -196.82    -0.013
    -195.79     0.050
    -194.76     0.002
    -193.73    -0.051
    -192.70     0.077
    -191.67     0.015
    -190.64    -0.117
    -189.61     0.023
    -188.58     0.061
    -187.55     0.080
    -186.52     0.005
    -185.49     0.020
    -184.46    -0.037
    -183.43    -0.002
    -182.40    -0.041
    -181.37    -0.036
    -180.34     0.143
    -179.31    -0.106
    -178.27     0.107
    -177.24     0.061
    -176.21    -0.003
    -175.18     0.073
    -174.15    -0.009
    -173.12     0.029
    -172.09     0.042
    -171.06     0.065
    -170.03     0.045
    -169.00     0.027
    -167.97    -0.025
    -166.94     0.015
    -165.91     0.017
    -164.88    -0.042
    -163.85     0.015
    -162.82     0.094
    -161.79    -0.053
    -160.76     0.006
    -159.73     0.052
    -158.70     0.040
    -157.67    -0.011
    -156.63     0.083
    -155.60    -0.175
    -154.57    -0.020
    -153.54     0.027
    -152.51     0.142
    -151.48     0.023
    -150.45     0.125
    -149.42     0.032
    -148.39     0.024
    -147.36     0.126
    -146.33     0.096
    -145.30     0.094
    -144.27     0.142
    -143.24     0.057
    -142.21     0.188
    -141.18     0.149
    -140.15     0.272
    -139.12     0.124
    -138.09     0.148
    -137.06     0.251
    -136.02     0.262
    -134.99     0.210
    -133.96     0.289
    -132.93     0.388
    -131.90     0.404
    -130.87     0.431
    -129.84     0.549
    -128.81     0.659
    -127.78     0.703
    -126.75     0.748
    -125.72     0.922
    -124.69     1.191
    -123.66     1.298
    -122.63     1.489
    -121.60     1.786
    -120.57     2.027
    -119.54     2.559
    -118.51     2.624
    -117.48     3.226
    -116.45     3.744
    -115.41     4.644
    -114.38     5.631
    -113.35     6.262
    -112.32     5.597
    -111.29     5.045
    -110.26     5.239
    -109.23     5.744
    -108.20     6.548
    -107.17     7.862
    -106.14     9.569
    -105.11    12.035
    -104.08    14.664
    -103.05    17.939
    -102.02    22.108
    -100.99    28.421
     -99.96    36.494
     -98.93    45.705
     -97.90    53.783
     -96.87    58.962
     -95.84    62.474
     -94.81    65.853
     -93.77    70.342
     -92.74    74.960
     -91.71    78.724
     -90.68    80.750
     -89.65    81.673
     -88.62    81.273
     -87.59    79.412
     -86.56    78.251
     -85.53    75.252
     -84.50    71.735
     -83.47    68.960
     -82.44    67.272
     -81.41    66.779
     -80.38    67.063
     -79.35    67.517
     -78.32    67.404
     -77.29    67.281
     -76.26    66.803
     -75.23    65.926
     -74.20    64.853
     -73.16    63.288
     -72.13    61.605
     -71.10    59.816
     -70.07    58.305
     -69.04    56.909
     -68.01    55.687
     -66.98    53.886
     -65.95    52.293
     -64.92    50.932
     -63.89    51.102
     -62.86    51.804
     -61.83    52.606
     -60.80    52.967
     -59.77    52.546
     -58.74    51.666
     -57.71    50.973
     -56.68    50.425
     -55.65    49.958
     -54.62    49.856
     -53.59    49.746
     -52.56    48.963
     -51.52    47.754
     -50.49    45.598
     -49.46    42.355
     -48.43    38.781
     -47.40    35.227
     -46.37    31.511
     -45.34    28.004
     -44.31    24.735
     -43.28    21.581
     -42.25    19.099
     -41.22    17.780
     -40.19    17.132
     -39.16    17.282
     -38.13    17.871
     -37.10    19.077
     -36.07    20.272
     -35.04    21.398
     -34.01    21.403
     -32.98    20.622
     -31.95    19.021
     -30.91    17.146
     -29.88    15.256
     -28.85    13.500
     -27.82    12.497
     -26.79    12.334
     -25.76    12.794
     -24.73    13.600
     -23.70    15.144
     -22.67    17.547
     -21.64    20.576
     -20.61    24.725
     -19.58    29.249
     -18.55    35.108
     -17.52    42.162
     -16.49    50.936
     -15.46    62.351
     -14.43    75.607
     -13.40    88.282
     -12.37    97.919
     -11.34   104.611
     -10.30   109.781
      -9.27   111.897
      -8.24   110.991
      -7.21   107.565
      -6.18   103.561
      -5.15    97.445
      -4.12    87.741
      -3.09    73.350
      -2.06    67.605
      -1.03    76.402
       0.00    86.235
       1.03    87.532
       2.06    86.105
       3.09    83.521
       4.12    77.685
       5.15    68.242
       6.18    57.965
       7.21    47.717
       8.24    40.392
       9.27    34.860
      10.30    28.182
      11.34    21.569
      12.37    15.194
      13.40    10.797
      14.43     7.912
      15.46     5.712
      16.49     3.856
      17.52     2.947
      18.55     2.540
      19.58     2.319
      20.61     2.129
      21.64     1.969
      22.67     1.806
      23.70     1.585
      24.73     1.284
      25.76     0.933
      26.79     0.562
      27.82     0.434
      28.85     0.292
      29.88     0.291
      30.91     0.206
      31.95     0.090
      32.98     0.147
      34.01     0.107
      35.04     0.058
      36.07     0.032
      37.10     0.070
      38.13    -0.073
      39.16    -0.071
      40.19     0.070
      41.22     0.089
      42.25     0.121
      43.28    -0.034
      44.31    -0.133
      45.34     0.181
      46.37     0.115
      47.40    -0.002
      48.43    -0.011
      49.46     0.090
      50.49     0.101
      51.52     0.152
      52.56     0.045
      53.59     0.073
      54.62    -0.095
      55.65     0.066
      56.68     0.132
      57.71     0.012
      58.74    -0.046
      59.77     0.074
      60.80    -0.087
      61.83     0.069
      62.86    -0.041
      63.89     0.019
      64.92    -0.119
      65.95     0.048
      66.98    -0.029
      68.01     0.125
      69.04    -0.027
      70.07    -0.001
      71.10     0.047
      72.13    -0.000
      73.16     0.048
      74.20     0.039
      75.23    -0.053
      76.26     0.090
      77.29     0.011
      78.32     0.016
      79.35    -0.048
      80.38     0.046
      81.41     0.002
      82.44     0.042
      83.47     0.028
      84.50     0.123
      85.53    -0.047
      86.56     0.044
      87.59     0.045
      88.62     0.075
      89.65    -0.002
      90.68     0.112
      91.71     0.002
      92.74     0.009
      93.77    -0.010
      94.81    -0.026
      95.84    -0.027
      96.87    -0.026
      97.90     0.052
      98.93     0.025
      99.96     0.039
     100.99    -0.086
     102.02     0.118
     103.05    -0.055
     104.08     0.105
     105.11     0.028
     106.14     0.108
     107.17     0.077
     108.20     0.041
     109.23     0.219
     110.26    -0.036
     111.29     0.021
     112.32     0.061
     113.35    -0.022
     114.38    -0.035
     115.41    -0.064
     116.45    -0.150
     117.48    -0.050
     118.51    -0.038
     119.54     0.140
     120.57     0.027
     121.60     0.115
     122.63    -0.064
     123.66     0.188
     124.69    -0.002
     125.72     0.068
     126.75    -0.044
     127.78     0.039
     128.81     0.042
     129.84     0.060
     130.87     0.002
     131.90     0.028
     132.93    -0.054
     133.96    -0.006
     134.99    -0.011
     136.02     0.113
     137.06    -0.019
     138.09     0.069
     139.12     0.007
     140.15     0.163
     141.18    -0.125
     142.21    -0.024
     143.24     0.026
     144.27    -0.118
     145.30    -0.194
     146.33    -0.030
     147.36     0.000
     148.39    -0.048
     149.42     0.056
     150.45     0.088
     151.48     0.064
     152.51     0.016
     153.54    -0.125
     154.57     0.031
     155.60     0.053
     156.63    -0.029
     157.67     0.029
     158.70     0.010
     159.73    -0.071
     160.76     0.053
     161.79    -0.159
     162.82    -0.018
     163.85    -0.024
     164.88    -0.041
     165.91    -0.101
     166.94    -0.041
     167.97     0.071
     169.00     0.051
     170.03    -0.087
     171.06     0.055
     172.09    -0.058
     173.12     0.035
     174.15    -0.049
     175.18    -0.074
     176.21    -0.081
     177.24     0.027
     178.27    -0.082
     179.31     0.022
     180.34     0.030
     181.37     0.082
     182.40    -0.021
     183.43     0.067
     184.46    -0.063
     185.49     0.056
     186.52    -0.015
     187.55    -0.059
     188.58    -0.053
     189.61     0.053
     190.64    -0.109
     191.67     0.104
     192.70    -0.030
     193.73     0.085
     194.76     0.052
     195.79     0.087
     196.82    -0.039
     197.85     0.123
     198.88     0.024
     199.92     0.047
     200.95    -0.129
     201.98    -0.033
     203.01    -0.060
     204.04     0.072
     205.07    -0.024
     206.10    -0.050
     207.13     0.011
     208.16     0.021
     209.19    -0.070
     210.22     0.040
     211.25    -0.031
     212.28    -0.043
     213.31    -0.080
     214.34     0.065
     215.37    -0.054
     216.40     0.171
     217.43     0.006
     218.46    -0.044
     219.49     0.018
     220.53     0.026
     221.56    -0.048
     222.59     0.087
     223.62    -0.059
     224.65     0.025
     225.68    -0.045
     226.71    -0.018
     227.74     0.036
     228.77     0.090
     229.80     0.043
     230.83     0.118
     231.86    -0.070
     232.89    -0.069
     233.92    -0.020
     234.95    -0.004
     235.98    -0.077
     237.01    -0.073
     238.04    -0.003
     239.07    -0.052
     240.10    -0.110
     241.13     0.109
     242.17     0.008
     243.20    -0.067
     244.23     0.061
     245.26    -0.062
     246.29    -0.016
     247.32     0.141
     248.35    -0.083
     249.38     0.103
     250.41     0.014
     251.44     0.032
     252.47    -0.104
     253.50     0.135
     254.53    -0.064
     255.56     0.085
     256.59     0.008
     257.62     0.082
     258.65     0.031
     259.68    -0.071
     260.71    -0.141
     261.74    -0.000
     262.78    -0.055
     263.81    -0.073
     264.84    -0.012
     265.87     0.027
     266.90     0.111
     267.93     0.002
     268.96     0.138
     269.99    -0.062
     271.02     0.019
     272.05    -0.023
     273.08    -0.072
     274.11    -0.122
     275.14    -0.073
     276.17     0.048
     277.20    -0.082
     278.23     0.145
     279.26     0.134
     280.29     0.053
     281.32     0.029
     282.35     0.042
     283.39     0.057
     284.42     0.205
     285.45     0.066
     286.48    -0.006
     287.51    -0.019
     288.54     0.067
     289.57    -0.002
     290.60    -0.063
     291.63     0.039
     292.66    -0.091
     293.69    -0.004
     294.72     0.033
     295.75    -0.025
     296.78     0.051
     297.81    -0.100
     298.84    -0.009
     299.87     0.042
     300.90     0.056
     301.93    -0.035
     302.96     0.107
     303.99    -0.036
     305.03    -0.088
     306.06    -0.001
     307.09    -0.083
     308.12    -0.091
     309.15     0.031
     310.18     0.039
     311.21     0.051
     312.24    -0.017
     313.27    -0.051
     314.30    -0.101
     315.33     0.083
     316.36    -0.105
     317.39    -0.044
     318.42    -0.083
     319.45     0.030
     320.48    -0.038
     321.51     0.031
     322.54     0.058
     323.57     0.014
     324.60    -0.043
     325.64     0.080
     326.67    -0.019
     327.70     0.116
     328.73    -0.014
     329.76     0.090
     330.79     0.027
     331.82     0.071
     332.85     0.066
     333.88     0.021
     334.91     0.032
     335.94    -0.058
     336.97     0.067
     338.00     0.056
     339.03     0.052
     340.06     0.008
     341.09    -0.034
     342.12    -0.007
     343.15     0.051
     344.18     0.045
     345.21    -0.102
     346.24     0.005
     347.28    -0.057
     348.31     0.116
     349.34    -0.123
     350.37    -0.050
     351.40     0.085
     352.43    -0.057
     353.46     0.005
     354.49     0.017
     355.52     0.013
     356.55    -0.022
     357.58     0.044
     358.61    -0.066
     359.64    -0.047
     360.67    -0.005
     361.70    -0.032
     362.73     0.024
     363.76    -0.026
     364.79     0.019
     365.82    -0.063
     366.85     0.156
     367.89    -0.109
     368.92     0.109
     369.95    -0.060
     370.98     0.034
     372.01     0.014
     373.04     0.014
     374.07     0.018
     375.10    -0.044
     376.13    -0.046
     377.16    -0.038
     378.19    -0.037
     379.22     0.036
     380.25    -0.034
     381.28     0.017
     382.31     0.052
     383.34     0.067
     384.37     0.051
     385.40     0.062
     386.43    -0.010
     387.46     0.055
     388.50    -0.089
     389.53    -0.055
     390.56     0.145
     391.59     0.005
     392.62    -0.061
     393.65     0.030
     394.68     0.006
     395.71     0.101
     396.74    -0.079
     397.77     0.102
     398.80     0.022
     399.83     0.080