%%LAB     777  datapoints: v_lsr [km/s] and T_B [K]
    -399.83     0.068
    -398.80    -0.033
    -397.77     0.046
    -396.74     0.016
    -395.71     0.077
    -394.68    -0.055
    -393.65    -0.040
    -392.62     0.004
    -391.59     0.002
    -390.55    -0.032
    -389.52    -0.035
    -388.49    -0.100
    -387.46     0.035
    -386.43    -0.084
    -385.40     0.042
    -384.37    -0.089
    -383.34    -0.045
    -382.31    -0.009
    -381.28     0.004
    -380.25    -0.077
    -379.22     0.060
    -378.19    -0.080
    -377.16    -0.026
    -376.13     0.058
    -375.10    -0.036
    -374.07    -0.063
    -373.04     0.025
    -372.01    -0.007
    -370.98     0.002
    -369.95    -0.112
    -368.91    -0.008
    -367.88    -0.052
    -366.85     0.005
    -365.82     0.025
    -364.79    -0.019
    -363.76    -0.029
    -362.73     0.087
    -361.70     0.039
    -360.67     0.048
    -359.64    -0.033
    -358.61     0.023
    -357.58    -0.086
    -356.55     0.017
    -355.52    -0.019
    -354.49    -0.065
    -353.46    -0.038
    -352.43     0.026
    -351.40     0.075
    -350.37     0.121
    -349.34    -0.060
    -348.30    -0.012
    -347.27    -0.023
    -346.24     0.041
    -345.21    -0.031
    -344.18     0.049
    -343.15     0.018
    -342.12    -0.045
    -341.09     0.066
    -340.06     0.019
    -339.03     0.016
    -338.00    -0.045
    -336.97    -0.012
    -335.94     0.052
    -334.91    -0.018
    -333.88     0.074
    -332.85    -0.027
    -331.82     0.058
    -330.79     0.009
    -329.76    -0.020
    -328.73    -0.040
    -327.70     0.020
    -326.66     0.040
    -325.63     0.025
    -324.60     0.056
    -323.57     0.004
    -322.54    -0.005
    -321.51     0.014
    -320.48     0.020
    -319.45    -0.050
    -318.42     0.034
    -317.39     0.072
    -316.36    -0.010
    -315.33     0.039
    -314.30    -0.026
    -313.27     0.023
    -312.24    -0.017
    -311.21     0.085
    -310.18     0.052
    -309.15     0.053
    -308.12     0.060
    -307.09     0.122
    -306.05    -0.009
    -305.02     0.030
    -303.99    -0.012
    -302.96     0.072
    -301.93    -0.079
    -300.90    -0.015
    -299.87     0.024
    -298.84     0.039
    -297.81    -0.033
    -296.78    -0.043
    -295.75    -0.105
    -294.72     0.045
    -293.69     0.038
    -292.66     0.020
    -291.63    -0.004
    -290.60     0.002
    -289.57     0.008
    -288.54     0.062
    -287.51     0.016
    -286.48     0.006
    -285.45     0.012
    -284.41     0.009
    -283.38    -0.046
    -282.35    -0.013
    -281.32    -0.015
    -280.29    -0.053
    -279.26    -0.003
    -278.23    -0.030
    -277.20    -0.035
    -276.17    -0.012
    -275.14     0.069
    -274.11     0.003
    -273.08    -0.039
    -272.05     0.044
    -271.02    -0.003
    -269.99     0.081
    -268.96    -0.017
    -267.93    -0.034
    -266.90     0.050
    -265.87     0.052
    -264.84    -0.088
    -263.80    -0.090
    -262.77    -0.104
    -261.74     0.022
    -260.71     0.096
    -259.68    -0.018
    -258.65    -0.020
    -257.62     0.117
    -256.59    -0.009
    -255.56    -0.066
    -254.53    -0.031
    -253.50    -0.017
    -252.47    -0.063
    -251.44     0.002
    -250.41     0.059
    -249.38     0.170
    -248.35    -0.009
    -247.32     0.048
    -246.29    -0.024
    -245.26    -0.013
    -244.23    -0.036
    -243.20     0.094
    -242.16    -0.039
    -241.13    -0.037
    -240.10     0.016
    -239.07     0.044
    -238.04     0.017
    -237.01     0.078
    -235.98     0.075
    -234.95     0.005
    -233.92    -0.018
    -232.89     0.008
    -231.86     0.037
    -230.83    -0.004
    -229.80    -0.020
    -228.77     0.083
    -227.74    -0.013
    -226.71     0.100
    -225.68     0.024
    -224.65     0.082
    -223.62     0.022
    -222.59     0.033
    -221.55     0.035
    -220.52    -0.044
    -219.49     0.026
    -218.46     0.052
    -217.43     0.076
    -216.40    -0.007
    -215.37    -0.017
    -214.34    -0.014
    -213.31     0.074
    -212.28    -0.009
    -211.25     0.257
    -210.22     0.117
    -209.19     0.016
    -208.16     0.026
    -207.13     0.045
    -206.10    -0.046
    -205.07     0.006
    -204.04     0.081
    -203.01    -0.013
    -201.98    -0.034
    -200.95    -0.066
    -199.91     0.014
    -198.88     0.044
    -197.85     0.043
    -196.82     0.096
    -195.79    -0.044
    -194.76    -0.026
    -193.73     0.004
    -192.70    -0.032
    -191.67    -0.011
    -190.64     0.013
    -189.61    -0.026
    -188.58    -0.007
    -187.55     0.073
    -186.52    -0.018
    -185.49    -0.041
    -184.46    -0.007
    -183.43    -0.007
    -182.40     0.038
    -181.37    -0.013
    -180.34    -0.032
    -179.30    -0.045
    -178.27     0.020
    -177.24     0.098
    -176.21    -0.072
    -175.18     0.047
    -174.15     0.035
    -173.12     0.008
    -172.09    -0.096
    -171.06     0.124
    -170.03     0.029
    -169.00    -0.012
    -167.97     0.021
    -166.94     0.037
    -165.91     0.036
    -164.88    -0.016
    -163.85    -0.037
    -162.82     0.042
    -161.79     0.018
    -160.76    -0.062
    -159.73     0.039
    -158.70     0.135
    -157.66     0.079
    -156.63     0.194
    -155.60     0.120
    -154.57     0.177
    -153.54     0.081
    -152.51     0.190
    -151.48     0.112
    -150.45     0.230
    -149.42     0.287
    -148.39     0.233
    -147.36     0.263
    -146.33     0.378
    -145.30     0.225
    -144.27     0.312
    -143.24     0.338
    -142.21     0.384
    -141.18     0.295
    -140.15     0.397
    -139.12     0.265
    -138.09     0.434
    -137.05     0.407
    -136.02     0.509
    -134.99     0.614
    -133.96     0.620
    -132.93     0.725
    -131.90     0.791
    -130.87     0.843
    -129.84     1.158
    -128.81     1.211
    -127.78     1.505
    -126.75     1.774
    -125.72     2.222
    -124.69     2.607
    -123.66     2.944
    -122.63     3.172
    -121.60     3.712
    -120.57     4.461
    -119.54     5.540
    -118.51     7.030
    -117.48     8.282
    -116.45     9.237
    -115.41     9.182
    -114.38     8.682
    -113.35     8.355
    -112.32     8.467
    -111.29     8.961
    -110.26     9.115
    -109.23     9.315
    -108.20     9.513
    -107.17     9.846
    -106.14    10.120
    -105.11    11.535
    -104.08    13.688
    -103.05    15.939
    -102.02    17.368
    -100.99    17.634
     -99.96    17.569
     -98.93    17.038
     -97.90    16.894
     -96.87    17.713
     -95.84    19.083
     -94.80    20.507
     -93.77    21.962
     -92.74    23.829
     -91.71    26.105
     -90.68    28.551
     -89.65    31.108
     -88.62    33.385
     -87.59    34.889
     -86.56    35.438
     -85.53    35.085
     -84.50    34.242
     -83.47    32.866
     -82.44    31.285
     -81.41    29.709
     -80.38    28.200
     -79.35    26.851
     -78.32    25.799
     -77.29    24.996
     -76.26    24.749
     -75.23    25.375
     -74.20    26.509
     -73.16    27.611
     -72.13    28.728
     -71.10    29.433
     -70.07    30.393
     -69.04    31.650
     -68.01    32.970
     -66.98    34.059
     -65.95    35.010
     -64.92    35.995
     -63.89    35.976
     -62.86    33.508
     -61.83    28.500
     -60.80    22.908
     -59.77    18.531
     -58.74    15.118
     -57.71    12.999
     -56.68    11.438
     -55.65    10.050
     -54.62     9.055
     -53.59     8.608
     -52.55     8.281
     -51.52     8.478
     -50.49     8.696
     -49.46     9.160
     -48.43     9.411
     -47.40     9.706
     -46.37     9.933
     -45.34    10.491
     -44.31    10.983
     -43.28    11.626
     -42.25    11.776
     -41.22    11.327
     -40.19    10.807
     -39.16    10.731
     -38.13    10.788
     -37.10    11.420
     -36.07    12.604
     -35.04    14.364
     -34.01    16.625
     -32.98    19.823
     -31.95    23.770
     -30.91    28.908
     -29.88    34.396
     -28.85    39.140
     -27.82    41.534
     -26.79    41.878
     -25.76    40.411
     -24.73    38.780
     -23.70    37.304
     -22.67    36.188
     -21.64    34.658
     -20.61    32.997
     -19.58    31.364
     -18.55    30.565
     -17.52    30.023
     -16.49    29.764
     -15.46    29.657
     -14.43    29.821
     -13.40    30.526
     -12.37    32.021
     -11.34    33.644
     -10.30    35.518
      -9.27    37.045
      -8.24    39.272
      -7.21    42.676
      -6.18    47.238
      -5.15    51.959
      -4.12    57.584
      -3.09    62.731
      -2.06    65.880
      -1.03    68.436
       0.00    69.859
       1.03    70.162
       2.06    68.920
       3.09    66.722
       4.12    64.400
       5.15    60.601
       6.18    53.010
       7.21    41.946
       8.24    29.594
       9.27    19.460
      10.30    12.426
      11.34     7.925
      12.37     5.440
      13.40     3.739
      14.43     2.909
      15.46     2.243
      16.49     1.865
      17.52     1.494
      18.55     1.100
      19.58     0.945
      20.61     0.742
      21.64     0.683
      22.67     0.433
      23.70     0.484
      24.73     0.303
      25.76     0.306
      26.79     0.238
      27.82     0.162
      28.85     0.257
      29.88     0.085
      30.91     0.156
      31.95     0.145
      32.98     0.022
      34.01     0.005
      35.04     0.055
      36.07     0.020
      37.10    -0.030
      38.13    -0.026
      39.16     0.125
      40.19    -0.110
      41.22     0.079
      42.25     0.039
      43.28     0.057
      44.31    -0.067
      45.34     0.039
      46.37    -0.004
      47.40     0.106
      48.43     0.161
      49.46    -0.037
      50.49     0.085
      51.52    -0.011
      52.55     0.102
      53.59     0.066
      54.62     0.040
      55.65    -0.040
      56.68     0.053
      57.71    -0.037
      58.74     0.023
      59.77     0.006
      60.80     0.006
      61.83     0.014
      62.86     0.008
      63.89     0.011
      64.92     0.044
      65.95     0.055
      66.98    -0.002
      68.01     0.102
      69.04    -0.003
      70.07     0.006
      71.10    -0.011
      72.13     0.009
      73.16     0.011
      74.20     0.023
      75.23     0.014
      76.26    -0.050
      77.29     0.049
      78.32    -0.027
      79.35     0.041
      80.38     0.083
      81.41    -0.026
      82.44     0.035
      83.47    -0.101
      84.50    -0.064
      85.53     0.073
      86.56     0.069
      87.59    -0.049
      88.62     0.007
      89.65     0.052
      90.68     0.022
      91.71    -0.017
      92.74     0.016
      93.77    -0.010
      94.80    -0.014
      95.84     0.017
      96.87     0.031
      97.90    -0.026
      98.93    -0.027
      99.96    -0.032
     100.99    -0.019
     102.02     0.023
     103.05     0.057
     104.08     0.010
     105.11    -0.023
     106.14     0.011
     107.17    -0.013
     108.20     0.011
     109.23     0.059
     110.26     0.015
     111.29    -0.019
     112.32    -0.006
     113.35     0.018
     114.38     0.003
     115.41     0.044
     116.45     0.026
     117.48     0.014
     118.51     0.001
     119.54     0.049
     120.57     0.022
     121.60    -0.014
     122.63    -0.003
     123.66    -0.021
     124.69    -0.015
     125.72     0.027
     126.75    -0.013
     127.78     0.000
     128.81     0.010
     129.84     0.131
     130.87    -0.066
     131.90     0.113
     132.93     0.018
     133.96    -0.032
     134.99     0.013
     136.02     0.013
     137.05     0.013
     138.09     0.088
     139.12    -0.063
     140.15    -0.049
     141.18     0.040
     142.21     0.041
     143.24    -0.024
     144.27     0.049
     145.30    -0.062
     146.33     0.050
     147.36    -0.005
     148.39     0.050
     149.42     0.006
     150.45    -0.052
     151.48    -0.006
     152.51    -0.041
     153.54     0.012
     154.57    -0.052
     155.60    -0.037
     156.63    -0.003
     157.66    -0.059
     158.70    -0.014
     159.73    -0.016
     160.76     0.022
     161.79    -0.003
     162.82     0.080
     163.85    -0.003
     164.88     0.011
     165.91     0.041
     166.94     0.009
     167.97     0.009
     169.00    -0.009
     170.03    -0.023
     171.06     0.023
     172.09     0.090
     173.12     0.096
     174.15     0.007
     175.18     0.040
     176.21    -0.124
     177.24    -0.019
     178.27     0.025
     179.30     0.074
     180.34    -0.016
     181.37    -0.039
     182.40    -0.048
     183.43     0.035
     184.46    -0.062
     185.49     0.023
     186.52    -0.027
     187.55    -0.012
     188.58    -0.037
     189.61    -0.079
     190.64    -0.054
     191.67    -0.032
     192.70     0.055
     193.73     0.203
     194.76    -0.063
     195.79     0.007
     196.82    -0.067
     197.85     0.011
     198.88    -0.021
     199.91     0.101
     200.95    -0.048
     201.98     0.013
     203.01    -0.043
     204.04    -0.008
     205.07     0.004
     206.10     0.030
     207.13    -0.014
     208.16     0.065
     209.19     0.047
     210.22    -0.117
     211.25    -0.058
     212.28     0.048
     213.31    -0.045
     214.34    -0.070
     215.37    -0.023
     216.40     0.012
     217.43    -0.084
     218.46     0.011
     219.49     0.007
     220.52    -0.030
     221.55    -0.024
     222.59    -0.077
     223.62     0.033
     224.65     0.014
     225.68     0.034
     226.71    -0.002
     227.74    -0.029
     228.77    -0.030
     229.80    -0.017
     230.83     0.083
     231.86    -0.039
     232.89     0.084
     233.92    -0.009
     234.95    -0.014
     235.98    -0.099
     237.01     0.043
     238.04     0.019
     239.07     0.042
     240.10    -0.063
     241.13     0.099
     242.16     0.045
     243.20     0.057
     244.23    -0.099
     245.26     0.061
     246.29    -0.073
     247.32     0.007
     248.35    -0.107
     249.38     0.074
     250.41     0.030
     251.44     0.024
     252.47    -0.090
     253.50     0.021
     254.53    -0.090
     255.56     0.074
     256.59    -0.016
     257.62     0.100
     258.65     0.025
     259.68     0.064
     260.71     0.078
     261.74     0.019
     262.77    -0.057
     263.80     0.047
     264.84    -0.055
     265.87     0.097
     266.90     0.095
     267.93     0.031
     268.96     0.052
     269.99     0.003
     271.02     0.002
     272.05    -0.059
     273.08    -0.090
     274.11     0.047
     275.14    -0.088
     276.17    -0.029
     277.20     0.029
     278.23    -0.022
     279.26    -0.050
     280.29    -0.078
     281.32    -0.017
     282.35     0.071
     283.38     0.018
     284.41     0.063
     285.45     0.014
     286.48     0.090
     287.51    -0.030
     288.54    -0.088
     289.57     0.039
     290.60     0.050
     291.63     0.027
     292.66     0.019
     293.69     0.014
     294.72     0.064
     295.75     0.041
     296.78    -0.014
     297.81     0.007
     298.84    -0.029
     299.87     0.039
     300.90     0.003
     301.93    -0.035
     302.96     0.060
     303.99    -0.029
     305.02    -0.043
     306.05    -0.063
     307.09     0.060
     308.12     0.002
     309.15     0.079
     310.18     0.000
     311.21     0.003
     312.24    -0.038
     313.27    -0.012
     314.30    -0.075
     315.33     0.032
     316.36    -0.019
     317.39    -0.027
     318.42     0.038
     319.45     0.005
     320.48    -0.021
     321.51     0.022
     322.54    -0.010
     323.57     0.018
     324.60    -0.033
     325.63     0.073
     326.66    -0.027
     327.70     0.144
     328.73    -0.048
     329.76     0.005
     330.79    -0.037
     331.82     0.025
     332.85    -0.014
     333.88     0.009
     334.91     0.018
     335.94     0.051
     336.97    -0.022
     338.00    -0.053
     339.03     0.035
     340.06     0.027
     341.09    -0.001
     342.12     0.061
     343.15    -0.090
     344.18     0.030
     345.21    -0.045
     346.24     0.015
     347.27    -0.021
     348.30     0.069
     349.34    -0.039
     350.37    -0.066
     351.40    -0.026
     352.43    -0.047
     353.46     0.005
     354.49     0.012
     355.52    -0.191
     356.55     0.023
     357.58    -0.032
     358.61     0.020
     359.64    -0.027
     360.67     0.098
     361.70    -0.004
     362.73     0.025
     363.76     0.030
     364.79     0.055
     365.82    -0.073
     366.85    -0.053
     367.88    -0.047
     368.91     0.082
     369.95    -0.034
     370.98    -0.021
     372.01     0.071
     373.04     0.013
     374.07     0.104
     375.10    -0.061
     376.13    -0.058
     377.16     0.004
     378.19    -0.072
     379.22     0.056
     380.25    -0.007
     381.28     0.021
     382.31    -0.017
     383.34     0.016
     384.37    -0.035
     385.40     0.010
     386.43    -0.016
     387.46    -0.081
     388.49    -0.022
     389.52    -0.026
     390.55     0.043
     391.59     0.028
     392.62    -0.044
     393.65     0.050
     394.68    -0.008
     395.71    -0.055
     396.74    -0.006
     397.77    -0.011
     398.80    -0.077
     399.83    -0.015