%%LAB     777  datapoints: v_lsr [km/s] and T_B [K]
    -399.87    -0.008
    -398.84     0.021
    -397.81     0.003
    -396.78    -0.103
    -395.75     0.010
    -394.72    -0.004
    -393.69    -0.016
    -392.66    -0.044
    -391.63     0.078
    -390.60     0.012
    -389.56     0.011
    -388.53     0.006
    -387.50    -0.023
    -386.47    -0.003
    -385.44     0.052
    -384.41    -0.055
    -383.38     0.067
    -382.35    -0.006
    -381.32    -0.016
    -380.29    -0.121
    -379.26     0.034
    -378.23    -0.041
    -377.20    -0.009
    -376.17     0.011
    -375.14     0.046
    -374.11     0.065
    -373.08     0.007
    -372.04    -0.005
    -371.01    -0.007
    -369.98    -0.051
    -368.95    -0.033
    -367.92    -0.106
    -366.89     0.010
    -365.86    -0.011
    -364.83    -0.007
    -363.80    -0.010
    -362.77     0.017
    -361.74    -0.008
    -360.71    -0.005
    -359.68     0.036
    -358.65     0.003
    -357.62    -0.096
    -356.59    -0.050
    -355.56    -0.015
    -354.52     0.027
    -353.49    -0.040
    -352.46     0.145
    -351.43     0.105
    -350.40    -0.013
    -349.37     0.012
    -348.34    -0.101
    -347.31     0.046
    -346.28    -0.035
    -345.25    -0.015
    -344.22    -0.008
    -343.19    -0.022
    -342.16     0.012
    -341.13    -0.089
    -340.10     0.077
    -339.07    -0.032
    -338.04     0.070
    -337.00    -0.098
    -335.97     0.081
    -334.94     0.057
    -333.91    -0.027
    -332.88     0.063
    -331.85    -0.039
    -330.82     0.014
    -329.79     0.001
    -328.76    -0.015
    -327.73    -0.016
    -326.70    -0.072
    -325.67    -0.030
    -324.64    -0.049
    -323.61     0.062
    -322.58    -0.045
    -321.55     0.018
    -320.52    -0.063
    -319.48    -0.031
    -318.45    -0.027
    -317.42     0.011
    -316.39     0.033
    -315.36     0.055
    -314.33    -0.024
    -313.30    -0.012
    -312.27    -0.061
    -311.24     0.041
    -310.21    -0.048
    -309.18     0.047
    -308.15    -0.107
    -307.12    -0.031
    -306.09    -0.078
    -305.06    -0.034
    -304.03     0.062
    -302.99    -0.048
    -301.96    -0.039
    -300.93     0.041
    -299.90     0.032
    -298.87     0.076
    -297.84     0.009
    -296.81     0.031
    -295.78     0.050
    -294.75     0.004
    -293.72    -0.065
    -292.69     0.062
    -291.66    -0.009
    -290.63     0.017
    -289.60    -0.045
    -288.57     0.058
    -287.54    -0.001
    -286.51     0.044
    -285.47    -0.079
    -284.44     0.070
    -283.41     0.007
    -282.38     0.037
    -281.35    -0.020
    -280.32     0.061
    -279.29    -0.003
    -278.26     0.033
    -277.23     0.054
    -276.20     0.034
    -275.17     0.010
    -274.14    -0.015
    -273.11     0.038
    -272.08    -0.030
    -271.05     0.057
    -270.02     0.058
    -268.99     0.053
    -267.95     0.034
    -266.92     0.027
    -265.89     0.027
    -264.86    -0.066
    -263.83     0.043
    -262.80    -0.057
    -261.77    -0.066
    -260.74    -0.056
    -259.71     0.013
    -258.68    -0.055
    -257.65    -0.052
    -256.62    -0.077
    -255.59     0.033
    -254.56    -0.105
    -253.53     0.041
    -252.50    -0.054
    -251.47     0.066
    -250.43     0.006
    -249.40     0.009
    -248.37    -0.008
    -247.34    -0.043
    -246.31    -0.039
    -245.28     0.068
    -244.25    -0.003
    -243.22     0.065
    -242.19    -0.036
    -241.16     0.038
    -240.13     0.035
    -239.10    -0.005
    -238.07     0.007
    -237.04     0.025
    -236.01     0.002
    -234.98     0.030
    -233.95    -0.031
    -232.91     0.094
    -231.88     0.049
    -230.85     0.001
    -229.82     0.031
    -228.79    -0.007
    -227.76    -0.022
    -226.73    -0.003
    -225.70    -0.003
    -224.67     0.084
    -223.64     0.028
    -222.61     0.002
    -221.58    -0.086
    -220.55     0.099
    -219.52    -0.023
    -218.49     0.024
    -217.46    -0.037
    -216.42     0.106
    -215.39     0.011
    -214.36     0.031
    -213.33     0.006
    -212.30    -0.002
    -211.27     0.031
    -210.24     0.030
    -209.21    -0.029
    -208.18     0.109
    -207.15    -0.013
    -206.12     0.037
    -205.09    -0.018
    -204.06     0.055
    -203.03    -0.047
    -202.00    -0.017
    -200.97     0.097
    -199.94     0.040
    -198.90     0.008
    -197.87     0.109
    -196.84    -0.041
    -195.81     0.028
    -194.78    -0.037
    -193.75     0.017
    -192.72    -0.035
    -191.69     0.075
    -190.66    -0.061
    -189.63     0.026
    -188.60     0.003
    -187.57    -0.065
    -186.54    -0.012
    -185.51     0.045
    -184.48     0.028
    -183.45    -0.006
    -182.42     0.047
    -181.38     0.044
    -180.35    -0.122
    -179.32     0.002
    -178.29     0.018
    -177.26    -0.031
    -176.23    -0.080
    -175.20    -0.032
    -174.17    -0.025
    -173.14     0.053
    -172.11    -0.040
    -171.08     0.025
    -170.05    -0.044
    -169.02     0.040
    -167.99    -0.127
    -166.96     0.026
    -165.93    -0.092
    -164.90     0.057
    -163.86     0.016
    -162.83     0.019
    -161.80     0.018
    -160.77     0.108
    -159.74     0.012
    -158.71     0.011
    -157.68    -0.039
    -156.65     0.017
    -155.62    -0.026
    -154.59    -0.009
    -153.56    -0.009
    -152.53     0.013
    -151.50     0.028
    -150.47     0.077
    -149.44    -0.002
    -148.41     0.042
    -147.38     0.007
    -146.34     0.146
    -145.31    -0.057
    -144.28     0.010
    -143.25    -0.041
    -142.22     0.052
    -141.19     0.024
    -140.16     0.035
    -139.13    -0.153
    -138.10     0.074
    -137.07    -0.026
    -136.04     0.016
    -135.01    -0.047
    -133.98     0.092
    -132.95     0.023
    -131.92     0.077
    -130.89     0.002
    -129.85     0.014
    -128.82     0.013
    -127.79     0.013
    -126.76     0.019
    -125.73     0.092
    -124.70    -0.007
    -123.67     0.020
    -122.64     0.000
    -121.61     0.070
    -120.58    -0.038
    -119.55     0.045
    -118.52    -0.025
    -117.49     0.047
    -116.46     0.006
    -115.43     0.109
    -114.40    -0.071
    -113.37    -0.034
    -112.33     0.056
    -111.30     0.007
    -110.27     0.057
    -109.24     0.056
    -108.21    -0.038
    -107.18     0.050
    -106.15     0.002
    -105.12    -0.012
    -104.09     0.030
    -103.06     0.067
    -102.03     0.020
    -101.00     0.046
     -99.97     0.060
     -98.94     0.168
     -97.91    -0.023
     -96.88     0.053
     -95.85    -0.019
     -94.81     0.016
     -93.78     0.016
     -92.75     0.058
     -91.72     0.036
     -90.69     0.065
     -89.66    -0.001
     -88.63     0.100
     -87.60     0.059
     -86.57     0.147
     -85.54     0.115
     -84.51     0.122
     -83.48     0.164
     -82.45     0.085
     -81.42     0.073
     -80.39     0.179
     -79.36     0.167
     -78.33     0.110
     -77.29     0.101
     -76.26     0.177
     -75.23     0.192
     -74.20     0.206
     -73.17     0.144
     -72.14     0.261
     -71.11     0.313
     -70.08     0.295
     -69.05     0.290
     -68.02     0.283
     -66.99     0.373
     -65.96     0.395
     -64.93     0.396
     -63.90     0.578
     -62.87     0.460
     -61.84     0.519
     -60.81     0.490
     -59.77     0.669
     -58.74     0.518
     -57.71     0.708
     -56.68     0.585
     -55.65     0.578
     -54.62     0.653
     -53.59     0.724
     -52.56     0.696
     -51.53     0.692
     -50.50     0.766
     -49.47     0.779
     -48.44     0.696
     -47.41     0.651
     -46.38     0.627
     -45.35     0.660
     -44.32     0.563
     -43.29     0.595
     -42.25     0.503
     -41.22     0.547
     -40.19     0.519
     -39.16     0.575
     -38.13     0.466
     -37.10     0.456
     -36.07     0.452
     -35.04     0.506
     -34.01     0.337
     -32.98     0.388
     -31.95     0.372
     -30.92     0.447
     -29.89     0.374
     -28.86     0.546
     -27.83     0.591
     -26.80     0.686
     -25.76     0.551
     -24.73     0.721
     -23.70     0.718
     -22.67     0.802
     -21.64     0.895
     -20.61     1.038
     -19.58     1.068
     -18.55     1.159
     -17.52     1.252
     -16.49     1.401
     -15.46     1.509
     -14.43     1.587
     -13.40     1.914
     -12.37     2.142
     -11.34     2.382
     -10.31     2.709
      -9.28     3.192
      -8.24     3.497
      -7.21     4.028
      -6.18     4.767
      -5.15     5.560
      -4.12     6.430
      -3.09     7.325
      -2.06     8.619
      -1.03    10.673
       0.00    14.322
       1.03    20.222
       2.06    26.187
       3.09    29.035
       4.12    30.258
       5.15    29.206
       6.18    26.012
       7.21    22.045
       8.24    17.672
       9.28    13.266
      10.31     9.800
      11.34     7.632
      12.37     6.300
      13.40     5.268
      14.43     4.604
      15.46     4.071
      16.49     3.539
      17.52     3.006
      18.55     2.797
      19.58     2.453
      20.61     2.382
      21.64     2.161
      22.67     2.038
      23.70     1.684
      24.73     1.448
      25.76     1.063
      26.80     0.911
      27.83     0.648
      28.86     0.622
      29.89     0.403
      30.92     0.451
      31.95     0.266
      32.98     0.267
      34.01     0.258
      35.04     0.292
      36.07     0.183
      37.10     0.084
      38.13     0.005
      39.16     0.096
      40.19    -0.010
      41.22     0.113
      42.25     0.077
      43.28     0.089
      44.32     0.022
      45.35     0.123
      46.38     0.086
      47.41     0.008
      48.44     0.029
      49.47     0.026
      50.50    -0.031
      51.53     0.077
      52.56     0.009
      53.59     0.007
      54.62     0.005
      55.65     0.117
      56.68     0.036
      57.71     0.024
      58.74     0.095
      59.77     0.081
      60.81     0.031
      61.84     0.029
      62.87    -0.055
      63.90     0.037
      64.93    -0.003
      65.96    -0.048
      66.99    -0.072
      68.02     0.018
      69.05    -0.109
      70.08     0.069
      71.11     0.021
      72.14    -0.022
      73.17     0.011
      74.20     0.002
      75.23    -0.009
      76.26     0.024
      77.29     0.008
      78.33     0.074
      79.36    -0.011
      80.39     0.053
      81.42     0.032
      82.45     0.024
      83.48    -0.025
      84.51     0.029
      85.54     0.005
      86.57    -0.032
      87.60     0.040
      88.63     0.006
      89.66    -0.105
      90.69    -0.002
      91.72    -0.114
      92.75    -0.008
      93.78     0.020
      94.81     0.056
      95.85    -0.092
      96.88    -0.013
      97.91    -0.034
      98.94     0.012
      99.97    -0.107
     101.00    -0.003
     102.03     0.029
     103.06    -0.025
     104.09    -0.010
     105.12     0.064
     106.15    -0.021
     107.18     0.092
     108.21    -0.026
     109.24     0.099
     110.27    -0.038
     111.30     0.097
     112.33     0.074
     113.37    -0.039
     114.40    -0.026
     115.43    -0.071
     116.46     0.040
     117.49    -0.008
     118.52    -0.073
     119.55     0.013
     120.58    -0.027
     121.61     0.120
     122.64    -0.071
     123.67     0.033
     124.70     0.008
     125.73    -0.081
     126.76    -0.034
     127.79    -0.001
     128.82     0.023
     129.85    -0.015
     130.89     0.029
     131.92    -0.035
     132.95    -0.009
     133.98    -0.057
     135.01     0.042
     136.04    -0.043
     137.07    -0.035
     138.10    -0.021
     139.13    -0.079
     140.16    -0.008
     141.19    -0.068
     142.22    -0.003
     143.25    -0.007
     144.28    -0.012
     145.31    -0.006
     146.34     0.080
     147.38     0.027
     148.41    -0.054
     149.44     0.023
     150.47     0.053
     151.50     0.080
     152.53    -0.026
     153.56     0.017
     154.59    -0.022
     155.62    -0.024
     156.65    -0.003
     157.68    -0.029
     158.71     0.026
     159.74    -0.025
     160.77    -0.013
     161.80    -0.040
     162.83     0.008
     163.86     0.035
     164.90    -0.020
     165.93     0.059
     166.96    -0.028
     167.99     0.038
     169.02    -0.012
     170.05    -0.039
     171.08     0.061
     172.11    -0.042
     173.14    -0.026
     174.17     0.056
     175.20     0.090
     176.23    -0.075
     177.26    -0.001
     178.29    -0.085
     179.32    -0.011
     180.35    -0.004
     181.38     0.010
     182.42    -0.014
     183.45    -0.116
     184.48     0.105
     185.51     0.096
     186.54    -0.082
     187.57     0.042
     188.60    -0.002
     189.63     0.026
     190.66    -0.004
     191.69     0.044
     192.72    -0.027
     193.75     0.087
     194.78    -0.047
     195.81     0.062
     196.84    -0.106
     197.87    -0.004
     198.90    -0.048
     199.94    -0.008
     200.97     0.043
     202.00     0.039
     203.03     0.052
     204.06     0.027
     205.09     0.059
     206.12     0.040
     207.15     0.011
     208.18     0.037
     209.21    -0.034
     210.24     0.043
     211.27     0.005
     212.30    -0.018
     213.33     0.050
     214.36    -0.043
     215.39     0.031
     216.42    -0.008
     217.46    -0.074
     218.49     0.086
     219.52     0.064
     220.55     0.071
     221.58     0.014
     222.61     0.042
     223.64    -0.018
     224.67     0.046
     225.70    -0.013
     226.73     0.050
     227.76     0.017
     228.79    -0.027
     229.82    -0.035
     230.85     0.060
     231.88     0.029
     232.91    -0.006
     233.95    -0.074
     234.98    -0.011
     236.01     0.008
     237.04     0.064
     238.07    -0.020
     239.10     0.049
     240.13     0.029
     241.16     0.013
     242.19    -0.015
     243.22     0.026
     244.25    -0.025
     245.28     0.072
     246.31     0.053
     247.34    -0.088
     248.37     0.039
     249.40    -0.018
     250.43     0.034
     251.47     0.002
     252.50    -0.015
     253.53    -0.000
     254.56    -0.017
     255.59     0.054
     256.62     0.034
     257.65    -0.042
     258.68     0.014
     259.71     0.007
     260.74    -0.018
     261.77     0.129
     262.80    -0.068
     263.83    -0.079
     264.86    -0.025
     265.89     0.069
     266.92     0.052
     267.95     0.050
     268.99     0.031
     270.02     0.025
     271.05    -0.028
     272.08     0.048
     273.11    -0.004
     274.14     0.009
     275.17     0.016
     276.20    -0.023
     277.23     0.007
     278.26     0.024
     279.29     0.050
     280.32     0.048
     281.35    -0.101
     282.38     0.024
     283.41    -0.044
     284.44    -0.056
     285.47    -0.076
     286.51    -0.062
     287.54     0.030
     288.57     0.043
     289.60     0.038
     290.63     0.069
     291.66     0.027
     292.69     0.008
     293.72     0.014
     294.75     0.088
     295.78    -0.010
     296.81    -0.017
     297.84    -0.012
     298.87    -0.022
     299.90     0.075
     300.93    -0.015
     301.96    -0.065
     302.99     0.049
     304.03    -0.007
     305.06    -0.046
     306.09    -0.084
     307.12     0.046
     308.15    -0.077
     309.18     0.072
     310.21     0.061
     311.24     0.037
     312.27     0.038
     313.30     0.055
     314.33    -0.063
     315.36     0.054
     316.39    -0.008
     317.42     0.012
     318.45     0.062
     319.48    -0.047
     320.52     0.064
     321.55    -0.090
     322.58    -0.071
     323.61     0.097
     324.64    -0.041
     325.67    -0.007
     326.70     0.020
     327.73    -0.014
     328.76    -0.011
     329.79     0.062
     330.82    -0.053
     331.85     0.036
     332.88     0.013
     333.91     0.027
     334.94     0.014
     335.97    -0.001
     337.00    -0.076
     338.04    -0.067
     339.07     0.036
     340.10     0.101
     341.13    -0.102
     342.16    -0.003
     343.19    -0.037
     344.22    -0.009
     345.25     0.029
     346.28     0.018
     347.31     0.012
     348.34    -0.033
     349.37    -0.066
     350.40    -0.022
     351.43     0.060
     352.46    -0.039
     353.49    -0.029
     354.52    -0.012
     355.56    -0.018
     356.59     0.084
     357.62    -0.074
     358.65    -0.040
     359.68    -0.046
     360.71    -0.099
     361.74    -0.013
     362.77     0.020
     363.80     0.017
     364.83     0.016
     365.86    -0.062
     366.89    -0.017
     367.92    -0.004
     368.95     0.025
     369.98    -0.000
     371.01    -0.069
     372.04    -0.060
     373.08     0.071
     374.11     0.010
     375.14     0.022
     376.17    -0.090
     377.20     0.103
     378.23     0.008
     379.26     0.023
     380.29    -0.129
     381.32     0.028
     382.35    -0.077
     383.38    -0.006
     384.41    -0.028
     385.44    -0.040
     386.47    -0.099
     387.50    -0.077
     388.53    -0.077
     389.57    -0.059
     390.60    -0.093
     391.63    -0.058
     392.66    -0.061
     393.69     0.052
     394.72    -0.064
     395.75    -0.092
     396.78    -0.132
     397.81    -0.048
     398.84    -0.056
     399.87    -0.002