%%LAB     777  datapoints: v_lsr [km/s] and T_B [K]
    -399.82     0.028
    -398.79    -0.047
    -397.75     0.141
    -396.72    -0.031
    -395.69     0.022
    -394.66     0.032
    -393.63     0.052
    -392.60    -0.004
    -391.57    -0.022
    -390.54     0.008
    -389.51     0.083
    -388.48    -0.080
    -387.45     0.112
    -386.42     0.071
    -385.39    -0.015
    -384.36    -0.097
    -383.33    -0.063
    -382.30    -0.027
    -381.27     0.019
    -380.24    -0.093
    -379.21    -0.065
    -378.18    -0.011
    -377.15     0.018
    -376.12     0.007
    -375.08    -0.021
    -374.05     0.024
    -373.02    -0.040
    -371.99    -0.118
    -370.96    -0.008
    -369.93    -0.011
    -368.90    -0.038
    -367.87    -0.002
    -366.84    -0.051
    -365.81    -0.109
    -364.78     0.055
    -363.75    -0.022
    -362.72     0.030
    -361.69     0.009
    -360.66    -0.050
    -359.63     0.043
    -358.60     0.071
    -357.57    -0.090
    -356.54     0.073
    -355.51     0.044
    -354.48     0.026
    -353.45    -0.079
    -352.41    -0.021
    -351.38     0.072
    -350.35     0.038
    -349.32    -0.001
    -348.29     0.089
    -347.26    -0.043
    -346.23     0.112
    -345.20     0.009
    -344.17     0.021
    -343.14    -0.018
    -342.11     0.105
    -341.08    -0.032
    -340.05     0.016
    -339.02    -0.019
    -337.99     0.068
    -336.96     0.020
    -335.93     0.058
    -334.90     0.061
    -333.87     0.051
    -332.84    -0.012
    -331.81     0.030
    -330.78    -0.052
    -329.74     0.090
    -328.71    -0.009
    -327.68    -0.010
    -326.65    -0.070
    -325.62     0.106
    -324.59    -0.029
    -323.56     0.082
    -322.53    -0.077
    -321.50     0.054
    -320.47    -0.001
    -319.44    -0.066
    -318.41    -0.054
    -317.38     0.010
    -316.35    -0.044
    -315.32    -0.067
    -314.29    -0.000
    -313.26     0.038
    -312.23    -0.079
    -311.20     0.096
    -310.17     0.094
    -309.14     0.093
    -308.11    -0.016
    -307.07     0.044
    -306.04     0.035
    -305.01     0.034
    -303.98    -0.061
    -302.95     0.076
    -301.92    -0.033
    -300.89    -0.064
    -299.86     0.021
    -298.83     0.008
    -297.80    -0.038
    -296.77     0.083
    -295.74    -0.048
    -294.71     0.002
    -293.68    -0.029
    -292.65    -0.040
    -291.62    -0.002
    -290.59     0.009
    -289.56    -0.137
    -288.53     0.026
    -287.50     0.065
    -286.47     0.041
    -285.44    -0.019
    -284.40    -0.055
    -283.37    -0.018
    -282.34    -0.005
    -281.31    -0.089
    -280.28     0.117
    -279.25    -0.034
    -278.22    -0.006
    -277.19     0.030
    -276.16    -0.004
    -275.13    -0.050
    -274.10     0.008
    -273.07     0.017
    -272.04     0.042
    -271.01    -0.015
    -269.98     0.081
    -268.95     0.020
    -267.92    -0.025
    -266.89    -0.066
    -265.86    -0.119
    -264.83     0.098
    -263.80    -0.036
    -262.77    -0.073
    -261.73    -0.012
    -260.70    -0.061
    -259.67     0.032
    -258.64     0.094
    -257.61     0.013
    -256.58    -0.076
    -255.55    -0.011
    -254.52    -0.088
    -253.49    -0.027
    -252.46     0.096
    -251.43     0.043
    -250.40     0.030
    -249.37     0.025
    -248.34    -0.028
    -247.31    -0.006
    -246.28     0.040
    -245.25    -0.002
    -244.22    -0.044
    -243.19     0.068
    -242.16     0.040
    -241.13     0.054
    -240.10     0.044
    -239.06     0.066
    -238.03     0.029
    -237.00     0.043
    -235.97    -0.025
    -234.94    -0.039
    -233.91     0.000
    -232.88     0.025
    -231.85    -0.042
    -230.82     0.072
    -229.79     0.029
    -228.76     0.018
    -227.73     0.043
    -226.70    -0.046
    -225.67     0.011
    -224.64     0.027
    -223.61    -0.003
    -222.58    -0.046
    -221.55    -0.111
    -220.52     0.078
    -219.49    -0.010
    -218.46     0.005
    -217.43     0.040
    -216.39    -0.042
    -215.36     0.027
    -214.33    -0.001
    -213.30     0.038
    -212.27    -0.020
    -211.24    -0.054
    -210.21     0.004
    -209.18    -0.072
    -208.15     0.132
    -207.12     0.045
    -206.09     0.033
    -205.06    -0.008
    -204.03     0.062
    -203.00     0.045
    -201.97     0.005
    -200.94    -0.022
    -199.91     0.056
    -198.88     0.032
    -197.85     0.018
    -196.82    -0.006
    -195.79    -0.011
    -194.76     0.011
    -193.73     0.047
    -192.69    -0.008
    -191.66     0.010
    -190.63     0.040
    -189.60     0.047
    -188.57    -0.092
    -187.54     0.054
    -186.51    -0.076
    -185.48     0.045
    -184.45     0.035
    -183.42     0.027
    -182.39    -0.008
    -181.36     0.031
    -180.33     0.009
    -179.30     0.029
    -178.27     0.005
    -177.24    -0.068
    -176.21    -0.060
    -175.18     0.037
    -174.15     0.124
    -173.12    -0.024
    -172.09     0.029
    -171.06     0.132
    -170.02     0.009
    -168.99     0.036
    -167.96    -0.074
    -166.93     0.025
    -165.90     0.038
    -164.87     0.031
    -163.84     0.054
    -162.81     0.032
    -161.78     0.011
    -160.75     0.069
    -159.72     0.035
    -158.69     0.060
    -157.66    -0.019
    -156.63     0.016
    -155.60     0.022
    -154.57     0.030
    -153.54    -0.050
    -152.51    -0.006
    -151.48    -0.112
    -150.45    -0.010
    -149.42     0.100
    -148.39     0.045
    -147.35     0.027
    -146.32    -0.050
    -145.29     0.042
    -144.26     0.102
    -143.23    -0.112
    -142.20     0.011
    -141.17     0.020
    -140.14     0.024
    -139.11     0.023
    -138.08     0.059
    -137.05     0.062
    -136.02     0.064
    -134.99    -0.163
    -133.96    -0.035
    -132.93     0.071
    -131.90     0.047
    -130.87     0.064
    -129.84     0.020
    -128.81    -0.076
    -127.78     0.095
    -126.75     0.039
    -125.72     0.009
    -124.68     0.041
    -123.65     0.177
    -122.62     0.058
    -121.59     0.186
    -120.56     0.034
    -119.53     0.150
    -118.50     0.170
    -117.47     0.143
    -116.44     0.141
    -115.41     0.165
    -114.38     0.335
    -113.35     0.142
    -112.32     0.209
    -111.29     0.218
    -110.26     0.294
    -109.23     0.401
    -108.20     0.377
    -107.17     0.409
    -106.14     0.342
    -105.11     0.460
    -104.08     0.252
    -103.05     0.303
    -102.01     0.368
    -100.98     0.444
     -99.95     0.387
     -98.92     0.445
     -97.89     0.411
     -96.86     0.414
     -95.83     0.330
     -94.80     0.501
     -93.77     0.447
     -92.74     0.565
     -91.71     0.504
     -90.68     0.594
     -89.65     0.721
     -88.62     0.839
     -87.59     0.956
     -86.56     1.067
     -85.53     1.223
     -84.50     1.389
     -83.47     1.708
     -82.44     1.872
     -81.41     2.130
     -80.38     2.492
     -79.34     2.935
     -78.31     3.390
     -77.28     3.771
     -76.25     4.453
     -75.22     5.256
     -74.19     6.219
     -73.16     7.748
     -72.13     9.592
     -71.10    11.396
     -70.07    12.705
     -69.04    13.357
     -68.01    13.082
     -66.98    12.368
     -65.95    11.466
     -64.92    10.239
     -63.89     9.055
     -62.86     7.525
     -61.83     6.522
     -60.80     5.665
     -59.77     5.055
     -58.74     4.603
     -57.71     4.372
     -56.67     4.081
     -55.64     3.878
     -54.61     3.528
     -53.58     3.427
     -52.55     3.175
     -51.52     3.078
     -50.49     2.912
     -49.46     2.882
     -48.43     2.777
     -47.40     2.945
     -46.37     3.154
     -45.34     3.356
     -44.31     3.628
     -43.28     4.192
     -42.25     4.579
     -41.22     4.969
     -40.19     5.539
     -39.16     5.931
     -38.13     6.013
     -37.10     5.453
     -36.07     4.901
     -35.04     4.528
     -34.00     4.417
     -32.97     4.481
     -31.94     4.317
     -30.91     4.214
     -29.88     4.240
     -28.85     4.429
     -27.82     4.709
     -26.79     5.179
     -25.76     5.612
     -24.73     6.016
     -23.70     6.066
     -22.67     6.143
     -21.64     6.080
     -20.61     6.112
     -19.58     6.278
     -18.55     6.318
     -17.52     6.606
     -16.49     6.784
     -15.46     7.235
     -14.43     7.676
     -13.40     8.357
     -12.37     9.407
     -11.33    10.589
     -10.30    12.032
      -9.27    13.623
      -8.24    15.618
      -7.21    17.725
      -6.18    20.218
      -5.15    22.483
      -4.12    24.757
      -3.09    27.577
      -2.06    31.038
      -1.03    35.182
       0.00    39.851
       1.03    43.394
       2.06    43.489
       3.09    43.732
       4.12    44.575
       5.15    47.161
       6.18    53.120
       7.21    59.649
       8.24    64.399
       9.27    65.704
      10.30    63.556
      11.33    59.697
      12.37    56.047
      13.40    51.464
      14.43    45.664
      15.46    39.289
      16.49    33.136
      17.52    27.428
      18.55    21.973
      19.58    17.290
      20.61    13.721
      21.64    11.076
      22.67     9.051
      23.70     7.458
      24.73     6.326
      25.76     5.338
      26.79     4.556
      27.82     3.934
      28.85     3.431
      29.88     2.961
      30.91     2.445
      31.94     2.089
      32.97     1.790
      34.00     1.548
      35.04     1.205
      36.07     1.058
      37.10     0.826
      38.13     0.807
      39.16     0.742
      40.19     0.623
      41.22     0.650
      42.25     0.571
      43.28     0.457
      44.31     0.407
      45.34     0.243
      46.37     0.307
      47.40     0.250
      48.43     0.199
      49.46     0.202
      50.49     0.153
      51.52     0.049
      52.55     0.137
      53.58     0.117
      54.61     0.081
      55.64     0.185
      56.67     0.102
      57.71     0.158
      58.74     0.062
      59.77     0.222
      60.80     0.125
      61.83     0.126
      62.86     0.129
      63.89     0.107
      64.92    -0.004
      65.95     0.122
      66.98     0.021
      68.01     0.121
      69.04     0.065
      70.07     0.021
      71.10     0.042
      72.13     0.076
      73.16     0.000
      74.19     0.136
      75.22    -0.029
      76.25    -0.018
      77.28     0.064
      78.31     0.038
      79.34     0.054
      80.38     0.011
      81.41    -0.012
      82.44     0.009
      83.47    -0.005
      84.50     0.035
      85.53    -0.004
      86.56     0.055
      87.59     0.101
      88.62    -0.067
      89.65     0.057
      90.68     0.011
      91.71    -0.035
      92.74     0.013
      93.77     0.067
      94.80    -0.065
      95.83     0.118
      96.86     0.058
      97.89    -0.052
      98.92     0.014
      99.95     0.002
     100.98     0.021
     102.01    -0.061
     103.05     0.049
     104.08    -0.077
     105.11     0.020
     106.14     0.015
     107.17     0.020
     108.20    -0.013
     109.23     0.102
     110.26    -0.162
     111.29    -0.051
     112.32    -0.037
     113.35     0.066
     114.38    -0.070
     115.41     0.081
     116.44    -0.040
     117.47    -0.056
     118.50    -0.003
     119.53     0.067
     120.56     0.029
     121.59    -0.042
     122.62    -0.003
     123.65     0.052
     124.68     0.019
     125.72     0.130
     126.75    -0.033
     127.78     0.057
     128.81     0.014
     129.84     0.080
     130.87    -0.046
     131.90     0.019
     132.93    -0.055
     133.96     0.018
     134.99    -0.031
     136.02    -0.057
     137.05     0.035
     138.08    -0.014
     139.11    -0.101
     140.14     0.136
     141.17     0.085
     142.20    -0.032
     143.23    -0.014
     144.26     0.020
     145.29     0.030
     146.32     0.014
     147.35    -0.030
     148.39     0.057
     149.42    -0.113
     150.45    -0.025
     151.48    -0.029
     152.51     0.078
     153.54     0.119
     154.57    -0.024
     155.60    -0.088
     156.63    -0.065
     157.66     0.006
     158.69    -0.024
     159.72     0.021
     160.75     0.020
     161.78     0.001
     162.81    -0.022
     163.84     0.030
     164.87    -0.012
     165.90     0.009
     166.93     0.036
     167.96    -0.025
     168.99     0.018
     170.02    -0.096
     171.06    -0.087
     172.09    -0.091
     173.12     0.107
     174.15    -0.062
     175.18     0.060
     176.21    -0.054
     177.24    -0.036
     178.27     0.005
     179.30    -0.022
     180.33     0.069
     181.36     0.126
     182.39     0.083
     183.42     0.056
     184.45    -0.077
     185.48     0.084
     186.51    -0.040
     187.54     0.015
     188.57    -0.029
     189.60    -0.040
     190.63     0.037
     191.66    -0.025
     192.69    -0.036
     193.73     0.085
     194.76     0.011
     195.79     0.054
     196.82     0.008
     197.85    -0.077
     198.88     0.042
     199.91    -0.020
     200.94    -0.014
     201.97     0.094
     203.00    -0.027
     204.03     0.042
     205.06     0.010
     206.09     0.164
     207.12    -0.034
     208.15    -0.012
     209.18    -0.006
     210.21     0.040
     211.24    -0.028
     212.27     0.032
     213.30     0.001
     214.33     0.059
     215.36     0.029
     216.39     0.019
     217.43    -0.102
     218.46     0.022
     219.49     0.062
     220.52     0.098
     221.55     0.057
     222.58     0.008
     223.61     0.007
     224.64    -0.082
     225.67    -0.017
     226.70     0.026
     227.73     0.080
     228.76     0.005
     229.79     0.031
     230.82    -0.018
     231.85     0.022
     232.88    -0.051
     233.91    -0.003
     234.94    -0.026
     235.97    -0.058
     237.00     0.049
     238.03     0.023
     239.06     0.031
     240.10    -0.009
     241.13     0.002
     242.16     0.007
     243.19    -0.030
     244.22     0.027
     245.25     0.078
     246.28    -0.081
     247.31    -0.008
     248.34    -0.043
     249.37     0.087
     250.40     0.053
     251.43    -0.000
     252.46    -0.025
     253.49    -0.001
     254.52    -0.041
     255.55     0.053
     256.58    -0.098
     257.61    -0.003
     258.64    -0.073
     259.67    -0.066
     260.70    -0.027
     261.73    -0.066
     262.77     0.048
     263.80     0.034
     264.83    -0.035
     265.86     0.015
     266.89     0.029
     267.92     0.021
     268.95    -0.108
     269.98    -0.035
     271.01    -0.009
     272.04     0.033
     273.07     0.001
     274.10    -0.040
     275.13     0.003
     276.16     0.085
     277.19    -0.047
     278.22    -0.018
     279.25     0.024
     280.28    -0.006
     281.31    -0.011
     282.34    -0.023
     283.37    -0.024
     284.40     0.050
     285.44     0.007
     286.47     0.039
     287.50    -0.094
     288.53     0.015
     289.56    -0.124
     290.59    -0.006
     291.62    -0.015
     292.65     0.046
     293.68     0.002
     294.71     0.040
     295.74     0.042
     296.77     0.036
     297.80     0.010
     298.83     0.029
     299.86    -0.071
     300.89     0.030
     301.92    -0.097
     302.95     0.019
     303.98    -0.050
     305.01     0.015
     306.04    -0.019
     307.07     0.012
     308.11     0.072
     309.14     0.016
     310.17    -0.072
     311.20     0.056
     312.23     0.043
     313.26    -0.092
     314.29     0.027
     315.32     0.065
     316.35     0.007
     317.38     0.057
     318.41    -0.045
     319.44    -0.014
     320.47    -0.122
     321.50     0.082
     322.53    -0.030
     323.56     0.015
     324.59    -0.094
     325.62    -0.003
     326.65    -0.024
     327.68    -0.002
     328.71    -0.030
     329.74     0.019
     330.78     0.008
     331.81    -0.010
     332.84    -0.059
     333.87     0.061
     334.90     0.022
     335.93     0.124
     336.96    -0.037
     337.99     0.010
     339.02    -0.001
     340.05     0.056
     341.08    -0.047
     342.11    -0.001
     343.14     0.022
     344.17    -0.014
     345.20     0.046
     346.23     0.048
     347.26     0.021
     348.29     0.026
     349.32    -0.057
     350.35     0.026
     351.38    -0.056
     352.41     0.068
     353.45    -0.065
     354.48    -0.020
     355.51    -0.058
     356.54    -0.003
     357.57     0.057
     358.60     0.037
     359.63    -0.020
     360.66    -0.067
     361.69     0.002
     362.72     0.101
     363.75    -0.071
     364.78     0.064
     365.81     0.046
     366.84    -0.025
     367.87    -0.067
     368.90    -0.130
     369.93     0.092
     370.96    -0.008
     371.99     0.023
     373.02     0.024
     374.05    -0.061
     375.08     0.029
     376.12     0.047
     377.15     0.005
     378.18    -0.029
     379.21     0.033
     380.24    -0.037
     381.27    -0.049
     382.30    -0.028
     383.33    -0.051
     384.36    -0.002
     385.39     0.004
     386.42    -0.057
     387.45    -0.101
     388.48    -0.129
     389.51     0.011
     390.54    -0.031
     391.57     0.020
     392.60     0.009
     393.63     0.135
     394.66     0.008
     395.69    -0.097
     396.72    -0.137
     397.75     0.019
     398.79    -0.018
     399.82    -0.044