%%LAB     777  datapoints: v_lsr [km/s] and T_B [K]
    -399.83     0.005
    -398.80    -0.040
    -397.77     0.060
    -396.74     0.025
    -395.71     0.072
    -394.68     0.098
    -393.65     0.013
    -392.62     0.007
    -391.59    -0.070
    -390.56    -0.050
    -389.53     0.015
    -388.50     0.011
    -387.47     0.014
    -386.44     0.003
    -385.41     0.050
    -384.38     0.100
    -383.35     0.065
    -382.32    -0.084
    -381.29    -0.028
    -380.25    -0.089
    -379.22    -0.015
    -378.19     0.011
    -377.16     0.011
    -376.13     0.042
    -375.10     0.031
    -374.07    -0.084
    -373.04    -0.024
    -372.01     0.009
    -370.98     0.017
    -369.95     0.075
    -368.92    -0.011
    -367.89     0.137
    -366.86    -0.048
    -365.83    -0.151
    -364.80    -0.048
    -363.77    -0.046
    -362.74    -0.022
    -361.71    -0.028
    -360.68     0.071
    -359.64    -0.069
    -358.61     0.005
    -357.58     0.007
    -356.55    -0.021
    -355.52     0.061
    -354.49    -0.009
    -353.46     0.027
    -352.43    -0.011
    -351.40     0.012
    -350.37     0.019
    -349.34    -0.017
    -348.31    -0.021
    -347.28     0.044
    -346.25    -0.031
    -345.22     0.005
    -344.19    -0.065
    -343.16    -0.038
    -342.13    -0.012
    -341.10    -0.066
    -340.07    -0.053
    -339.03    -0.022
    -338.00     0.053
    -336.97    -0.023
    -335.94    -0.019
    -334.91     0.014
    -333.88     0.019
    -332.85    -0.090
    -331.82     0.016
    -330.79    -0.060
    -329.76     0.037
    -328.73     0.052
    -327.70    -0.014
    -326.67    -0.010
    -325.64    -0.009
    -324.61     0.081
    -323.58     0.020
    -322.55     0.078
    -321.52     0.052
    -320.49     0.029
    -319.46    -0.037
    -318.42     0.055
    -317.39     0.044
    -316.36    -0.046
    -315.33     0.078
    -314.30    -0.053
    -313.27    -0.014
    -312.24     0.115
    -311.21     0.099
    -310.18    -0.046
    -309.15    -0.021
    -308.12    -0.041
    -307.09    -0.023
    -306.06    -0.057
    -305.03     0.050
    -304.00     0.048
    -302.97    -0.014
    -301.94     0.018
    -300.91     0.087
    -299.88    -0.063
    -298.85     0.011
    -297.81    -0.116
    -296.78     0.036
    -295.75    -0.010
    -294.72     0.062
    -293.69    -0.029
    -292.66     0.007
    -291.63     0.022
    -290.60    -0.021
    -289.57     0.061
    -288.54     0.065
    -287.51    -0.027
    -286.48     0.091
    -285.45    -0.059
    -284.42     0.064
    -283.39    -0.035
    -282.36    -0.051
    -281.33    -0.046
    -280.30    -0.011
    -279.27     0.076
    -278.24     0.038
    -277.20    -0.079
    -276.17    -0.020
    -275.14    -0.043
    -274.11     0.144
    -273.08     0.002
    -272.05     0.038
    -271.02    -0.079
    -269.99    -0.006
    -268.96    -0.180
    -267.93     0.035
    -266.90    -0.026
    -265.87    -0.008
    -264.84    -0.083
    -263.81     0.003
    -262.78    -0.124
    -261.75     0.124
    -260.72     0.021
    -259.69    -0.002
    -258.66    -0.018
    -257.63     0.058
    -256.59    -0.111
    -255.56    -0.057
    -254.53    -0.009
    -253.50    -0.020
    -252.47     0.049
    -251.44     0.064
    -250.41    -0.027
    -249.38     0.031
    -248.35    -0.112
    -247.32    -0.026
    -246.29    -0.020
    -245.26     0.161
    -244.23    -0.039
    -243.20     0.071
    -242.17    -0.017
    -241.14    -0.080
    -240.11     0.020
    -239.08     0.103
    -238.05     0.003
    -237.02     0.078
    -235.98     0.026
    -234.95     0.035
    -233.92     0.012
    -232.89     0.033
    -231.86     0.045
    -230.83    -0.039
    -229.80    -0.002
    -228.77     0.071
    -227.74     0.057
    -226.71    -0.008
    -225.68    -0.020
    -224.65     0.053
    -223.62    -0.099
    -222.59     0.010
    -221.56     0.023
    -220.53    -0.010
    -219.50     0.041
    -218.47    -0.093
    -217.44     0.011
    -216.41    -0.017
    -215.37     0.093
    -214.34     0.128
    -213.31    -0.050
    -212.28     0.014
    -211.25     0.006
    -210.22     0.087
    -209.19    -0.095
    -208.16     0.051
    -207.13     0.011
    -206.10    -0.021
    -205.07     0.056
    -204.04     0.071
    -203.01    -0.048
    -201.98    -0.002
    -200.95     0.022
    -199.92     0.050
    -198.89     0.004
    -197.86     0.050
    -196.83     0.015
    -195.80    -0.008
    -194.76    -0.008
    -193.73    -0.028
    -192.70    -0.016
    -191.67     0.024
    -190.64     0.004
    -189.61     0.013
    -188.58     0.025
    -187.55    -0.043
    -186.52     0.060
    -185.49     0.014
    -184.46     0.045
    -183.43     0.049
    -182.40     0.005
    -181.37     0.015
    -180.34    -0.017
    -179.31     0.011
    -178.28     0.036
    -177.25     0.039
    -176.22     0.005
    -175.19    -0.050
    -174.15     0.034
    -173.12    -0.028
    -172.09    -0.032
    -171.06     0.043
    -170.03    -0.096
    -169.00     0.083
    -167.97    -0.098
    -166.94    -0.033
    -165.91     0.017
    -164.88     0.035
    -163.85     0.004
    -162.82     0.131
    -161.79     0.048
    -160.76     0.085
    -159.73     0.026
    -158.70     0.087
    -157.67     0.029
    -156.64     0.047
    -155.61    -0.017
    -154.58     0.053
    -153.54     0.065
    -152.51     0.122
    -151.48     0.032
    -150.45     0.147
    -149.42    -0.002
    -148.39     0.088
    -147.36     0.055
    -146.33     0.142
    -145.30     0.168
    -144.27     0.175
    -143.24     0.197
    -142.21     0.327
    -141.18     0.253
    -140.15     0.245
    -139.12     0.344
    -138.09     0.332
    -137.06     0.278
    -136.03     0.368
    -135.00     0.435
    -133.97     0.517
    -132.93     0.489
    -131.90     0.781
    -130.87     0.662
    -129.84     0.724
    -128.81     0.846
    -127.78     0.935
    -126.75     0.860
    -125.72     1.094
    -124.69     1.083
    -123.66     1.218
    -122.63     1.408
    -121.60     1.611
    -120.57     1.938
    -119.54     2.209
    -118.51     2.637
    -117.48     3.085
    -116.45     3.547
    -115.42     4.144
    -114.39     4.726
    -113.36     5.590
    -112.32     6.351
    -111.29     7.369
    -110.26     8.226
    -109.23     9.403
    -108.20    10.618
    -107.17    11.903
    -106.14    12.648
    -105.11    12.841
    -104.08    12.664
    -103.05    12.490
    -102.02    12.030
    -100.99    11.602
     -99.96    11.066
     -98.93    10.176
     -97.90     9.215
     -96.87     8.239
     -95.84     7.486
     -94.81     6.505
     -93.78     5.992
     -92.75     5.494
     -91.71     5.157
     -90.68     5.146
     -89.65     5.127
     -88.62     5.357
     -87.59     5.598
     -86.56     6.230
     -85.53     6.618
     -84.50     7.175
     -83.47     7.915
     -82.44     8.910
     -81.41    10.302
     -80.38    11.812
     -79.35    13.078
     -78.32    13.973
     -77.29    14.501
     -76.26    14.877
     -75.23    15.743
     -74.20    16.969
     -73.17    18.075
     -72.14    19.403
     -71.10    20.809
     -70.07    22.346
     -69.04    24.603
     -68.01    27.040
     -66.98    29.427
     -65.95    31.491
     -64.92    33.451
     -63.89    36.084
     -62.86    39.353
     -61.83    42.593
     -60.80    45.520
     -59.77    47.786
     -58.74    49.066
     -57.71    50.947
     -56.68    52.504
     -55.65    53.931
     -54.62    54.906
     -53.59    55.194
     -52.56    54.158
     -51.53    52.378
     -50.49    50.092
     -49.46    49.223
     -48.43    50.703
     -47.40    54.514
     -46.37    58.247
     -45.34    61.602
     -44.31    62.813
     -43.28    62.609
     -42.25    61.738
     -41.22    62.490
     -40.19    63.922
     -39.16    65.128
     -38.13    65.556
     -37.10    66.396
     -36.07    66.999
     -35.04    66.793
     -34.01    64.765
     -32.98    60.729
     -31.95    55.254
     -30.92    48.958
     -29.88    42.769
     -28.85    37.490
     -27.82    33.866
     -26.79    32.418
     -25.76    32.924
     -24.73    35.087
     -23.70    37.951
     -22.67    39.959
     -21.64    40.625
     -20.61    40.489
     -19.58    40.776
     -18.55    41.518
     -17.52    41.836
     -16.49    42.415
     -15.46    43.582
     -14.43    45.568
     -13.40    47.843
     -12.37    51.505
     -11.34    56.077
     -10.30    60.008
      -9.27    63.627
      -8.24    65.347
      -7.21    66.442
      -6.18    66.495
      -5.15    65.276
      -4.12    63.438
      -3.09    59.153
      -2.06    55.003
      -1.03    52.890
       0.00    51.839
       1.03    54.510
       2.06    61.954
       3.09    67.010
       4.12    63.999
       5.15    54.706
       6.18    43.960
       7.21    33.383
       8.24    22.990
       9.27    14.729
      10.30     9.688
      11.34     6.755
      12.37     5.282
      13.40     4.170
      14.43     3.431
      15.46     2.843
      16.49     2.271
      17.52     1.780
      18.55     1.576
      19.58     1.247
      20.61     0.970
      21.64     0.837
      22.67     0.730
      23.70     0.548
      24.73     0.546
      25.76     0.300
      26.79     0.393
      27.82     0.096
      28.85     0.402
      29.88     0.068
      30.92     0.129
      31.95     0.066
      32.98     0.179
      34.01     0.032
      35.04     0.073
      36.07    -0.074
      37.10    -0.042
      38.13     0.025
      39.16     0.104
      40.19    -0.044
      41.22     0.114
      42.25     0.038
      43.28     0.242
      44.31     0.219
      45.34    -0.053
      46.37    -0.020
      47.40    -0.006
      48.43    -0.027
      49.46     0.063
      50.49    -0.136
      51.53    -0.071
      52.56    -0.016
      53.59     0.009
      54.62     0.012
      55.65     0.165
      56.68    -0.018
      57.71     0.037
      58.74    -0.024
      59.77     0.142
      60.80     0.126
      61.83     0.095
      62.86    -0.015
      63.89     0.051
      64.92     0.055
      65.95    -0.024
      66.98     0.094
      68.01     0.046
      69.04    -0.069
      70.07     0.078
      71.10    -0.077
      72.14     0.110
      73.17     0.048
      74.20     0.049
      75.23    -0.041
      76.26     0.090
      77.29    -0.046
      78.32     0.088
      79.35     0.018
      80.38     0.027
      81.41     0.091
      82.44    -0.029
      83.47    -0.014
      84.50     0.064
      85.53    -0.020
      86.56     0.064
      87.59    -0.052
      88.62    -0.029
      89.65    -0.060
      90.68     0.021
      91.71     0.080
      92.75     0.081
      93.78    -0.057
      94.81    -0.023
      95.84     0.087
      96.87    -0.010
      97.90     0.010
      98.93    -0.018
      99.96    -0.046
     100.99     0.085
     102.02    -0.019
     103.05     0.134
     104.08     0.094
     105.11     0.145
     106.14     0.033
     107.17     0.075
     108.20    -0.016
     109.23     0.070
     110.26    -0.012
     111.29     0.010
     112.32    -0.042
     113.36     0.078
     114.39    -0.049
     115.42    -0.073
     116.45     0.075
     117.48     0.036
     118.51     0.042
     119.54    -0.035
     120.57     0.081
     121.60    -0.007
     122.63     0.003
     123.66    -0.006
     124.69     0.037
     125.72    -0.051
     126.75     0.136
     127.78    -0.048
     128.81     0.070
     129.84    -0.045
     130.87     0.010
     131.90     0.059
     132.93     0.021
     133.97    -0.030
     135.00    -0.001
     136.03    -0.025
     137.06     0.030
     138.09    -0.008
     139.12    -0.057
     140.15     0.045
     141.18    -0.032
     142.21     0.002
     143.24    -0.044
     144.27     0.029
     145.30    -0.089
     146.33    -0.028
     147.36     0.023
     148.39     0.024
     149.42    -0.085
     150.45    -0.035
     151.48    -0.055
     152.51     0.007
     153.54    -0.084
     154.58    -0.036
     155.61     0.048
     156.64     0.065
     157.67     0.015
     158.70     0.047
     159.73     0.084
     160.76    -0.045
     161.79     0.042
     162.82     0.046
     163.85    -0.039
     164.88     0.039
     165.91     0.022
     166.94     0.016
     167.97     0.086
     169.00     0.051
     170.03     0.098
     171.06    -0.031
     172.09    -0.032
     173.12     0.022
     174.15    -0.009
     175.19    -0.076
     176.22    -0.034
     177.25    -0.033
     178.28    -0.027
     179.31     0.022
     180.34    -0.016
     181.37     0.043
     182.40     0.066
     183.43    -0.016
     184.46    -0.036
     185.49     0.037
     186.52    -0.050
     187.55     0.010
     188.58     0.043
     189.61     0.063
     190.64     0.038
     191.67    -0.005
     192.70     0.039
     193.73     0.001
     194.76    -0.031
     195.80    -0.033
     196.83    -0.011
     197.86    -0.017
     198.89    -0.036
     199.92     0.019
     200.95     0.020
     201.98     0.063
     203.01    -0.063
     204.04    -0.034
     205.07    -0.015
     206.10     0.084
     207.13    -0.018
     208.16     0.101
     209.19    -0.041
     210.22     0.048
     211.25    -0.057
     212.28     0.029
     213.31    -0.043
     214.34     0.017
     215.37     0.036
     216.41     0.083
     217.44    -0.002
     218.47     0.055
     219.50    -0.037
     220.53    -0.064
     221.56     0.029
     222.59     0.091
     223.62     0.042
     224.65    -0.031
     225.68    -0.035
     226.71     0.015
     227.74    -0.086
     228.77     0.045
     229.80    -0.117
     230.83     0.031
     231.86    -0.006
     232.89     0.058
     233.92    -0.009
     234.95    -0.083
     235.98     0.054
     237.02     0.062
     238.05     0.007
     239.08    -0.010
     240.11    -0.001
     241.14    -0.033
     242.17    -0.022
     243.20    -0.010
     244.23     0.020
     245.26     0.080
     246.29     0.054
     247.32     0.048
     248.35    -0.015
     249.38    -0.072
     250.41    -0.042
     251.44     0.013
     252.47    -0.056
     253.50     0.010
     254.53    -0.030
     255.56     0.030
     256.59    -0.049
     257.63     0.025
     258.66     0.031
     259.69     0.045
     260.72    -0.005
     261.75    -0.017
     262.78     0.004
     263.81     0.043
     264.84    -0.012
     265.87     0.042
     266.90    -0.018
     267.93     0.041
     268.96    -0.053
     269.99    -0.018
     271.02    -0.147
     272.05    -0.040
     273.08    -0.054
     274.11     0.000
     275.14     0.010
     276.17     0.015
     277.20    -0.069
     278.24    -0.078
     279.27    -0.060
     280.30    -0.050
     281.33     0.020
     282.36     0.047
     283.39    -0.118
     284.42     0.014
     285.45    -0.042
     286.48    -0.008
     287.51     0.052
     288.54     0.069
     289.57     0.003
     290.60     0.001
     291.63    -0.024
     292.66     0.055
     293.69    -0.017
     294.72     0.027
     295.75     0.010
     296.78     0.056
     297.81    -0.025
     298.85     0.030
     299.88    -0.018
     300.91     0.001
     301.94    -0.005
     302.97     0.114
     304.00     0.033
     305.03    -0.020
     306.06     0.089
     307.09    -0.010
     308.12    -0.005
     309.15    -0.031
     310.18    -0.049
     311.21     0.069
     312.24    -0.091
     313.27    -0.019
     314.30    -0.008
     315.33     0.011
     316.36    -0.023
     317.39    -0.015
     318.42    -0.094
     319.46     0.019
     320.49     0.059
     321.52     0.019
     322.55    -0.013
     323.58     0.024
     324.61    -0.008
     325.64    -0.050
     326.67    -0.012
     327.70     0.052
     328.73    -0.126
     329.76     0.001
     330.79     0.015
     331.82     0.029
     332.85    -0.081
     333.88     0.071
     334.91     0.006
     335.94     0.073
     336.97     0.009
     338.00    -0.004
     339.03     0.048
     340.07    -0.093
     341.10    -0.018
     342.13    -0.018
     343.16    -0.070
     344.19     0.081
     345.22    -0.049
     346.25     0.043
     347.28    -0.130
     348.31     0.058
     349.34    -0.026
     350.37     0.074
     351.40     0.022
     352.43    -0.055
     353.46    -0.004
     354.49     0.058
     355.52    -0.081
     356.55    -0.052
     357.58    -0.055
     358.61    -0.023
     359.64     0.055
     360.68     0.033
     361.71    -0.056
     362.74    -0.028
     363.77     0.019
     364.80     0.062
     365.83    -0.031
     366.86    -0.016
     367.89     0.072
     368.92     0.156
     369.95     0.098
     370.98     0.025
     372.01    -0.085
     373.04     0.055
     374.07     0.095
     375.10     0.044
     376.13    -0.056
     377.16     0.007
     378.19    -0.093
     379.22    -0.043
     380.25     0.065
     381.29     0.023
     382.32    -0.074
     383.35     0.043
     384.38    -0.030
     385.41     0.099
     386.44     0.039
     387.47     0.005
     388.50    -0.042
     389.53    -0.011
     390.56     0.017
     391.59    -0.002
     392.62    -0.024
     393.65    -0.053
     394.68     0.018
     395.71     0.039
     396.74    -0.096
     397.77     0.073
     398.80     0.108
     399.83     0.042