%%LAB     777  datapoints: v_lsr [km/s] and T_B [K]
    -399.82     0.052
    -398.79    -0.043
    -397.75     0.035
    -396.72    -0.016
    -395.69     0.100
    -394.66     0.038
    -393.63    -0.053
    -392.60     0.017
    -391.57    -0.030
    -390.54     0.004
    -389.51     0.050
    -388.48    -0.063
    -387.45    -0.061
    -386.42    -0.019
    -385.39     0.005
    -384.36    -0.007
    -383.33     0.032
    -382.30    -0.054
    -381.27    -0.022
    -380.24    -0.018
    -379.21    -0.023
    -378.18    -0.031
    -377.15     0.048
    -376.12    -0.001
    -375.08    -0.056
    -374.05    -0.099
    -373.02     0.018
    -371.99     0.004
    -370.96     0.006
    -369.93    -0.011
    -368.90     0.116
    -367.87     0.077
    -366.84     0.031
    -365.81     0.014
    -364.78     0.025
    -363.75    -0.035
    -362.72    -0.042
    -361.69    -0.053
    -360.66    -0.071
    -359.63    -0.040
    -358.60    -0.053
    -357.57    -0.001
    -356.54     0.061
    -355.51    -0.017
    -354.48     0.023
    -353.45    -0.033
    -352.41     0.025
    -351.38    -0.050
    -350.35    -0.021
    -349.32     0.023
    -348.29    -0.013
    -347.26    -0.039
    -346.23     0.058
    -345.20     0.057
    -344.17     0.055
    -343.14     0.023
    -342.11    -0.008
    -341.08    -0.105
    -340.05     0.126
    -339.02     0.026
    -337.99     0.050
    -336.96    -0.011
    -335.93    -0.004
    -334.90     0.005
    -333.87     0.005
    -332.84    -0.008
    -331.81    -0.012
    -330.78     0.004
    -329.74     0.057
    -328.71    -0.023
    -327.68    -0.029
    -326.65     0.078
    -325.62     0.106
    -324.59    -0.034
    -323.56     0.019
    -322.53    -0.055
    -321.50     0.024
    -320.47    -0.065
    -319.44     0.076
    -318.41     0.118
    -317.38     0.030
    -316.35    -0.004
    -315.32     0.034
    -314.29    -0.011
    -313.26    -0.039
    -312.23     0.028
    -311.20    -0.015
    -310.17    -0.019
    -309.14    -0.106
    -308.11    -0.073
    -307.08    -0.051
    -306.04     0.090
    -305.01     0.012
    -303.98     0.065
    -302.95    -0.034
    -301.92     0.016
    -300.89     0.054
    -299.86     0.043
    -298.83     0.021
    -297.80    -0.020
    -296.77    -0.075
    -295.74    -0.069
    -294.71     0.087
    -293.68    -0.063
    -292.65     0.042
    -291.62     0.036
    -290.59     0.075
    -289.56     0.009
    -288.53    -0.089
    -287.50     0.011
    -286.47     0.013
    -285.44     0.007
    -284.41     0.092
    -283.37    -0.131
    -282.34    -0.085
    -281.31    -0.047
    -280.28     0.117
    -279.25    -0.125
    -278.22     0.029
    -277.19    -0.013
    -276.16     0.013
    -275.13    -0.018
    -274.10     0.065
    -273.07    -0.055
    -272.04    -0.029
    -271.01    -0.091
    -269.98     0.031
    -268.95     0.029
    -267.92    -0.059
    -266.89    -0.015
    -265.86    -0.081
    -264.83     0.076
    -263.80    -0.050
    -262.77     0.071
    -261.74    -0.046
    -260.70    -0.076
    -259.67     0.016
    -258.64    -0.009
    -257.61     0.072
    -256.58    -0.003
    -255.55     0.053
    -254.52    -0.074
    -253.49     0.107
    -252.46    -0.009
    -251.43     0.017
    -250.40     0.014
    -249.37     0.063
    -248.34     0.055
    -247.31     0.000
    -246.28     0.026
    -245.25     0.065
    -244.22     0.026
    -243.19    -0.019
    -242.16    -0.068
    -241.13     0.014
    -240.10    -0.080
    -239.07    -0.020
    -238.03     0.051
    -237.00    -0.059
    -235.97    -0.136
    -234.94    -0.009
    -233.91     0.034
    -232.88     0.014
    -231.85     0.036
    -230.82     0.129
    -229.79     0.015
    -228.76     0.110
    -227.73    -0.056
    -226.70     0.016
    -225.67     0.048
    -224.64     0.026
    -223.61    -0.091
    -222.58    -0.019
    -221.55     0.089
    -220.52     0.077
    -219.49    -0.010
    -218.46    -0.021
    -217.43    -0.053
    -216.40    -0.032
    -215.36    -0.043
    -214.33     0.071
    -213.30    -0.080
    -212.27     0.126
    -211.24    -0.036
    -210.21     0.100
    -209.18     0.019
    -208.15     0.122
    -207.12     0.061
    -206.09     0.034
    -205.06     0.050
    -204.03     0.036
    -203.00     0.005
    -201.97    -0.077
    -200.94    -0.141
    -199.91    -0.028
    -198.88     0.062
    -197.85    -0.011
    -196.82    -0.024
    -195.79     0.056
    -194.76    -0.061
    -193.73     0.013
    -192.69     0.008
    -191.66     0.071
    -190.63    -0.135
    -189.60     0.047
    -188.57     0.005
    -187.54     0.094
    -186.51    -0.018
    -185.48    -0.018
    -184.45     0.016
    -183.42    -0.012
    -182.39     0.009
    -181.36    -0.009
    -180.33    -0.032
    -179.30     0.101
    -178.27    -0.039
    -177.24    -0.024
    -176.21    -0.034
    -175.18     0.112
    -174.15     0.046
    -173.12     0.025
    -172.09    -0.006
    -171.06     0.002
    -170.02    -0.038
    -168.99    -0.027
    -167.96     0.051
    -166.93     0.006
    -165.90     0.009
    -164.87     0.024
    -163.84     0.062
    -162.81     0.027
    -161.78    -0.026
    -160.75     0.127
    -159.72     0.022
    -158.69     0.004
    -157.66     0.097
    -156.63    -0.010
    -155.60    -0.041
    -154.57    -0.049
    -153.54    -0.034
    -152.51     0.013
    -151.48    -0.032
    -150.45    -0.016
    -149.42    -0.107
    -148.39     0.088
    -147.35    -0.086
    -146.32     0.028
    -145.29     0.068
    -144.26     0.076
    -143.23    -0.001
    -142.20     0.082
    -141.17    -0.073
    -140.14    -0.050
    -139.11    -0.018
    -138.08     0.038
    -137.05     0.004
    -136.02    -0.034
    -134.99    -0.015
    -133.96    -0.016
    -132.93     0.005
    -131.90     0.051
    -130.87    -0.048
    -129.84     0.002
    -128.81     0.000
    -127.78     0.012
    -126.75    -0.001
    -125.72    -0.066
    -124.68    -0.024
    -123.65    -0.016
    -122.62    -0.011
    -121.59     0.052
    -120.56     0.017
    -119.53     0.059
    -118.50     0.114
    -117.47     0.033
    -116.44    -0.107
    -115.41     0.171
    -114.38     0.059
    -113.35     0.088
    -112.32     0.077
    -111.29     0.024
    -110.26     0.026
    -109.23     0.110
    -108.20     0.041
    -107.17     0.146
    -106.14     0.078
    -105.11     0.090
    -104.08     0.123
    -103.05     0.228
    -102.01     0.224
    -100.98     0.243
     -99.95     0.311
     -98.92     0.364
     -97.89     0.435
     -96.86     0.601
     -95.83     0.646
     -94.80     0.869
     -93.77     1.045
     -92.74     1.205
     -91.71     1.428
     -90.68     1.736
     -89.65     2.099
     -88.62     2.517
     -87.59     2.837
     -86.56     3.372
     -85.53     3.863
     -84.50     4.229
     -83.47     4.814
     -82.44     5.372
     -81.41     5.796
     -80.38     6.547
     -79.34     7.063
     -78.31     7.669
     -77.28     8.123
     -76.25     8.514
     -75.22     8.881
     -74.19     9.410
     -73.16    10.133
     -72.13    10.775
     -71.10    11.459
     -70.07    12.113
     -69.04    12.327
     -68.01    12.333
     -66.98    12.118
     -65.95    11.612
     -64.92    11.041
     -63.89    10.624
     -62.86     9.915
     -61.83     9.247
     -60.80     8.765
     -59.77     8.164
     -58.74     7.715
     -57.71     7.160
     -56.67     6.635
     -55.64     6.078
     -54.61     5.477
     -53.58     4.933
     -52.55     4.666
     -51.52     4.103
     -50.49     3.698
     -49.46     3.612
     -48.43     3.330
     -47.40     3.373
     -46.37     3.304
     -45.34     3.456
     -44.31     3.331
     -43.28     3.563
     -42.25     3.739
     -41.22     4.156
     -40.19     4.700
     -39.16     5.144
     -38.13     5.418
     -37.10     5.612
     -36.07     5.484
     -35.04     5.754
     -34.00     5.924
     -32.97     6.527
     -31.94     7.095
     -30.91     8.032
     -29.88     8.797
     -28.85     9.965
     -27.82    11.243
     -26.79    13.068
     -25.76    15.605
     -24.73    18.413
     -23.70    20.718
     -22.67    21.964
     -21.64    21.958
     -20.61    21.850
     -19.58    21.294
     -18.55    20.440
     -17.52    19.515
     -16.49    18.322
     -15.46    17.024
     -14.43    15.887
     -13.40    15.445
     -12.37    15.301
     -11.33    15.632
     -10.30    16.184
      -9.27    17.503
      -8.24    19.480
      -7.21    22.265
      -6.18    25.839
      -5.15    30.195
      -4.12    35.749
      -3.09    42.903
      -2.06    52.083
      -1.03    62.960
       0.00    75.040
       1.03    86.456
       2.06    93.429
       3.09    98.035
       4.12   103.546
       5.15   107.541
       6.18   107.973
       7.21   106.018
       8.24   105.265
       9.27   104.900
      10.30   102.470
      11.33    97.843
      12.37    91.283
      13.40    82.659
      14.43    71.528
      15.46    59.868
      16.49    50.806
      17.52    43.401
      18.55    37.322
      19.58    32.035
      20.61    27.466
      21.64    23.364
      22.67    20.257
      23.70    17.254
      24.73    14.564
      25.76    12.022
      26.79    10.372
      27.82     8.843
      28.85     7.761
      29.88     6.679
      30.91     6.117
      31.94     5.353
      32.97     5.161
      34.00     4.812
      35.04     4.529
      36.07     4.252
      37.10     3.961
      38.13     3.482
      39.16     3.072
      40.19     2.772
      41.22     2.552
      42.25     2.226
      43.28     1.946
      44.31     1.568
      45.34     1.355
      46.37     1.086
      47.40     0.904
      48.43     0.788
      49.46     0.733
      50.49     0.590
      51.52     0.488
      52.55     0.464
      53.58     0.364
      54.61     0.247
      55.64     0.210
      56.67     0.198
      57.71     0.164
      58.74     0.069
      59.77     0.198
      60.80     0.127
      61.83     0.154
      62.86     0.088
      63.89     0.078
      64.92     0.033
      65.95     0.130
      66.98     0.013
      68.01     0.036
      69.04     0.047
      70.07     0.117
      71.10     0.008
      72.13     0.090
      73.16     0.005
      74.19     0.064
      75.22     0.054
      76.25     0.063
      77.28     0.032
      78.31     0.111
      79.34     0.032
      80.38     0.069
      81.41     0.004
      82.44    -0.082
      83.47     0.042
      84.50    -0.012
      85.53     0.004
      86.56    -0.096
      87.59    -0.056
      88.62     0.008
      89.65    -0.048
      90.68     0.081
      91.71    -0.082
      92.74     0.044
      93.77     0.017
      94.80    -0.005
      95.83    -0.040
      96.86     0.047
      97.89     0.071
      98.92    -0.036
      99.95     0.069
     100.98     0.026
     102.01     0.040
     103.05     0.121
     104.08     0.109
     105.11    -0.009
     106.14     0.030
     107.17    -0.013
     108.20     0.045
     109.23     0.081
     110.26    -0.006
     111.29     0.089
     112.32    -0.063
     113.35     0.085
     114.38    -0.036
     115.41     0.043
     116.44     0.016
     117.47     0.050
     118.50     0.082
     119.53     0.026
     120.56    -0.021
     121.59     0.052
     122.62     0.060
     123.65    -0.026
     124.68    -0.006
     125.72    -0.038
     126.75     0.004
     127.78     0.015
     128.81    -0.070
     129.84     0.086
     130.87     0.017
     131.90    -0.020
     132.93     0.052
     133.96     0.024
     134.99     0.074
     136.02     0.069
     137.05    -0.027
     138.08    -0.001
     139.11    -0.064
     140.14    -0.005
     141.17    -0.028
     142.20    -0.037
     143.23    -0.002
     144.26    -0.014
     145.29     0.061
     146.32     0.062
     147.35    -0.026
     148.39    -0.021
     149.42    -0.079
     150.45     0.033
     151.48    -0.092
     152.51     0.020
     153.54    -0.005
     154.57     0.083
     155.60    -0.037
     156.63    -0.001
     157.66     0.056
     158.69    -0.080
     159.72     0.112
     160.75     0.130
     161.78    -0.133
     162.81    -0.073
     163.84     0.024
     164.87     0.033
     165.90    -0.014
     166.93    -0.009
     167.96    -0.068
     168.99    -0.065
     170.02     0.012
     171.06     0.116
     172.09     0.006
     173.12    -0.036
     174.15     0.022
     175.18     0.018
     176.21     0.028
     177.24    -0.015
     178.27     0.047
     179.30     0.020
     180.33    -0.111
     181.36     0.101
     182.39     0.116
     183.42     0.023
     184.45    -0.016
     185.48     0.021
     186.51     0.072
     187.54    -0.113
     188.57    -0.084
     189.60     0.038
     190.63     0.026
     191.66     0.054
     192.69    -0.086
     193.73     0.032
     194.76    -0.006
     195.79     0.060
     196.82     0.012
     197.85     0.055
     198.88     0.027
     199.91     0.019
     200.94    -0.037
     201.97     0.029
     203.00    -0.016
     204.03     0.002
     205.06     0.052
     206.09    -0.000
     207.12    -0.078
     208.15     0.034
     209.18    -0.053
     210.21     0.015
     211.24    -0.021
     212.27    -0.007
     213.30     0.051
     214.33     0.029
     215.36     0.029
     216.40     0.092
     217.43     0.058
     218.46    -0.074
     219.49     0.052
     220.52    -0.017
     221.55    -0.074
     222.58    -0.031
     223.61     0.031
     224.64    -0.016
     225.67    -0.059
     226.70     0.040
     227.73    -0.027
     228.76    -0.049
     229.79    -0.109
     230.82     0.100
     231.85     0.066
     232.88    -0.005
     233.91     0.017
     234.94     0.037
     235.97    -0.017
     237.00     0.027
     238.03    -0.055
     239.07     0.071
     240.10    -0.045
     241.13     0.025
     242.16    -0.005
     243.19    -0.033
     244.22    -0.055
     245.25     0.021
     246.28     0.010
     247.31    -0.008
     248.34    -0.004
     249.37    -0.004
     250.40     0.035
     251.43     0.087
     252.46    -0.134
     253.49    -0.061
     254.52     0.020
     255.55     0.012
     256.58     0.025
     257.61     0.055
     258.64     0.011
     259.67     0.026
     260.70    -0.041
     261.74     0.005
     262.77     0.017
     263.80     0.050
     264.83    -0.008
     265.86     0.035
     266.89    -0.073
     267.92    -0.014
     268.95     0.047
     269.98    -0.005
     271.01    -0.003
     272.04    -0.029
     273.07    -0.062
     274.10     0.075
     275.13     0.036
     276.16    -0.025
     277.19    -0.072
     278.22     0.024
     279.25     0.013
     280.28     0.157
     281.31     0.059
     282.34     0.047
     283.37    -0.095
     284.41    -0.094
     285.44    -0.103
     286.47     0.006
     287.50     0.006
     288.53     0.007
     289.56    -0.050
     290.59    -0.020
     291.62     0.022
     292.65    -0.013
     293.68    -0.079
     294.71    -0.068
     295.74     0.012
     296.77    -0.125
     297.80     0.078
     298.83    -0.015
     299.86    -0.030
     300.89    -0.025
     301.92     0.041
     302.95    -0.033
     303.98    -0.024
     305.01     0.022
     306.04     0.064
     307.08     0.033
     308.11     0.060
     309.14     0.065
     310.17     0.074
     311.20     0.013
     312.23    -0.056
     313.26    -0.057
     314.29    -0.021
     315.32    -0.060
     316.35    -0.049
     317.38     0.027
     318.41     0.143
     319.44     0.099
     320.47    -0.003
     321.50     0.064
     322.53     0.068
     323.56     0.082
     324.59     0.070
     325.62     0.072
     326.65    -0.023
     327.68    -0.013
     328.71     0.071
     329.74    -0.110
     330.78    -0.047
     331.81    -0.081
     332.84    -0.014
     333.87    -0.015
     334.90     0.057
     335.93    -0.044
     336.96    -0.017
     337.99     0.105
     339.02    -0.096
     340.05     0.088
     341.08    -0.067
     342.11     0.043
     343.14     0.018
     344.17     0.067
     345.20    -0.086
     346.23     0.014
     347.26     0.028
     348.29    -0.117
     349.32     0.073
     350.35    -0.056
     351.38    -0.033
     352.41    -0.107
     353.45     0.040
     354.48     0.037
     355.51    -0.033
     356.54    -0.059
     357.57    -0.038
     358.60     0.063
     359.63    -0.015
     360.66    -0.036
     361.69     0.036
     362.72     0.021
     363.75    -0.100
     364.78    -0.042
     365.81     0.017
     366.84     0.058
     367.87     0.009
     368.90     0.038
     369.93     0.014
     370.96     0.051
     371.99    -0.062
     373.02    -0.039
     374.05     0.096
     375.08    -0.021
     376.12     0.017
     377.15    -0.016
     378.18     0.016
     379.21    -0.017
     380.24    -0.031
     381.27    -0.052
     382.30    -0.117
     383.33    -0.030
     384.36    -0.067
     385.39     0.065
     386.42    -0.015
     387.45    -0.038
     388.48    -0.104
     389.51     0.020
     390.54    -0.036
     391.57    -0.002
     392.60    -0.064
     393.63     0.049
     394.66    -0.050
     395.69    -0.021
     396.72    -0.111
     397.75    -0.011
     398.79    -0.045
     399.82    -0.006