%%LAB     777  datapoints: v_lsr [km/s] and T_B [K]
    -399.83     0.041
    -398.80    -0.027
    -397.77     0.014
    -396.74    -0.024
    -395.71    -0.058
    -394.68    -0.089
    -393.65    -0.059
    -392.61     0.008
    -391.58     0.012
    -390.55    -0.021
    -389.52    -0.006
    -388.49    -0.016
    -387.46     0.075
    -386.43    -0.001
    -385.40     0.044
    -384.37    -0.082
    -383.34    -0.008
    -382.31    -0.073
    -381.28     0.060
    -380.25     0.037
    -379.22    -0.007
    -378.19    -0.049
    -377.16     0.051
    -376.13     0.060
    -375.10    -0.029
    -374.07     0.019
    -373.04    -0.052
    -372.01     0.110
    -370.97     0.036
    -369.94     0.066
    -368.91    -0.063
    -367.88     0.025
    -366.85     0.012
    -365.82    -0.019
    -364.79    -0.041
    -363.76     0.057
    -362.73    -0.021
    -361.70     0.012
    -360.67     0.035
    -359.64    -0.066
    -358.61    -0.042
    -357.58    -0.053
    -356.55    -0.014
    -355.52     0.086
    -354.49     0.013
    -353.46     0.063
    -352.43     0.024
    -351.40     0.012
    -350.37     0.026
    -349.33    -0.016
    -348.30    -0.039
    -347.27    -0.160
    -346.24     0.011
    -345.21    -0.043
    -344.18    -0.065
    -343.15    -0.092
    -342.12    -0.092
    -341.09     0.010
    -340.06    -0.022
    -339.03    -0.044
    -338.00     0.031
    -336.97     0.018
    -335.94    -0.042
    -334.91     0.023
    -333.88     0.067
    -332.85    -0.002
    -331.82     0.060
    -330.79     0.056
    -329.76     0.053
    -328.72    -0.032
    -327.69     0.018
    -326.66    -0.039
    -325.63    -0.067
    -324.60    -0.047
    -323.57     0.030
    -322.54     0.045
    -321.51     0.059
    -320.48     0.024
    -319.45     0.061
    -318.42    -0.023
    -317.39     0.069
    -316.36     0.001
    -315.33     0.109
    -314.30    -0.060
    -313.27     0.064
    -312.24    -0.039
    -311.21     0.035
    -310.18    -0.017
    -309.15     0.075
    -308.12    -0.024
    -307.08     0.017
    -306.05    -0.035
    -305.02    -0.083
    -303.99     0.096
    -302.96    -0.046
    -301.93     0.017
    -300.90     0.001
    -299.87    -0.026
    -298.84     0.005
    -297.81    -0.057
    -296.78    -0.036
    -295.75     0.022
    -294.72     0.021
    -293.69     0.022
    -292.66    -0.104
    -291.63     0.041
    -290.60    -0.028
    -289.57    -0.029
    -288.54     0.127
    -287.51     0.014
    -286.47     0.003
    -285.44     0.017
    -284.41     0.013
    -283.38    -0.005
    -282.35    -0.005
    -281.32     0.041
    -280.29     0.007
    -279.26     0.031
    -278.23     0.037
    -277.20    -0.031
    -276.17     0.024
    -275.14     0.055
    -274.11     0.059
    -273.08     0.026
    -272.05     0.009
    -271.02    -0.046
    -269.99    -0.061
    -268.96    -0.009
    -267.93     0.071
    -266.90    -0.021
    -265.87    -0.010
    -264.83    -0.038
    -263.80     0.103
    -262.77    -0.017
    -261.74     0.064
    -260.71    -0.035
    -259.68     0.049
    -258.65    -0.075
    -257.62    -0.104
    -256.59     0.066
    -255.56    -0.049
    -254.53     0.015
    -253.50     0.071
    -252.47    -0.062
    -251.44     0.015
    -250.41    -0.025
    -249.38    -0.005
    -248.35     0.005
    -247.32    -0.005
    -246.29    -0.071
    -245.26     0.054
    -244.23     0.032
    -243.19    -0.048
    -242.16    -0.028
    -241.13     0.090
    -240.10     0.038
    -239.07     0.034
    -238.04    -0.019
    -237.01     0.063
    -235.98    -0.043
    -234.95     0.079
    -233.92    -0.029
    -232.89     0.046
    -231.86    -0.111
    -230.83    -0.037
    -229.80     0.056
    -228.77     0.085
    -227.74    -0.041
    -226.71    -0.006
    -225.68     0.019
    -224.65    -0.023
    -223.62     0.063
    -222.58     0.074
    -221.55    -0.015
    -220.52     0.044
    -219.49     0.078
    -218.46     0.022
    -217.43    -0.053
    -216.40     0.009
    -215.37    -0.093
    -214.34    -0.020
    -213.31     0.040
    -212.28     0.011
    -211.25     0.010
    -210.22     0.060
    -209.19     0.081
    -208.16     0.009
    -207.13    -0.001
    -206.10     0.006
    -205.07     0.032
    -204.04     0.033
    -203.01     0.043
    -201.98     0.012
    -200.94     0.018
    -199.91     0.084
    -198.88     0.038
    -197.85     0.054
    -196.82    -0.045
    -195.79     0.049
    -194.76     0.002
    -193.73     0.072
    -192.70    -0.103
    -191.67    -0.019
    -190.64    -0.001
    -189.61     0.044
    -188.58    -0.034
    -187.55     0.036
    -186.52    -0.004
    -185.49     0.008
    -184.46     0.060
    -183.43     0.094
    -182.40     0.010
    -181.37     0.025
    -180.33    -0.036
    -179.30    -0.041
    -178.27    -0.032
    -177.24     0.002
    -176.21     0.048
    -175.18     0.007
    -174.15    -0.020
    -173.12     0.106
    -172.09    -0.014
    -171.06    -0.039
    -170.03    -0.000
    -169.00    -0.005
    -167.97    -0.011
    -166.94     0.021
    -165.91    -0.059
    -164.88     0.022
    -163.85     0.044
    -162.82     0.050
    -161.79     0.035
    -160.76    -0.001
    -159.73    -0.060
    -158.69     0.020
    -157.66    -0.059
    -156.63    -0.005
    -155.60    -0.030
    -154.57     0.026
    -153.54     0.047
    -152.51     0.005
    -151.48    -0.034
    -150.45     0.056
    -149.42     0.011
    -148.39     0.040
    -147.36     0.084
    -146.33     0.020
    -145.30     0.013
    -144.27     0.049
    -143.24     0.002
    -142.21     0.032
    -141.18    -0.019
    -140.15     0.056
    -139.12     0.098
    -138.09     0.131
    -137.05     0.075
    -136.02     0.121
    -134.99     0.089
    -133.96     0.198
    -132.93     0.218
    -131.90     0.327
    -130.87     0.301
    -129.84     0.450
    -128.81     0.348
    -127.78     0.459
    -126.75     0.481
    -125.72     0.572
    -124.69     0.601
    -123.66     0.811
    -122.63     0.907
    -121.60     0.993
    -120.57     1.181
    -119.54     1.059
    -118.51     1.244
    -117.48     1.349
    -116.44     1.420
    -115.41     1.515
    -114.38     1.614
    -113.35     1.732
    -112.32     1.849
    -111.29     1.892
    -110.26     1.994
    -109.23     1.991
    -108.20     1.849
    -107.17     1.813
    -106.14     1.862
    -105.11     1.766
    -104.08     1.563
    -103.05     1.661
    -102.02     1.601
    -100.99     1.540
     -99.96     1.413
     -98.93     1.455
     -97.90     1.440
     -96.87     1.363
     -95.84     1.374
     -94.80     1.305
     -93.77     1.315
     -92.74     1.181
     -91.71     1.161
     -90.68     1.251
     -89.65     1.118
     -88.62     1.123
     -87.59     1.032
     -86.56     1.059
     -85.53     1.122
     -84.50     1.015
     -83.47     0.948
     -82.44     0.860
     -81.41     0.864
     -80.38     0.813
     -79.35     0.729
     -78.32     0.705
     -77.29     0.587
     -76.26     0.591
     -75.23     0.645
     -74.19     0.581
     -73.16     0.569
     -72.13     0.543
     -71.10     0.466
     -70.07     0.475
     -69.04     0.381
     -68.01     0.541
     -66.98     0.498
     -65.95     0.436
     -64.92     0.401
     -63.89     0.417
     -62.86     0.389
     -61.83     0.457
     -60.80     0.350
     -59.77     0.333
     -58.74     0.358
     -57.71     0.376
     -56.68     0.359
     -55.65     0.324
     -54.62     0.408
     -53.59     0.374
     -52.55     0.368
     -51.52     0.313
     -50.49     0.366
     -49.46     0.308
     -48.43     0.332
     -47.40     0.368
     -46.37     0.355
     -45.34     0.273
     -44.31     0.319
     -43.28     0.432
     -42.25     0.451
     -41.22     0.446
     -40.19     0.481
     -39.16     0.422
     -38.13     0.498
     -37.10     0.569
     -36.07     0.581
     -35.04     0.700
     -34.01     0.730
     -32.98     0.828
     -31.95     0.784
     -30.91     0.991
     -29.88     1.056
     -28.85     1.267
     -27.82     1.264
     -26.79     1.485
     -25.76     1.662
     -24.73     1.961
     -23.70     2.342
     -22.67     2.792
     -21.64     3.217
     -20.61     3.925
     -19.58     4.585
     -18.55     5.678
     -17.52     7.002
     -16.49     8.032
     -15.46     8.861
     -14.43     9.495
     -13.40    10.194
     -12.37    11.046
     -11.34    11.429
     -10.30    11.494
      -9.27    11.159
      -8.24    11.115
      -7.21    11.061
      -6.18    11.261
      -5.15    11.669
      -4.12    12.485
      -3.09    13.730
      -2.06    15.629
      -1.03    18.626
       0.00    22.071
       1.03    24.632
       2.06    25.592
       3.09    24.697
       4.12    22.681
       5.15    20.317
       6.18    18.068
       7.21    15.586
       8.24    13.289
       9.27    11.392
      10.30     9.989
      11.34     8.957
      12.37     8.143
      13.40     7.220
      14.43     6.594
      15.46     5.851
      16.49     5.183
      17.52     4.551
      18.55     4.143
      19.58     3.488
      20.61     3.071
      21.64     2.550
      22.67     2.183
      23.70     1.754
      24.73     1.403
      25.76     0.981
      26.79     0.949
      27.82     0.730
      28.85     0.649
      29.88     0.528
      30.91     0.506
      31.95     0.348
      32.98     0.299
      34.01     0.145
      35.04     0.158
      36.07     0.062
      37.10     0.120
      38.13     0.047
      39.16     0.087
      40.19     0.046
      41.22     0.097
      42.25     0.013
      43.28    -0.007
      44.31    -0.015
      45.34    -0.022
      46.37     0.082
      47.40     0.086
      48.43     0.030
      49.46     0.104
      50.49    -0.096
      51.52    -0.011
      52.55     0.031
      53.59     0.141
      54.62    -0.035
      55.65     0.074
      56.68    -0.061
      57.71     0.025
      58.74    -0.021
      59.77     0.093
      60.80     0.003
      61.83    -0.044
      62.86    -0.069
      63.89     0.051
      64.92     0.089
      65.95     0.004
      66.98    -0.023
      68.01    -0.013
      69.04     0.059
      70.07     0.088
      71.10    -0.055
      72.13     0.051
      73.16    -0.009
      74.19     0.108
      75.23     0.047
      76.26     0.022
      77.29    -0.003
      78.32     0.023
      79.35    -0.080
      80.38     0.083
      81.41    -0.055
      82.44     0.013
      83.47     0.004
      84.50     0.007
      85.53     0.006
      86.56    -0.026
      87.59     0.015
      88.62     0.095
      89.65    -0.061
      90.68     0.107
      91.71    -0.021
      92.74     0.044
      93.77     0.044
      94.80     0.006
      95.84     0.058
      96.87     0.092
      97.90     0.008
      98.93     0.031
      99.96     0.028
     100.99     0.036
     102.02    -0.021
     103.05     0.030
     104.08    -0.064
     105.11     0.022
     106.14     0.070
     107.17     0.101
     108.20    -0.023
     109.23    -0.002
     110.26     0.001
     111.29    -0.014
     112.32    -0.041
     113.35     0.003
     114.38    -0.015
     115.41     0.014
     116.44     0.024
     117.48    -0.012
     118.51    -0.026
     119.54    -0.045
     120.57    -0.100
     121.60     0.003
     122.63     0.070
     123.66     0.036
     124.69    -0.038
     125.72     0.043
     126.75     0.068
     127.78     0.061
     128.81    -0.009
     129.84     0.048
     130.87    -0.030
     131.90     0.025
     132.93     0.023
     133.96     0.030
     134.99    -0.004
     136.02     0.005
     137.05    -0.024
     138.09    -0.004
     139.12    -0.028
     140.15    -0.018
     141.18    -0.027
     142.21    -0.015
     143.24     0.018
     144.27    -0.027
     145.30     0.057
     146.33     0.025
     147.36     0.002
     148.39     0.066
     149.42    -0.007
     150.45    -0.073
     151.48    -0.012
     152.51    -0.111
     153.54    -0.039
     154.57     0.044
     155.60     0.001
     156.63     0.077
     157.66    -0.022
     158.69     0.038
     159.73     0.027
     160.76     0.005
     161.79     0.005
     162.82     0.157
     163.85     0.038
     164.88    -0.034
     165.91    -0.057
     166.94    -0.027
     167.97    -0.035
     169.00     0.005
     170.03    -0.071
     171.06     0.113
     172.09     0.003
     173.12     0.021
     174.15     0.044
     175.18     0.144
     176.21     0.009
     177.24     0.102
     178.27    -0.044
     179.30    -0.056
     180.33     0.042
     181.37     0.039
     182.40     0.022
     183.43    -0.007
     184.46    -0.081
     185.49    -0.013
     186.52     0.009
     187.55     0.033
     188.58    -0.034
     189.61    -0.003
     190.64     0.044
     191.67     0.042
     192.70     0.001
     193.73     0.017
     194.76    -0.023
     195.79     0.066
     196.82     0.050
     197.85     0.075
     198.88     0.003
     199.91     0.058
     200.94    -0.019
     201.98    -0.029
     203.01     0.011
     204.04     0.044
     205.07    -0.013
     206.10    -0.016
     207.13    -0.006
     208.16    -0.001
     209.19     0.051
     210.22    -0.045
     211.25    -0.069
     212.28     0.059
     213.31    -0.067
     214.34    -0.055
     215.37    -0.017
     216.40     0.024
     217.43    -0.069
     218.46     0.046
     219.49    -0.030
     220.52    -0.007
     221.55    -0.039
     222.58    -0.000
     223.62     0.027
     224.65     0.007
     225.68     0.123
     226.71     0.021
     227.74    -0.005
     228.77    -0.019
     229.80     0.089
     230.83    -0.028
     231.86    -0.012
     232.89    -0.071
     233.92    -0.055
     234.95     0.026
     235.98    -0.074
     237.01     0.071
     238.04    -0.006
     239.07     0.019
     240.10     0.041
     241.13     0.011
     242.16     0.002
     243.19    -0.098
     244.23    -0.035
     245.26     0.076
     246.29     0.029
     247.32     0.065
     248.35     0.020
     249.38    -0.027
     250.41     0.027
     251.44    -0.030
     252.47     0.010
     253.50     0.026
     254.53    -0.093
     255.56     0.034
     256.59    -0.053
     257.62    -0.017
     258.65     0.087
     259.68    -0.029
     260.71    -0.050
     261.74     0.004
     262.77     0.036
     263.80    -0.020
     264.83    -0.015
     265.87    -0.017
     266.90    -0.024
     267.93    -0.030
     268.96    -0.015
     269.99     0.087
     271.02    -0.008
     272.05     0.118
     273.08     0.038
     274.11     0.007
     275.14    -0.019
     276.17     0.018
     277.20    -0.080
     278.23     0.048
     279.26    -0.012
     280.29     0.006
     281.32    -0.029
     282.35     0.024
     283.38    -0.026
     284.41    -0.026
     285.44     0.044
     286.47     0.018
     287.51    -0.011
     288.54     0.066
     289.57    -0.063
     290.60    -0.059
     291.63    -0.076
     292.66     0.021
     293.69     0.018
     294.72     0.064
     295.75    -0.011
     296.78     0.136
     297.81     0.007
     298.84     0.093
     299.87    -0.031
     300.90    -0.049
     301.93    -0.112
     302.96     0.004
     303.99    -0.109
     305.02     0.028
     306.05    -0.092
     307.08    -0.031
     308.12    -0.080
     309.15     0.030
     310.18    -0.014
     311.21    -0.038
     312.24    -0.088
     313.27    -0.069
     314.30    -0.043
     315.33     0.054
     316.36    -0.013
     317.39     0.061
     318.42    -0.095
     319.45     0.001
     320.48    -0.055
     321.51     0.022
     322.54     0.033
     323.57     0.111
     324.60    -0.004
     325.63     0.044
     326.66    -0.056
     327.69     0.027
     328.72    -0.027
     329.76     0.018
     330.79     0.031
     331.82    -0.012
     332.85    -0.034
     333.88     0.071
     334.91     0.089
     335.94     0.021
     336.97    -0.012
     338.00     0.060
     339.03    -0.016
     340.06     0.043
     341.09    -0.056
     342.12    -0.024
     343.15    -0.029
     344.18     0.100
     345.21    -0.036
     346.24     0.003
     347.27     0.006
     348.30     0.069
     349.33    -0.035
     350.37     0.043
     351.40     0.022
     352.43    -0.064
     353.46     0.022
     354.49    -0.010
     355.52    -0.048
     356.55     0.075
     357.58    -0.100
     358.61    -0.045
     359.64    -0.001
     360.67     0.010
     361.70    -0.070
     362.73     0.053
     363.76     0.014
     364.79    -0.023
     365.82     0.004
     366.85     0.028
     367.88    -0.027
     368.91     0.083
     369.94    -0.030
     370.97    -0.044
     372.01     0.013
     373.04     0.010
     374.07     0.010
     375.10    -0.003
     376.13     0.018
     377.16    -0.014
     378.19     0.005
     379.22     0.033
     380.25     0.045
     381.28    -0.020
     382.31    -0.007
     383.34    -0.035
     384.37    -0.006
     385.40     0.019
     386.43    -0.085
     387.46     0.014
     388.49     0.011
     389.52     0.015
     390.55    -0.041
     391.58     0.016
     392.61    -0.080
     393.65    -0.037
     394.68    -0.108
     395.71     0.041
     396.74     0.000
     397.77     0.030
     398.80    -0.020
     399.83     0.002