%%LAB     777  datapoints: v_lsr [km/s] and T_B [K]
    -399.87     0.048
    -398.84    -0.041
    -397.81    -0.060
    -396.78     0.016
    -395.75     0.052
    -394.72    -0.055
    -393.69    -0.002
    -392.66     0.031
    -391.63     0.022
    -390.60     0.026
    -389.57    -0.001
    -388.54     0.033
    -387.51     0.059
    -386.48    -0.038
    -385.45    -0.018
    -384.41    -0.009
    -383.38     0.027
    -382.35     0.051
    -381.32    -0.043
    -380.29     0.050
    -379.26     0.048
    -378.23    -0.087
    -377.20     0.037
    -376.17    -0.066
    -375.14    -0.019
    -374.11    -0.058
    -373.08     0.049
    -372.05    -0.010
    -371.02     0.028
    -369.99    -0.026
    -368.96     0.043
    -367.93    -0.016
    -366.89    -0.099
    -365.86    -0.022
    -364.83     0.024
    -363.80    -0.034
    -362.77    -0.078
    -361.74    -0.019
    -360.71     0.001
    -359.68     0.032
    -358.65     0.011
    -357.62    -0.046
    -356.59    -0.039
    -355.56    -0.039
    -354.53     0.038
    -353.50     0.020
    -352.47    -0.016
    -351.44    -0.037
    -350.40    -0.002
    -349.37    -0.056
    -348.34     0.010
    -347.31     0.049
    -346.28    -0.001
    -345.25    -0.012
    -344.22    -0.041
    -343.19    -0.077
    -342.16     0.035
    -341.13    -0.047
    -340.10    -0.004
    -339.07    -0.082
    -338.04     0.086
    -337.01     0.004
    -335.98     0.004
    -334.95    -0.026
    -333.92    -0.105
    -332.88     0.038
    -331.85    -0.019
    -330.82    -0.048
    -329.79    -0.019
    -328.76    -0.046
    -327.73     0.017
    -326.70    -0.058
    -325.67     0.038
    -324.64    -0.011
    -323.61    -0.007
    -322.58    -0.025
    -321.55     0.002
    -320.52     0.076
    -319.49     0.069
    -318.46    -0.040
    -317.43     0.115
    -316.40     0.004
    -315.36     0.076
    -314.33     0.079
    -313.30     0.052
    -312.27     0.005
    -311.24    -0.027
    -310.21     0.009
    -309.18     0.033
    -308.15     0.071
    -307.12    -0.025
    -306.09     0.018
    -305.06     0.120
    -304.03     0.057
    -303.00    -0.022
    -301.97     0.025
    -300.94     0.053
    -299.91    -0.106
    -298.87     0.105
    -297.84    -0.011
    -296.81    -0.070
    -295.78    -0.075
    -294.75     0.011
    -293.72    -0.072
    -292.69     0.035
    -291.66     0.005
    -290.63     0.050
    -289.60    -0.007
    -288.57     0.087
    -287.54    -0.038
    -286.51    -0.056
    -285.48     0.032
    -284.45     0.142
    -283.42    -0.059
    -282.39     0.019
    -281.35     0.074
    -280.32     0.024
    -279.29     0.040
    -278.26     0.148
    -277.23    -0.016
    -276.20     0.005
    -275.17     0.005
    -274.14     0.039
    -273.11    -0.038
    -272.08     0.031
    -271.05    -0.009
    -270.02     0.066
    -268.99    -0.020
    -267.96    -0.009
    -266.93    -0.010
    -265.90     0.025
    -264.86    -0.031
    -263.83    -0.042
    -262.80     0.017
    -261.77     0.078
    -260.74    -0.111
    -259.71    -0.007
    -258.68    -0.004
    -257.65     0.003
    -256.62     0.072
    -255.59     0.029
    -254.56     0.028
    -253.53     0.083
    -252.50     0.084
    -251.47    -0.006
    -250.44     0.006
    -249.41    -0.022
    -248.38     0.006
    -247.34    -0.016
    -246.31    -0.081
    -245.28     0.038
    -244.25    -0.059
    -243.22    -0.013
    -242.19    -0.034
    -241.16     0.009
    -240.13    -0.005
    -239.10    -0.008
    -238.07    -0.033
    -237.04     0.058
    -236.01    -0.046
    -234.98    -0.011
    -233.95     0.055
    -232.92    -0.035
    -231.89     0.079
    -230.86    -0.065
    -229.82     0.064
    -228.79     0.061
    -227.76     0.171
    -226.73    -0.001
    -225.70    -0.041
    -224.67     0.042
    -223.64     0.035
    -222.61    -0.010
    -221.58     0.014
    -220.55    -0.076
    -219.52    -0.080
    -218.49     0.054
    -217.46    -0.100
    -216.43     0.014
    -215.40    -0.098
    -214.37     0.053
    -213.33    -0.027
    -212.30     0.009
    -211.27     0.004
    -210.24     0.005
    -209.21    -0.045
    -208.18    -0.021
    -207.15    -0.007
    -206.12     0.028
    -205.09    -0.023
    -204.06     0.049
    -203.03     0.029
    -202.00     0.000
    -200.97    -0.077
    -199.94     0.030
    -198.91    -0.101
    -197.88     0.039
    -196.85    -0.037
    -195.81     0.032
    -194.78     0.002
    -193.75    -0.010
    -192.72     0.036
    -191.69     0.071
    -190.66     0.042
    -189.63     0.044
    -188.60    -0.082
    -187.57     0.056
    -186.54     0.050
    -185.51    -0.042
    -184.48     0.012
    -183.45     0.092
    -182.42    -0.047
    -181.39     0.062
    -180.36     0.074
    -179.32    -0.013
    -178.29    -0.001
    -177.26     0.034
    -176.23     0.033
    -175.20    -0.083
    -174.17    -0.066
    -173.14    -0.024
    -172.11    -0.123
    -171.08     0.006
    -170.05     0.036
    -169.02    -0.003
    -167.99     0.030
    -166.96     0.031
    -165.93     0.025
    -164.90     0.051
    -163.87     0.077
    -162.84     0.004
    -161.80    -0.025
    -160.77    -0.035
    -159.74    -0.005
    -158.71     0.053
    -157.68    -0.018
    -156.65     0.060
    -155.62    -0.122
    -154.59    -0.002
    -153.56     0.023
    -152.53    -0.057
    -151.50    -0.085
    -150.47    -0.013
    -149.44    -0.020
    -148.41    -0.060
    -147.38     0.052
    -146.35     0.005
    -145.32     0.049
    -144.28     0.032
    -143.25    -0.046
    -142.22     0.115
    -141.19     0.053
    -140.16     0.005
    -139.13    -0.056
    -138.10     0.006
    -137.07     0.009
    -136.04    -0.030
    -135.01    -0.081
    -133.98     0.037
    -132.95     0.071
    -131.92     0.143
    -130.89     0.004
    -129.86     0.092
    -128.83    -0.057
    -127.79     0.126
    -126.76    -0.069
    -125.73     0.074
    -124.70    -0.011
    -123.67     0.049
    -122.64     0.029
    -121.61     0.085
    -120.58    -0.015
    -119.55     0.174
    -118.52    -0.036
    -117.49     0.059
    -116.46     0.006
    -115.43    -0.043
    -114.40    -0.033
    -113.37    -0.004
    -112.34    -0.001
    -111.31     0.108
    -110.27     0.087
    -109.24    -0.048
    -108.21     0.077
    -107.18     0.043
    -106.15     0.031
    -105.12     0.055
    -104.09     0.066
    -103.06     0.091
    -102.03     0.042
    -101.00     0.028
     -99.97     0.064
     -98.94     0.048
     -97.91     0.019
     -96.88     0.042
     -95.85     0.071
     -94.82    -0.012
     -93.78    -0.019
     -92.75     0.100
     -91.72     0.085
     -90.69     0.036
     -89.66     0.042
     -88.63     0.126
     -87.60     0.035
     -86.57     0.114
     -85.54     0.146
     -84.51     0.187
     -83.48     0.069
     -82.45     0.165
     -81.42     0.150
     -80.39     0.160
     -79.36     0.160
     -78.33     0.211
     -77.30     0.189
     -76.26     0.289
     -75.23     0.257
     -74.20     0.278
     -73.17     0.299
     -72.14     0.372
     -71.11     0.378
     -70.08     0.347
     -69.05     0.384
     -68.02     0.525
     -66.99     0.398
     -65.96     0.489
     -64.93     0.588
     -63.90     0.645
     -62.87     0.695
     -61.84     0.774
     -60.81     0.786
     -59.77     0.814
     -58.74     0.793
     -57.71     0.926
     -56.68     0.994
     -55.65     1.065
     -54.62     1.022
     -53.59     1.242
     -52.56     1.446
     -51.53     1.522
     -50.50     1.673
     -49.47     1.838
     -48.44     2.057
     -47.41     2.292
     -46.38     2.420
     -45.35     2.747
     -44.32     2.854
     -43.29     3.097
     -42.25     3.246
     -41.22     3.485
     -40.19     3.784
     -39.16     3.948
     -38.13     4.111
     -37.10     4.287
     -36.07     4.332
     -35.04     4.518
     -34.01     4.681
     -32.98     4.797
     -31.95     5.007
     -30.92     5.294
     -29.89     5.765
     -28.86     6.215
     -27.83     6.355
     -26.80     6.208
     -25.77     5.583
     -24.73     5.232
     -23.70     4.828
     -22.67     4.599
     -21.64     4.490
     -20.61     4.277
     -19.58     4.204
     -18.55     4.336
     -17.52     4.233
     -16.49     4.108
     -15.46     4.182
     -14.43     4.244
     -13.40     4.232
     -12.37     4.250
     -11.34     4.338
     -10.31     4.668
      -9.28     4.737
      -8.24     5.012
      -7.21     5.305
      -6.18     5.568
      -5.15     6.041
      -4.12     6.706
      -3.09     7.844
      -2.06     9.169
      -1.03    10.110
       0.00    11.062
       1.03    11.787
       2.06    13.191
       3.09    14.288
       4.12    13.399
       5.15    11.590
       6.18     9.912
       7.21     8.910
       8.24     7.753
       9.28     6.578
      10.31     5.502
      11.34     4.508
      12.37     3.729
      13.40     2.854
      14.43     2.335
      15.46     1.758
      16.49     1.400
      17.52     1.109
      18.55     0.965
      19.58     0.665
      20.61     0.655
      21.64     0.586
      22.67     0.504
      23.70     0.287
      24.73     0.343
      25.77     0.170
      26.80     0.205
      27.83     0.123
      28.86     0.092
      29.89     0.090
      30.92     0.018
      31.95     0.063
      32.98     0.019
      34.01     0.074
      35.04     0.057
      36.07     0.106
      37.10     0.108
      38.13    -0.005
      39.16     0.052
      40.19    -0.043
      41.22     0.011
      42.25    -0.006
      43.29     0.116
      44.32    -0.040
      45.35    -0.026
      46.38    -0.028
      47.41     0.091
      48.44    -0.026
      49.47     0.007
      50.50    -0.138
      51.53     0.005
      52.56    -0.163
      53.59     0.100
      54.62     0.060
      55.65     0.005
      56.68     0.005
      57.71     0.030
      58.74    -0.001
      59.77     0.113
      60.81    -0.010
      61.84     0.117
      62.87    -0.063
      63.90     0.031
      64.93     0.036
      65.96     0.051
      66.99     0.005
      68.02     0.022
      69.05     0.004
      70.08    -0.007
      71.11    -0.024
      72.14     0.063
      73.17    -0.018
      74.20     0.014
      75.23     0.006
      76.26    -0.035
      77.30    -0.014
      78.33    -0.013
      79.36     0.001
      80.39     0.020
      81.42    -0.002
      82.45     0.030
      83.48    -0.040
      84.51     0.024
      85.54    -0.002
      86.57     0.023
      87.60     0.067
      88.63    -0.006
      89.66    -0.034
      90.69    -0.030
      91.72     0.011
      92.75     0.026
      93.78     0.089
      94.82    -0.016
      95.85    -0.014
      96.88    -0.011
      97.91     0.027
      98.94     0.021
      99.97     0.008
     101.00     0.002
     102.03     0.024
     103.06     0.033
     104.09     0.038
     105.12    -0.000
     106.15     0.052
     107.18     0.005
     108.21     0.025
     109.24     0.093
     110.27     0.050
     111.31     0.051
     112.34    -0.008
     113.37    -0.081
     114.40    -0.047
     115.43    -0.057
     116.46     0.015
     117.49    -0.048
     118.52    -0.062
     119.55     0.074
     120.58     0.102
     121.61    -0.019
     122.64    -0.026
     123.67     0.033
     124.70     0.112
     125.73     0.131
     126.76     0.054
     127.79     0.096
     128.83    -0.034
     129.86    -0.014
     130.89     0.098
     131.92    -0.027
     132.95    -0.049
     133.98     0.100
     135.01    -0.046
     136.04     0.033
     137.07    -0.015
     138.10     0.086
     139.13    -0.108
     140.16    -0.037
     141.19     0.041
     142.22     0.076
     143.25     0.019
     144.28     0.083
     145.32    -0.059
     146.35    -0.037
     147.38     0.073
     148.41    -0.030
     149.44     0.008
     150.47    -0.013
     151.50     0.001
     152.53     0.015
     153.56    -0.048
     154.59     0.039
     155.62     0.011
     156.65     0.043
     157.68     0.010
     158.71     0.079
     159.74    -0.019
     160.77    -0.015
     161.80    -0.007
     162.84     0.077
     163.87    -0.046
     164.90     0.020
     165.93     0.021
     166.96     0.021
     167.99    -0.078
     169.02    -0.007
     170.05    -0.030
     171.08     0.119
     172.11    -0.010
     173.14     0.002
     174.17    -0.095
     175.20    -0.022
     176.23    -0.052
     177.26    -0.029
     178.29    -0.056
     179.32    -0.021
     180.36    -0.051
     181.39     0.050
     182.42    -0.080
     183.45     0.019
     184.48    -0.029
     185.51     0.101
     186.54     0.003
     187.57     0.043
     188.60     0.046
     189.63    -0.039
     190.66     0.054
     191.69     0.021
     192.72    -0.026
     193.75    -0.004
     194.78    -0.004
     195.81    -0.038
     196.85     0.027
     197.88     0.099
     198.91     0.009
     199.94    -0.033
     200.97     0.114
     202.00    -0.005
     203.03    -0.023
     204.06    -0.032
     205.09    -0.048
     206.12     0.001
     207.15    -0.003
     208.18     0.080
     209.21    -0.011
     210.24    -0.024
     211.27     0.011
     212.30    -0.015
     213.33     0.032
     214.37    -0.006
     215.40    -0.084
     216.43     0.086
     217.46    -0.026
     218.49     0.035
     219.52    -0.054
     220.55    -0.054
     221.58     0.021
     222.61    -0.041
     223.64     0.029
     224.67     0.016
     225.70    -0.077
     226.73    -0.039
     227.76     0.040
     228.79     0.056
     229.82    -0.090
     230.86    -0.004
     231.89     0.057
     232.92     0.056
     233.95    -0.043
     234.98     0.043
     236.01     0.049
     237.04     0.064
     238.07    -0.106
     239.10     0.054
     240.13     0.030
     241.16     0.006
     242.19     0.004
     243.22     0.015
     244.25    -0.045
     245.28    -0.032
     246.31     0.053
     247.34     0.019
     248.38    -0.016
     249.41     0.019
     250.44    -0.069
     251.47     0.057
     252.50    -0.019
     253.53    -0.008
     254.56    -0.047
     255.59     0.026
     256.62    -0.074
     257.65     0.020
     258.68    -0.067
     259.71     0.018
     260.74    -0.054
     261.77     0.031
     262.80    -0.152
     263.83    -0.133
     264.86    -0.105
     265.90     0.118
     266.93     0.022
     267.96    -0.019
     268.99    -0.077
     270.02     0.060
     271.05     0.036
     272.08     0.003
     273.11    -0.031
     274.14     0.064
     275.17    -0.023
     276.20     0.033
     277.23    -0.063
     278.26    -0.075
     279.29    -0.044
     280.32    -0.004
     281.35    -0.017
     282.39     0.048
     283.42    -0.104
     284.45     0.009
     285.48     0.054
     286.51     0.024
     287.54     0.041
     288.57     0.121
     289.60    -0.027
     290.63    -0.038
     291.66     0.028
     292.69     0.016
     293.72     0.094
     294.75     0.049
     295.78    -0.012
     296.81     0.022
     297.84     0.002
     298.87    -0.004
     299.91    -0.071
     300.94    -0.017
     301.97    -0.096
     303.00     0.074
     304.03     0.019
     305.06     0.036
     306.09     0.006
     307.12     0.108
     308.15     0.039
     309.18     0.076
     310.21    -0.084
     311.24    -0.086
     312.27    -0.089
     313.30     0.043
     314.33     0.014
     315.36    -0.010
     316.40    -0.040
     317.43    -0.004
     318.46     0.056
     319.49     0.033
     320.52     0.006
     321.55    -0.030
     322.58    -0.029
     323.61     0.060
     324.64    -0.013
     325.67    -0.013
     326.70    -0.054
     327.73    -0.074
     328.76    -0.094
     329.79     0.016
     330.82     0.105
     331.85     0.079
     332.88    -0.022
     333.92     0.090
     334.95     0.026
     335.98     0.109
     337.01    -0.080
     338.04     0.038
     339.07     0.019
     340.10     0.098
     341.13     0.004
     342.16     0.021
     343.19     0.002
     344.22     0.091
     345.25    -0.069
     346.28    -0.009
     347.31    -0.056
     348.34     0.028
     349.37    -0.030
     350.40     0.031
     351.44    -0.001
     352.47     0.036
     353.50    -0.064
     354.53    -0.068
     355.56    -0.034
     356.59    -0.070
     357.62    -0.133
     358.65     0.046
     359.68    -0.011
     360.71    -0.046
     361.74    -0.084
     362.77     0.025
     363.80    -0.011
     364.83     0.072
     365.86    -0.073
     366.89    -0.010
     367.93     0.057
     368.96     0.114
     369.99     0.004
     371.02     0.027
     372.05     0.056
     373.08    -0.029
     374.11    -0.029
     375.14     0.028
     376.17    -0.015
     377.20    -0.016
     378.23    -0.025
     379.26     0.048
     380.29     0.022
     381.32    -0.084
     382.35    -0.024
     383.38     0.052
     384.41    -0.070
     385.45     0.016
     386.48    -0.062
     387.51     0.039
     388.54    -0.078
     389.57     0.048
     390.60    -0.001
     391.63     0.002
     392.66    -0.028
     393.69    -0.032
     394.72    -0.055
     395.75    -0.034
     396.78     0.029
     397.81     0.079
     398.84    -0.027
     399.87    -0.040