%%LAB     777  datapoints: v_lsr [km/s] and T_B [K]
    -399.82     0.034
    -398.79    -0.024
    -397.76     0.123
    -396.73    -0.060
    -395.70    -0.057
    -394.67    -0.059
    -393.64    -0.008
    -392.61    -0.027
    -391.58     0.093
    -390.55     0.003
    -389.52    -0.011
    -388.49     0.033
    -387.46     0.009
    -386.43     0.024
    -385.40     0.041
    -384.37     0.111
    -383.34     0.050
    -382.31    -0.023
    -381.28    -0.026
    -380.24     0.048
    -379.21     0.044
    -378.18     0.008
    -377.15     0.030
    -376.12     0.078
    -375.09     0.014
    -374.06    -0.002
    -373.03    -0.057
    -372.00     0.016
    -370.97    -0.013
    -369.94    -0.055
    -368.91    -0.017
    -367.88    -0.054
    -366.85    -0.033
    -365.82    -0.065
    -364.79     0.102
    -363.76    -0.006
    -362.73     0.020
    -361.70     0.088
    -360.67     0.069
    -359.64    -0.012
    -358.60     0.096
    -357.57    -0.069
    -356.54    -0.018
    -355.51    -0.085
    -354.48     0.007
    -353.45    -0.079
    -352.42     0.005
    -351.39    -0.026
    -350.36    -0.021
    -349.33     0.021
    -348.30     0.126
    -347.27    -0.092
    -346.24     0.106
    -345.21     0.035
    -344.18     0.041
    -343.15    -0.110
    -342.12    -0.011
    -341.09    -0.032
    -340.06     0.038
    -339.03     0.031
    -338.00    -0.027
    -336.96    -0.033
    -335.93     0.067
    -334.90    -0.045
    -333.87     0.041
    -332.84    -0.004
    -331.81    -0.035
    -330.78     0.017
    -329.75    -0.049
    -328.72     0.087
    -327.69    -0.069
    -326.66    -0.024
    -325.63     0.007
    -324.60     0.005
    -323.57     0.007
    -322.54    -0.040
    -321.51     0.033
    -320.48    -0.006
    -319.45     0.060
    -318.42     0.065
    -317.39    -0.046
    -316.36     0.040
    -315.32    -0.010
    -314.29     0.000
    -313.26    -0.019
    -312.23     0.048
    -311.20    -0.058
    -310.17    -0.017
    -309.14     0.021
    -308.11    -0.068
    -307.08     0.010
    -306.05    -0.087
    -305.02    -0.031
    -303.99    -0.028
    -302.96     0.090
    -301.93    -0.007
    -300.90    -0.024
    -299.87    -0.042
    -298.84     0.003
    -297.81    -0.066
    -296.78    -0.033
    -295.75    -0.042
    -294.72    -0.070
    -293.68     0.036
    -292.65     0.058
    -291.62     0.070
    -290.59     0.105
    -289.56    -0.006
    -288.53    -0.048
    -287.50    -0.033
    -286.47     0.095
    -285.44    -0.012
    -284.41     0.055
    -283.38     0.030
    -282.35     0.048
    -281.32     0.024
    -280.29     0.013
    -279.26    -0.028
    -278.23     0.052
    -277.20    -0.079
    -276.17     0.045
    -275.14    -0.001
    -274.11     0.019
    -273.08     0.029
    -272.05     0.004
    -271.01    -0.016
    -269.98     0.101
    -268.95     0.057
    -267.92     0.023
    -266.89     0.003
    -265.86     0.020
    -264.83    -0.034
    -263.80     0.026
    -262.77    -0.023
    -261.74    -0.068
    -260.71     0.121
    -259.68    -0.013
    -258.65     0.048
    -257.62     0.007
    -256.59    -0.021
    -255.56     0.048
    -254.53     0.080
    -253.50     0.087
    -252.47     0.005
    -251.44    -0.030
    -250.41     0.005
    -249.37     0.012
    -248.34     0.075
    -247.31     0.029
    -246.28     0.039
    -245.25    -0.029
    -244.22     0.060
    -243.19    -0.052
    -242.16     0.068
    -241.13    -0.023
    -240.10     0.074
    -239.07    -0.031
    -238.04    -0.074
    -237.01     0.011
    -235.98    -0.055
    -234.95    -0.097
    -233.92    -0.046
    -232.89     0.057
    -231.86     0.052
    -230.83     0.058
    -229.80     0.056
    -228.77     0.019
    -227.73    -0.044
    -226.70    -0.025
    -225.67     0.057
    -224.64     0.048
    -223.61    -0.047
    -222.58    -0.040
    -221.55     0.008
    -220.52    -0.025
    -219.49    -0.104
    -218.46     0.117
    -217.43     0.019
    -216.40     0.047
    -215.37     0.032
    -214.34     0.063
    -213.31    -0.017
    -212.28     0.020
    -211.25     0.006
    -210.22     0.003
    -209.19    -0.078
    -208.16    -0.038
    -207.13    -0.035
    -206.09     0.080
    -205.06     0.067
    -204.03     0.098
    -203.00     0.059
    -201.97     0.040
    -200.94    -0.028
    -199.91    -0.059
    -198.88     0.010
    -197.85     0.053
    -196.82    -0.058
    -195.79    -0.031
    -194.76     0.102
    -193.73    -0.026
    -192.70    -0.019
    -191.67     0.077
    -190.64     0.032
    -189.61     0.025
    -188.58     0.048
    -187.55    -0.038
    -186.52    -0.082
    -185.49     0.120
    -184.45    -0.061
    -183.42     0.114
    -182.39    -0.048
    -181.36     0.059
    -180.33     0.011
    -179.30    -0.021
    -178.27     0.032
    -177.24     0.040
    -176.21    -0.101
    -175.18     0.001
    -174.15    -0.082
    -173.12    -0.032
    -172.09    -0.008
    -171.06     0.056
    -170.03    -0.039
    -169.00     0.006
    -167.97    -0.027
    -166.94    -0.064
    -165.91     0.052
    -164.88    -0.021
    -163.85     0.079
    -162.81    -0.009
    -161.78    -0.010
    -160.75     0.079
    -159.72    -0.016
    -158.69     0.012
    -157.66     0.010
    -156.63     0.104
    -155.60     0.002
    -154.57    -0.017
    -153.54     0.027
    -152.51     0.091
    -151.48     0.038
    -150.45     0.030
    -149.42     0.120
    -148.39     0.143
    -147.36     0.100
    -146.33     0.117
    -145.30     0.143
    -144.27     0.209
    -143.24     0.202
    -142.21     0.259
    -141.17     0.263
    -140.14     0.230
    -139.11     0.311
    -138.08     0.352
    -137.05     0.348
    -136.02     0.441
    -134.99     0.484
    -133.96     0.607
    -132.93     0.576
    -131.90     0.693
    -130.87     0.721
    -129.84     0.810
    -128.81     0.832
    -127.78     1.085
    -126.75     1.026
    -125.72     1.203
    -124.69     1.308
    -123.66     1.560
    -122.63     1.813
    -121.60     2.007
    -120.57     1.989
    -119.53     2.168
    -118.50     2.341
    -117.47     2.383
    -116.44     2.270
    -115.41     2.224
    -114.38     2.185
    -113.35     2.014
    -112.32     1.876
    -111.29     1.814
    -110.26     1.701
    -109.23     1.659
    -108.20     1.469
    -107.17     1.513
    -106.14     1.530
    -105.11     1.438
    -104.08     1.429
    -103.05     1.305
    -102.02     1.247
    -100.99     1.360
     -99.96     1.263
     -98.93     1.234
     -97.89     1.253
     -96.86     1.346
     -95.83     1.196
     -94.80     1.346
     -93.77     1.355
     -92.74     1.295
     -91.71     1.380
     -90.68     1.561
     -89.65     1.557
     -88.62     1.646
     -87.59     1.787
     -86.56     1.969
     -85.53     1.926
     -84.50     2.063
     -83.47     2.069
     -82.44     2.346
     -81.41     2.390
     -80.38     2.450
     -79.35     2.458
     -78.32     2.610
     -77.29     2.581
     -76.26     2.497
     -75.22     2.334
     -74.19     2.408
     -73.16     2.227
     -72.13     2.216
     -71.10     2.001
     -70.07     1.957
     -69.04     1.860
     -68.01     1.833
     -66.98     1.823
     -65.95     1.688
     -64.92     1.717
     -63.89     1.544
     -62.86     1.683
     -61.83     1.707
     -60.80     1.812
     -59.77     2.024
     -58.74     1.980
     -57.71     1.899
     -56.68     1.905
     -55.65     1.932
     -54.62     1.856
     -53.58     1.951
     -52.55     2.033
     -51.52     2.105
     -50.49     2.100
     -49.46     2.207
     -48.43     2.194
     -47.40     2.295
     -46.37     2.302
     -45.34     2.452
     -44.31     2.301
     -43.28     2.394
     -42.25     2.227
     -41.22     2.270
     -40.19     2.192
     -39.16     2.125
     -38.13     2.065
     -37.10     1.966
     -36.07     1.980
     -35.04     1.911
     -34.01     1.887
     -32.98     1.914
     -31.94     1.980
     -30.91     1.971
     -29.88     2.115
     -28.85     2.351
     -27.82     2.384
     -26.79     2.614
     -25.76     2.918
     -24.73     3.277
     -23.70     3.552
     -22.67     3.858
     -21.64     4.268
     -20.61     4.775
     -19.58     5.211
     -18.55     5.834
     -17.52     6.346
     -16.49     6.913
     -15.46     7.614
     -14.43     8.090
     -13.40     8.598
     -12.37     9.040
     -11.34     9.377
     -10.30     9.966
      -9.27    10.615
      -8.24    11.274
      -7.21    11.900
      -6.18    12.796
      -5.15    14.452
      -4.12    16.979
      -3.09    19.261
      -2.06    19.330
      -1.03    17.998
       0.00    17.407
       1.03    18.236
       2.06    21.010
       3.09    25.189
       4.12    29.787
       5.15    32.244
       6.18    31.901
       7.21    29.145
       8.24    25.229
       9.27    21.135
      10.30    17.766
      11.34    15.042
      12.37    12.826
      13.40    10.791
      14.43     9.067
      15.46     7.545
      16.49     6.302
      17.52     5.147
      18.55     4.117
      19.58     3.339
      20.61     2.632
      21.64     2.213
      22.67     1.761
      23.70     1.579
      24.73     1.301
      25.76     1.023
      26.79     0.901
      27.82     0.682
      28.85     0.565
      29.88     0.466
      30.91     0.403
      31.94     0.257
      32.98     0.322
      34.01     0.169
      35.04     0.276
      36.07     0.166
      37.10     0.159
      38.13     0.034
      39.16     0.095
      40.19     0.107
      41.22     0.139
      42.25    -0.001
      43.28     0.160
      44.31     0.044
      45.34     0.020
      46.37     0.077
      47.40     0.132
      48.43     0.001
      49.46    -0.029
      50.49     0.096
      51.52     0.029
      52.55    -0.015
      53.58     0.064
      54.62    -0.007
      55.65     0.127
      56.68     0.025
      57.71     0.063
      58.74    -0.011
      59.77     0.053
      60.80     0.133
      61.83     0.014
      62.86     0.097
      63.89     0.053
      64.92     0.133
      65.95     0.092
      66.98     0.043
      68.01     0.059
      69.04    -0.081
      70.07     0.113
      71.10    -0.032
      72.13     0.056
      73.16    -0.029
      74.19     0.047
      75.22    -0.141
      76.26    -0.002
      77.29    -0.037
      78.32     0.029
      79.35     0.002
      80.38     0.013
      81.41    -0.122
      82.44    -0.055
      83.47    -0.019
      84.50     0.127
      85.53    -0.120
      86.56    -0.017
      87.59     0.022
      88.62    -0.029
      89.65    -0.013
      90.68     0.032
      91.71    -0.014
      92.74     0.011
      93.77     0.045
      94.80     0.043
      95.83    -0.019
      96.86     0.109
      97.90     0.041
      98.93     0.045
      99.96    -0.010
     100.99    -0.056
     102.02    -0.061
     103.05     0.060
     104.08    -0.064
     105.11     0.070
     106.14    -0.043
     107.17     0.013
     108.20    -0.009
     109.23     0.107
     110.26     0.040
     111.29     0.016
     112.32    -0.004
     113.35     0.078
     114.38     0.230
     115.41     0.037
     116.44     0.068
     117.47    -0.076
     118.50    -0.003
     119.53     0.004
     120.57     0.005
     121.60     0.030
     122.63     0.060
     123.66    -0.019
     124.69    -0.080
     125.72     0.002
     126.75     0.020
     127.78    -0.027
     128.81     0.033
     129.84     0.022
     130.87    -0.037
     131.90     0.037
     132.93     0.069
     133.96     0.022
     134.99    -0.009
     136.02     0.052
     137.05     0.020
     138.08     0.045
     139.11     0.027
     140.14     0.058
     141.17    -0.048
     142.21     0.101
     143.24     0.010
     144.27    -0.007
     145.30    -0.018
     146.33     0.077
     147.36     0.036
     148.39    -0.052
     149.42     0.010
     150.45     0.051
     151.48    -0.007
     152.51    -0.025
     153.54    -0.032
     154.57    -0.013
     155.60    -0.133
     156.63     0.021
     157.66    -0.012
     158.69     0.007
     159.72    -0.063
     160.75     0.075
     161.78    -0.003
     162.81     0.100
     163.85     0.030
     164.88    -0.019
     165.91     0.059
     166.94    -0.022
     167.97     0.012
     169.00     0.105
     170.03    -0.030
     171.06     0.119
     172.09     0.035
     173.12     0.025
     174.15    -0.075
     175.18    -0.074
     176.21     0.055
     177.24     0.018
     178.27    -0.027
     179.30    -0.102
     180.33    -0.012
     181.36     0.051
     182.39     0.036
     183.42     0.015
     184.45     0.017
     185.49     0.006
     186.52    -0.053
     187.55    -0.014
     188.58    -0.009
     189.61    -0.022
     190.64    -0.012
     191.67     0.062
     192.70    -0.041
     193.73     0.087
     194.76     0.007
     195.79     0.022
     196.82    -0.100
     197.85    -0.024
     198.88    -0.030
     199.91     0.064
     200.94    -0.016
     201.97    -0.037
     203.00    -0.037
     204.03    -0.096
     205.06    -0.133
     206.09    -0.021
     207.13    -0.107
     208.16     0.027
     209.19    -0.119
     210.22    -0.025
     211.25    -0.076
     212.28     0.018
     213.31    -0.025
     214.34    -0.004
     215.37     0.063
     216.40     0.071
     217.43     0.107
     218.46     0.054
     219.49    -0.086
     220.52     0.011
     221.55    -0.007
     222.58     0.021
     223.61     0.022
     224.64     0.002
     225.67    -0.008
     226.70    -0.015
     227.73     0.003
     228.77     0.043
     229.80     0.054
     230.83     0.072
     231.86     0.022
     232.89    -0.020
     233.92     0.070
     234.95    -0.003
     235.98     0.001
     237.01     0.097
     238.04    -0.079
     239.07    -0.001
     240.10    -0.021
     241.13    -0.023
     242.16     0.025
     243.19     0.041
     244.22     0.035
     245.25    -0.032
     246.28    -0.071
     247.31     0.059
     248.34    -0.116
     249.37     0.020
     250.41    -0.004
     251.44     0.062
     252.47    -0.058
     253.50     0.019
     254.53    -0.102
     255.56    -0.000
     256.59    -0.018
     257.62    -0.026
     258.65    -0.005
     259.68     0.065
     260.71    -0.034
     261.74     0.004
     262.77     0.033
     263.80    -0.012
     264.83     0.013
     265.86     0.051
     266.89    -0.023
     267.92    -0.006
     268.95     0.056
     269.98    -0.019
     271.01     0.021
     272.05     0.103
     273.08     0.032
     274.11     0.061
     275.14    -0.017
     276.17    -0.072
     277.20    -0.076
     278.23     0.021
     279.26     0.078
     280.29     0.025
     281.32    -0.139
     282.35     0.018
     283.38    -0.032
     284.41     0.019
     285.44     0.060
     286.47    -0.015
     287.50    -0.044
     288.53     0.032
     289.56    -0.010
     290.59     0.049
     291.62    -0.024
     292.65    -0.019
     293.68    -0.110
     294.72    -0.023
     295.75    -0.033
     296.78    -0.074
     297.81     0.011
     298.84    -0.048
     299.87    -0.025
     300.90     0.013
     301.93    -0.005
     302.96     0.006
     303.99     0.029
     305.02    -0.003
     306.05    -0.023
     307.08     0.044
     308.11     0.044
     309.14     0.009
     310.17    -0.039
     311.20     0.066
     312.23     0.057
     313.26     0.084
     314.29    -0.062
     315.32     0.115
     316.36    -0.010
     317.39     0.093
     318.42     0.063
     319.45     0.026
     320.48    -0.071
     321.51     0.064
     322.54     0.010
     323.57     0.029
     324.60    -0.055
     325.63    -0.016
     326.66    -0.058
     327.69    -0.046
     328.72    -0.035
     329.75    -0.034
     330.78    -0.032
     331.81    -0.043
     332.84    -0.010
     333.87    -0.039
     334.90    -0.017
     335.93    -0.038
     336.96    -0.041
     338.00     0.023
     339.03     0.002
     340.06    -0.043
     341.09    -0.058
     342.12     0.040
     343.15     0.019
     344.18     0.056
     345.21    -0.017
     346.24    -0.017
     347.27     0.011
     348.30     0.005
     349.33     0.044
     350.36    -0.024
     351.39    -0.011
     352.42    -0.031
     353.45     0.022
     354.48    -0.015
     355.51     0.060
     356.54     0.028
     357.57     0.034
     358.60    -0.029
     359.64    -0.051
     360.67     0.019
     361.70    -0.054
     362.73    -0.002
     363.76    -0.101
     364.79     0.092
     365.82    -0.022
     366.85     0.056
     367.88    -0.025
     368.91    -0.048
     369.94    -0.030
     370.97     0.033
     372.00     0.013
     373.03     0.083
     374.06    -0.034
     375.09     0.045
     376.12     0.029
     377.15     0.004
     378.18    -0.034
     379.21     0.059
     380.24     0.012
     381.28     0.030
     382.31    -0.033
     383.34     0.023
     384.37     0.019
     385.40    -0.033
     386.43    -0.019
     387.46     0.038
     388.49    -0.016
     389.52     0.161
     390.55    -0.011
     391.58    -0.052
     392.61    -0.070
     393.64     0.037
     394.67    -0.004
     395.70     0.003
     396.73    -0.009
     397.76     0.037
     398.79    -0.023
     399.82     0.039