%%LAB     777  datapoints: v_lsr [km/s] and T_B [K]
    -399.84     0.037
    -398.81    -0.100
    -397.78     0.008
    -396.75    -0.009
    -395.71    -0.018
    -394.68    -0.045
    -393.65     0.002
    -392.62     0.023
    -391.59    -0.024
    -390.56    -0.041
    -389.53     0.029
    -388.50    -0.078
    -387.47     0.094
    -386.44    -0.042
    -385.41     0.043
    -384.38    -0.128
    -383.35     0.045
    -382.32     0.006
    -381.29     0.014
    -380.26     0.029
    -379.23     0.068
    -378.20    -0.061
    -377.17     0.025
    -376.14    -0.017
    -375.10     0.041
    -374.07    -0.036
    -373.04     0.084
    -372.01    -0.050
    -370.98    -0.036
    -369.95    -0.034
    -368.92     0.031
    -367.89     0.086
    -366.86     0.114
    -365.83    -0.077
    -364.80    -0.033
    -363.77     0.033
    -362.74     0.009
    -361.71    -0.047
    -360.68     0.069
    -359.65     0.041
    -358.62    -0.039
    -357.59     0.073
    -356.56     0.016
    -355.53    -0.018
    -354.49     0.070
    -353.46    -0.043
    -352.43     0.034
    -351.40    -0.029
    -350.37    -0.046
    -349.34     0.036
    -348.31     0.009
    -347.28    -0.071
    -346.25     0.029
    -345.22     0.045
    -344.19     0.062
    -343.16    -0.109
    -342.13     0.015
    -341.10    -0.100
    -340.07     0.044
    -339.04     0.071
    -338.01    -0.031
    -336.98    -0.034
    -335.95    -0.003
    -334.91     0.060
    -333.88     0.044
    -332.85    -0.117
    -331.82    -0.068
    -330.79    -0.104
    -329.76     0.035
    -328.73    -0.033
    -327.70     0.029
    -326.67    -0.023
    -325.64     0.101
    -324.61    -0.039
    -323.58     0.011
    -322.55    -0.028
    -321.52     0.046
    -320.49     0.072
    -319.46    -0.003
    -318.43     0.027
    -317.40    -0.004
    -316.37    -0.061
    -315.34    -0.046
    -314.30     0.075
    -313.27     0.165
    -312.24    -0.032
    -311.21    -0.018
    -310.18    -0.019
    -309.15     0.006
    -308.12     0.066
    -307.09     0.026
    -306.06    -0.037
    -305.03    -0.022
    -304.00     0.039
    -302.97     0.035
    -301.94     0.056
    -300.91     0.051
    -299.88     0.023
    -298.85     0.005
    -297.82    -0.012
    -296.79     0.052
    -295.76    -0.145
    -294.73    -0.014
    -293.69    -0.001
    -292.66     0.033
    -291.63    -0.032
    -290.60     0.101
    -289.57    -0.014
    -288.54     0.016
    -287.51     0.013
    -286.48     0.144
    -285.45    -0.091
    -284.42    -0.002
    -283.39     0.008
    -282.36     0.034
    -281.33    -0.158
    -280.30    -0.099
    -279.27     0.008
    -278.24     0.020
    -277.21    -0.092
    -276.18     0.012
    -275.15    -0.040
    -274.12    -0.039
    -273.08     0.006
    -272.05    -0.008
    -271.02     0.031
    -269.99     0.042
    -268.96     0.015
    -267.93     0.021
    -266.90    -0.012
    -265.87     0.048
    -264.84     0.012
    -263.81     0.104
    -262.78     0.022
    -261.75     0.041
    -260.72     0.000
    -259.69     0.001
    -258.66     0.060
    -257.63     0.016
    -256.60    -0.015
    -255.57     0.137
    -254.54    -0.012
    -253.50     0.061
    -252.47    -0.049
    -251.44     0.035
    -250.41     0.022
    -249.38    -0.069
    -248.35     0.010
    -247.32     0.134
    -246.29     0.015
    -245.26     0.094
    -244.23    -0.031
    -243.20    -0.076
    -242.17    -0.083
    -241.14    -0.054
    -240.11     0.037
    -239.08    -0.047
    -238.05     0.011
    -237.02    -0.065
    -235.99     0.045
    -234.96    -0.057
    -233.93     0.070
    -232.89     0.121
    -231.86    -0.021
    -230.83     0.028
    -229.80    -0.049
    -228.77    -0.016
    -227.74    -0.001
    -226.71    -0.016
    -225.68     0.079
    -224.65     0.018
    -223.62     0.105
    -222.59     0.054
    -221.56    -0.007
    -220.53     0.029
    -219.50     0.012
    -218.47     0.043
    -217.44     0.027
    -216.41     0.015
    -215.38    -0.030
    -214.35     0.018
    -213.32    -0.040
    -212.28     0.026
    -211.25    -0.011
    -210.22     0.106
    -209.19     0.032
    -208.16     0.054
    -207.13    -0.087
    -206.10     0.034
    -205.07     0.022
    -204.04    -0.002
    -203.01     0.025
    -201.98     0.017
    -200.95    -0.027
    -199.92    -0.011
    -198.89    -0.045
    -197.86     0.106
    -196.83     0.113
    -195.80     0.003
    -194.77    -0.002
    -193.74    -0.011
    -192.70    -0.016
    -191.67     0.099
    -190.64     0.053
    -189.61    -0.010
    -188.58    -0.011
    -187.55     0.081
    -186.52    -0.043
    -185.49     0.077
    -184.46    -0.103
    -183.43     0.001
    -182.40    -0.033
    -181.37    -0.009
    -180.34    -0.015
    -179.31     0.049
    -178.28    -0.104
    -177.25    -0.014
    -176.22    -0.056
    -175.19     0.105
    -174.16     0.102
    -173.13    -0.018
    -172.09    -0.027
    -171.06     0.030
    -170.03    -0.002
    -169.00     0.129
    -167.97     0.087
    -166.94     0.047
    -165.91     0.017
    -164.88     0.005
    -163.85     0.013
    -162.82    -0.044
    -161.79    -0.133
    -160.76     0.021
    -159.73    -0.010
    -158.70     0.121
    -157.67    -0.054
    -156.64    -0.023
    -155.61     0.076
    -154.58     0.076
    -153.55     0.021
    -152.52    -0.007
    -151.48     0.061
    -150.45    -0.034
    -149.42     0.075
    -148.39     0.125
    -147.36     0.037
    -146.33     0.129
    -145.30     0.275
    -144.27     0.137
    -143.24     0.194
    -142.21     0.254
    -141.18     0.198
    -140.15     0.424
    -139.12     0.350
    -138.09     0.439
    -137.06     0.437
    -136.03     0.639
    -135.00     0.736
    -133.97     0.884
    -132.94     0.882
    -131.90     1.103
    -130.87     1.226
    -129.84     1.448
    -128.81     1.663
    -127.78     2.104
    -126.75     2.562
    -125.72     3.234
    -124.69     4.040
    -123.66     4.728
    -122.63     5.349
    -121.60     5.719
    -120.57     6.267
    -119.54     6.721
    -118.51     7.054
    -117.48     7.688
    -116.45     8.214
    -115.42     9.245
    -114.39    10.482
    -113.36    11.686
    -112.33    12.329
    -111.29    12.353
    -110.26    11.484
    -109.23    10.414
    -108.20     9.672
    -107.17     9.032
    -106.14     8.209
    -105.11     7.008
    -104.08     6.064
    -103.05     5.970
    -102.02     5.890
    -100.99     5.816
     -99.96     5.972
     -98.93     6.442
     -97.90     7.105
     -96.87     8.244
     -95.84     9.470
     -94.81    11.090
     -93.78    12.265
     -92.75    13.783
     -91.72    14.994
     -90.68    16.291
     -89.65    17.470
     -88.62    19.154
     -87.59    20.949
     -86.56    22.961
     -85.53    24.165
     -84.50    24.580
     -83.47    24.167
     -82.44    23.441
     -81.41    23.051
     -80.38    22.593
     -79.35    22.515
     -78.32    22.285
     -77.29    21.699
     -76.26    20.651
     -75.23    18.998
     -74.20    17.089
     -73.17    14.902
     -72.14    12.892
     -71.11    11.030
     -70.07     9.646
     -69.04     8.314
     -68.01     7.526
     -66.98     6.585
     -65.95     6.098
     -64.92     5.781
     -63.89     5.491
     -62.86     5.400
     -61.83     5.334
     -60.80     5.573
     -59.77     5.939
     -58.74     6.328
     -57.71     7.041
     -56.68     7.895
     -55.65     8.788
     -54.62     9.570
     -53.59    10.714
     -52.56    11.382
     -51.53    12.111
     -50.49    12.280
     -49.46    12.568
     -48.43    12.326
     -47.40    12.009
     -46.37    11.605
     -45.34    11.051
     -44.31    10.611
     -43.28    10.263
     -42.25     9.693
     -41.22     9.201
     -40.19     8.708
     -39.16     8.000
     -38.13     7.468
     -37.10     6.933
     -36.07     6.580
     -35.04     6.298
     -34.01     6.142
     -32.98     6.236
     -31.95     6.572
     -30.92     7.301
     -29.88     8.329
     -28.85    10.112
     -27.82    12.353
     -26.79    15.444
     -25.76    18.505
     -24.73    21.260
     -23.70    23.510
     -22.67    24.910
     -21.64    25.940
     -20.61    26.418
     -19.58    27.344
     -18.55    28.872
     -17.52    31.464
     -16.49    35.049
     -15.46    39.635
     -14.43    44.734
     -13.40    50.040
     -12.37    54.556
     -11.34    58.726
     -10.31    64.066
      -9.27    70.623
      -8.24    78.457
      -7.21    86.194
      -6.18    93.104
      -5.15    98.247
      -4.12   100.008
      -3.09    98.488
      -2.06    95.980
      -1.03    93.685
       0.00    91.719
       1.03    89.165
       2.06    85.130
       3.09    78.803
       4.12    71.452
       5.15    64.491
       6.18    60.056
       7.21    57.808
       8.24    56.632
       9.27    55.034
      10.31    51.509
      11.34    43.641
      12.37    33.678
      13.40    24.423
      14.43    17.299
      15.46    13.063
      16.49    10.582
      17.52     9.380
      18.55     8.513
      19.58     7.491
      20.61     6.439
      21.64     5.034
      22.67     3.854
      23.70     2.777
      24.73     2.019
      25.76     1.439
      26.79     1.034
      27.82     0.919
      28.85     0.746
      29.88     0.474
      30.92     0.439
      31.95     0.407
      32.98     0.244
      34.01     0.189
      35.04     0.303
      36.07     0.163
      37.10     0.065
      38.13     0.019
      39.16     0.122
      40.19     0.034
      41.22     0.034
      42.25     0.022
      43.28     0.200
      44.31     0.019
      45.34    -0.006
      46.37     0.120
      47.40    -0.012
      48.43     0.023
      49.46     0.127
      50.49     0.038
      51.53     0.041
      52.56    -0.047
      53.59     0.064
      54.62     0.056
      55.65     0.111
      56.68     0.033
      57.71     0.125
      58.74     0.064
      59.77     0.022
      60.80     0.053
      61.83     0.122
      62.86     0.030
      63.89     0.040
      64.92    -0.015
      65.95     0.037
      66.98    -0.001
      68.01     0.097
      69.04     0.016
      70.07     0.138
      71.11     0.039
      72.14     0.063
      73.17    -0.010
      74.20    -0.013
      75.23    -0.125
      76.26    -0.020
      77.29     0.011
      78.32     0.020
      79.35     0.020
      80.38     0.011
      81.41    -0.042
      82.44    -0.024
      83.47    -0.002
      84.50     0.011
      85.53    -0.060
      86.56    -0.032
      87.59     0.100
      88.62     0.004
      89.65    -0.056
      90.68    -0.031
      91.72    -0.085
      92.75     0.070
      93.78    -0.006
      94.81     0.026
      95.84     0.042
      96.87     0.054
      97.90     0.014
      98.93     0.051
      99.96    -0.077
     100.99     0.085
     102.02    -0.086
     103.05     0.171
     104.08     0.110
     105.11     0.021
     106.14    -0.054
     107.17    -0.077
     108.20    -0.054
     109.23    -0.012
     110.26     0.057
     111.29    -0.038
     112.33     0.001
     113.36    -0.086
     114.39     0.031
     115.42     0.046
     116.45    -0.043
     117.48    -0.013
     118.51    -0.005
     119.54    -0.084
     120.57     0.037
     121.60     0.110
     122.63    -0.029
     123.66     0.095
     124.69    -0.109
     125.72     0.031
     126.75     0.017
     127.78     0.083
     128.81     0.068
     129.84     0.046
     130.87    -0.009
     131.90    -0.082
     132.94    -0.006
     133.97     0.101
     135.00     0.011
     136.03     0.002
     137.06     0.065
     138.09    -0.006
     139.12    -0.023
     140.15     0.016
     141.18    -0.012
     142.21    -0.053
     143.24    -0.025
     144.27    -0.030
     145.30    -0.012
     146.33    -0.031
     147.36    -0.058
     148.39    -0.017
     149.42     0.056
     150.45     0.036
     151.48    -0.093
     152.52     0.025
     153.55    -0.006
     154.58     0.098
     155.61     0.005
     156.64     0.073
     157.67     0.051
     158.70     0.078
     159.73    -0.045
     160.76     0.070
     161.79    -0.012
     162.82     0.075
     163.85     0.040
     164.88    -0.018
     165.91    -0.090
     166.94    -0.055
     167.97    -0.045
     169.00     0.103
     170.03     0.024
     171.06     0.050
     172.09    -0.053
     173.13     0.016
     174.16    -0.092
     175.19     0.040
     176.22    -0.004
     177.25    -0.014
     178.28     0.055
     179.31     0.049
     180.34     0.050
     181.37     0.073
     182.40    -0.016
     183.43     0.111
     184.46    -0.014
     185.49    -0.068
     186.52     0.093
     187.55     0.072
     188.58    -0.072
     189.61     0.024
     190.64    -0.078
     191.67     0.006
     192.70    -0.025
     193.74    -0.007
     194.77    -0.007
     195.80     0.098
     196.83    -0.016
     197.86     0.040
     198.89     0.020
     199.92    -0.003
     200.95    -0.027
     201.98     0.036
     203.01    -0.032
     204.04     0.102
     205.07     0.048
     206.10     0.076
     207.13    -0.025
     208.16     0.011
     209.19    -0.118
     210.22     0.006
     211.25    -0.025
     212.28     0.095
     213.32    -0.061
     214.35     0.095
     215.38    -0.050
     216.41     0.077
     217.44    -0.087
     218.47    -0.129
     219.50    -0.062
     220.53     0.039
     221.56    -0.027
     222.59     0.052
     223.62    -0.068
     224.65    -0.032
     225.68     0.040
     226.71     0.059
     227.74    -0.070
     228.77     0.017
     229.80     0.090
     230.83    -0.091
     231.86    -0.080
     232.89    -0.002
     233.93     0.067
     234.96     0.040
     235.99     0.028
     237.02    -0.027
     238.05     0.066
     239.08    -0.014
     240.11    -0.009
     241.14    -0.087
     242.17    -0.085
     243.20     0.017
     244.23     0.073
     245.26     0.088
     246.29    -0.002
     247.32    -0.036
     248.35    -0.021
     249.38    -0.026
     250.41     0.035
     251.44    -0.008
     252.47     0.010
     253.50     0.012
     254.54    -0.020
     255.57     0.029
     256.60    -0.083
     257.63     0.067
     258.66    -0.040
     259.69    -0.032
     260.72    -0.072
     261.75     0.131
     262.78     0.008
     263.81     0.004
     264.84    -0.050
     265.87     0.057
     266.90    -0.051
     267.93     0.024
     268.96    -0.062
     269.99     0.015
     271.02    -0.037
     272.05     0.017
     273.08    -0.043
     274.12     0.120
     275.15    -0.010
     276.18     0.034
     277.21    -0.116
     278.24     0.032
     279.27    -0.016
     280.30    -0.043
     281.33    -0.030
     282.36    -0.026
     283.39     0.011
     284.42     0.017
     285.45     0.026
     286.48    -0.031
     287.51    -0.061
     288.54     0.026
     289.57    -0.080
     290.60     0.046
     291.63     0.040
     292.66     0.063
     293.69    -0.084
     294.73     0.075
     295.76    -0.081
     296.79     0.096
     297.82     0.006
     298.85     0.160
     299.88    -0.031
     300.91     0.075
     301.94     0.010
     302.97    -0.036
     304.00     0.002
     305.03     0.111
     306.06     0.033
     307.09    -0.062
     308.12    -0.105
     309.15     0.006
     310.18    -0.079
     311.21    -0.053
     312.24     0.028
     313.27     0.044
     314.30    -0.065
     315.34     0.008
     316.37     0.034
     317.40    -0.020
     318.43    -0.112
     319.46    -0.020
     320.49     0.032
     321.52     0.013
     322.55    -0.041
     323.58    -0.048
     324.61    -0.052
     325.64    -0.062
     326.67    -0.011
     327.70     0.016
     328.73     0.033
     329.76     0.106
     330.79    -0.012
     331.82    -0.005
     332.85    -0.038
     333.88     0.035
     334.91    -0.029
     335.95     0.011
     336.98    -0.056
     338.01    -0.056
     339.04    -0.030
     340.07    -0.062
     341.10     0.027
     342.13     0.031
     343.16    -0.040
     344.19     0.087
     345.22    -0.005
     346.25     0.092
     347.28    -0.017
     348.31     0.069
     349.34    -0.074
     350.37     0.001
     351.40    -0.025
     352.43     0.063
     353.46     0.068
     354.49     0.006
     355.53    -0.030
     356.56    -0.072
     357.59    -0.124
     358.62     0.028
     359.65     0.059
     360.68     0.018
     361.71    -0.020
     362.74     0.043
     363.77     0.004
     364.80     0.039
     365.83     0.010
     366.86     0.036
     367.89     0.012
     368.92     0.019
     369.95    -0.040
     370.98     0.064
     372.01    -0.112
     373.04    -0.013
     374.07    -0.033
     375.10     0.106
     376.14    -0.033
     377.17     0.023
     378.20    -0.019
     379.23     0.034
     380.26     0.057
     381.29    -0.043
     382.32     0.021
     383.35     0.047
     384.38    -0.001
     385.41     0.101
     386.44    -0.032
     387.47     0.080
     388.50    -0.019
     389.53     0.073
     390.56    -0.054
     391.59     0.043
     392.62    -0.073
     393.65     0.023
     394.68    -0.036
     395.71     0.059
     396.75    -0.081
     397.78     0.058
     398.81    -0.001
     399.84     0.085