%%LAB     777  datapoints: v_lsr [km/s] and T_B [K]
    -399.86     0.140
    -398.83    -0.063
    -397.80    -0.063
    -396.77    -0.022
    -395.74     0.013
    -394.70    -0.005
    -393.67     0.045
    -392.64     0.021
    -391.61     0.037
    -390.58    -0.016
    -389.55     0.051
    -388.52    -0.009
    -387.49     0.043
    -386.46    -0.031
    -385.43     0.091
    -384.40    -0.016
    -383.37    -0.009
    -382.34     0.018
    -381.31     0.036
    -380.28     0.021
    -379.25     0.008
    -378.22    -0.065
    -377.19    -0.046
    -376.15     0.015
    -375.12     0.013
    -374.09     0.047
    -373.06     0.016
    -372.03    -0.058
    -371.00    -0.008
    -369.97    -0.065
    -368.94     0.021
    -367.91    -0.086
    -366.88     0.022
    -365.85    -0.067
    -364.82    -0.015
    -363.79     0.004
    -362.76     0.004
    -361.73     0.001
    -360.70    -0.010
    -359.67     0.002
    -358.64     0.011
    -357.60     0.002
    -356.57     0.030
    -355.54    -0.098
    -354.51     0.032
    -353.48     0.031
    -352.45    -0.024
    -351.42    -0.046
    -350.39     0.008
    -349.36    -0.088
    -348.33    -0.006
    -347.30    -0.039
    -346.27     0.016
    -345.24    -0.070
    -344.21     0.060
    -343.18     0.024
    -342.15    -0.025
    -341.12    -0.076
    -340.09     0.068
    -339.05     0.045
    -338.02    -0.019
    -336.99     0.003
    -335.96    -0.010
    -334.93    -0.013
    -333.90    -0.077
    -332.87     0.072
    -331.84     0.061
    -330.81    -0.096
    -329.78     0.110
    -328.75     0.037
    -327.72     0.070
    -326.69     0.061
    -325.66     0.035
    -324.63     0.009
    -323.60     0.010
    -322.57     0.027
    -321.54    -0.005
    -320.50     0.054
    -319.47    -0.001
    -318.44     0.067
    -317.41     0.087
    -316.38    -0.012
    -315.35     0.072
    -314.32     0.055
    -313.29     0.058
    -312.26    -0.038
    -311.23     0.014
    -310.20     0.063
    -309.17     0.002
    -308.14     0.003
    -307.11     0.030
    -306.08     0.037
    -305.05     0.061
    -304.02     0.004
    -302.98    -0.031
    -301.95    -0.027
    -300.92    -0.002
    -299.89     0.071
    -298.86    -0.039
    -297.83    -0.013
    -296.80     0.107
    -295.77     0.002
    -294.74     0.009
    -293.71    -0.070
    -292.68    -0.058
    -291.65     0.014
    -290.62    -0.073
    -289.59    -0.047
    -288.56     0.011
    -287.53    -0.079
    -286.50    -0.123
    -285.47    -0.011
    -284.43     0.082
    -283.40    -0.033
    -282.37    -0.011
    -281.34     0.067
    -280.31     0.128
    -279.28    -0.048
    -278.25     0.054
    -277.22     0.054
    -276.19    -0.063
    -275.16     0.072
    -274.13     0.107
    -273.10     0.047
    -272.07    -0.029
    -271.04    -0.071
    -270.01    -0.024
    -268.98     0.031
    -267.95    -0.015
    -266.92     0.069
    -265.88    -0.030
    -264.85    -0.034
    -263.82     0.054
    -262.79    -0.054
    -261.76    -0.089
    -260.73    -0.102
    -259.70    -0.063
    -258.67     0.024
    -257.64    -0.019
    -256.61     0.062
    -255.58     0.006
    -254.55    -0.026
    -253.52     0.038
    -252.49    -0.037
    -251.46     0.081
    -250.43    -0.003
    -249.40     0.055
    -248.37     0.021
    -247.33     0.019
    -246.30    -0.038
    -245.27     0.044
    -244.24     0.055
    -243.21     0.085
    -242.18    -0.058
    -241.15     0.046
    -240.12     0.008
    -239.09     0.002
    -238.06     0.013
    -237.03     0.032
    -236.00     0.040
    -234.97     0.060
    -233.94    -0.019
    -232.91    -0.010
    -231.88    -0.037
    -230.85     0.143
    -229.82     0.065
    -228.78     0.006
    -227.75    -0.112
    -226.72     0.039
    -225.69    -0.049
    -224.66    -0.032
    -223.63    -0.013
    -222.60    -0.006
    -221.57    -0.028
    -220.54     0.033
    -219.51     0.015
    -218.48     0.079
    -217.45    -0.030
    -216.42     0.044
    -215.39    -0.052
    -214.36    -0.073
    -213.33    -0.035
    -212.30    -0.055
    -211.26    -0.028
    -210.23     0.014
    -209.20    -0.105
    -208.17    -0.037
    -207.14     0.078
    -206.11    -0.005
    -205.08    -0.035
    -204.05     0.032
    -203.02     0.006
    -201.99     0.021
    -200.96    -0.118
    -199.93     0.102
    -198.90    -0.007
    -197.87     0.013
    -196.84     0.050
    -195.81     0.001
    -194.78    -0.024
    -193.75     0.055
    -192.71     0.034
    -191.68    -0.012
    -190.65    -0.056
    -189.62    -0.059
    -188.59    -0.038
    -187.56    -0.029
    -186.53    -0.036
    -185.50    -0.003
    -184.47     0.018
    -183.44     0.015
    -182.41    -0.021
    -181.38    -0.052
    -180.35     0.060
    -179.32     0.061
    -178.29    -0.106
    -177.26     0.006
    -176.23     0.090
    -175.20     0.018
    -174.16    -0.047
    -173.13    -0.009
    -172.10    -0.056
    -171.07     0.067
    -170.04     0.029
    -169.01    -0.018
    -167.98     0.000
    -166.95     0.028
    -165.92     0.100
    -164.89     0.031
    -163.86     0.117
    -162.83     0.058
    -161.80    -0.033
    -160.77     0.017
    -159.74    -0.078
    -158.71    -0.045
    -157.68    -0.037
    -156.65     0.112
    -155.61    -0.034
    -154.58     0.022
    -153.55     0.120
    -152.52     0.138
    -151.49     0.111
    -150.46     0.076
    -149.43     0.012
    -148.40     0.167
    -147.37     0.129
    -146.34     0.237
    -145.31     0.152
    -144.28     0.162
    -143.25     0.117
    -142.22     0.056
    -141.19     0.091
    -140.16     0.257
    -139.13     0.248
    -138.10     0.183
    -137.06     0.150
    -136.03     0.259
    -135.00     0.225
    -133.97     0.255
    -132.94     0.226
    -131.91     0.218
    -130.88     0.263
    -129.85     0.170
    -128.82     0.149
    -127.79     0.175
    -126.76     0.194
    -125.73     0.243
    -124.70     0.199
    -123.67     0.267
    -122.64     0.311
    -121.61     0.334
    -120.58     0.172
    -119.55     0.242
    -118.51     0.129
    -117.48     0.185
    -116.45     0.189
    -115.42     0.219
    -114.39     0.198
    -113.36     0.199
    -112.33     0.147
    -111.30     0.214
    -110.27     0.241
    -109.24     0.291
    -108.21     0.292
    -107.18     0.316
    -106.15     0.126
    -105.12     0.275
    -104.09     0.133
    -103.06     0.291
    -102.03     0.225
    -100.99     0.302
     -99.96     0.268
     -98.93     0.399
     -97.90     0.243
     -96.87     0.302
     -95.84     0.327
     -94.81     0.350
     -93.78     0.328
     -92.75     0.339
     -91.72     0.318
     -90.69     0.404
     -89.66     0.356
     -88.63     0.501
     -87.60     0.439
     -86.57     0.449
     -85.54     0.509
     -84.51     0.497
     -83.48     0.534
     -82.44     0.535
     -81.41     0.668
     -80.38     0.599
     -79.35     0.701
     -78.32     0.771
     -77.29     0.773
     -76.26     0.831
     -75.23     0.975
     -74.20     1.035
     -73.17     1.160
     -72.14     1.294
     -71.11     1.579
     -70.08     1.638
     -69.05     1.862
     -68.02     1.940
     -66.99     2.172
     -65.96     2.563
     -64.93     2.811
     -63.89     3.172
     -62.86     3.370
     -61.83     3.661
     -60.80     4.017
     -59.77     4.341
     -58.74     4.367
     -57.71     4.590
     -56.68     4.463
     -55.65     4.621
     -54.62     4.544
     -53.59     4.757
     -52.56     4.815
     -51.53     4.994
     -50.50     5.223
     -49.47     5.490
     -48.44     5.662
     -47.41     5.832
     -46.38     6.024
     -45.34     6.013
     -44.31     5.773
     -43.28     5.624
     -42.25     5.366
     -41.22     5.287
     -40.19     5.047
     -39.16     4.964
     -38.13     4.780
     -37.10     4.805
     -36.07     4.734
     -35.04     4.778
     -34.01     4.901
     -32.98     4.858
     -31.95     4.970
     -30.92     4.947
     -29.89     4.924
     -28.86     5.102
     -27.83     4.948
     -26.79     4.979
     -25.76     5.060
     -24.73     5.003
     -23.70     4.997
     -22.67     5.096
     -21.64     5.069
     -20.61     5.208
     -19.58     5.447
     -18.55     5.702
     -17.52     6.010
     -16.49     6.606
     -15.46     7.284
     -14.43     8.204
     -13.40     9.165
     -12.37    10.375
     -11.34    11.693
     -10.31    13.562
      -9.28    15.747
      -8.24    18.506
      -7.21    21.627
      -6.18    24.976
      -5.15    27.819
      -4.12    29.664
      -3.09    31.781
      -2.06    34.065
      -1.03    37.273
       0.00    40.043
       1.03    40.606
       2.06    37.838
       3.09    33.795
       4.12    29.738
       5.15    24.249
       6.18    19.182
       7.21    14.772
       8.24    11.494
       9.28     9.350
      10.31     7.569
      11.34     6.252
      12.37     5.277
      13.40     4.350
      14.43     3.480
      15.46     2.931
      16.49     2.287
      17.52     1.887
      18.55     1.704
      19.58     1.341
      20.61     1.092
      21.64     0.963
      22.67     0.841
      23.70     0.721
      24.73     0.593
      25.76     0.529
      26.79     0.441
      27.83     0.377
      28.86     0.437
      29.89     0.306
      30.92     0.290
      31.95     0.314
      32.98     0.269
      34.01     0.151
      35.04     0.226
      36.07     0.226
      37.10     0.268
      38.13     0.087
      39.16     0.334
      40.19     0.117
      41.22     0.169
      42.25     0.185
      43.28     0.259
      44.31     0.136
      45.34     0.153
      46.38     0.142
      47.41     0.143
      48.44     0.027
      49.47     0.133
      50.50     0.122
      51.53     0.105
      52.56     0.050
      53.59     0.066
      54.62     0.027
      55.65     0.043
      56.68     0.048
      57.71    -0.022
      58.74     0.005
      59.77     0.022
      60.80     0.026
      61.83    -0.030
      62.86     0.011
      63.89     0.130
      64.93     0.008
      65.96     0.008
      66.99     0.050
      68.02     0.021
      69.05     0.076
      70.08     0.017
      71.11    -0.095
      72.14     0.111
      73.17     0.059
      74.20    -0.012
      75.23     0.039
      76.26    -0.003
      77.29    -0.013
      78.32     0.101
      79.35     0.049
      80.38    -0.037
      81.41     0.133
      82.44     0.016
      83.48     0.130
      84.51    -0.008
      85.54     0.071
      86.57     0.142
      87.60     0.055
      88.63     0.091
      89.66    -0.031
      90.69     0.106
      91.72     0.028
      92.75     0.076
      93.78    -0.033
      94.81     0.082
      95.84     0.037
      96.87     0.007
      97.90    -0.096
      98.93    -0.033
      99.96     0.000
     100.99     0.061
     102.03    -0.017
     103.06     0.012
     104.09     0.027
     105.12     0.043
     106.15     0.030
     107.18     0.057
     108.21     0.010
     109.24    -0.031
     110.27    -0.078
     111.30     0.032
     112.33    -0.116
     113.36     0.010
     114.39    -0.085
     115.42    -0.011
     116.45     0.037
     117.48    -0.056
     118.51    -0.023
     119.55     0.039
     120.58    -0.066
     121.61     0.064
     122.64     0.026
     123.67     0.044
     124.70    -0.076
     125.73     0.082
     126.76    -0.001
     127.79    -0.011
     128.82    -0.033
     129.85     0.040
     130.88    -0.034
     131.91    -0.011
     132.94     0.050
     133.97     0.041
     135.00     0.001
     136.03     0.040
     137.06     0.002
     138.10    -0.077
     139.13     0.004
     140.16     0.096
     141.19     0.051
     142.22     0.006
     143.25     0.063
     144.28     0.052
     145.31     0.029
     146.34     0.038
     147.37    -0.035
     148.40     0.044
     149.43    -0.005
     150.46     0.041
     151.49    -0.005
     152.52    -0.010
     153.55     0.020
     154.58     0.017
     155.61    -0.083
     156.65     0.090
     157.68     0.032
     158.71     0.014
     159.74     0.004
     160.77    -0.030
     161.80    -0.058
     162.83    -0.006
     163.86     0.012
     164.89     0.067
     165.92     0.019
     166.95     0.065
     167.98    -0.039
     169.01     0.005
     170.04     0.064
     171.07     0.081
     172.10    -0.040
     173.13     0.076
     174.16     0.028
     175.20    -0.023
     176.23    -0.010
     177.26     0.039
     178.29    -0.018
     179.32     0.050
     180.35    -0.010
     181.38    -0.038
     182.41    -0.091
     183.44    -0.035
     184.47    -0.025
     185.50     0.096
     186.53     0.069
     187.56     0.022
     188.59    -0.014
     189.62    -0.044
     190.65    -0.074
     191.68     0.033
     192.71    -0.014
     193.75     0.024
     194.78     0.010
     195.81     0.032
     196.84    -0.013
     197.87    -0.016
     198.90     0.042
     199.93    -0.020
     200.96    -0.097
     201.99     0.045
     203.02    -0.032
     204.05     0.026
     205.08    -0.048
     206.11    -0.067
     207.14    -0.105
     208.17     0.081
     209.20    -0.060
     210.23     0.015
     211.27     0.022
     212.30     0.022
     213.33    -0.012
     214.36    -0.056
     215.39    -0.085
     216.42     0.018
     217.45    -0.067
     218.48    -0.022
     219.51    -0.043
     220.54    -0.004
     221.57    -0.067
     222.60     0.070
     223.63    -0.057
     224.66     0.002
     225.69    -0.013
     226.72     0.031
     227.75    -0.061
     228.78     0.008
     229.82    -0.027
     230.85    -0.047
     231.88    -0.068
     232.91     0.046
     233.94     0.038
     234.97    -0.010
     236.00     0.011
     237.03     0.120
     238.06    -0.067
     239.09     0.032
     240.12     0.085
     241.15     0.079
     242.18    -0.061
     243.21     0.144
     244.24     0.007
     245.27     0.012
     246.30    -0.093
     247.33     0.051
     248.37     0.009
     249.40     0.008
     250.43    -0.068
     251.46    -0.001
     252.49     0.112
     253.52    -0.021
     254.55    -0.004
     255.58     0.008
     256.61     0.052
     257.64     0.007
     258.67     0.087
     259.70    -0.026
     260.73     0.023
     261.76     0.110
     262.79    -0.058
     263.82    -0.031
     264.85     0.037
     265.88    -0.016
     266.92     0.139
     267.95     0.002
     268.98    -0.131
     270.01    -0.011
     271.04     0.005
     272.07     0.049
     273.10    -0.042
     274.13     0.005
     275.16     0.069
     276.19     0.037
     277.22     0.035
     278.25     0.093
     279.28    -0.045
     280.31     0.065
     281.34    -0.047
     282.37    -0.084
     283.40    -0.078
     284.43     0.001
     285.47    -0.010
     286.50     0.056
     287.53     0.003
     288.56    -0.025
     289.59    -0.080
     290.62     0.097
     291.65    -0.085
     292.68     0.030
     293.71    -0.051
     294.74    -0.004
     295.77    -0.123
     296.80     0.033
     297.83    -0.005
     298.86    -0.022
     299.89    -0.034
     300.92     0.071
     301.95    -0.106
     302.98    -0.080
     304.02    -0.046
     305.05     0.040
     306.08    -0.084
     307.11     0.112
     308.14     0.041
     309.17     0.040
     310.20     0.010
     311.23    -0.007
     312.26     0.008
     313.29    -0.022
     314.32    -0.055
     315.35    -0.019
     316.38     0.068
     317.41    -0.006
     318.44    -0.051
     319.47     0.105
     320.50    -0.092
     321.54     0.003
     322.57    -0.006
     323.60     0.000
     324.63    -0.067
     325.66    -0.033
     326.69    -0.016
     327.72     0.010
     328.75     0.044
     329.78     0.003
     330.81     0.017
     331.84     0.122
     332.87    -0.030
     333.90     0.043
     334.93    -0.097
     335.96     0.084
     336.99    -0.063
     338.02     0.039
     339.05    -0.035
     340.09    -0.057
     341.12    -0.003
     342.15     0.029
     343.18    -0.007
     344.21    -0.021
     345.24     0.044
     346.27    -0.010
     347.30    -0.050
     348.33     0.033
     349.36    -0.047
     350.39     0.007
     351.42    -0.024
     352.45    -0.050
     353.48    -0.051
     354.51     0.045
     355.54    -0.018
     356.57    -0.014
     357.60    -0.067
     358.64     0.064
     359.67    -0.019
     360.70     0.065
     361.73    -0.011
     362.76    -0.009
     363.79     0.037
     364.82    -0.034
     365.85     0.037
     366.88     0.034
     367.91    -0.081
     368.94     0.022
     369.97     0.023
     371.00     0.084
     372.03    -0.027
     373.06    -0.007
     374.09     0.026
     375.12     0.032
     376.15     0.060
     377.19    -0.041
     378.22    -0.061
     379.25     0.085
     380.28    -0.087
     381.31    -0.013
     382.34    -0.009
     383.37     0.022
     384.40    -0.094
     385.43     0.008
     386.46     0.000
     387.49     0.062
     388.52     0.043
     389.55    -0.065
     390.58     0.062
     391.61     0.109
     392.64    -0.051
     393.67     0.042
     394.70    -0.154
     395.74     0.022
     396.77    -0.008
     397.80     0.063
     398.83    -0.022
     399.86     0.041