%%LAB     777  datapoints: v_lsr [km/s] and T_B [K]
    -399.85     0.142
    -398.82    -0.006
    -397.79    -0.013
    -396.75     0.015
    -395.72    -0.013
    -394.69    -0.029
    -393.66    -0.053
    -392.63    -0.011
    -391.60    -0.028
    -390.57    -0.070
    -389.54    -0.002
    -388.51    -0.047
    -387.48    -0.065
    -386.45     0.056
    -385.42    -0.093
    -384.39    -0.035
    -383.36     0.145
    -382.33    -0.023
    -381.30    -0.110
    -380.27     0.009
    -379.24     0.008
    -378.20     0.065
    -377.17     0.096
    -376.14    -0.040
    -375.11     0.051
    -374.08     0.015
    -373.05    -0.022
    -372.02     0.063
    -370.99     0.067
    -369.96    -0.096
    -368.93     0.002
    -367.90    -0.014
    -366.87     0.051
    -365.84    -0.063
    -364.81    -0.011
    -363.78     0.072
    -362.75    -0.092
    -361.72    -0.030
    -360.69     0.008
    -359.66     0.032
    -358.62    -0.016
    -357.59     0.012
    -356.56     0.007
    -355.53     0.046
    -354.50     0.036
    -353.47     0.029
    -352.44     0.104
    -351.41     0.011
    -350.38     0.032
    -349.35    -0.065
    -348.32     0.033
    -347.29     0.017
    -346.26    -0.060
    -345.23    -0.047
    -344.20     0.016
    -343.17    -0.013
    -342.14    -0.026
    -341.11     0.064
    -340.08     0.009
    -339.04    -0.001
    -338.01     0.021
    -336.98     0.005
    -335.95    -0.054
    -334.92    -0.023
    -333.89     0.019
    -332.86     0.018
    -331.83    -0.039
    -330.80     0.008
    -329.77     0.014
    -328.74     0.087
    -327.71    -0.012
    -326.68     0.014
    -325.65    -0.012
    -324.62     0.001
    -323.59     0.047
    -322.56    -0.028
    -321.53     0.029
    -320.50    -0.024
    -319.46     0.050
    -318.43    -0.088
    -317.40    -0.025
    -316.37     0.021
    -315.34     0.092
    -314.31     0.037
    -313.28     0.024
    -312.25    -0.003
    -311.22     0.055
    -310.19     0.043
    -309.16     0.084
    -308.13     0.056
    -307.10     0.003
    -306.07     0.110
    -305.04     0.164
    -304.01     0.039
    -302.98     0.105
    -301.95     0.043
    -300.92    -0.009
    -299.88     0.037
    -298.85     0.077
    -297.82     0.012
    -296.79     0.026
    -295.76    -0.070
    -294.73     0.017
    -293.70     0.097
    -292.67     0.025
    -291.64    -0.030
    -290.61    -0.003
    -289.58     0.074
    -288.55     0.040
    -287.52     0.042
    -286.49     0.069
    -285.46     0.022
    -284.43     0.033
    -283.40     0.150
    -282.37     0.015
    -281.34    -0.059
    -280.30    -0.056
    -279.27    -0.061
    -278.24    -0.001
    -277.21     0.007
    -276.18    -0.039
    -275.15     0.029
    -274.12    -0.066
    -273.09     0.045
    -272.06     0.036
    -271.03    -0.086
    -270.00     0.030
    -268.97    -0.017
    -267.94    -0.041
    -266.91     0.075
    -265.88     0.069
    -264.85     0.106
    -263.82     0.133
    -262.79     0.005
    -261.75     0.005
    -260.72    -0.101
    -259.69    -0.029
    -258.66    -0.109
    -257.63    -0.018
    -256.60    -0.109
    -255.57     0.004
    -254.54     0.066
    -253.51     0.044
    -252.48     0.049
    -251.45     0.096
    -250.42    -0.051
    -249.39    -0.015
    -248.36    -0.032
    -247.33    -0.097
    -246.30    -0.016
    -245.27     0.041
    -244.24     0.009
    -243.21    -0.046
    -242.17     0.036
    -241.14    -0.044
    -240.11    -0.067
    -239.08    -0.028
    -238.05     0.097
    -237.02    -0.044
    -235.99    -0.022
    -234.96     0.063
    -233.93    -0.003
    -232.90     0.069
    -231.87     0.007
    -230.84     0.045
    -229.81    -0.144
    -228.78     0.095
    -227.75     0.019
    -226.72     0.010
    -225.69    -0.000
    -224.66     0.013
    -223.63     0.042
    -222.59    -0.021
    -221.56     0.099
    -220.53     0.056
    -219.50    -0.115
    -218.47     0.014
    -217.44     0.014
    -216.41    -0.059
    -215.38    -0.018
    -214.35     0.037
    -213.32    -0.117
    -212.29     0.049
    -211.26    -0.034
    -210.23    -0.051
    -209.20     0.074
    -208.17    -0.002
    -207.14     0.017
    -206.11    -0.065
    -205.08    -0.006
    -204.05     0.051
    -203.01    -0.070
    -201.98     0.081
    -200.95    -0.056
    -199.92    -0.047
    -198.89    -0.096
    -197.86    -0.075
    -196.83     0.030
    -195.80     0.018
    -194.77     0.046
    -193.74     0.063
    -192.71     0.001
    -191.68    -0.041
    -190.65     0.046
    -189.62     0.113
    -188.59    -0.049
    -187.56    -0.002
    -186.53    -0.129
    -185.50     0.074
    -184.47     0.087
    -183.43     0.010
    -182.40    -0.048
    -181.37     0.128
    -180.34    -0.015
    -179.31     0.009
    -178.28    -0.007
    -177.25    -0.014
    -176.22    -0.012
    -175.19     0.005
    -174.16    -0.133
    -173.13    -0.001
    -172.10    -0.009
    -171.07     0.042
    -170.04    -0.031
    -169.01     0.078
    -167.98    -0.062
    -166.95     0.052
    -165.92    -0.074
    -164.88     0.012
    -163.85     0.048
    -162.82     0.086
    -161.79    -0.057
    -160.76     0.098
    -159.73    -0.067
    -158.70     0.060
    -157.67     0.031
    -156.64     0.095
    -155.61     0.120
    -154.58     0.177
    -153.55     0.057
    -152.52     0.074
    -151.49    -0.018
    -150.46     0.083
    -149.43     0.015
    -148.40     0.015
    -147.37     0.025
    -146.34     0.229
    -145.30     0.160
    -144.27     0.109
    -143.24     0.134
    -142.21     0.249
    -141.18     0.140
    -140.15     0.105
    -139.12     0.158
    -138.09     0.193
    -137.06     0.156
    -136.03     0.167
    -135.00     0.211
    -133.97     0.280
    -132.94     0.135
    -131.91     0.163
    -130.88     0.227
    -129.85     0.330
    -128.82     0.301
    -127.79     0.433
    -126.76     0.453
    -125.72     0.476
    -124.69     0.559
    -123.66     0.751
    -122.63     0.642
    -121.60     0.844
    -120.57     0.775
    -119.54     1.021
    -118.51     1.227
    -117.48     1.243
    -116.45     1.514
    -115.42     1.690
    -114.39     1.767
    -113.36     1.985
    -112.33     2.240
    -111.30     2.563
    -110.27     2.772
    -109.24     2.917
    -108.21     3.076
    -107.18     3.478
    -106.14     3.691
    -105.11     4.222
    -104.08     4.499
    -103.05     4.967
    -102.02     5.489
    -100.99     6.159
     -99.96     6.756
     -98.93     7.599
     -97.90     8.094
     -96.87     8.794
     -95.84     9.267
     -94.81     9.481
     -93.78     9.783
     -92.75    10.027
     -91.72    10.225
     -90.69    10.547
     -89.66    10.675
     -88.63    10.974
     -87.60    10.928
     -86.56    10.721
     -85.53     9.821
     -84.50     9.118
     -83.47     7.960
     -82.44     7.275
     -81.41     6.527
     -80.38     6.017
     -79.35     5.823
     -78.32     5.436
     -77.29     5.328
     -76.26     5.275
     -75.23     5.371
     -74.20     5.384
     -73.17     5.520
     -72.14     5.647
     -71.11     5.792
     -70.08     6.080
     -69.05     6.188
     -68.02     6.678
     -66.98     6.955
     -65.95     7.229
     -64.92     7.481
     -63.89     7.712
     -62.86     7.796
     -61.83     7.894
     -60.80     8.083
     -59.77     8.220
     -58.74     8.390
     -57.71     8.296
     -56.68     8.301
     -55.65     8.292
     -54.62     8.210
     -53.59     8.153
     -52.56     7.968
     -51.53     8.000
     -50.50     8.211
     -49.47     8.421
     -48.43     8.434
     -47.40     8.657
     -46.37     8.789
     -45.34     9.076
     -44.31     9.267
     -43.28     9.779
     -42.25    10.612
     -41.22    11.867
     -40.19    13.828
     -39.16    16.771
     -38.13    21.510
     -37.10    27.197
     -36.07    30.859
     -35.04    30.730
     -34.01    26.773
     -32.98    22.523
     -31.95    20.589
     -30.92    20.368
     -29.89    19.693
     -28.85    19.197
     -27.82    19.825
     -26.79    22.010
     -25.76    24.746
     -24.73    28.085
     -23.70    31.628
     -22.67    34.878
     -21.64    37.956
     -20.61    39.342
     -19.58    38.802
     -18.55    37.050
     -17.52    33.829
     -16.49    29.982
     -15.46    25.848
     -14.43    22.080
     -13.40    18.784
     -12.37    16.690
     -11.34    15.184
     -10.31    14.563
      -9.27    14.530
      -8.24    15.511
      -7.21    17.193
      -6.18    19.178
      -5.15    21.006
      -4.12    23.545
      -3.09    27.075
      -2.06    33.987
      -1.03    44.380
       0.00    56.865
       1.03    68.450
       2.06    80.935
       3.09    89.192
       4.12    89.686
       5.15    86.558
       6.18    81.275
       7.21    72.781
       8.24    62.847
       9.27    52.384
      10.31    40.562
      11.34    29.915
      12.37    21.373
      13.40    14.757
      14.43     9.894
      15.46     6.518
      16.49     4.269
      17.52     2.915
      18.55     2.105
      19.58     1.507
      20.61     1.092
      21.64     0.842
      22.67     0.765
      23.70     0.614
      24.73     0.470
      25.76     0.420
      26.79     0.414
      27.82     0.239
      28.85     0.309
      29.89     0.299
      30.92     0.273
      31.95     0.185
      32.98     0.290
      34.01     0.168
      35.04     0.191
      36.07     0.315
      37.10     0.223
      38.13     0.128
      39.16     0.219
      40.19     0.133
      41.22     0.077
      42.25     0.170
      43.28     0.107
      44.31     0.151
      45.34     0.086
      46.37     0.100
      47.40     0.114
      48.43     0.049
      49.47     0.139
      50.50     0.079
      51.53     0.099
      52.56     0.046
      53.59     0.072
      54.62     0.007
      55.65    -0.029
      56.68    -0.006
      57.71    -0.033
      58.74     0.016
      59.77     0.056
      60.80    -0.083
      61.83     0.085
      62.86     0.022
      63.89    -0.026
      64.92     0.014
      65.95     0.023
      66.98    -0.048
      68.02     0.033
      69.05     0.036
      70.08     0.086
      71.11    -0.015
      72.14     0.062
      73.17     0.070
      74.20     0.037
      75.23     0.087
      76.26     0.015
      77.29     0.025
      78.32    -0.004
      79.35     0.005
      80.38     0.032
      81.41     0.003
      82.44     0.072
      83.47     0.026
      84.50    -0.004
      85.53    -0.036
      86.56     0.014
      87.60     0.039
      88.63    -0.001
      89.66     0.027
      90.69    -0.068
      91.72    -0.021
      92.75     0.042
      93.78     0.071
      94.81     0.037
      95.84     0.026
      96.87     0.030
      97.90     0.020
      98.93    -0.042
      99.96     0.036
     100.99    -0.025
     102.02     0.010
     103.05     0.036
     104.08    -0.064
     105.11     0.064
     106.14     0.039
     107.18    -0.044
     108.21    -0.060
     109.24     0.102
     110.27     0.006
     111.30     0.031
     112.33     0.049
     113.36     0.047
     114.39     0.051
     115.42     0.074
     116.45     0.016
     117.48     0.052
     118.51     0.007
     119.54     0.037
     120.57    -0.036
     121.60     0.026
     122.63    -0.057
     123.66    -0.043
     124.69     0.143
     125.72    -0.030
     126.76     0.041
     127.79     0.068
     128.82     0.077
     129.85    -0.018
     130.88    -0.028
     131.91     0.040
     132.94     0.045
     133.97    -0.046
     135.00    -0.020
     136.03     0.088
     137.06    -0.122
     138.09     0.006
     139.12    -0.031
     140.15     0.026
     141.18     0.003
     142.21     0.046
     143.24    -0.007
     144.27     0.010
     145.30     0.018
     146.34     0.043
     147.37     0.023
     148.40     0.052
     149.43    -0.026
     150.46    -0.041
     151.49    -0.079
     152.52    -0.015
     153.55    -0.000
     154.58     0.026
     155.61    -0.040
     156.64    -0.069
     157.67    -0.052
     158.70     0.068
     159.73    -0.029
     160.76     0.003
     161.79    -0.001
     162.82     0.074
     163.85     0.003
     164.89    -0.022
     165.92    -0.054
     166.95     0.024
     167.98    -0.058
     169.01     0.007
     170.04    -0.014
     171.07    -0.059
     172.10    -0.022
     173.13    -0.044
     174.16    -0.184
     175.19    -0.063
     176.22     0.013
     177.25     0.019
     178.28     0.044
     179.31    -0.047
     180.34     0.016
     181.37     0.022
     182.40     0.000
     183.43     0.093
     184.47     0.094
     185.50     0.021
     186.53    -0.055
     187.56    -0.027
     188.59    -0.101
     189.62     0.033
     190.65     0.011
     191.68     0.024
     192.71     0.030
     193.74     0.002
     194.77    -0.069
     195.80     0.049
     196.83    -0.040
     197.86     0.071
     198.89    -0.072
     199.92     0.052
     200.95    -0.004
     201.98     0.063
     203.01     0.081
     204.05     0.019
     205.08     0.031
     206.11    -0.023
     207.14    -0.085
     208.17     0.013
     209.20    -0.030
     210.23     0.051
     211.26    -0.022
     212.29     0.032
     213.32     0.032
     214.35     0.029
     215.38    -0.092
     216.41     0.023
     217.44    -0.056
     218.47    -0.009
     219.50    -0.069
     220.53    -0.098
     221.56     0.015
     222.59    -0.028
     223.63     0.040
     224.66     0.062
     225.69    -0.007
     226.72     0.045
     227.75    -0.004
     228.78     0.071
     229.81     0.039
     230.84     0.054
     231.87     0.054
     232.90    -0.023
     233.93    -0.005
     234.96     0.018
     235.99    -0.049
     237.02    -0.063
     238.05    -0.073
     239.08     0.031
     240.11    -0.000
     241.14     0.097
     242.17     0.090
     243.21    -0.082
     244.24     0.052
     245.27    -0.012
     246.30     0.043
     247.33    -0.021
     248.36     0.047
     249.39    -0.033
     250.42    -0.014
     251.45    -0.109
     252.48    -0.002
     253.51    -0.029
     254.54    -0.048
     255.57     0.016
     256.60    -0.028
     257.63     0.062
     258.66     0.001
     259.69     0.051
     260.72    -0.039
     261.75     0.079
     262.79    -0.012
     263.82     0.000
     264.85     0.058
     265.88     0.030
     266.91     0.125
     267.94     0.009
     268.97    -0.046
     270.00    -0.003
     271.03     0.002
     272.06     0.057
     273.09    -0.070
     274.12     0.031
     275.15     0.020
     276.18     0.035
     277.21    -0.041
     278.24    -0.007
     279.27     0.065
     280.30    -0.012
     281.34    -0.070
     282.37     0.002
     283.40    -0.047
     284.43    -0.023
     285.46    -0.003
     286.49     0.028
     287.52    -0.104
     288.55    -0.007
     289.58     0.047
     290.61    -0.036
     291.64     0.019
     292.67    -0.002
     293.70    -0.154
     294.73     0.032
     295.76     0.021
     296.79     0.014
     297.82    -0.002
     298.85     0.064
     299.88     0.104
     300.92     0.061
     301.95    -0.111
     302.98     0.097
     304.01     0.027
     305.04     0.021
     306.07    -0.019
     307.10    -0.053
     308.13    -0.084
     309.16     0.040
     310.19     0.051
     311.22    -0.037
     312.25     0.006
     313.28     0.008
     314.31    -0.066
     315.34     0.038
     316.37    -0.053
     317.40    -0.027
     318.43     0.058
     319.46    -0.005
     320.50    -0.048
     321.53     0.064
     322.56    -0.100
     323.59     0.055
     324.62    -0.025
     325.65    -0.024
     326.68     0.093
     327.71     0.058
     328.74    -0.008
     329.77     0.044
     330.80    -0.048
     331.83    -0.011
     332.86     0.123
     333.89     0.014
     334.92    -0.062
     335.95     0.001
     336.98     0.079
     338.01    -0.037
     339.04    -0.128
     340.08    -0.000
     341.11    -0.086
     342.14     0.055
     343.17    -0.158
     344.20    -0.035
     345.23     0.019
     346.26     0.019
     347.29    -0.009
     348.32     0.083
     349.35     0.078
     350.38     0.033
     351.41    -0.052
     352.44    -0.098
     353.47    -0.031
     354.50     0.124
     355.53    -0.004
     356.56    -0.022
     357.59    -0.085
     358.62    -0.045
     359.66    -0.067
     360.69    -0.103
     361.72     0.091
     362.75     0.036
     363.78    -0.028
     364.81     0.006
     365.84    -0.042
     366.87     0.041
     367.90    -0.049
     368.93     0.096
     369.96     0.007
     370.99     0.071
     372.02     0.052
     373.05     0.044
     374.08    -0.033
     375.11     0.007
     376.14    -0.098
     377.17     0.003
     378.20     0.035
     379.24     0.036
     380.27     0.054
     381.30     0.001
     382.33    -0.081
     383.36     0.004
     384.39    -0.078
     385.42    -0.016
     386.45     0.023
     387.48    -0.038
     388.51    -0.134
     389.54    -0.070
     390.57    -0.000
     391.60     0.030
     392.63    -0.093
     393.66     0.057
     394.69    -0.028
     395.72     0.063
     396.75    -0.018
     397.79    -0.070
     398.82    -0.058
     399.85    -0.022