%%LAB     777  datapoints: v_lsr [km/s] and T_B [K]
    -399.85    -0.086
    -398.82    -0.050
    -397.79     0.033
    -396.76    -0.088
    -395.73     0.001
    -394.70    -0.020
    -393.67    -0.076
    -392.64    -0.125
    -391.61    -0.001
    -390.58    -0.040
    -389.54    -0.049
    -388.51    -0.011
    -387.48     0.075
    -386.45    -0.080
    -385.42     0.090
    -384.39    -0.017
    -383.36     0.055
    -382.33    -0.014
    -381.30     0.032
    -380.27    -0.074
    -379.24     0.042
    -378.21    -0.042
    -377.18     0.095
    -376.15     0.031
    -375.12     0.088
    -374.09    -0.034
    -373.06     0.016
    -372.03    -0.033
    -370.99    -0.025
    -369.96    -0.023
    -368.93    -0.005
    -367.90    -0.042
    -366.87    -0.058
    -365.84    -0.024
    -364.81    -0.027
    -363.78    -0.011
    -362.75    -0.009
    -361.72     0.012
    -360.69    -0.033
    -359.66    -0.061
    -358.63     0.024
    -357.60    -0.019
    -356.57     0.038
    -355.54     0.006
    -354.51    -0.003
    -353.48     0.091
    -352.45     0.115
    -351.41     0.025
    -350.38    -0.040
    -349.35    -0.013
    -348.32     0.031
    -347.29     0.053
    -346.26     0.021
    -345.23    -0.045
    -344.20    -0.025
    -343.17    -0.020
    -342.14    -0.023
    -341.11     0.092
    -340.08    -0.049
    -339.05     0.009
    -338.02     0.081
    -336.99     0.041
    -335.96    -0.005
    -334.93     0.037
    -333.90     0.043
    -332.86     0.020
    -331.83    -0.023
    -330.80    -0.048
    -329.77     0.032
    -328.74    -0.081
    -327.71     0.016
    -326.68    -0.050
    -325.65     0.069
    -324.62    -0.001
    -323.59    -0.007
    -322.56    -0.012
    -321.53    -0.038
    -320.50    -0.023
    -319.47     0.033
    -318.44     0.031
    -317.41    -0.024
    -316.38    -0.028
    -315.35     0.073
    -314.32     0.022
    -313.28     0.033
    -312.25    -0.009
    -311.22     0.016
    -310.19    -0.021
    -309.16     0.025
    -308.13    -0.013
    -307.10    -0.094
    -306.07    -0.071
    -305.04    -0.010
    -304.01     0.059
    -302.98     0.030
    -301.95     0.064
    -300.92     0.060
    -299.89     0.016
    -298.86    -0.012
    -297.83    -0.035
    -296.80     0.017
    -295.77     0.052
    -294.73    -0.057
    -293.70     0.031
    -292.67    -0.024
    -291.64     0.022
    -290.61     0.037
    -289.58    -0.003
    -288.55     0.011
    -287.52     0.018
    -286.49    -0.046
    -285.46    -0.047
    -284.43    -0.026
    -283.40    -0.009
    -282.37     0.057
    -281.34    -0.132
    -280.31     0.010
    -279.28     0.005
    -278.25    -0.000
    -277.22    -0.004
    -276.18    -0.026
    -275.15    -0.006
    -274.12     0.072
    -273.09    -0.009
    -272.06     0.063
    -271.03     0.081
    -270.00     0.002
    -268.97    -0.049
    -267.94    -0.038
    -266.91    -0.028
    -265.88     0.041
    -264.85    -0.072
    -263.82     0.064
    -262.79     0.014
    -261.76     0.017
    -260.73     0.072
    -259.70    -0.082
    -258.67     0.037
    -257.64    -0.026
    -256.60    -0.007
    -255.57     0.054
    -254.54     0.021
    -253.51     0.041
    -252.48     0.062
    -251.45    -0.024
    -250.42    -0.020
    -249.39     0.033
    -248.36    -0.005
    -247.33     0.070
    -246.30    -0.008
    -245.27    -0.018
    -244.24    -0.072
    -243.21    -0.014
    -242.18     0.014
    -241.15    -0.079
    -240.12    -0.022
    -239.09     0.001
    -238.05    -0.074
    -237.02    -0.028
    -235.99    -0.068
    -234.96     0.130
    -233.93    -0.032
    -232.90     0.067
    -231.87     0.038
    -230.84     0.015
    -229.81    -0.020
    -228.78     0.036
    -227.75     0.002
    -226.72     0.028
    -225.69     0.051
    -224.66     0.034
    -223.63    -0.036
    -222.60     0.036
    -221.57    -0.023
    -220.54     0.102
    -219.51     0.069
    -218.47     0.074
    -217.44     0.032
    -216.41     0.031
    -215.38     0.008
    -214.35    -0.028
    -213.32    -0.021
    -212.29    -0.033
    -211.26    -0.073
    -210.23     0.116
    -209.20    -0.068
    -208.17    -0.066
    -207.14    -0.052
    -206.11    -0.049
    -205.08     0.034
    -204.05    -0.044
    -203.02     0.038
    -201.99    -0.015
    -200.96     0.049
    -199.92     0.037
    -198.89    -0.037
    -197.86    -0.001
    -196.83    -0.012
    -195.80     0.045
    -194.77     0.008
    -193.74     0.103
    -192.71     0.030
    -191.68     0.032
    -190.65     0.049
    -189.62    -0.002
    -188.59    -0.062
    -187.56    -0.096
    -186.53     0.025
    -185.50     0.022
    -184.47    -0.041
    -183.44    -0.002
    -182.41     0.058
    -181.38    -0.045
    -180.34    -0.065
    -179.31     0.016
    -178.28    -0.015
    -177.25     0.005
    -176.22     0.040
    -175.19     0.081
    -174.16     0.000
    -173.13     0.027
    -172.10    -0.023
    -171.07     0.046
    -170.04    -0.052
    -169.01    -0.032
    -167.98     0.068
    -166.95     0.060
    -165.92    -0.007
    -164.89     0.018
    -163.86     0.002
    -162.83     0.081
    -161.79    -0.050
    -160.76     0.027
    -159.73    -0.078
    -158.70     0.003
    -157.67     0.043
    -156.64     0.030
    -155.61     0.017
    -154.58    -0.015
    -153.55     0.061
    -152.52     0.061
    -151.49    -0.008
    -150.46    -0.034
    -149.43     0.066
    -148.40     0.042
    -147.37    -0.078
    -146.34    -0.041
    -145.31     0.055
    -144.28     0.004
    -143.25     0.014
    -142.21     0.076
    -141.18     0.039
    -140.15     0.004
    -139.12     0.080
    -138.09     0.012
    -137.06     0.055
    -136.03     0.022
    -135.00    -0.067
    -133.97     0.013
    -132.94    -0.052
    -131.91     0.060
    -130.88     0.004
    -129.85     0.125
    -128.82     0.088
    -127.79     0.182
    -126.76     0.020
    -125.73     0.057
    -124.70     0.128
    -123.66     0.209
    -122.63     0.171
    -121.60     0.234
    -120.57     0.245
    -119.54     0.283
    -118.51     0.350
    -117.48     0.444
    -116.45     0.398
    -115.42     0.565
    -114.39     0.565
    -113.36     0.731
    -112.33     0.832
    -111.30     1.016
    -110.27     0.977
    -109.24     1.106
    -108.21     1.290
    -107.18     1.525
    -106.15     1.636
    -105.12     1.794
    -104.08     1.912
    -103.05     2.030
    -102.02     2.094
    -100.99     2.288
     -99.96     2.501
     -98.93     2.600
     -97.90     2.701
     -96.87     2.757
     -95.84     2.838
     -94.81     2.859
     -93.78     2.940
     -92.75     2.873
     -91.72     2.832
     -90.69     2.757
     -89.66     2.644
     -88.63     2.650
     -87.60     2.482
     -86.57     2.553
     -85.53     2.315
     -84.50     2.253
     -83.47     2.190
     -82.44     2.231
     -81.41     2.122
     -80.38     2.208
     -79.35     2.178
     -78.32     2.124
     -77.29     2.078
     -76.26     2.043
     -75.23     1.933
     -74.20     2.099
     -73.17     2.069
     -72.14     2.150
     -71.11     2.044
     -70.08     2.129
     -69.05     2.125
     -68.02     2.185
     -66.99     2.242
     -65.95     2.225
     -64.92     2.329
     -63.89     2.301
     -62.86     2.435
     -61.83     2.545
     -60.80     2.501
     -59.77     2.605
     -58.74     2.581
     -57.71     2.619
     -56.68     2.567
     -55.65     2.560
     -54.62     2.385
     -53.59     2.325
     -52.56     2.215
     -51.53     2.272
     -50.50     2.139
     -49.47     2.197
     -48.44     2.121
     -47.40     2.220
     -46.37     2.334
     -45.34     2.370
     -44.31     2.608
     -43.28     2.843
     -42.25     2.858
     -41.22     3.057
     -40.19     3.193
     -39.16     3.269
     -38.13     3.474
     -37.10     3.267
     -36.07     3.228
     -35.04     3.021
     -34.01     2.699
     -32.98     2.452
     -31.95     2.150
     -30.92     2.153
     -29.89     1.970
     -28.86     2.033
     -27.82     1.901
     -26.79     1.964
     -25.76     1.962
     -24.73     1.950
     -23.70     1.887
     -22.67     2.070
     -21.64     2.062
     -20.61     2.151
     -19.58     2.172
     -18.55     2.589
     -17.52     2.834
     -16.49     3.129
     -15.46     3.498
     -14.43     4.008
     -13.40     4.574
     -12.37     5.397
     -11.34     6.243
     -10.31     7.591
      -9.27     8.984
      -8.24    10.694
      -7.21    12.818
      -6.18    15.340
      -5.15    18.089
      -4.12    21.027
      -3.09    24.050
      -2.06    26.504
      -1.03    27.956
       0.00    28.086
       1.03    27.410
       2.06    26.387
       3.09    25.504
       4.12    24.614
       5.15    22.868
       6.18    20.003
       7.21    17.127
       8.24    15.042
       9.27    13.025
      10.31    11.429
      11.34     9.971
      12.37     8.751
      13.40     7.763
      14.43     6.914
      15.46     6.346
      16.49     5.841
      17.52     5.388
      18.55     4.953
      19.58     4.444
      20.61     3.813
      21.64     3.237
      22.67     2.819
      23.70     2.434
      24.73     2.165
      25.76     2.034
      26.79     1.648
      27.82     1.398
      28.86     1.309
      29.89     1.024
      30.92     0.944
      31.95     0.788
      32.98     0.888
      34.01     0.742
      35.04     0.624
      36.07     0.577
      37.10     0.532
      38.13     0.412
      39.16     0.464
      40.19     0.301
      41.22     0.336
      42.25     0.233
      43.28     0.222
      44.31     0.106
      45.34     0.194
      46.37     0.189
      47.40     0.192
      48.44     0.114
      49.47     0.118
      50.50     0.139
      51.53     0.009
      52.56     0.151
      53.59     0.103
      54.62     0.099
      55.65    -0.035
      56.68     0.087
      57.71     0.015
      58.74     0.024
      59.77     0.072
      60.80     0.052
      61.83     0.012
      62.86    -0.036
      63.89     0.076
      64.92    -0.009
      65.95     0.107
      66.99     0.109
      68.02     0.079
      69.05     0.014
      70.08    -0.077
      71.11    -0.072
      72.14     0.016
      73.17    -0.014
      74.20     0.054
      75.23    -0.054
      76.26     0.076
      77.29     0.014
      78.32    -0.018
      79.35     0.002
      80.38     0.006
      81.41    -0.009
      82.44    -0.012
      83.47    -0.123
      84.50     0.012
      85.53     0.106
      86.57     0.033
      87.60    -0.021
      88.63     0.006
      89.66    -0.026
      90.69     0.094
      91.72     0.112
      92.75     0.041
      93.78     0.100
      94.81    -0.047
      95.84     0.021
      96.87    -0.056
      97.90     0.024
      98.93     0.028
      99.96    -0.022
     100.99     0.088
     102.02     0.036
     103.05     0.010
     104.08    -0.006
     105.12     0.070
     106.15     0.032
     107.18     0.021
     108.21    -0.073
     109.24     0.031
     110.27     0.014
     111.30    -0.015
     112.33     0.023
     113.36     0.074
     114.39    -0.101
     115.42     0.094
     116.45    -0.071
     117.48    -0.035
     118.51     0.007
     119.54     0.004
     120.57     0.116
     121.60     0.084
     122.63    -0.064
     123.66    -0.039
     124.70     0.016
     125.73     0.063
     126.76     0.024
     127.79     0.108
     128.82    -0.042
     129.85     0.043
     130.88    -0.017
     131.91    -0.057
     132.94    -0.009
     133.97    -0.000
     135.00    -0.084
     136.03     0.016
     137.06    -0.104
     138.09     0.074
     139.12    -0.029
     140.15     0.036
     141.18     0.004
     142.21     0.032
     143.25     0.027
     144.28     0.037
     145.31     0.022
     146.34    -0.118
     147.37    -0.011
     148.40     0.026
     149.43     0.026
     150.46    -0.020
     151.49    -0.019
     152.52    -0.001
     153.55     0.038
     154.58    -0.079
     155.61     0.059
     156.64     0.075
     157.67    -0.015
     158.70     0.090
     159.73     0.059
     160.76     0.137
     161.79     0.056
     162.83     0.048
     163.86    -0.142
     164.89    -0.030
     165.92     0.011
     166.95    -0.018
     167.98     0.093
     169.01     0.050
     170.04    -0.032
     171.07     0.088
     172.10     0.007
     173.13     0.066
     174.16    -0.004
     175.19     0.103
     176.22    -0.022
     177.25    -0.027
     178.28    -0.000
     179.31    -0.001
     180.34     0.037
     181.38     0.066
     182.41    -0.006
     183.44     0.034
     184.47    -0.114
     185.50    -0.040
     186.53    -0.022
     187.56    -0.112
     188.59    -0.057
     189.62     0.033
     190.65     0.054
     191.68     0.059
     192.71     0.110
     193.74     0.115
     194.77     0.026
     195.80     0.130
     196.83    -0.009
     197.86     0.077
     198.89     0.003
     199.92    -0.064
     200.96     0.005
     201.99    -0.054
     203.02    -0.042
     204.05     0.018
     205.08    -0.026
     206.11    -0.025
     207.14     0.079
     208.17     0.002
     209.20    -0.079
     210.23     0.041
     211.26     0.006
     212.29     0.051
     213.32    -0.061
     214.35     0.094
     215.38    -0.074
     216.41    -0.014
     217.44    -0.049
     218.47     0.050
     219.51    -0.004
     220.54    -0.012
     221.57    -0.140
     222.60    -0.030
     223.63    -0.065
     224.66     0.061
     225.69    -0.081
     226.72    -0.007
     227.75     0.027
     228.78     0.104
     229.81    -0.010
     230.84    -0.009
     231.87    -0.001
     232.90     0.099
     233.93    -0.014
     234.96    -0.004
     235.99    -0.015
     237.02     0.034
     238.05    -0.031
     239.09     0.003
     240.12    -0.022
     241.15     0.022
     242.18    -0.050
     243.21     0.010
     244.24    -0.024
     245.27     0.025
     246.30     0.013
     247.33    -0.009
     248.36     0.024
     249.39     0.021
     250.42    -0.038
     251.45     0.114
     252.48    -0.085
     253.51     0.052
     254.54    -0.096
     255.57     0.021
     256.60    -0.033
     257.64    -0.025
     258.67    -0.071
     259.70    -0.064
     260.73    -0.072
     261.76     0.015
     262.79    -0.046
     263.82     0.016
     264.85    -0.000
     265.88    -0.015
     266.91    -0.068
     267.94     0.048
     268.97    -0.054
     270.00     0.024
     271.03    -0.006
     272.06    -0.002
     273.09    -0.061
     274.12     0.030
     275.15     0.025
     276.18     0.060
     277.22    -0.024
     278.25     0.107
     279.28     0.026
     280.31    -0.010
     281.34     0.024
     282.37    -0.049
     283.40    -0.140
     284.43     0.069
     285.46    -0.051
     286.49    -0.022
     287.52    -0.008
     288.55     0.096
     289.58     0.008
     290.61    -0.060
     291.64     0.094
     292.67     0.036
     293.70     0.007
     294.73     0.042
     295.77    -0.069
     296.80     0.102
     297.83     0.026
     298.86     0.022
     299.89     0.014
     300.92    -0.036
     301.95    -0.021
     302.98     0.064
     304.01    -0.031
     305.04     0.064
     306.07    -0.028
     307.10     0.064
     308.13    -0.012
     309.16     0.018
     310.19     0.025
     311.22     0.182
     312.25     0.024
     313.28     0.038
     314.32     0.082
     315.35     0.030
     316.38    -0.076
     317.41     0.060
     318.44     0.018
     319.47     0.131
     320.50    -0.087
     321.53     0.041
     322.56    -0.032
     323.59     0.045
     324.62    -0.025
     325.65    -0.032
     326.68    -0.056
     327.71     0.002
     328.74    -0.002
     329.77     0.126
     330.80    -0.097
     331.83    -0.069
     332.86    -0.016
     333.90    -0.002
     334.93    -0.046
     335.96    -0.033
     336.99    -0.042
     338.02     0.053
     339.05    -0.023
     340.08    -0.018
     341.11    -0.008
     342.14    -0.067
     343.17    -0.046
     344.20    -0.016
     345.23    -0.017
     346.26    -0.023
     347.29    -0.055
     348.32    -0.006
     349.35    -0.123
     350.38    -0.022
     351.41     0.002
     352.45    -0.048
     353.48    -0.037
     354.51    -0.000
     355.54     0.023
     356.57    -0.046
     357.60    -0.014
     358.63    -0.078
     359.66    -0.024
     360.69     0.008
     361.72    -0.010
     362.75     0.124
     363.78     0.025
     364.81     0.074
     365.84    -0.027
     366.87    -0.038
     367.90    -0.074
     368.93     0.048
     369.96    -0.092
     370.99     0.027
     372.03     0.010
     373.06     0.061
     374.09     0.051
     375.12     0.059
     376.15    -0.022
     377.18     0.115
     378.21    -0.003
     379.24     0.127
     380.27    -0.134
     381.30     0.008
     382.33     0.066
     383.36     0.078
     384.39    -0.018
     385.42    -0.043
     386.45    -0.077
     387.48     0.063
     388.51    -0.096
     389.54     0.011
     390.58    -0.156
     391.61    -0.061
     392.64    -0.142
     393.67    -0.013
     394.70     0.027
     395.73     0.131
     396.76     0.025
     397.79     0.036
     398.82     0.030
     399.85     0.045