%%LAB     777  datapoints: v_lsr [km/s] and T_B [K]
    -399.87    -0.008
    -398.84    -0.056
    -397.81     0.001
    -396.78     0.023
    -395.75     0.011
    -394.72    -0.027
    -393.69    -0.000
    -392.66     0.008
    -391.63     0.060
    -390.60     0.034
    -389.57    -0.063
    -388.54    -0.011
    -387.51    -0.011
    -386.48    -0.087
    -385.45     0.029
    -384.42    -0.057
    -383.39     0.004
    -382.35    -0.012
    -381.32     0.079
    -380.29    -0.071
    -379.26     0.012
    -378.23     0.016
    -377.20     0.004
    -376.17     0.057
    -375.14     0.066
    -374.11    -0.012
    -373.08     0.028
    -372.05     0.095
    -371.02     0.106
    -369.99    -0.083
    -368.96     0.042
    -367.93     0.044
    -366.90    -0.052
    -365.86     0.061
    -364.83    -0.008
    -363.80    -0.052
    -362.77     0.002
    -361.74    -0.039
    -360.71     0.030
    -359.68     0.030
    -358.65    -0.009
    -357.62    -0.071
    -356.59    -0.026
    -355.56    -0.074
    -354.53     0.055
    -353.50     0.030
    -352.47    -0.006
    -351.44     0.004
    -350.41     0.029
    -349.38    -0.046
    -348.34     0.035
    -347.31    -0.084
    -346.28    -0.050
    -345.25     0.073
    -344.22    -0.053
    -343.19    -0.021
    -342.16    -0.048
    -341.13    -0.064
    -340.10     0.015
    -339.07    -0.032
    -338.04    -0.005
    -337.01    -0.118
    -335.98     0.007
    -334.95     0.026
    -333.92     0.090
    -332.89     0.000
    -331.85     0.118
    -330.82    -0.021
    -329.79    -0.080
    -328.76     0.040
    -327.73     0.056
    -326.70    -0.073
    -325.67    -0.023
    -324.64    -0.038
    -323.61    -0.054
    -322.58     0.003
    -321.55    -0.045
    -320.52    -0.030
    -319.49     0.035
    -318.46    -0.000
    -317.43    -0.017
    -316.40    -0.006
    -315.37     0.076
    -314.33     0.004
    -313.30    -0.030
    -312.27     0.074
    -311.24     0.064
    -310.21     0.057
    -309.18     0.067
    -308.15    -0.050
    -307.12    -0.004
    -306.09    -0.045
    -305.06    -0.014
    -304.03    -0.000
    -303.00     0.037
    -301.97     0.007
    -300.94    -0.004
    -299.91     0.039
    -298.88     0.013
    -297.85    -0.024
    -296.81     0.094
    -295.78     0.071
    -294.75     0.073
    -293.72     0.001
    -292.69     0.021
    -291.66    -0.003
    -290.63     0.003
    -289.60    -0.013
    -288.57     0.063
    -287.54    -0.042
    -286.51    -0.022
    -285.48     0.006
    -284.45     0.060
    -283.42    -0.077
    -282.39    -0.081
    -281.36     0.033
    -280.32    -0.011
    -279.29    -0.057
    -278.26     0.066
    -277.23    -0.010
    -276.20     0.028
    -275.17    -0.050
    -274.14    -0.023
    -273.11     0.019
    -272.08    -0.058
    -271.05    -0.004
    -270.02     0.034
    -268.99    -0.066
    -267.96    -0.002
    -266.93     0.046
    -265.90     0.058
    -264.87     0.004
    -263.84    -0.044
    -262.80    -0.070
    -261.77    -0.003
    -260.74     0.021
    -259.71     0.086
    -258.68     0.007
    -257.65     0.113
    -256.62     0.001
    -255.59     0.065
    -254.56    -0.008
    -253.53     0.011
    -252.50     0.029
    -251.47     0.003
    -250.44    -0.057
    -249.41     0.038
    -248.38    -0.029
    -247.35    -0.012
    -246.31    -0.052
    -245.28     0.004
    -244.25    -0.006
    -243.22     0.001
    -242.19     0.000
    -241.16     0.023
    -240.13    -0.075
    -239.10    -0.033
    -238.07     0.040
    -237.04     0.011
    -236.01    -0.052
    -234.98     0.060
    -233.95    -0.011
    -232.92     0.015
    -231.89     0.039
    -230.86     0.006
    -229.83    -0.067
    -228.79     0.064
    -227.76    -0.038
    -226.73     0.041
    -225.70     0.055
    -224.67     0.070
    -223.64     0.055
    -222.61    -0.011
    -221.58     0.003
    -220.55    -0.009
    -219.52    -0.010
    -218.49    -0.044
    -217.46     0.047
    -216.43     0.060
    -215.40     0.006
    -214.37    -0.007
    -213.34    -0.044
    -212.30     0.017
    -211.27     0.000
    -210.24     0.013
    -209.21    -0.065
    -208.18     0.013
    -207.15    -0.033
    -206.12    -0.009
    -205.09     0.024
    -204.06     0.009
    -203.03    -0.026
    -202.00    -0.008
    -200.97     0.009
    -199.94    -0.015
    -198.91    -0.018
    -197.88     0.017
    -196.85     0.000
    -195.82     0.069
    -194.78    -0.001
    -193.75    -0.028
    -192.72     0.038
    -191.69     0.076
    -190.66    -0.006
    -189.63     0.009
    -188.60     0.056
    -187.57     0.038
    -186.54     0.017
    -185.51    -0.014
    -184.48     0.019
    -183.45     0.068
    -182.42     0.045
    -181.39     0.079
    -180.36    -0.029
    -179.33     0.005
    -178.29     0.001
    -177.26    -0.021
    -176.23    -0.067
    -175.20     0.034
    -174.17    -0.068
    -173.14     0.038
    -172.11    -0.094
    -171.08     0.059
    -170.05    -0.022
    -169.02    -0.116
    -167.99    -0.054
    -166.96    -0.013
    -165.93    -0.010
    -164.90     0.025
    -163.87     0.011
    -162.84     0.044
    -161.81    -0.014
    -160.77    -0.004
    -159.74    -0.027
    -158.71    -0.072
    -157.68    -0.069
    -156.65    -0.031
    -155.62    -0.048
    -154.59     0.046
    -153.56     0.043
    -152.53    -0.014
    -151.50    -0.025
    -150.47     0.003
    -149.44     0.030
    -148.41     0.056
    -147.38    -0.045
    -146.35     0.010
    -145.32    -0.053
    -144.28     0.061
    -143.25    -0.011
    -142.22    -0.008
    -141.19    -0.046
    -140.16     0.001
    -139.13    -0.024
    -138.10     0.065
    -137.07     0.013
    -136.04     0.033
    -135.01     0.001
    -133.98     0.051
    -132.95    -0.067
    -131.92     0.111
    -130.89     0.059
    -129.86     0.095
    -128.83    -0.007
    -127.80    -0.051
    -126.76    -0.003
    -125.73     0.044
    -124.70     0.050
    -123.67     0.041
    -122.64     0.048
    -121.61     0.089
    -120.58    -0.023
    -119.55     0.019
    -118.52     0.004
    -117.49     0.000
    -116.46    -0.028
    -115.43     0.071
    -114.40    -0.034
    -113.37     0.024
    -112.34     0.041
    -111.31     0.061
    -110.27     0.059
    -109.24     0.108
    -108.21    -0.035
    -107.18     0.066
    -106.15     0.063
    -105.12     0.093
    -104.09     0.085
    -103.06     0.036
    -102.03     0.086
    -101.00     0.136
     -99.97     0.161
     -98.94     0.083
     -97.91     0.061
     -96.88     0.119
     -95.85     0.095
     -94.82     0.124
     -93.79     0.135
     -92.75     0.264
     -91.72     0.219
     -90.69     0.304
     -89.66     0.316
     -88.63     0.302
     -87.60     0.269
     -86.57     0.384
     -85.54     0.311
     -84.51     0.398
     -83.48     0.379
     -82.45     0.451
     -81.42     0.459
     -80.39     0.413
     -79.36     0.427
     -78.33     0.465
     -77.30     0.423
     -76.26     0.503
     -75.23     0.574
     -74.20     0.556
     -73.17     0.475
     -72.14     0.543
     -71.11     0.418
     -70.08     0.519
     -69.05     0.378
     -68.02     0.475
     -66.99     0.350
     -65.96     0.497
     -64.93     0.385
     -63.90     0.457
     -62.87     0.441
     -61.84     0.508
     -60.81     0.397
     -59.78     0.367
     -58.74     0.336
     -57.71     0.371
     -56.68     0.332
     -55.65     0.434
     -54.62     0.348
     -53.59     0.394
     -52.56     0.375
     -51.53     0.367
     -50.50     0.439
     -49.47     0.471
     -48.44     0.554
     -47.41     0.486
     -46.38     0.546
     -45.35     0.608
     -44.32     0.506
     -43.29     0.642
     -42.25     0.631
     -41.22     0.647
     -40.19     0.641
     -39.16     0.780
     -38.13     0.718
     -37.10     0.852
     -36.07     0.860
     -35.04     0.921
     -34.01     1.151
     -32.98     1.184
     -31.95     1.399
     -30.92     1.543
     -29.89     1.734
     -28.86     1.987
     -27.83     2.246
     -26.80     2.629
     -25.77     2.885
     -24.73     3.349
     -23.70     3.672
     -22.67     4.069
     -21.64     4.466
     -20.61     4.927
     -19.58     5.351
     -18.55     5.749
     -17.52     5.544
     -16.49     5.762
     -15.46     6.102
     -14.43     6.508
     -13.40     7.010
     -12.37     7.519
     -11.34     8.122
     -10.31     8.588
      -9.28     8.701
      -8.24     8.543
      -7.21     8.528
      -6.18     8.888
      -5.15     9.735
      -4.12    11.812
      -3.09    14.845
      -2.06    18.763
      -1.03    22.621
       0.00    25.618
       1.03    28.290
       2.06    28.701
       3.09    23.913
       4.12    17.191
       5.15    12.855
       6.18    10.676
       7.21     8.456
       8.24     6.759
       9.28     5.430
      10.31     4.287
      11.34     3.307
      12.37     2.630
      13.40     2.045
      14.43     1.611
      15.46     1.324
      16.49     1.042
      17.52     0.726
      18.55     0.632
      19.58     0.444
      20.61     0.411
      21.64     0.258
      22.67     0.269
      23.70     0.193
      24.73     0.167
      25.77     0.160
      26.80     0.126
      27.83     0.083
      28.86     0.138
      29.89     0.026
      30.92     0.047
      31.95    -0.037
      32.98     0.078
      34.01    -0.012
      35.04     0.045
      36.07     0.025
      37.10    -0.037
      38.13     0.044
      39.16     0.029
      40.19    -0.012
      41.22    -0.019
      42.25    -0.058
      43.29     0.031
      44.32    -0.011
      45.35     0.022
      46.38    -0.001
      47.41     0.020
      48.44    -0.094
      49.47     0.008
      50.50     0.006
      51.53     0.113
      52.56     0.041
      53.59     0.033
      54.62     0.045
      55.65     0.027
      56.68    -0.038
      57.71     0.024
      58.74    -0.019
      59.78     0.002
      60.81    -0.040
      61.84     0.086
      62.87    -0.021
      63.90    -0.066
      64.93     0.052
      65.96     0.090
      66.99    -0.018
      68.02     0.030
      69.05    -0.036
      70.08     0.067
      71.11    -0.031
      72.14     0.035
      73.17    -0.044
      74.20     0.113
      75.23    -0.020
      76.26    -0.028
      77.30    -0.016
      78.33    -0.027
      79.36     0.028
      80.39     0.055
      81.42    -0.031
      82.45     0.007
      83.48     0.124
      84.51    -0.003
      85.54    -0.093
      86.57     0.042
      87.60     0.026
      88.63    -0.054
      89.66    -0.037
      90.69     0.078
      91.72     0.031
      92.75    -0.011
      93.79    -0.096
      94.82     0.073
      95.85    -0.001
      96.88    -0.015
      97.91     0.007
      98.94     0.089
      99.97     0.103
     101.00     0.045
     102.03     0.009
     103.06    -0.004
     104.09     0.089
     105.12     0.109
     106.15     0.040
     107.18    -0.056
     108.21     0.039
     109.24     0.023
     110.27     0.026
     111.31     0.078
     112.34    -0.056
     113.37    -0.029
     114.40    -0.087
     115.43    -0.002
     116.46     0.029
     117.49     0.028
     118.52    -0.058
     119.55     0.063
     120.58     0.003
     121.61     0.030
     122.64    -0.069
     123.67     0.013
     124.70     0.020
     125.73     0.010
     126.76    -0.104
     127.80     0.039
     128.83    -0.045
     129.86    -0.052
     130.89     0.000
     131.92     0.081
     132.95     0.100
     133.98     0.010
     135.01     0.027
     136.04     0.084
     137.07    -0.036
     138.10    -0.003
     139.13     0.004
     140.16     0.091
     141.19     0.116
     142.22    -0.043
     143.25    -0.039
     144.28     0.074
     145.32     0.031
     146.35     0.078
     147.38     0.033
     148.41     0.089
     149.44     0.048
     150.47    -0.015
     151.50    -0.014
     152.53     0.057
     153.56     0.056
     154.59     0.030
     155.62    -0.036
     156.65     0.029
     157.68     0.038
     158.71    -0.054
     159.74     0.067
     160.77    -0.096
     161.81     0.024
     162.84     0.005
     163.87    -0.043
     164.90     0.031
     165.93    -0.020
     166.96    -0.042
     167.99     0.033
     169.02     0.034
     170.05     0.040
     171.08     0.017
     172.11     0.022
     173.14     0.059
     174.17     0.074
     175.20     0.006
     176.23    -0.022
     177.26     0.063
     178.29    -0.022
     179.33     0.093
     180.36    -0.060
     181.39    -0.021
     182.42     0.022
     183.45    -0.029
     184.48    -0.105
     185.51     0.028
     186.54    -0.069
     187.57     0.061
     188.60    -0.006
     189.63     0.039
     190.66     0.005
     191.69    -0.017
     192.72     0.034
     193.75    -0.034
     194.78     0.054
     195.82     0.065
     196.85    -0.035
     197.88     0.074
     198.91     0.026
     199.94     0.009
     200.97     0.093
     202.00     0.072
     203.03    -0.067
     204.06     0.003
     205.09    -0.007
     206.12     0.075
     207.15     0.024
     208.18     0.058
     209.21     0.005
     210.24    -0.076
     211.27     0.025
     212.30    -0.045
     213.34    -0.063
     214.37     0.116
     215.40     0.008
     216.43    -0.058
     217.46    -0.025
     218.49    -0.048
     219.52    -0.028
     220.55    -0.000
     221.58    -0.174
     222.61    -0.096
     223.64    -0.045
     224.67    -0.032
     225.70     0.030
     226.73     0.017
     227.76     0.024
     228.79     0.058
     229.83    -0.020
     230.86     0.065
     231.89     0.091
     232.92     0.076
     233.95     0.028
     234.98     0.044
     236.01    -0.003
     237.04     0.058
     238.07    -0.002
     239.10     0.032
     240.13    -0.080
     241.16    -0.064
     242.19     0.035
     243.22    -0.072
     244.25    -0.127
     245.28    -0.023
     246.31    -0.065
     247.35     0.049
     248.38     0.022
     249.41    -0.001
     250.44    -0.017
     251.47     0.016
     252.50    -0.017
     253.53     0.064
     254.56     0.002
     255.59     0.055
     256.62     0.011
     257.65     0.073
     258.68     0.002
     259.71     0.036
     260.74    -0.007
     261.77     0.016
     262.80     0.008
     263.84     0.002
     264.87     0.007
     265.90    -0.068
     266.93    -0.055
     267.96    -0.050
     268.99     0.011
     270.02    -0.010
     271.05    -0.036
     272.08    -0.082
     273.11    -0.040
     274.14    -0.048
     275.17     0.003
     276.20    -0.043
     277.23    -0.114
     278.26     0.043
     279.29    -0.022
     280.32    -0.016
     281.36    -0.066
     282.39     0.035
     283.42     0.078
     284.45     0.020
     285.48    -0.082
     286.51    -0.047
     287.54    -0.087
     288.57    -0.003
     289.60     0.011
     290.63    -0.017
     291.66    -0.107
     292.69    -0.005
     293.72     0.009
     294.75     0.007
     295.78    -0.070
     296.81     0.015
     297.85     0.043
     298.88    -0.022
     299.91    -0.066
     300.94    -0.113
     301.97    -0.013
     303.00     0.012
     304.03     0.011
     305.06     0.003
     306.09    -0.040
     307.12     0.049
     308.15     0.074
     309.18    -0.002
     310.21    -0.015
     311.24     0.010
     312.27    -0.077
     313.30     0.002
     314.33     0.065
     315.37     0.022
     316.40    -0.105
     317.43     0.050
     318.46     0.020
     319.49     0.009
     320.52    -0.013
     321.55     0.035
     322.58    -0.009
     323.61     0.050
     324.64     0.008
     325.67    -0.035
     326.70     0.044
     327.73     0.093
     328.76    -0.047
     329.79     0.053
     330.82    -0.040
     331.85    -0.010
     332.89     0.021
     333.92    -0.064
     334.95    -0.001
     335.98     0.004
     337.01     0.019
     338.04     0.097
     339.07    -0.010
     340.10    -0.002
     341.13     0.020
     342.16     0.023
     343.19     0.025
     344.22    -0.056
     345.25    -0.056
     346.28    -0.007
     347.31     0.016
     348.34     0.026
     349.38     0.067
     350.41     0.066
     351.44     0.036
     352.47    -0.061
     353.50    -0.025
     354.53    -0.084
     355.56    -0.000
     356.59    -0.045
     357.62     0.015
     358.65    -0.009
     359.68    -0.032
     360.71     0.060
     361.74    -0.092
     362.77     0.119
     363.80     0.024
     364.83    -0.055
     365.86     0.015
     366.90     0.056
     367.93     0.046
     368.96     0.051
     369.99    -0.134
     371.02     0.033
     372.05     0.031
     373.08    -0.001
     374.11     0.042
     375.14     0.002
     376.17    -0.019
     377.20    -0.058
     378.23     0.110
     379.26    -0.003
     380.29    -0.065
     381.32     0.124
     382.35     0.061
     383.39     0.025
     384.42     0.078
     385.45     0.004
     386.48     0.030
     387.51     0.114
     388.54     0.030
     389.57     0.149
     390.60    -0.081
     391.63     0.133
     392.66     0.009
     393.69     0.181
     394.72    -0.077
     395.75     0.062
     396.78     0.025
     397.81     0.055
     398.84     0.031
     399.87    -0.008