%%LAB     777  datapoints: v_lsr [km/s] and T_B [K]
    -399.86     0.005
    -398.83    -0.078
    -397.80     0.002
    -396.76     0.067
    -395.73     0.097
    -394.70     0.026
    -393.67    -0.010
    -392.64     0.000
    -391.61     0.017
    -390.58    -0.031
    -389.55     0.028
    -388.52     0.019
    -387.49     0.036
    -386.46     0.037
    -385.43     0.033
    -384.40     0.075
    -383.37     0.032
    -382.34    -0.020
    -381.31     0.045
    -380.28    -0.040
    -379.25     0.025
    -378.21    -0.045
    -377.18     0.030
    -376.15     0.053
    -375.12     0.035
    -374.09    -0.069
    -373.06    -0.125
    -372.03    -0.002
    -371.00    -0.020
    -369.97    -0.023
    -368.94     0.026
    -367.91     0.070
    -366.88    -0.049
    -365.85     0.012
    -364.82     0.065
    -363.79    -0.101
    -362.76     0.049
    -361.73     0.030
    -360.70     0.095
    -359.66     0.011
    -358.63    -0.007
    -357.60    -0.012
    -356.57     0.050
    -355.54    -0.044
    -354.51     0.065
    -353.48     0.046
    -352.45    -0.047
    -351.42     0.069
    -350.39    -0.061
    -349.36    -0.010
    -348.33    -0.066
    -347.30    -0.017
    -346.27     0.026
    -345.24     0.007
    -344.21    -0.002
    -343.18    -0.093
    -342.15     0.021
    -341.11    -0.028
    -340.08    -0.035
    -339.05    -0.003
    -338.02    -0.035
    -336.99    -0.118
    -335.96     0.038
    -334.93    -0.099
    -333.90     0.023
    -332.87    -0.006
    -331.84    -0.053
    -330.81     0.092
    -329.78    -0.005
    -328.75     0.003
    -327.72    -0.035
    -326.69     0.035
    -325.66     0.033
    -324.63    -0.027
    -323.60     0.037
    -322.56    -0.007
    -321.53     0.040
    -320.50    -0.063
    -319.47     0.015
    -318.44     0.014
    -317.41    -0.011
    -316.38     0.032
    -315.35     0.078
    -314.32    -0.058
    -313.29     0.008
    -312.26    -0.035
    -311.23    -0.015
    -310.20    -0.030
    -309.17     0.026
    -308.14    -0.000
    -307.11     0.056
    -306.08     0.018
    -305.05     0.042
    -304.01    -0.106
    -302.98     0.002
    -301.95     0.027
    -300.92     0.046
    -299.89    -0.035
    -298.86     0.055
    -297.83     0.059
    -296.80     0.070
    -295.77    -0.038
    -294.74     0.020
    -293.71    -0.054
    -292.68    -0.018
    -291.65    -0.070
    -290.62     0.045
    -289.59     0.018
    -288.56    -0.071
    -287.53     0.007
    -286.50     0.040
    -285.46    -0.027
    -284.43     0.101
    -283.40     0.013
    -282.37     0.040
    -281.34     0.030
    -280.31     0.005
    -279.28     0.020
    -278.25     0.001
    -277.22     0.027
    -276.19     0.044
    -275.16     0.046
    -274.13    -0.048
    -273.10     0.015
    -272.07     0.014
    -271.04    -0.010
    -270.01     0.025
    -268.98     0.033
    -267.95     0.028
    -266.91     0.046
    -265.88     0.030
    -264.85    -0.067
    -263.82     0.087
    -262.79    -0.060
    -261.76     0.072
    -260.73    -0.063
    -259.70    -0.010
    -258.67     0.041
    -257.64    -0.087
    -256.61    -0.034
    -255.58    -0.009
    -254.55    -0.014
    -253.52    -0.012
    -252.49    -0.026
    -251.46     0.003
    -250.43     0.024
    -249.40     0.133
    -248.36    -0.005
    -247.33     0.052
    -246.30     0.006
    -245.27     0.078
    -244.24    -0.076
    -243.21    -0.040
    -242.18     0.026
    -241.15    -0.003
    -240.12    -0.041
    -239.09     0.063
    -238.06    -0.010
    -237.03     0.083
    -236.00     0.012
    -234.97     0.020
    -233.94     0.071
    -232.91    -0.070
    -231.88    -0.035
    -230.85     0.048
    -229.81     0.047
    -228.78    -0.019
    -227.75     0.018
    -226.72     0.015
    -225.69    -0.013
    -224.66     0.079
    -223.63    -0.001
    -222.60    -0.002
    -221.57    -0.002
    -220.54     0.055
    -219.51     0.001
    -218.48     0.020
    -217.45     0.071
    -216.42    -0.048
    -215.39    -0.042
    -214.36    -0.022
    -213.33    -0.108
    -212.29     0.025
    -211.26    -0.006
    -210.23     0.036
    -209.20    -0.020
    -208.17     0.054
    -207.14    -0.121
    -206.11     0.059
    -205.08    -0.005
    -204.05     0.041
    -203.02    -0.004
    -201.99     0.038
    -200.96     0.050
    -199.93     0.105
    -198.90    -0.012
    -197.87     0.065
    -196.84    -0.025
    -195.81    -0.077
    -194.78    -0.061
    -193.74     0.077
    -192.71    -0.052
    -191.68    -0.012
    -190.65    -0.000
    -189.62     0.012
    -188.59    -0.023
    -187.56    -0.021
    -186.53     0.004
    -185.50     0.069
    -184.47     0.009
    -183.44     0.041
    -182.41     0.001
    -181.38     0.043
    -180.35    -0.056
    -179.32     0.084
    -178.29    -0.033
    -177.26     0.015
    -176.23    -0.036
    -175.19     0.002
    -174.16     0.042
    -173.13    -0.011
    -172.10     0.042
    -171.07    -0.021
    -170.04    -0.083
    -169.01     0.130
    -167.98     0.082
    -166.95     0.074
    -165.92     0.060
    -164.89     0.094
    -163.86     0.003
    -162.83     0.067
    -161.80     0.018
    -160.77    -0.021
    -159.74    -0.049
    -158.71     0.017
    -157.68    -0.020
    -156.64    -0.047
    -155.61     0.005
    -154.58     0.007
    -153.55     0.025
    -152.52     0.066
    -151.49    -0.030
    -150.46    -0.052
    -149.43     0.060
    -148.40     0.037
    -147.37     0.002
    -146.34     0.062
    -145.31     0.015
    -144.28     0.125
    -143.25     0.058
    -142.22     0.082
    -141.19     0.027
    -140.16     0.117
    -139.13     0.069
    -138.09     0.178
    -137.06     0.090
    -136.03     0.226
    -135.00     0.187
    -133.97     0.231
    -132.94     0.115
    -131.91     0.189
    -130.88     0.287
    -129.85     0.203
    -128.82     0.327
    -127.79     0.383
    -126.76     0.388
    -125.73     0.357
    -124.70     0.350
    -123.67     0.360
    -122.64     0.300
    -121.61     0.363
    -120.58     0.333
    -119.54     0.383
    -118.51     0.399
    -117.48     0.379
    -116.45     0.379
    -115.42     0.427
    -114.39     0.393
    -113.36     0.480
    -112.33     0.429
    -111.30     0.498
    -110.27     0.540
    -109.24     0.513
    -108.21     0.571
    -107.18     0.616
    -106.15     0.535
    -105.12     0.688
    -104.09     0.665
    -103.06     0.851
    -102.03     0.682
    -100.99     0.803
     -99.96     0.812
     -98.93     0.905
     -97.90     0.844
     -96.87     0.903
     -95.84     0.859
     -94.81     0.962
     -93.78     1.071
     -92.75     1.001
     -91.72     0.875
     -90.69     0.950
     -89.66     0.944
     -88.63     0.868
     -87.60     0.923
     -86.57     0.913
     -85.54     0.941
     -84.51     0.845
     -83.48     0.879
     -82.44     0.920
     -81.41     0.849
     -80.38     0.937
     -79.35     0.816
     -78.32     0.983
     -77.29     0.965
     -76.26     1.030
     -75.23     0.967
     -74.20     1.069
     -73.17     1.206
     -72.14     1.267
     -71.11     1.379
     -70.08     1.528
     -69.05     1.582
     -68.02     1.746
     -66.99     1.831
     -65.96     2.091
     -64.93     2.175
     -63.89     2.334
     -62.86     2.509
     -61.83     2.679
     -60.80     2.775
     -59.77     3.042
     -58.74     3.188
     -57.71     3.370
     -56.68     3.516
     -55.65     3.730
     -54.62     4.045
     -53.59     4.256
     -52.56     4.425
     -51.53     4.726
     -50.50     4.929
     -49.47     5.375
     -48.44     5.573
     -47.41     5.947
     -46.38     6.357
     -45.34     6.926
     -44.31     7.321
     -43.28     7.941
     -42.25     8.149
     -41.22     8.204
     -40.19     7.741
     -39.16     7.261
     -38.13     6.956
     -37.10     6.665
     -36.07     6.361
     -35.04     6.317
     -34.01     6.216
     -32.98     6.375
     -31.95     6.750
     -30.92     7.357
     -29.89     7.781
     -28.86     8.124
     -27.83     8.304
     -26.79     8.731
     -25.76     8.955
     -24.73     9.155
     -23.70     9.053
     -22.67     9.113
     -21.64     9.062
     -20.61     9.025
     -19.58     8.885
     -18.55     8.796
     -17.52     8.634
     -16.49     8.636
     -15.46     8.692
     -14.43     9.214
     -13.40    10.092
     -12.37    11.715
     -11.34    13.025
     -10.31    13.914
      -9.28    15.018
      -8.24    16.779
      -7.21    19.459
      -6.18    23.152
      -5.15    27.314
      -4.12    31.007
      -3.09    33.299
      -2.06    34.401
      -1.03    34.706
       0.00    34.229
       1.03    33.481
       2.06    32.322
       3.09    28.703
       4.12    23.072
       5.15    17.428
       6.18    13.568
       7.21    10.941
       8.24     9.233
       9.28     7.714
      10.31     6.625
      11.34     5.505
      12.37     4.772
      13.40     4.154
      14.43     3.753
      15.46     3.292
      16.49     2.943
      17.52     2.501
      18.55     2.221
      19.58     1.873
      20.61     1.715
      21.64     1.302
      22.67     1.224
      23.70     0.918
      24.73     0.786
      25.76     0.694
      26.79     0.543
      27.83     0.363
      28.86     0.425
      29.89     0.300
      30.92     0.286
      31.95     0.204
      32.98     0.331
      34.01     0.192
      35.04     0.175
      36.07     0.182
      37.10     0.185
      38.13     0.200
      39.16     0.113
      40.19     0.070
      41.22     0.210
      42.25     0.051
      43.28     0.102
      44.31     0.056
      45.34     0.096
      46.38     0.043
      47.41    -0.002
      48.44     0.111
      49.47    -0.033
      50.50    -0.001
      51.53     0.083
      52.56     0.052
      53.59     0.091
      54.62     0.075
      55.65     0.023
      56.68     0.014
      57.71    -0.025
      58.74     0.059
      59.77     0.056
      60.80     0.052
      61.83     0.045
      62.86     0.049
      63.89     0.012
      64.93    -0.002
      65.96     0.001
      66.99    -0.025
      68.02     0.092
      69.05    -0.050
      70.08    -0.058
      71.11    -0.023
      72.14    -0.024
      73.17     0.024
      74.20    -0.079
      75.23    -0.019
      76.26     0.076
      77.29     0.035
      78.32     0.006
      79.35    -0.060
      80.38     0.015
      81.41     0.045
      82.44     0.086
      83.48     0.009
      84.51     0.038
      85.54    -0.042
      86.57    -0.002
      87.60     0.011
      88.63     0.013
      89.66    -0.045
      90.69     0.025
      91.72    -0.021
      92.75    -0.095
      93.78    -0.132
      94.81     0.064
      95.84    -0.045
      96.87     0.048
      97.90     0.017
      98.93    -0.044
      99.96     0.039
     100.99    -0.010
     102.03     0.022
     103.06     0.048
     104.09    -0.101
     105.12     0.014
     106.15     0.001
     107.18     0.021
     108.21    -0.009
     109.24    -0.027
     110.27     0.095
     111.30     0.052
     112.33    -0.023
     113.36     0.005
     114.39     0.009
     115.42    -0.092
     116.45     0.007
     117.48     0.019
     118.51     0.007
     119.54     0.022
     120.58     0.105
     121.61    -0.024
     122.64    -0.004
     123.67    -0.004
     124.70     0.022
     125.73     0.097
     126.76    -0.002
     127.79     0.000
     128.82    -0.039
     129.85     0.023
     130.88    -0.096
     131.91     0.007
     132.94     0.030
     133.97    -0.037
     135.00     0.073
     136.03    -0.025
     137.06     0.022
     138.09    -0.033
     139.13    -0.026
     140.16    -0.012
     141.19    -0.012
     142.22     0.051
     143.25     0.018
     144.28     0.132
     145.31    -0.053
     146.34     0.030
     147.37     0.025
     148.40     0.051
     149.43     0.015
     150.46    -0.012
     151.49    -0.058
     152.52     0.093
     153.55     0.029
     154.58    -0.076
     155.61    -0.007
     156.64    -0.000
     157.68    -0.000
     158.71     0.033
     159.74    -0.002
     160.77     0.063
     161.80     0.049
     162.83     0.039
     163.86    -0.110
     164.89     0.012
     165.92    -0.095
     166.95     0.025
     167.98     0.069
     169.01     0.040
     170.04    -0.004
     171.07     0.070
     172.10     0.129
     173.13     0.110
     174.16     0.045
     175.19    -0.018
     176.23    -0.009
     177.26     0.129
     178.29    -0.058
     179.32     0.004
     180.35     0.007
     181.38    -0.133
     182.41    -0.045
     183.44     0.003
     184.47    -0.050
     185.50     0.061
     186.53    -0.099
     187.56     0.035
     188.59     0.031
     189.62    -0.035
     190.65    -0.005
     191.68    -0.004
     192.71    -0.027
     193.74     0.067
     194.78     0.027
     195.81     0.071
     196.84     0.076
     197.87    -0.012
     198.90    -0.036
     199.93     0.024
     200.96    -0.030
     201.99     0.065
     203.02    -0.014
     204.05    -0.007
     205.08     0.036
     206.11     0.073
     207.14     0.011
     208.17     0.021
     209.20    -0.027
     210.23     0.049
     211.26    -0.024
     212.29    -0.026
     213.33    -0.003
     214.36    -0.015
     215.39    -0.015
     216.42    -0.107
     217.45    -0.067
     218.48    -0.043
     219.51    -0.020
     220.54     0.015
     221.57     0.040
     222.60     0.030
     223.63     0.061
     224.66     0.013
     225.69    -0.047
     226.72     0.007
     227.75    -0.020
     228.78     0.074
     229.81     0.081
     230.84     0.069
     231.88     0.047
     232.91    -0.007
     233.94    -0.102
     234.97     0.071
     236.00    -0.038
     237.03    -0.013
     238.06    -0.004
     239.09     0.017
     240.12     0.060
     241.15     0.068
     242.18     0.015
     243.21    -0.046
     244.24    -0.015
     245.27     0.027
     246.30    -0.063
     247.33     0.076
     248.36    -0.024
     249.40     0.066
     250.43    -0.061
     251.46     0.038
     252.49     0.063
     253.52    -0.004
     254.55    -0.083
     255.58     0.041
     256.61    -0.063
     257.64    -0.018
     258.67    -0.025
     259.70    -0.060
     260.73    -0.035
     261.76     0.056
     262.79     0.003
     263.82     0.054
     264.85     0.010
     265.88    -0.060
     266.91     0.066
     267.95     0.075
     268.98    -0.019
     270.01     0.087
     271.04    -0.023
     272.07    -0.024
     273.10     0.049
     274.13     0.016
     275.16    -0.053
     276.19    -0.018
     277.22    -0.003
     278.25    -0.020
     279.28     0.049
     280.31     0.076
     281.34     0.058
     282.37    -0.027
     283.40    -0.025
     284.43    -0.062
     285.46     0.019
     286.50    -0.002
     287.53    -0.059
     288.56     0.051
     289.59    -0.058
     290.62     0.004
     291.65     0.017
     292.68    -0.065
     293.71    -0.052
     294.74    -0.012
     295.77    -0.082
     296.80     0.033
     297.83    -0.076
     298.86    -0.036
     299.89     0.037
     300.92    -0.039
     301.95    -0.005
     302.98     0.028
     304.01     0.050
     305.05    -0.084
     306.08     0.003
     307.11    -0.006
     308.14     0.055
     309.17     0.074
     310.20    -0.056
     311.23     0.017
     312.26     0.037
     313.29    -0.011
     314.32    -0.151
     315.35     0.041
     316.38    -0.052
     317.41     0.022
     318.44     0.012
     319.47     0.030
     320.50    -0.011
     321.53     0.066
     322.56    -0.060
     323.60     0.008
     324.63     0.045
     325.66    -0.066
     326.69    -0.131
     327.72     0.002
     328.75     0.023
     329.78     0.139
     330.81    -0.047
     331.84     0.054
     332.87     0.040
     333.90     0.011
     334.93    -0.038
     335.96     0.010
     336.99    -0.019
     338.02     0.030
     339.05     0.029
     340.08     0.072
     341.11    -0.060
     342.15    -0.087
     343.18     0.055
     344.21    -0.042
     345.24    -0.023
     346.27    -0.014
     347.30    -0.009
     348.33    -0.045
     349.36    -0.113
     350.39    -0.041
     351.42    -0.002
     352.45     0.017
     353.48     0.038
     354.51     0.148
     355.54     0.013
     356.57    -0.009
     357.60     0.031
     358.63    -0.028
     359.66    -0.036
     360.70     0.022
     361.73    -0.055
     362.76     0.046
     363.79    -0.004
     364.82     0.072
     365.85     0.040
     366.88     0.016
     367.91     0.022
     368.94    -0.057
     369.97     0.042
     371.00    -0.113
     372.03    -0.063
     373.06    -0.040
     374.09     0.016
     375.12    -0.025
     376.15    -0.102
     377.18     0.081
     378.21     0.042
     379.25     0.120
     380.28    -0.071
     381.31     0.043
     382.34    -0.046
     383.37     0.054
     384.40     0.002
     385.43     0.068
     386.46     0.006
     387.49     0.082
     388.52    -0.014
     389.55     0.068
     390.58    -0.003
     391.61    -0.015
     392.64    -0.018
     393.67     0.029
     394.70    -0.046
     395.73     0.033
     396.76    -0.032
     397.80    -0.079
     398.83     0.001
     399.86    -0.010