%%LAB     777  datapoints: v_lsr [km/s] and T_B [K]
    -399.84    -0.003
    -398.81    -0.131
    -397.78     0.030
    -396.75    -0.028
    -395.72     0.058
    -394.69    -0.016
    -393.65    -0.049
    -392.62    -0.079
    -391.59    -0.002
    -390.56     0.091
    -389.53    -0.023
    -388.50     0.044
    -387.47     0.076
    -386.44    -0.034
    -385.41     0.107
    -384.38    -0.043
    -383.35     0.062
    -382.32     0.020
    -381.29     0.015
    -380.26    -0.075
    -379.23     0.104
    -378.20    -0.127
    -377.17     0.019
    -376.14    -0.006
    -375.11    -0.040
    -374.07    -0.073
    -373.04     0.011
    -372.01    -0.150
    -370.98     0.014
    -369.95     0.021
    -368.92     0.115
    -367.89     0.040
    -366.86     0.007
    -365.83    -0.016
    -364.80    -0.024
    -363.77    -0.010
    -362.74     0.022
    -361.71    -0.096
    -360.68     0.064
    -359.65    -0.018
    -358.62    -0.032
    -357.59     0.090
    -356.56    -0.004
    -355.53     0.013
    -354.50     0.025
    -353.46     0.020
    -352.43    -0.020
    -351.40     0.085
    -350.37     0.029
    -349.34     0.001
    -348.31     0.029
    -347.28    -0.068
    -346.25    -0.044
    -345.22    -0.032
    -344.19    -0.043
    -343.16     0.024
    -342.13    -0.018
    -341.10    -0.059
    -340.07     0.008
    -339.04    -0.033
    -338.01     0.007
    -336.98     0.000
    -335.95     0.011
    -334.92    -0.057
    -333.89    -0.031
    -332.85    -0.026
    -331.82     0.031
    -330.79    -0.019
    -329.76     0.021
    -328.73    -0.060
    -327.70     0.169
    -326.67     0.018
    -325.64     0.043
    -324.61     0.028
    -323.58     0.036
    -322.55    -0.009
    -321.52    -0.012
    -320.49     0.032
    -319.46    -0.018
    -318.43     0.083
    -317.40     0.075
    -316.37    -0.049
    -315.34    -0.068
    -314.31    -0.046
    -313.27    -0.023
    -312.24     0.044
    -311.21     0.004
    -310.18     0.052
    -309.15     0.050
    -308.12    -0.043
    -307.09     0.018
    -306.06     0.023
    -305.03    -0.053
    -304.00    -0.031
    -302.97     0.040
    -301.94     0.031
    -300.91     0.006
    -299.88    -0.114
    -298.85     0.011
    -297.82    -0.109
    -296.79     0.008
    -295.76    -0.013
    -294.73    -0.002
    -293.70     0.038
    -292.66    -0.009
    -291.63    -0.070
    -290.60     0.120
    -289.57    -0.024
    -288.54    -0.038
    -287.51    -0.010
    -286.48     0.044
    -285.45    -0.005
    -284.42     0.001
    -283.39     0.027
    -282.36     0.008
    -281.33     0.021
    -280.30     0.037
    -279.27     0.097
    -278.24     0.038
    -277.21     0.105
    -276.18     0.011
    -275.15    -0.018
    -274.12     0.031
    -273.08    -0.026
    -272.05     0.047
    -271.02    -0.046
    -269.99    -0.052
    -268.96    -0.047
    -267.93     0.007
    -266.90    -0.004
    -265.87     0.041
    -264.84    -0.086
    -263.81     0.026
    -262.78     0.061
    -261.75     0.025
    -260.72    -0.030
    -259.69     0.001
    -258.66    -0.086
    -257.63     0.026
    -256.60    -0.032
    -255.57    -0.022
    -254.54    -0.018
    -253.51     0.038
    -252.47     0.042
    -251.44    -0.059
    -250.41     0.007
    -249.38     0.004
    -248.35     0.016
    -247.32    -0.002
    -246.29    -0.049
    -245.26    -0.042
    -244.23    -0.056
    -243.20     0.002
    -242.17    -0.033
    -241.14     0.024
    -240.11     0.006
    -239.08     0.084
    -238.05     0.055
    -237.02    -0.037
    -235.99     0.029
    -234.96     0.067
    -233.93     0.016
    -232.90     0.049
    -231.86     0.000
    -230.83    -0.026
    -229.80     0.005
    -228.77    -0.108
    -227.74     0.023
    -226.71     0.124
    -225.68    -0.071
    -224.65    -0.063
    -223.62     0.082
    -222.59     0.087
    -221.56     0.039
    -220.53     0.051
    -219.50     0.010
    -218.47    -0.057
    -217.44    -0.028
    -216.41    -0.009
    -215.38    -0.023
    -214.35     0.014
    -213.32     0.075
    -212.28    -0.057
    -211.25    -0.060
    -210.22     0.104
    -209.19     0.029
    -208.16    -0.012
    -207.13    -0.125
    -206.10     0.030
    -205.07    -0.028
    -204.04    -0.007
    -203.01     0.124
    -201.98     0.023
    -200.95    -0.012
    -199.92     0.009
    -198.89    -0.031
    -197.86    -0.009
    -196.83    -0.005
    -195.80     0.006
    -194.77     0.053
    -193.74    -0.022
    -192.71     0.028
    -191.67    -0.020
    -190.64    -0.030
    -189.61     0.069
    -188.58    -0.030
    -187.55     0.013
    -186.52    -0.069
    -185.49    -0.032
    -184.46    -0.086
    -183.43     0.016
    -182.40    -0.075
    -181.37     0.092
    -180.34     0.012
    -179.31     0.053
    -178.28     0.010
    -177.25    -0.053
    -176.22    -0.031
    -175.19     0.017
    -174.16    -0.103
    -173.13    -0.058
    -172.10    -0.025
    -171.06    -0.034
    -170.03    -0.032
    -169.00     0.022
    -167.97    -0.019
    -166.94    -0.124
    -165.91    -0.055
    -164.88     0.031
    -163.85    -0.040
    -162.82     0.097
    -161.79    -0.077
    -160.76    -0.013
    -159.73     0.008
    -158.70    -0.019
    -157.67    -0.056
    -156.64    -0.015
    -155.61    -0.003
    -154.58     0.056
    -153.55     0.022
    -152.52     0.049
    -151.48     0.088
    -150.45     0.038
    -149.42     0.056
    -148.39     0.158
    -147.36     0.092
    -146.33     0.102
    -145.30     0.195
    -144.27     0.134
    -143.24     0.074
    -142.21     0.189
    -141.18     0.262
    -140.15     0.284
    -139.12     0.205
    -138.09     0.287
    -137.06     0.206
    -136.03     0.354
    -135.00     0.245
    -133.97     0.399
    -132.94     0.359
    -131.91     0.362
    -130.87     0.302
    -129.84     0.284
    -128.81     0.275
    -127.78     0.395
    -126.75     0.304
    -125.72     0.240
    -124.69     0.297
    -123.66     0.280
    -122.63     0.186
    -121.60     0.340
    -120.57     0.247
    -119.54     0.229
    -118.51     0.268
    -117.48     0.270
    -116.45     0.188
    -115.42     0.213
    -114.39     0.258
    -113.36     0.215
    -112.33     0.269
    -111.29     0.206
    -110.26     0.159
    -109.23     0.138
    -108.20     0.171
    -107.17     0.130
    -106.14     0.026
    -105.11     0.116
    -104.08     0.005
    -103.05     0.136
    -102.02     0.048
    -100.99     0.180
     -99.96    -0.018
     -98.93     0.058
     -97.90    -0.003
     -96.87     0.113
     -95.84     0.073
     -94.81     0.063
     -93.78     0.084
     -92.75     0.063
     -91.72     0.028
     -90.68     0.055
     -89.65     0.074
     -88.62     0.043
     -87.59     0.010
     -86.56     0.051
     -85.53     0.050
     -84.50    -0.019
     -83.47     0.008
     -82.44    -0.006
     -81.41     0.029
     -80.38     0.134
     -79.35     0.084
     -78.32     0.100
     -77.29     0.028
     -76.26     0.108
     -75.23     0.106
     -74.20     0.095
     -73.17     0.138
     -72.14     0.131
     -71.11     0.136
     -70.07     0.053
     -69.04     0.221
     -68.01     0.191
     -66.98     0.180
     -65.95     0.119
     -64.92     0.183
     -63.89     0.156
     -62.86     0.197
     -61.83     0.305
     -60.80     0.341
     -59.77     0.399
     -58.74     0.283
     -57.71     0.496
     -56.68     0.592
     -55.65     0.659
     -54.62     0.801
     -53.59     0.943
     -52.56     1.089
     -51.53     1.319
     -50.49     1.522
     -49.46     1.658
     -48.43     1.791
     -47.40     1.733
     -46.37     1.582
     -45.34     1.556
     -44.31     1.401
     -43.28     1.355
     -42.25     1.365
     -41.22     1.242
     -40.19     1.144
     -39.16     1.276
     -38.13     1.101
     -37.10     1.111
     -36.07     1.092
     -35.04     1.100
     -34.01     1.214
     -32.98     1.205
     -31.95     1.238
     -30.92     1.477
     -29.88     1.635
     -28.85     1.832
     -27.82     1.913
     -26.79     2.263
     -25.76     2.458
     -24.73     2.868
     -23.70     3.123
     -22.67     3.730
     -21.64     4.191
     -20.61     4.780
     -19.58     5.219
     -18.55     5.864
     -17.52     6.523
     -16.49     7.473
     -15.46     8.311
     -14.43     9.450
     -13.40    10.869
     -12.37    12.822
     -11.34    15.026
     -10.31    17.456
      -9.27    19.349
      -8.24    19.447
      -7.21    18.261
      -6.18    16.507
      -5.15    15.460
      -4.12    15.030
      -3.09    15.768
      -2.06    17.124
      -1.03    18.842
       0.00    23.188
       1.03    27.819
       2.06    29.429
       3.09    23.993
       4.12    15.298
       5.15     9.250
       6.18     6.500
       7.21     4.848
       8.24     4.000
       9.27     3.431
      10.31     2.954
      11.34     2.638
      12.37     2.182
      13.40     1.723
      14.43     1.561
      15.46     1.308
      16.49     1.208
      17.52     0.966
      18.55     0.838
      19.58     0.619
      20.61     0.599
      21.64     0.490
      22.67     0.364
      23.70     0.364
      24.73     0.171
      25.76     0.222
      26.79     0.182
      27.82     0.172
      28.85     0.215
      29.88     0.026
      30.92     0.080
      31.95     0.083
      32.98    -0.006
      34.01    -0.003
      35.04     0.063
      36.07    -0.048
      37.10     0.007
      38.13     0.063
      39.16     0.016
      40.19    -0.018
      41.22     0.038
      42.25     0.129
      43.28     0.094
      44.31     0.052
      45.34     0.007
      46.37    -0.028
      47.40    -0.033
      48.43     0.008
      49.46     0.084
      50.49     0.071
      51.53     0.010
      52.56    -0.037
      53.59     0.042
      54.62     0.017
      55.65     0.082
      56.68     0.008
      57.71     0.096
      58.74     0.021
      59.77     0.003
      60.80    -0.047
      61.83     0.017
      62.86     0.001
      63.89     0.044
      64.92     0.030
      65.95    -0.054
      66.98    -0.049
      68.01    -0.009
      69.04    -0.057
      70.07    -0.052
      71.11     0.000
      72.14     0.061
      73.17     0.035
      74.20     0.016
      75.23     0.019
      76.26     0.095
      77.29     0.018
      78.32     0.039
      79.35     0.019
      80.38    -0.010
      81.41    -0.058
      82.44     0.014
      83.47    -0.011
      84.50     0.073
      85.53    -0.071
      86.56     0.076
      87.59    -0.152
      88.62    -0.045
      89.65    -0.049
      90.68    -0.039
      91.72    -0.057
      92.75     0.015
      93.78    -0.023
      94.81     0.061
      95.84    -0.032
      96.87    -0.056
      97.90     0.014
      98.93     0.017
      99.96    -0.027
     100.99     0.106
     102.02    -0.010
     103.05    -0.020
     104.08    -0.100
     105.11     0.212
     106.14     0.104
     107.17    -0.060
     108.20     0.111
     109.23    -0.006
     110.26     0.045
     111.29     0.077
     112.33     0.030
     113.36     0.035
     114.39    -0.020
     115.42    -0.044
     116.45     0.051
     117.48     0.031
     118.51    -0.114
     119.54     0.038
     120.57     0.004
     121.60     0.066
     122.63     0.008
     123.66     0.038
     124.69    -0.043
     125.72     0.048
     126.75     0.005
     127.78     0.127
     128.81     0.029
     129.84     0.055
     130.87     0.028
     131.91    -0.019
     132.94     0.005
     133.97    -0.011
     135.00    -0.111
     136.03     0.028
     137.06     0.031
     138.09     0.111
     139.12    -0.095
     140.15     0.048
     141.18    -0.134
     142.21    -0.022
     143.24     0.049
     144.27    -0.068
     145.30    -0.008
     146.33    -0.140
     147.36     0.063
     148.39    -0.006
     149.42    -0.069
     150.45     0.052
     151.48    -0.074
     152.52    -0.010
     153.55    -0.133
     154.58    -0.066
     155.61    -0.141
     156.64    -0.092
     157.67    -0.098
     158.70     0.017
     159.73     0.067
     160.76     0.030
     161.79    -0.011
     162.82     0.040
     163.85    -0.023
     164.88     0.092
     165.91     0.048
     166.94     0.100
     167.97     0.051
     169.00     0.017
     170.03     0.028
     171.06    -0.053
     172.10    -0.070
     173.13    -0.050
     174.16     0.001
     175.19     0.061
     176.22    -0.023
     177.25    -0.041
     178.28     0.055
     179.31     0.168
     180.34    -0.082
     181.37    -0.028
     182.40     0.024
     183.43    -0.040
     184.46     0.041
     185.49    -0.051
     186.52    -0.038
     187.55     0.074
     188.58     0.037
     189.61     0.032
     190.64    -0.050
     191.67     0.044
     192.71     0.062
     193.74     0.091
     194.77     0.000
     195.80    -0.076
     196.83    -0.030
     197.86    -0.034
     198.89    -0.015
     199.92     0.071
     200.95     0.025
     201.98    -0.067
     203.01     0.077
     204.04     0.076
     205.07    -0.022
     206.10     0.035
     207.13    -0.058
     208.16     0.020
     209.19    -0.028
     210.22     0.089
     211.25    -0.115
     212.28     0.046
     213.32    -0.057
     214.35     0.045
     215.38    -0.056
     216.41     0.039
     217.44    -0.010
     218.47    -0.073
     219.50     0.036
     220.53     0.069
     221.56     0.017
     222.59     0.063
     223.62    -0.039
     224.65     0.021
     225.68     0.008
     226.71     0.008
     227.74    -0.005
     228.77    -0.087
     229.80    -0.056
     230.83    -0.029
     231.86    -0.061
     232.90     0.023
     233.93    -0.017
     234.96     0.017
     235.99     0.005
     237.02     0.000
     238.05    -0.018
     239.08    -0.021
     240.11    -0.006
     241.14    -0.036
     242.17    -0.047
     243.20     0.061
     244.23    -0.063
     245.26    -0.050
     246.29     0.049
     247.32     0.028
     248.35     0.007
     249.38     0.042
     250.41    -0.046
     251.44     0.017
     252.47     0.006
     253.51     0.048
     254.54    -0.031
     255.57     0.038
     256.60    -0.030
     257.63     0.043
     258.66     0.035
     259.69     0.102
     260.72     0.005
     261.75    -0.007
     262.78    -0.070
     263.81     0.019
     264.84    -0.044
     265.87     0.111
     266.90     0.027
     267.93     0.001
     268.96     0.009
     269.99     0.067
     271.02    -0.073
     272.05    -0.030
     273.08    -0.087
     274.12     0.019
     275.15    -0.071
     276.18    -0.041
     277.21     0.059
     278.24     0.008
     279.27    -0.005
     280.30     0.127
     281.33    -0.009
     282.36     0.070
     283.39     0.017
     284.42     0.027
     285.45     0.048
     286.48     0.051
     287.51     0.041
     288.54    -0.020
     289.57     0.002
     290.60     0.062
     291.63    -0.068
     292.66     0.011
     293.70    -0.009
     294.73     0.039
     295.76    -0.070
     296.79     0.045
     297.82     0.009
     298.85     0.041
     299.88    -0.049
     300.91     0.039
     301.94    -0.046
     302.97    -0.029
     304.00    -0.053
     305.03    -0.009
     306.06    -0.024
     307.09     0.052
     308.12     0.103
     309.15     0.047
     310.18    -0.001
     311.21     0.097
     312.24    -0.029
     313.27     0.011
     314.31     0.022
     315.34    -0.048
     316.37     0.031
     317.40     0.043
     318.43    -0.011
     319.46     0.068
     320.49    -0.052
     321.52     0.060
     322.55     0.001
     323.58     0.000
     324.61     0.028
     325.64     0.011
     326.67     0.015
     327.70    -0.032
     328.73     0.007
     329.76     0.100
     330.79     0.036
     331.82    -0.036
     332.85    -0.020
     333.89    -0.070
     334.92     0.028
     335.95     0.103
     336.98    -0.089
     338.01     0.083
     339.04     0.051
     340.07     0.044
     341.10    -0.075
     342.13     0.016
     343.16    -0.094
     344.19     0.043
     345.22     0.074
     346.25    -0.047
     347.28     0.030
     348.31    -0.083
     349.34    -0.009
     350.37    -0.042
     351.40    -0.028
     352.43     0.069
     353.46    -0.003
     354.50    -0.032
     355.53     0.009
     356.56     0.036
     357.59    -0.067
     358.62     0.079
     359.65    -0.049
     360.68    -0.032
     361.71    -0.033
     362.74    -0.057
     363.77     0.009
     364.80    -0.016
     365.83    -0.026
     366.86    -0.050
     367.89     0.025
     368.92    -0.093
     369.95     0.002
     370.98    -0.025
     372.01    -0.118
     373.04     0.021
     374.07    -0.023
     375.11     0.086
     376.14    -0.041
     377.17    -0.012
     378.20    -0.000
     379.23     0.017
     380.26    -0.015
     381.29     0.075
     382.32    -0.039
     383.35     0.030
     384.38     0.009
     385.41     0.005
     386.44    -0.007
     387.47    -0.017
     388.50    -0.022
     389.53     0.021
     390.56    -0.099
     391.59    -0.032
     392.62    -0.113
     393.65    -0.035
     394.69    -0.035
     395.72    -0.001
     396.75    -0.058
     397.78     0.022
     398.81    -0.100
     399.84    -0.005