%%LAB     777  datapoints: v_lsr [km/s] and T_B [K]
    -399.87     0.075
    -398.84    -0.082
    -397.81     0.000
    -396.78    -0.090
    -395.75     0.097
    -394.72    -0.021
    -393.69     0.120
    -392.66    -0.014
    -391.63     0.079
    -390.60    -0.003
    -389.57    -0.092
    -388.54    -0.027
    -387.51    -0.088
    -386.47    -0.085
    -385.44     0.032
    -384.41    -0.040
    -383.38     0.059
    -382.35    -0.021
    -381.32    -0.030
    -380.29     0.074
    -379.26     0.032
    -378.23    -0.041
    -377.20     0.027
    -376.17    -0.059
    -375.14    -0.013
    -374.11    -0.048
    -373.08    -0.006
    -372.05     0.015
    -371.02    -0.017
    -369.99     0.011
    -368.95     0.013
    -367.92    -0.037
    -366.89     0.075
    -365.86    -0.095
    -364.83     0.063
    -363.80    -0.027
    -362.77     0.062
    -361.74    -0.066
    -360.71    -0.056
    -359.68     0.035
    -358.65    -0.049
    -357.62    -0.061
    -356.59     0.038
    -355.56    -0.048
    -354.53     0.049
    -353.50    -0.071
    -352.47     0.057
    -351.43    -0.011
    -350.40    -0.004
    -349.37    -0.031
    -348.34     0.063
    -347.31    -0.080
    -346.28     0.014
    -345.25     0.019
    -344.22    -0.068
    -343.19    -0.036
    -342.16    -0.017
    -341.13    -0.020
    -340.10     0.055
    -339.07    -0.005
    -338.04    -0.057
    -337.01    -0.041
    -335.98     0.033
    -334.94     0.065
    -333.91     0.130
    -332.88    -0.074
    -331.85    -0.029
    -330.82    -0.049
    -329.79     0.041
    -328.76    -0.049
    -327.73    -0.059
    -326.70    -0.012
    -325.67    -0.029
    -324.64    -0.053
    -323.61     0.052
    -322.58     0.001
    -321.55     0.022
    -320.52     0.003
    -319.49     0.035
    -318.46    -0.050
    -317.42     0.012
    -316.39    -0.001
    -315.36    -0.038
    -314.33    -0.031
    -313.30     0.160
    -312.27     0.002
    -311.24     0.062
    -310.21    -0.027
    -309.18     0.071
    -308.15     0.049
    -307.12     0.042
    -306.09     0.095
    -305.06     0.022
    -304.03     0.024
    -303.00     0.157
    -301.97    -0.013
    -300.94     0.020
    -299.90     0.013
    -298.87    -0.140
    -297.84    -0.029
    -296.81    -0.032
    -295.78     0.025
    -294.75     0.004
    -293.72    -0.029
    -292.69     0.051
    -291.66     0.059
    -290.63     0.014
    -289.60     0.023
    -288.57    -0.007
    -287.54    -0.069
    -286.51    -0.032
    -285.48    -0.119
    -284.45     0.028
    -283.41    -0.053
    -282.38    -0.004
    -281.35     0.025
    -280.32    -0.084
    -279.29    -0.047
    -278.26    -0.014
    -277.23    -0.036
    -276.20    -0.034
    -275.17     0.005
    -274.14     0.001
    -273.11    -0.047
    -272.08     0.001
    -271.05     0.080
    -270.02     0.093
    -268.99     0.003
    -267.96     0.006
    -266.93     0.058
    -265.89     0.006
    -264.86    -0.010
    -263.83     0.005
    -262.80     0.039
    -261.77     0.063
    -260.74    -0.078
    -259.71     0.013
    -258.68     0.069
    -257.65    -0.068
    -256.62    -0.030
    -255.59    -0.105
    -254.56     0.056
    -253.53     0.001
    -252.50    -0.062
    -251.47    -0.059
    -250.44     0.084
    -249.41    -0.083
    -248.37    -0.029
    -247.34    -0.014
    -246.31     0.062
    -245.28    -0.064
    -244.25    -0.070
    -243.22    -0.013
    -242.19     0.045
    -241.16     0.039
    -240.13     0.007
    -239.10     0.067
    -238.07    -0.000
    -237.04    -0.061
    -236.01    -0.014
    -234.98     0.010
    -233.95     0.054
    -232.92     0.026
    -231.88     0.019
    -230.85     0.122
    -229.82    -0.011
    -228.79     0.010
    -227.76    -0.033
    -226.73     0.072
    -225.70    -0.069
    -224.67    -0.003
    -223.64     0.052
    -222.61     0.089
    -221.58     0.068
    -220.55     0.026
    -219.52     0.044
    -218.49     0.047
    -217.46    -0.001
    -216.43    -0.032
    -215.40     0.030
    -214.36     0.076
    -213.33     0.085
    -212.30    -0.024
    -211.27     0.016
    -210.24     0.155
    -209.21     0.003
    -208.18     0.019
    -207.15     0.016
    -206.12    -0.020
    -205.09    -0.103
    -204.06     0.005
    -203.03     0.009
    -202.00    -0.027
    -200.97    -0.010
    -199.94     0.033
    -198.91     0.006
    -197.88     0.039
    -196.84     0.027
    -195.81     0.086
    -194.78    -0.027
    -193.75    -0.068
    -192.72    -0.005
    -191.69    -0.007
    -190.66     0.084
    -189.63     0.000
    -188.60    -0.088
    -187.57    -0.059
    -186.54     0.102
    -185.51    -0.059
    -184.48    -0.026
    -183.45     0.074
    -182.42    -0.028
    -181.39     0.017
    -180.35    -0.039
    -179.32    -0.035
    -178.29     0.061
    -177.26    -0.021
    -176.23    -0.040
    -175.20     0.115
    -174.17     0.042
    -173.14     0.011
    -172.11    -0.098
    -171.08     0.047
    -170.05    -0.043
    -169.02     0.083
    -167.99     0.008
    -166.96     0.031
    -165.93     0.017
    -164.90    -0.025
    -163.87    -0.058
    -162.83     0.003
    -161.80    -0.145
    -160.77    -0.027
    -159.74     0.118
    -158.71     0.069
    -157.68    -0.010
    -156.65     0.034
    -155.62     0.047
    -154.59     0.013
    -153.56     0.006
    -152.53     0.055
    -151.50    -0.041
    -150.47     0.033
    -149.44    -0.019
    -148.41    -0.063
    -147.38     0.045
    -146.35    -0.009
    -145.31    -0.042
    -144.28     0.015
    -143.25     0.061
    -142.22    -0.035
    -141.19    -0.005
    -140.16    -0.006
    -139.13    -0.033
    -138.10    -0.002
    -137.07    -0.029
    -136.04    -0.009
    -135.01    -0.028
    -133.98    -0.080
    -132.95    -0.018
    -131.92     0.063
    -130.89    -0.059
    -129.86     0.033
    -128.82    -0.076
    -127.79     0.002
    -126.76     0.017
    -125.73    -0.021
    -124.70     0.017
    -123.67     0.008
    -122.64    -0.137
    -121.61     0.078
    -120.58     0.105
    -119.55    -0.088
    -118.52     0.016
    -117.49    -0.020
    -116.46    -0.003
    -115.43     0.027
    -114.40     0.026
    -113.37     0.155
    -112.34     0.066
    -111.30     0.097
    -110.27     0.080
    -109.24     0.099
    -108.21     0.040
    -107.18     0.098
    -106.15     0.011
    -105.12     0.057
    -104.09     0.131
    -103.06     0.090
    -102.03     0.008
    -101.00     0.086
     -99.97     0.079
     -98.94     0.163
     -97.91     0.142
     -96.88     0.119
     -95.85     0.120
     -94.82     0.208
     -93.78     0.095
     -92.75     0.197
     -91.72     0.202
     -90.69     0.202
     -89.66     0.180
     -88.63     0.299
     -87.60     0.195
     -86.57     0.193
     -85.54     0.083
     -84.51     0.167
     -83.48     0.156
     -82.45     0.165
     -81.42     0.153
     -80.39     0.179
     -79.36     0.155
     -78.33     0.265
     -77.29     0.251
     -76.26     0.274
     -75.23     0.189
     -74.20     0.301
     -73.17     0.435
     -72.14     0.348
     -71.11     0.366
     -70.08     0.481
     -69.05     0.468
     -68.02     0.624
     -66.99     0.583
     -65.96     0.679
     -64.93     0.676
     -63.90     0.697
     -62.87     0.742
     -61.84     0.795
     -60.81     0.925
     -59.77     1.111
     -58.74     1.002
     -57.71     1.080
     -56.68     1.093
     -55.65     1.143
     -54.62     1.084
     -53.59     1.112
     -52.56     1.141
     -51.53     1.115
     -50.50     1.084
     -49.47     1.179
     -48.44     1.132
     -47.41     1.079
     -46.38     0.999
     -45.35     1.103
     -44.32     0.999
     -43.29     1.085
     -42.25     1.210
     -41.22     1.229
     -40.19     1.333
     -39.16     1.571
     -38.13     1.668
     -37.10     1.843
     -36.07     1.882
     -35.04     1.971
     -34.01     2.106
     -32.98     2.262
     -31.95     2.348
     -30.92     2.462
     -29.89     2.630
     -28.86     2.820
     -27.83     2.909
     -26.80     3.069
     -25.76     3.261
     -24.73     3.572
     -23.70     3.867
     -22.67     3.980
     -21.64     4.382
     -20.61     4.705
     -19.58     4.896
     -18.55     5.117
     -17.52     5.388
     -16.49     5.593
     -15.46     5.682
     -14.43     5.828
     -13.40     5.906
     -12.37     6.180
     -11.34     6.564
     -10.31     6.953
      -9.28     7.366
      -8.24     8.390
      -7.21     9.569
      -6.18    11.111
      -5.15    12.851
      -4.12    15.469
      -3.09    18.062
      -2.06    19.632
      -1.03    20.629
       0.00    20.934
       1.03    20.456
       2.06    19.687
       3.09    18.984
       4.12    18.384
       5.15    16.942
       6.18    14.816
       7.21    11.969
       8.24     9.348
       9.28     7.469
      10.31     6.132
      11.34     4.846
      12.37     3.978
      13.40     3.206
      14.43     2.448
      15.46     1.979
      16.49     1.596
      17.52     1.281
      18.55     1.109
      19.58     0.765
      20.61     0.683
      21.64     0.538
      22.67     0.392
      23.70     0.317
      24.73     0.257
      25.77     0.252
      26.80     0.155
      27.83     0.101
      28.86     0.110
      29.89     0.143
      30.92     0.113
      31.95     0.088
      32.98     0.061
      34.01     0.024
      35.04     0.028
      36.07     0.006
      37.10     0.028
      38.13     0.006
      39.16     0.085
      40.19     0.051
      41.22     0.059
      42.25    -0.041
      43.29     0.080
      44.32    -0.078
      45.35     0.003
      46.38    -0.027
      47.41     0.027
      48.44    -0.016
      49.47     0.052
      50.50     0.073
      51.53     0.009
      52.56     0.136
      53.59     0.157
      54.62    -0.021
      55.65     0.088
      56.68    -0.017
      57.71     0.025
      58.74     0.007
      59.77     0.098
      60.81     0.040
      61.84    -0.037
      62.87     0.087
      63.90     0.090
      64.93     0.027
      65.96     0.085
      66.99     0.034
      68.02     0.069
      69.05    -0.073
      70.08     0.001
      71.11    -0.020
      72.14     0.014
      73.17    -0.088
      74.20    -0.027
      75.23    -0.039
      76.26    -0.043
      77.29     0.037
      78.33     0.078
      79.36     0.032
      80.39    -0.013
      81.42     0.007
      82.45    -0.020
      83.48     0.020
      84.51     0.114
      85.54    -0.008
      86.57     0.072
      87.60    -0.016
      88.63     0.170
      89.66    -0.029
      90.69     0.097
      91.72     0.028
      92.75    -0.062
      93.78     0.103
      94.82     0.100
      95.85     0.046
      96.88     0.053
      97.91    -0.020
      98.94     0.026
      99.97     0.064
     101.00     0.098
     102.03    -0.027
     103.06    -0.010
     104.09     0.023
     105.12     0.021
     106.15    -0.028
     107.18     0.014
     108.21     0.048
     109.24    -0.017
     110.27    -0.031
     111.30     0.078
     112.34     0.026
     113.37     0.045
     114.40     0.019
     115.43     0.038
     116.46     0.045
     117.49     0.038
     118.52    -0.056
     119.55    -0.028
     120.58    -0.043
     121.61    -0.010
     122.64     0.005
     123.67    -0.008
     124.70    -0.042
     125.73    -0.021
     126.76     0.011
     127.79     0.034
     128.82    -0.010
     129.86     0.066
     130.89    -0.073
     131.92    -0.049
     132.95     0.004
     133.98     0.012
     135.01    -0.011
     136.04     0.053
     137.07    -0.055
     138.10     0.049
     139.13    -0.076
     140.16    -0.078
     141.19    -0.011
     142.22    -0.024
     143.25    -0.035
     144.28     0.003
     145.31    -0.033
     146.35    -0.045
     147.38    -0.017
     148.41    -0.070
     149.44    -0.064
     150.47     0.073
     151.50    -0.001
     152.53    -0.057
     153.56    -0.058
     154.59    -0.004
     155.62    -0.084
     156.65     0.054
     157.68    -0.078
     158.71     0.076
     159.74    -0.034
     160.77     0.123
     161.80    -0.001
     162.83     0.062
     163.87     0.046
     164.90     0.043
     165.93    -0.007
     166.96     0.052
     167.99     0.013
     169.02     0.066
     170.05    -0.060
     171.08    -0.045
     172.11     0.035
     173.14     0.040
     174.17    -0.020
     175.20    -0.041
     176.23     0.051
     177.26    -0.011
     178.29    -0.015
     179.32     0.028
     180.35     0.088
     181.39     0.121
     182.42     0.000
     183.45     0.013
     184.48    -0.096
     185.51     0.065
     186.54     0.004
     187.57     0.042
     188.60     0.005
     189.63     0.043
     190.66     0.026
     191.69    -0.076
     192.72    -0.102
     193.75     0.019
     194.78    -0.045
     195.81    -0.030
     196.84     0.034
     197.88    -0.042
     198.91    -0.080
     199.94    -0.050
     200.97    -0.019
     202.00    -0.045
     203.03    -0.154
     204.06    -0.054
     205.09     0.027
     206.12     0.011
     207.15    -0.037
     208.18     0.072
     209.21     0.035
     210.24     0.025
     211.27    -0.060
     212.30    -0.006
     213.33     0.037
     214.36     0.018
     215.40    -0.103
     216.43     0.009
     217.46    -0.025
     218.49     0.056
     219.52     0.006
     220.55     0.012
     221.58    -0.018
     222.61     0.030
     223.64    -0.006
     224.67     0.026
     225.70     0.079
     226.73     0.082
     227.76    -0.045
     228.79     0.078
     229.82    -0.014
     230.85     0.065
     231.88    -0.052
     232.92    -0.053
     233.95    -0.035
     234.98    -0.015
     236.01     0.024
     237.04    -0.024
     238.07    -0.019
     239.10    -0.033
     240.13    -0.093
     241.16     0.105
     242.19     0.073
     243.22     0.013
     244.25    -0.008
     245.28     0.076
     246.31     0.018
     247.34     0.052
     248.37    -0.001
     249.41    -0.031
     250.44    -0.017
     251.47     0.029
     252.50    -0.023
     253.53     0.074
     254.56    -0.016
     255.59    -0.008
     256.62     0.003
     257.65     0.082
     258.68    -0.055
     259.71     0.059
     260.74    -0.066
     261.77     0.056
     262.80    -0.030
     263.83     0.053
     264.86    -0.007
     265.89     0.051
     266.93     0.018
     267.96     0.020
     268.99    -0.104
     270.02     0.101
     271.05     0.021
     272.08     0.138
     273.11     0.011
     274.14    -0.001
     275.17    -0.036
     276.20     0.066
     277.23    -0.023
     278.26     0.016
     279.29    -0.106
     280.32     0.026
     281.35    -0.009
     282.38    -0.018
     283.41    -0.053
     284.45    -0.039
     285.48    -0.026
     286.51    -0.030
     287.54     0.010
     288.57     0.086
     289.60    -0.049
     290.63    -0.130
     291.66    -0.128
     292.69    -0.051
     293.72     0.042
     294.75     0.058
     295.78    -0.030
     296.81     0.146
     297.84    -0.039
     298.87     0.114
     299.90     0.013
     300.94     0.112
     301.97    -0.043
     303.00     0.062
     304.03     0.018
     305.06     0.007
     306.09    -0.033
     307.12     0.001
     308.15    -0.042
     309.18     0.058
     310.21    -0.054
     311.24     0.056
     312.27    -0.006
     313.30     0.019
     314.33     0.001
     315.36    -0.033
     316.39    -0.025
     317.42     0.009
     318.46    -0.072
     319.49    -0.043
     320.52    -0.059
     321.55     0.061
     322.58    -0.023
     323.61     0.004
     324.64    -0.030
     325.67     0.091
     326.70    -0.015
     327.73     0.030
     328.76    -0.065
     329.79    -0.041
     330.82     0.036
     331.85     0.004
     332.88    -0.074
     333.91     0.095
     334.94     0.035
     335.98     0.074
     337.01     0.018
     338.04    -0.022
     339.07     0.022
     340.10     0.024
     341.13     0.069
     342.16     0.082
     343.19     0.018
     344.22     0.079
     345.25    -0.052
     346.28    -0.058
     347.31    -0.119
     348.34     0.081
     349.37    -0.044
     350.40    -0.017
     351.43    -0.032
     352.47    -0.078
     353.50    -0.087
     354.53    -0.037
     355.56     0.069
     356.59    -0.034
     357.62    -0.073
     358.65     0.036
     359.68    -0.101
     360.71     0.011
     361.74     0.039
     362.77     0.114
     363.80     0.009
     364.83    -0.047
     365.86    -0.031
     366.89     0.032
     367.92    -0.083
     368.95     0.027
     369.99    -0.037
     371.02     0.013
     372.05     0.055
     373.08     0.090
     374.11     0.022
     375.14     0.059
     376.17    -0.132
     377.20     0.016
     378.23    -0.008
     379.26    -0.038
     380.29    -0.003
     381.32     0.096
     382.35     0.045
     383.38     0.050
     384.41     0.049
     385.44     0.011
     386.47     0.057
     387.51     0.079
     388.54     0.084
     389.57     0.019
     390.60     0.040
     391.63     0.057
     392.66     0.018
     393.69     0.069
     394.72    -0.057
     395.75     0.063
     396.78     0.056
     397.81     0.057
     398.84     0.077
     399.87     0.114