%%LAB     777  datapoints: v_lsr [km/s] and T_B [K]
    -399.83     0.066
    -398.80    -0.112
    -397.77     0.019
    -396.74    -0.105
    -395.71     0.161
    -394.68     0.001
    -393.65     0.019
    -392.62    -0.011
    -391.59     0.055
    -390.56     0.000
    -389.53     0.027
    -388.50    -0.068
    -387.47     0.135
    -386.44    -0.146
    -385.41    -0.096
    -384.38    -0.031
    -383.35    -0.069
    -382.31    -0.044
    -381.28    -0.037
    -380.25     0.020
    -379.22     0.048
    -378.19    -0.052
    -377.16    -0.007
    -376.13    -0.071
    -375.10    -0.040
    -374.07    -0.020
    -373.04     0.043
    -372.01    -0.021
    -370.98     0.028
    -369.95     0.003
    -368.92    -0.033
    -367.89    -0.012
    -366.86    -0.070
    -365.83    -0.066
    -364.80     0.001
    -363.77     0.021
    -362.74     0.046
    -361.70    -0.056
    -360.67     0.145
    -359.64    -0.071
    -358.61    -0.011
    -357.58    -0.020
    -356.55    -0.035
    -355.52     0.039
    -354.49    -0.086
    -353.46    -0.059
    -352.43    -0.041
    -351.40     0.047
    -350.37    -0.026
    -349.34     0.033
    -348.31     0.040
    -347.28     0.032
    -346.25    -0.082
    -345.22    -0.025
    -344.19    -0.008
    -343.16    -0.048
    -342.13    -0.083
    -341.09     0.015
    -340.06     0.070
    -339.03    -0.101
    -338.00     0.030
    -336.97     0.041
    -335.94     0.073
    -334.91     0.048
    -333.88     0.015
    -332.85    -0.014
    -331.82    -0.003
    -330.79    -0.100
    -329.76     0.065
    -328.73    -0.040
    -327.70     0.069
    -326.67    -0.013
    -325.64    -0.021
    -324.61    -0.022
    -323.58    -0.045
    -322.55     0.063
    -321.52     0.058
    -320.48    -0.094
    -319.45    -0.081
    -318.42    -0.055
    -317.39     0.097
    -316.36    -0.021
    -315.33     0.039
    -314.30    -0.125
    -313.27     0.020
    -312.24     0.019
    -311.21     0.098
    -310.18     0.072
    -309.15     0.113
    -308.12     0.138
    -307.09     0.018
    -306.06    -0.004
    -305.03     0.111
    -304.00    -0.027
    -302.97    -0.023
    -301.94    -0.075
    -300.91     0.149
    -299.88     0.034
    -298.84     0.020
    -297.81     0.036
    -296.78     0.117
    -295.75     0.085
    -294.72    -0.005
    -293.69    -0.025
    -292.66    -0.011
    -291.63     0.078
    -290.60     0.082
    -289.57    -0.049
    -288.54     0.010
    -287.51    -0.011
    -286.48    -0.014
    -285.45    -0.073
    -284.42     0.018
    -283.39    -0.025
    -282.36     0.039
    -281.33     0.011
    -280.30     0.055
    -279.27     0.144
    -278.23     0.121
    -277.20     0.042
    -276.17    -0.009
    -275.14     0.038
    -274.11    -0.030
    -273.08     0.038
    -272.05     0.013
    -271.02     0.030
    -269.99    -0.067
    -268.96    -0.112
    -267.93    -0.016
    -266.90    -0.050
    -265.87     0.052
    -264.84    -0.039
    -263.81     0.037
    -262.78    -0.056
    -261.75    -0.027
    -260.72     0.006
    -259.69    -0.017
    -258.66     0.035
    -257.62     0.077
    -256.59    -0.162
    -255.56    -0.028
    -254.53     0.024
    -253.50    -0.099
    -252.47     0.057
    -251.44    -0.039
    -250.41     0.075
    -249.38     0.106
    -248.35     0.098
    -247.32     0.006
    -246.29    -0.147
    -245.26    -0.110
    -244.23     0.035
    -243.20     0.030
    -242.17    -0.046
    -241.14     0.063
    -240.11    -0.017
    -239.08     0.097
    -238.05     0.020
    -237.01     0.032
    -235.98    -0.001
    -234.95     0.026
    -233.92     0.032
    -232.89     0.192
    -231.86     0.013
    -230.83     0.071
    -229.80     0.091
    -228.77     0.050
    -227.74     0.044
    -226.71    -0.038
    -225.68     0.032
    -224.65     0.163
    -223.62    -0.068
    -222.59     0.030
    -221.56    -0.015
    -220.53     0.049
    -219.50     0.060
    -218.47    -0.018
    -217.44    -0.041
    -216.40     0.075
    -215.37    -0.126
    -214.34    -0.007
    -213.31    -0.080
    -212.28    -0.008
    -211.25     0.019
    -210.22     0.040
    -209.19     0.047
    -208.16    -0.017
    -207.13    -0.087
    -206.10     0.036
    -205.07    -0.086
    -204.04     0.003
    -203.01    -0.077
    -201.98     0.041
    -200.95     0.003
    -199.92    -0.047
    -198.89    -0.004
    -197.86    -0.016
    -196.83    -0.014
    -195.79     0.043
    -194.76     0.075
    -193.73     0.111
    -192.70    -0.079
    -191.67     0.108
    -190.64    -0.039
    -189.61     0.065
    -188.58     0.029
    -187.55     0.036
    -186.52     0.023
    -185.49     0.067
    -184.46    -0.041
    -183.43    -0.055
    -182.40    -0.013
    -181.37     0.124
    -180.34     0.016
    -179.31     0.045
    -178.28    -0.005
    -177.25     0.058
    -176.22     0.055
    -175.18     0.077
    -174.15    -0.152
    -173.12     0.086
    -172.09     0.050
    -171.06    -0.033
    -170.03     0.006
    -169.00     0.094
    -167.97    -0.074
    -166.94     0.051
    -165.91    -0.031
    -164.88     0.105
    -163.85     0.017
    -162.82    -0.073
    -161.79    -0.009
    -160.76     0.013
    -159.73    -0.073
    -158.70     0.011
    -157.67     0.007
    -156.64     0.085
    -155.61    -0.002
    -154.57    -0.096
    -153.54     0.067
    -152.51    -0.093
    -151.48    -0.007
    -150.45     0.133
    -149.42    -0.011
    -148.39     0.051
    -147.36     0.074
    -146.33     0.071
    -145.30    -0.048
    -144.27     0.126
    -143.24     0.014
    -142.21     0.084
    -141.18     0.054
    -140.15     0.202
    -139.12     0.205
    -138.09     0.237
    -137.06     0.338
    -136.03     0.484
    -135.00     0.376
    -133.96     0.530
    -132.93     0.652
    -131.90     0.863
    -130.87     0.747
    -129.84     1.082
    -128.81     0.994
    -127.78     1.435
    -126.75     1.464
    -125.72     1.709
    -124.69     1.885
    -123.66     2.247
    -122.63     2.476
    -121.60     3.044
    -120.57     3.255
    -119.54     3.656
    -118.51     3.730
    -117.48     4.119
    -116.45     4.443
    -115.42     4.677
    -114.39     5.263
    -113.35     6.083
    -112.32     6.553
    -111.29     7.477
    -110.26     7.810
    -109.23     8.015
    -108.20     8.049
    -107.17     8.300
    -106.14     8.649
    -105.11     8.866
    -104.08     8.856
    -103.05     8.954
    -102.02     8.901
    -100.99     8.865
     -99.96     8.829
     -98.93     9.251
     -97.90     9.653
     -96.87    10.629
     -95.84    11.390
     -94.81    12.582
     -93.78    13.777
     -92.74    15.845
     -91.71    18.738
     -90.68    23.125
     -89.65    28.344
     -88.62    34.237
     -87.59    38.789
     -86.56    42.419
     -85.53    45.100
     -84.50    46.725
     -83.47    47.935
     -82.44    48.735
     -81.41    49.129
     -80.38    50.204
     -79.35    51.718
     -78.32    53.331
     -77.29    54.309
     -76.26    55.068
     -75.23    54.950
     -74.20    54.580
     -73.17    55.432
     -72.13    56.777
     -71.10    58.034
     -70.07    58.660
     -69.04    58.119
     -68.01    55.358
     -66.98    51.672
     -65.95    47.395
     -64.92    42.989
     -63.89    39.125
     -62.86    35.418
     -61.83    32.364
     -60.80    29.397
     -59.77    26.820
     -58.74    24.662
     -57.71    23.078
     -56.68    22.278
     -55.65    22.035
     -54.62    22.344
     -53.59    22.737
     -52.56    23.388
     -51.52    23.752
     -50.49    23.651
     -49.46    23.572
     -48.43    23.057
     -47.40    22.886
     -46.37    22.056
     -45.34    21.016
     -44.31    19.708
     -43.28    18.287
     -42.25    17.033
     -41.22    16.244
     -40.19    15.665
     -39.16    16.053
     -38.13    16.830
     -37.10    18.059
     -36.07    19.524
     -35.04    20.934
     -34.01    22.162
     -32.98    23.261
     -31.95    23.576
     -30.91    23.953
     -29.88    24.383
     -28.85    25.069
     -27.82    26.058
     -26.79    27.968
     -25.76    30.274
     -24.73    33.391
     -23.70    36.310
     -22.67    39.233
     -21.64    41.673
     -20.61    44.567
     -19.58    47.780
     -18.55    51.793
     -17.52    56.777
     -16.49    61.698
     -15.46    66.318
     -14.43    70.131
     -13.40    74.139
     -12.37    77.994
     -11.34    81.477
     -10.30    84.794
      -9.27    87.051
      -8.24    88.253
      -7.21    89.781
      -6.18    89.665
      -5.15    88.965
      -4.12    87.538
      -3.09    85.952
      -2.06    85.350
      -1.03    85.266
       0.00    84.712
       1.03    85.295
       2.06    86.863
       3.09    87.741
       4.12    86.335
       5.15    83.764
       6.18    82.440
       7.21    80.955
       8.24    79.439
       9.27    77.673
      10.30    75.585
      11.34    72.394
      12.37    66.238
      13.40    59.055
      14.43    51.545
      15.46    41.368
      16.49    31.391
      17.52    24.487
      18.55    20.292
      19.58    17.916
      20.61    16.300
      21.64    15.022
      22.67    14.177
      23.70    13.140
      24.73    12.331
      25.76    11.401
      26.79    10.445
      27.82     9.257
      28.85     8.124
      29.88     7.036
      30.91     5.657
      31.95     4.563
      32.98     3.451
      34.01     2.613
      35.04     1.950
      36.07     1.571
      37.10     1.168
      38.13     0.903
      39.16     0.708
      40.19     0.559
      41.22     0.522
      42.25     0.372
      43.28     0.383
      44.31     0.370
      45.34     0.377
      46.37     0.210
      47.40     0.239
      48.43     0.169
      49.46     0.209
      50.49     0.185
      51.52     0.275
      52.56     0.019
      53.59     0.238
      54.62     0.043
      55.65     0.107
      56.68     0.054
      57.71     0.030
      58.74     0.306
      59.77     0.076
      60.80    -0.044
      61.83     0.077
      62.86     0.165
      63.89     0.067
      64.92     0.069
      65.95    -0.026
      66.98    -0.030
      68.01     0.064
      69.04     0.114
      70.07     0.138
      71.10    -0.014
      72.13     0.113
      73.17     0.022
      74.20     0.199
      75.23    -0.017
      76.26     0.057
      77.29     0.003
      78.32    -0.022
      79.35     0.031
      80.38     0.110
      81.41     0.103
      82.44     0.041
      83.47     0.002
      84.50    -0.008
      85.53    -0.045
      86.56     0.004
      87.59    -0.040
      88.62     0.061
      89.65    -0.034
      90.68     0.105
      91.71    -0.089
      92.74     0.011
      93.78     0.026
      94.81     0.002
      95.84     0.009
      96.87    -0.021
      97.90     0.026
      98.93    -0.039
      99.96    -0.054
     100.99     0.004
     102.02    -0.017
     103.05     0.012
     104.08    -0.039
     105.11    -0.081
     106.14     0.108
     107.17     0.024
     108.20    -0.117
     109.23    -0.022
     110.26    -0.019
     111.29     0.004
     112.32    -0.020
     113.35    -0.013
     114.39     0.023
     115.42     0.058
     116.45    -0.029
     117.48     0.044
     118.51     0.007
     119.54     0.092
     120.57    -0.054
     121.60     0.027
     122.63     0.047
     123.66    -0.048
     124.69    -0.066
     125.72     0.036
     126.75    -0.064
     127.78    -0.020
     128.81     0.053
     129.84     0.066
     130.87     0.015
     131.90    -0.030
     132.93    -0.015
     133.96     0.033
     135.00    -0.029
     136.03     0.046
     137.06    -0.043
     138.09    -0.007
     139.12    -0.077
     140.15     0.049
     141.18    -0.068
     142.21     0.019
     143.24     0.002
     144.27    -0.107
     145.30     0.054
     146.33     0.004
     147.36     0.114
     148.39    -0.006
     149.42    -0.005
     150.45    -0.014
     151.48     0.014
     152.51     0.120
     153.54     0.060
     154.57     0.002
     155.61     0.093
     156.64     0.071
     157.67    -0.027
     158.70     0.103
     159.73    -0.121
     160.76     0.018
     161.79    -0.044
     162.82     0.083
     163.85     0.041
     164.88     0.057
     165.91    -0.056
     166.94     0.033
     167.97    -0.017
     169.00    -0.006
     170.03    -0.070
     171.06     0.052
     172.09     0.040
     173.12    -0.005
     174.15     0.020
     175.18     0.014
     176.22    -0.012
     177.25     0.039
     178.28    -0.086
     179.31     0.100
     180.34    -0.004
     181.37     0.023
     182.40    -0.030
     183.43     0.057
     184.46     0.014
     185.49     0.019
     186.52    -0.032
     187.55     0.023
     188.58    -0.084
     189.61    -0.031
     190.64    -0.054
     191.67     0.072
     192.70     0.028
     193.73     0.095
     194.76     0.004
     195.79    -0.015
     196.83     0.033
     197.86     0.054
     198.89     0.080
     199.92     0.048
     200.95     0.027
     201.98     0.103
     203.01    -0.007
     204.04     0.090
     205.07    -0.095
     206.10     0.024
     207.13    -0.075
     208.16    -0.036
     209.19    -0.063
     210.22    -0.068
     211.25    -0.067
     212.28    -0.040
     213.31    -0.090
     214.34     0.084
     215.37    -0.059
     216.40     0.025
     217.44    -0.063
     218.47    -0.039
     219.50    -0.019
     220.53     0.005
     221.56    -0.000
     222.59    -0.071
     223.62     0.041
     224.65    -0.012
     225.68     0.136
     226.71     0.095
     227.74    -0.076
     228.77    -0.019
     229.80    -0.140
     230.83    -0.087
     231.86    -0.029
     232.89     0.041
     233.92     0.022
     234.95    -0.079
     235.98     0.041
     237.01     0.057
     238.05     0.077
     239.08     0.126
     240.11    -0.041
     241.14     0.072
     242.17    -0.022
     243.20     0.022
     244.23    -0.051
     245.26    -0.015
     246.29    -0.069
     247.32     0.119
     248.35    -0.020
     249.38    -0.018
     250.41     0.022
     251.44     0.176
     252.47     0.014
     253.50     0.013
     254.53    -0.010
     255.56     0.051
     256.59    -0.028
     257.62     0.042
     258.66     0.094
     259.69    -0.059
     260.72    -0.104
     261.75    -0.045
     262.78     0.045
     263.81     0.078
     264.84     0.048
     265.87     0.004
     266.90    -0.090
     267.93    -0.018
     268.96    -0.087
     269.99    -0.046
     271.02     0.055
     272.05     0.055
     273.08    -0.100
     274.11    -0.006
     275.14    -0.063
     276.17    -0.010
     277.20     0.014
     278.23    -0.066
     279.27     0.055
     280.30     0.002
     281.33    -0.017
     282.36    -0.057
     283.39     0.006
     284.42     0.094
     285.45    -0.067
     286.48    -0.107
     287.51    -0.034
     288.54     0.035
     289.57    -0.041
     290.60     0.104
     291.63     0.045
     292.66    -0.036
     293.69    -0.019
     294.72     0.056
     295.75    -0.031
     296.78     0.059
     297.81    -0.039
     298.84    -0.017
     299.88    -0.129
     300.91     0.028
     301.94     0.081
     302.97     0.018
     304.00     0.008
     305.03    -0.040
     306.06    -0.058
     307.09    -0.012
     308.12    -0.131
     309.15    -0.051
     310.18    -0.080
     311.21     0.000
     312.24    -0.095
     313.27     0.086
     314.30     0.012
     315.33     0.032
     316.36     0.014
     317.39     0.041
     318.42     0.057
     319.45     0.065
     320.48     0.075
     321.52    -0.007
     322.55    -0.092
     323.58     0.023
     324.61    -0.053
     325.64     0.001
     326.67    -0.022
     327.70     0.052
     328.73    -0.023
     329.76    -0.023
     330.79    -0.063
     331.82     0.085
     332.85     0.160
     333.88     0.024
     334.91     0.058
     335.94     0.039
     336.97     0.021
     338.00     0.021
     339.03    -0.018
     340.06    -0.015
     341.09    -0.047
     342.13    -0.054
     343.16     0.107
     344.19    -0.125
     345.22    -0.010
     346.25     0.039
     347.28     0.022
     348.31     0.112
     349.34     0.038
     350.37     0.071
     351.40    -0.123
     352.43    -0.058
     353.46     0.038
     354.49     0.146
     355.52    -0.058
     356.55    -0.033
     357.58     0.054
     358.61     0.075
     359.64    -0.092
     360.67    -0.015
     361.70    -0.062
     362.74     0.110
     363.77     0.010
     364.80     0.011
     365.83    -0.124
     366.86    -0.026
     367.89    -0.083
     368.92     0.027
     369.95    -0.146
     370.98     0.035
     372.01    -0.002
     373.04     0.044
     374.07    -0.060
     375.10    -0.048
     376.13    -0.075
     377.16     0.172
     378.19    -0.044
     379.22     0.099
     380.25    -0.045
     381.28     0.080
     382.31    -0.032
     383.35    -0.008
     384.38    -0.042
     385.41     0.020
     386.44     0.052
     387.47     0.058
     388.50    -0.034
     389.53     0.180
     390.56    -0.017
     391.59     0.009
     392.62     0.001
     393.65     0.091
     394.68    -0.038
     395.71     0.044
     396.74    -0.075
     397.77     0.068
     398.80    -0.028
     399.83     0.176