%%LAB     777  datapoints: v_lsr [km/s] and T_B [K]
    -399.84    -0.026
    -398.81    -0.063
    -397.78    -0.037
    -396.75    -0.035
    -395.72     0.132
    -394.68     0.011
    -393.65     0.043
    -392.62    -0.140
    -391.59    -0.029
    -390.56     0.027
    -389.53     0.034
    -388.50     0.014
    -387.47     0.064
    -386.44     0.021
    -385.41    -0.043
    -384.38    -0.057
    -383.35    -0.037
    -382.32    -0.014
    -381.29     0.000
    -380.26     0.025
    -379.23     0.094
    -378.20     0.061
    -377.17    -0.043
    -376.14     0.011
    -375.11     0.014
    -374.07    -0.083
    -373.04     0.047
    -372.01    -0.056
    -370.98     0.094
    -369.95    -0.013
    -368.92    -0.052
    -367.89    -0.041
    -366.86     0.071
    -365.83    -0.050
    -364.80    -0.022
    -363.77    -0.020
    -362.74     0.009
    -361.71    -0.009
    -360.68    -0.013
    -359.65    -0.022
    -358.62    -0.002
    -357.59     0.024
    -356.56    -0.042
    -355.53     0.018
    -354.49     0.010
    -353.46    -0.034
    -352.43     0.006
    -351.40    -0.004
    -350.37    -0.023
    -349.34     0.065
    -348.31     0.081
    -347.28    -0.008
    -346.25    -0.029
    -345.22     0.035
    -344.19    -0.038
    -343.16    -0.034
    -342.13     0.004
    -341.10     0.015
    -340.07     0.089
    -339.04    -0.053
    -338.01    -0.044
    -336.98    -0.028
    -335.95    -0.051
    -334.92     0.043
    -333.88     0.022
    -332.85    -0.022
    -331.82     0.008
    -330.79    -0.016
    -329.76     0.053
    -328.73    -0.033
    -327.70    -0.006
    -326.67     0.095
    -325.64    -0.010
    -324.61    -0.112
    -323.58    -0.092
    -322.55    -0.028
    -321.52     0.077
    -320.49    -0.004
    -319.46    -0.046
    -318.43    -0.166
    -317.40     0.080
    -316.37     0.028
    -315.34     0.089
    -314.31    -0.005
    -313.27    -0.052
    -312.24    -0.043
    -311.21    -0.029
    -310.18     0.016
    -309.15     0.009
    -308.12    -0.059
    -307.09     0.052
    -306.06     0.061
    -305.03     0.001
    -304.00    -0.022
    -302.97     0.030
    -301.94    -0.018
    -300.91     0.069
    -299.88     0.047
    -298.85     0.027
    -297.82    -0.001
    -296.79     0.063
    -295.76     0.038
    -294.73     0.021
    -293.70    -0.123
    -292.66     0.089
    -291.63    -0.036
    -290.60     0.078
    -289.57     0.007
    -288.54     0.039
    -287.51     0.026
    -286.48     0.047
    -285.45     0.103
    -284.42     0.089
    -283.39    -0.089
    -282.36     0.113
    -281.33     0.051
    -280.30     0.063
    -279.27    -0.020
    -278.24     0.157
    -277.21     0.090
    -276.18    -0.015
    -275.15     0.067
    -274.12    -0.025
    -273.08     0.064
    -272.05     0.025
    -271.02    -0.088
    -269.99     0.047
    -268.96    -0.024
    -267.93    -0.001
    -266.90    -0.116
    -265.87    -0.010
    -264.84    -0.065
    -263.81    -0.013
    -262.78     0.029
    -261.75     0.066
    -260.72     0.129
    -259.69     0.105
    -258.66    -0.039
    -257.63     0.020
    -256.60    -0.003
    -255.57     0.097
    -254.54    -0.050
    -253.51     0.083
    -252.47    -0.020
    -251.44    -0.014
    -250.41     0.057
    -249.38     0.013
    -248.35     0.017
    -247.32    -0.074
    -246.29    -0.083
    -245.26     0.030
    -244.23     0.028
    -243.20    -0.044
    -242.17    -0.141
    -241.14     0.042
    -240.11     0.084
    -239.08    -0.029
    -238.05    -0.081
    -237.02    -0.024
    -235.99    -0.018
    -234.96    -0.027
    -233.93    -0.048
    -232.89    -0.008
    -231.86     0.046
    -230.83     0.043
    -229.80     0.048
    -228.77     0.035
    -227.74     0.034
    -226.71    -0.032
    -225.68    -0.036
    -224.65     0.010
    -223.62    -0.060
    -222.59     0.019
    -221.56    -0.060
    -220.53     0.035
    -219.50    -0.048
    -218.47     0.017
    -217.44    -0.042
    -216.41    -0.059
    -215.38     0.012
    -214.35     0.088
    -213.32    -0.051
    -212.28     0.069
    -211.25    -0.102
    -210.22    -0.058
    -209.19    -0.083
    -208.16    -0.019
    -207.13    -0.137
    -206.10     0.066
    -205.07     0.039
    -204.04     0.005
    -203.01    -0.037
    -201.98     0.014
    -200.95    -0.034
    -199.92    -0.019
    -198.89    -0.021
    -197.86     0.048
    -196.83    -0.194
    -195.80    -0.081
    -194.77     0.009
    -193.74     0.025
    -192.71    -0.064
    -191.67    -0.013
    -190.64    -0.007
    -189.61     0.023
    -188.58    -0.139
    -187.55    -0.008
    -186.52    -0.020
    -185.49    -0.064
    -184.46    -0.081
    -183.43    -0.058
    -182.40     0.068
    -181.37    -0.037
    -180.34    -0.036
    -179.31     0.031
    -178.28    -0.100
    -177.25    -0.035
    -176.22    -0.084
    -175.19    -0.007
    -174.16    -0.050
    -173.13    -0.002
    -172.09     0.019
    -171.06    -0.057
    -170.03    -0.053
    -169.00    -0.018
    -167.97    -0.069
    -166.94     0.017
    -165.91    -0.072
    -164.88     0.032
    -163.85     0.024
    -162.82     0.019
    -161.79    -0.097
    -160.76     0.021
    -159.73     0.070
    -158.70     0.120
    -157.67     0.092
    -156.64     0.149
    -155.61     0.127
    -154.58     0.101
    -153.55     0.097
    -152.52     0.179
    -151.48     0.190
    -150.45     0.227
    -149.42     0.214
    -148.39     0.184
    -147.36     0.219
    -146.33     0.277
    -145.30     0.311
    -144.27     0.283
    -143.24     0.202
    -142.21     0.400
    -141.18     0.365
    -140.15     0.336
    -139.12     0.319
    -138.09     0.397
    -137.06     0.285
    -136.03     0.339
    -135.00     0.299
    -133.97     0.344
    -132.94     0.321
    -131.91     0.368
    -130.87     0.318
    -129.84     0.329
    -128.81     0.305
    -127.78     0.404
    -126.75     0.359
    -125.72     0.349
    -124.69     0.361
    -123.66     0.275
    -122.63     0.269
    -121.60     0.337
    -120.57     0.348
    -119.54     0.220
    -118.51     0.248
    -117.48     0.260
    -116.45     0.231
    -115.42     0.258
    -114.39     0.159
    -113.36     0.205
    -112.33     0.217
    -111.29     0.144
    -110.26     0.065
    -109.23     0.209
    -108.20     0.133
    -107.17     0.044
    -106.14     0.110
    -105.11     0.176
    -104.08     0.099
    -103.05     0.010
    -102.02     0.064
    -100.99    -0.001
     -99.96     0.115
     -98.93     0.013
     -97.90    -0.046
     -96.87    -0.026
     -95.84     0.097
     -94.81     0.059
     -93.78     0.065
     -92.75     0.171
     -91.72    -0.051
     -90.68     0.069
     -89.65     0.029
     -88.62     0.100
     -87.59     0.108
     -86.56     0.153
     -85.53     0.023
     -84.50     0.054
     -83.47    -0.010
     -82.44     0.145
     -81.41     0.060
     -80.38     0.086
     -79.35     0.038
     -78.32     0.066
     -77.29     0.024
     -76.26     0.116
     -75.23     0.111
     -74.20     0.199
     -73.17     0.119
     -72.14     0.127
     -71.11     0.108
     -70.07     0.268
     -69.04     0.006
     -68.01     0.171
     -66.98     0.048
     -65.95     0.076
     -64.92     0.064
     -63.89     0.088
     -62.86     0.101
     -61.83     0.158
     -60.80     0.185
     -59.77     0.215
     -58.74     0.193
     -57.71     0.265
     -56.68     0.226
     -55.65     0.344
     -54.62     0.263
     -53.59     0.501
     -52.56     0.425
     -51.53     0.543
     -50.49     0.718
     -49.46     0.780
     -48.43     0.785
     -47.40     0.866
     -46.37     0.938
     -45.34     0.973
     -44.31     1.022
     -43.28     1.269
     -42.25     1.183
     -41.22     1.219
     -40.19     1.313
     -39.16     1.521
     -38.13     1.605
     -37.10     1.749
     -36.07     1.894
     -35.04     2.041
     -34.01     2.152
     -32.98     2.299
     -31.95     2.382
     -30.92     2.475
     -29.88     2.638
     -28.85     2.799
     -27.82     2.820
     -26.79     3.096
     -25.76     3.094
     -24.73     3.422
     -23.70     3.566
     -22.67     3.798
     -21.64     4.266
     -20.61     4.698
     -19.58     5.225
     -18.55     6.031
     -17.52     6.865
     -16.49     8.086
     -15.46     9.258
     -14.43    10.845
     -13.40    12.068
     -12.37    13.134
     -11.34    14.376
     -10.31    16.107
      -9.27    19.211
      -8.24    22.126
      -7.21    23.476
      -6.18    22.727
      -5.15    20.285
      -4.12    17.450
      -3.09    15.561
      -2.06    16.108
      -1.03    20.737
       0.00    27.031
       1.03    26.871
       2.06    21.774
       3.09    18.067
       4.12    16.552
       5.15    13.897
       6.18    10.095
       7.21     6.645
       8.24     4.826
       9.27     3.670
      10.31     3.021
      11.34     2.348
      12.37     1.884
      13.40     1.675
      14.43     1.360
      15.46     1.048
      16.49     0.900
      17.52     0.699
      18.55     0.689
      19.58     0.516
      20.61     0.386
      21.64     0.307
      22.67     0.274
      23.70     0.102
      24.73     0.199
      25.76     0.133
      26.79     0.233
      27.82     0.093
      28.85     0.151
      29.88     0.018
      30.92     0.042
      31.95     0.055
      32.98     0.137
      34.01     0.041
      35.04     0.089
      36.07     0.048
      37.10     0.117
      38.13    -0.027
      39.16     0.062
      40.19    -0.051
      41.22    -0.015
      42.25    -0.017
      43.28     0.048
      44.31    -0.054
      45.34     0.038
      46.37     0.025
      47.40     0.109
      48.43    -0.011
      49.46     0.017
      50.49     0.082
      51.53    -0.003
      52.56     0.022
      53.59     0.042
      54.62    -0.079
      55.65     0.063
      56.68    -0.040
      57.71     0.041
      58.74     0.065
      59.77     0.116
      60.80    -0.031
      61.83     0.050
      62.86    -0.065
      63.89     0.083
      64.92    -0.072
      65.95     0.015
      66.98    -0.060
      68.01    -0.067
      69.04    -0.066
      70.07    -0.008
      71.11    -0.137
      72.14    -0.012
      73.17    -0.041
      74.20     0.065
      75.23    -0.037
      76.26    -0.035
      77.29    -0.073
      78.32     0.017
      79.35    -0.045
      80.38    -0.055
      81.41     0.002
      82.44    -0.071
      83.47    -0.090
      84.50    -0.012
      85.53    -0.039
      86.56     0.046
      87.59    -0.032
      88.62    -0.046
      89.65    -0.104
      90.68    -0.065
      91.72    -0.034
      92.75     0.105
      93.78    -0.044
      94.81     0.077
      95.84    -0.036
      96.87     0.014
      97.90    -0.013
      98.93     0.042
      99.96     0.050
     100.99    -0.004
     102.02     0.081
     103.05    -0.078
     104.08     0.207
     105.11     0.004
     106.14    -0.055
     107.17     0.056
     108.20    -0.014
     109.23    -0.006
     110.26     0.071
     111.29     0.056
     112.33     0.031
     113.36     0.042
     114.39    -0.005
     115.42     0.003
     116.45    -0.083
     117.48     0.018
     118.51     0.029
     119.54    -0.056
     120.57    -0.002
     121.60     0.003
     122.63     0.030
     123.66    -0.061
     124.69    -0.101
     125.72     0.054
     126.75     0.045
     127.78     0.008
     128.81    -0.009
     129.84     0.024
     130.87    -0.027
     131.91    -0.030
     132.94    -0.080
     133.97     0.017
     135.00    -0.007
     136.03     0.084
     137.06    -0.005
     138.09     0.087
     139.12    -0.098
     140.15     0.084
     141.18    -0.040
     142.21    -0.014
     143.24     0.050
     144.27     0.006
     145.30     0.000
     146.33    -0.028
     147.36    -0.017
     148.39     0.068
     149.42    -0.036
     150.45    -0.035
     151.48    -0.048
     152.52    -0.038
     153.55     0.012
     154.58    -0.054
     155.61    -0.015
     156.64     0.003
     157.67    -0.078
     158.70    -0.020
     159.73     0.099
     160.76    -0.029
     161.79     0.135
     162.82    -0.018
     163.85    -0.032
     164.88     0.020
     165.91     0.043
     166.94    -0.049
     167.97     0.005
     169.00     0.003
     170.03    -0.000
     171.06     0.055
     172.09    -0.009
     173.13     0.095
     174.16    -0.046
     175.19     0.103
     176.22    -0.060
     177.25    -0.024
     178.28     0.051
     179.31    -0.004
     180.34     0.066
     181.37     0.033
     182.40     0.034
     183.43     0.035
     184.46    -0.056
     185.49     0.121
     186.52     0.014
     187.55    -0.002
     188.58    -0.015
     189.61    -0.127
     190.64     0.007
     191.67    -0.004
     192.71    -0.045
     193.74     0.044
     194.77    -0.052
     195.80    -0.029
     196.83     0.039
     197.86    -0.009
     198.89    -0.048
     199.92     0.028
     200.95     0.046
     201.98     0.071
     203.01    -0.035
     204.04     0.001
     205.07    -0.094
     206.10    -0.056
     207.13     0.024
     208.16    -0.012
     209.19     0.021
     210.22     0.071
     211.25     0.062
     212.28    -0.042
     213.32    -0.007
     214.35    -0.054
     215.38     0.072
     216.41     0.028
     217.44    -0.035
     218.47     0.022
     219.50    -0.037
     220.53    -0.031
     221.56     0.110
     222.59    -0.081
     223.62    -0.030
     224.65    -0.017
     225.68    -0.042
     226.71    -0.006
     227.74    -0.130
     228.77     0.020
     229.80    -0.068
     230.83     0.017
     231.86     0.095
     232.89     0.028
     233.93    -0.059
     234.96     0.014
     235.99     0.026
     237.02     0.053
     238.05    -0.042
     239.08     0.059
     240.11    -0.033
     241.14    -0.012
     242.17     0.028
     243.20    -0.007
     244.23     0.005
     245.26    -0.025
     246.29     0.054
     247.32     0.051
     248.35     0.008
     249.38     0.091
     250.41    -0.043
     251.44     0.009
     252.47     0.006
     253.51     0.008
     254.54     0.002
     255.57    -0.021
     256.60     0.039
     257.63    -0.024
     258.66    -0.086
     259.69     0.016
     260.72    -0.088
     261.75     0.102
     262.78     0.019
     263.81    -0.002
     264.84    -0.041
     265.87    -0.016
     266.90     0.007
     267.93    -0.003
     268.96    -0.024
     269.99     0.088
     271.02    -0.029
     272.05     0.049
     273.08    -0.024
     274.12     0.102
     275.15    -0.013
     276.18    -0.023
     277.21    -0.034
     278.24     0.054
     279.27    -0.098
     280.30     0.026
     281.33     0.031
     282.36    -0.065
     283.39    -0.039
     284.42    -0.014
     285.45     0.037
     286.48     0.114
     287.51    -0.014
     288.54     0.097
     289.57    -0.003
     290.60     0.055
     291.63     0.068
     292.66    -0.038
     293.70     0.011
     294.73     0.053
     295.76    -0.043
     296.79    -0.014
     297.82     0.002
     298.85     0.014
     299.88    -0.011
     300.91     0.061
     301.94    -0.045
     302.97    -0.009
     304.00    -0.076
     305.03     0.033
     306.06    -0.011
     307.09     0.068
     308.12    -0.102
     309.15     0.063
     310.18    -0.004
     311.21     0.083
     312.24     0.037
     313.27    -0.018
     314.31    -0.004
     315.34    -0.003
     316.37     0.005
     317.40     0.106
     318.43    -0.042
     319.46     0.065
     320.49     0.012
     321.52     0.083
     322.55    -0.036
     323.58     0.056
     324.61     0.058
     325.64    -0.083
     326.67    -0.030
     327.70     0.026
     328.73    -0.033
     329.76     0.121
     330.79    -0.014
     331.82     0.131
     332.85    -0.001
     333.88    -0.013
     334.92     0.015
     335.95     0.137
     336.98    -0.121
     338.01     0.030
     339.04    -0.027
     340.07     0.082
     341.10     0.078
     342.13     0.037
     343.16    -0.076
     344.19     0.058
     345.22     0.041
     346.25     0.088
     347.28    -0.023
     348.31    -0.017
     349.34     0.022
     350.37    -0.021
     351.40     0.001
     352.43    -0.039
     353.46     0.003
     354.49    -0.052
     355.53    -0.025
     356.56    -0.025
     357.59    -0.041
     358.62     0.041
     359.65    -0.013
     360.68     0.039
     361.71    -0.007
     362.74     0.069
     363.77    -0.060
     364.80    -0.052
     365.83    -0.088
     366.86    -0.016
     367.89    -0.008
     368.92     0.016
     369.95     0.018
     370.98     0.003
     372.01    -0.053
     373.04    -0.052
     374.07    -0.016
     375.11     0.044
     376.14    -0.139
     377.17    -0.043
     378.20    -0.093
     379.23    -0.108
     380.26    -0.082
     381.29    -0.036
     382.32    -0.129
     383.35    -0.078
     384.38     0.000
     385.41     0.029
     386.44    -0.127
     387.47    -0.023
     388.50     0.020
     389.53     0.032
     390.56    -0.144
     391.59    -0.046
     392.62    -0.187
     393.65    -0.102
     394.68     0.020
     395.72    -0.061
     396.75    -0.094
     397.78    -0.096
     398.81    -0.075
     399.84    -0.110