%%LAB     777  datapoints: v_lsr [km/s] and T_B [K]
    -399.83     0.077
    -398.80     0.070
    -397.77    -0.017
    -396.74    -0.052
    -395.71     0.053
    -394.68    -0.086
    -393.65    -0.027
    -392.62    -0.013
    -391.59    -0.104
    -390.56    -0.085
    -389.53     0.001
    -388.49     0.013
    -387.46     0.021
    -386.43    -0.015
    -385.40     0.026
    -384.37    -0.024
    -383.34    -0.008
    -382.31    -0.025
    -381.28    -0.019
    -380.25     0.076
    -379.22    -0.007
    -378.19     0.048
    -377.16     0.053
    -376.13     0.086
    -375.10     0.032
    -374.07     0.033
    -373.04     0.020
    -372.01    -0.001
    -370.98    -0.071
    -369.95    -0.022
    -368.92     0.012
    -367.88    -0.043
    -366.85     0.050
    -365.82    -0.028
    -364.79    -0.013
    -363.76     0.013
    -362.73    -0.036
    -361.70    -0.084
    -360.67     0.037
    -359.64     0.099
    -358.61    -0.116
    -357.58    -0.044
    -356.55     0.015
    -355.52     0.050
    -354.49     0.087
    -353.46     0.064
    -352.43     0.085
    -351.40    -0.031
    -350.37     0.022
    -349.34    -0.039
    -348.31     0.016
    -347.28    -0.033
    -346.24     0.077
    -345.21    -0.004
    -344.18     0.002
    -343.15    -0.029
    -342.12     0.025
    -341.09    -0.060
    -340.06     0.045
    -339.03    -0.026
    -338.00     0.032
    -336.97     0.024
    -335.94    -0.001
    -334.91    -0.001
    -333.88    -0.114
    -332.85    -0.072
    -331.82    -0.039
    -330.79    -0.041
    -329.76     0.089
    -328.73    -0.054
    -327.70    -0.047
    -326.67    -0.101
    -325.63     0.033
    -324.60    -0.011
    -323.57     0.059
    -322.54    -0.025
    -321.51     0.107
    -320.48    -0.051
    -319.45    -0.013
    -318.42    -0.065
    -317.39     0.044
    -316.36    -0.051
    -315.33    -0.077
    -314.30     0.066
    -313.27    -0.006
    -312.24    -0.032
    -311.21     0.036
    -310.18     0.030
    -309.15    -0.052
    -308.12     0.053
    -307.09     0.022
    -306.06    -0.055
    -305.03     0.066
    -303.99     0.025
    -302.96     0.055
    -301.93     0.022
    -300.90     0.034
    -299.87     0.034
    -298.84     0.032
    -297.81    -0.068
    -296.78     0.072
    -295.75     0.023
    -294.72     0.059
    -293.69    -0.022
    -292.66    -0.041
    -291.63    -0.028
    -290.60    -0.000
    -289.57     0.136
    -288.54     0.008
    -287.51    -0.010
    -286.48     0.026
    -285.45    -0.066
    -284.42     0.067
    -283.38    -0.067
    -282.35     0.009
    -281.32    -0.062
    -280.29     0.037
    -279.26    -0.015
    -278.23    -0.000
    -277.20    -0.015
    -276.17    -0.009
    -275.14     0.013
    -274.11     0.046
    -273.08     0.017
    -272.05     0.100
    -271.02    -0.044
    -269.99    -0.036
    -268.96     0.045
    -267.93     0.064
    -266.90    -0.013
    -265.87    -0.027
    -264.84    -0.005
    -263.81     0.049
    -262.77    -0.021
    -261.74    -0.053
    -260.71     0.020
    -259.68     0.022
    -258.65     0.005
    -257.62    -0.013
    -256.59     0.018
    -255.56     0.016
    -254.53     0.056
    -253.50     0.159
    -252.47     0.073
    -251.44    -0.021
    -250.41    -0.018
    -249.38     0.028
    -248.35    -0.017
    -247.32     0.049
    -246.29    -0.016
    -245.26     0.035
    -244.23     0.036
    -243.20    -0.022
    -242.17    -0.069
    -241.13    -0.028
    -240.10     0.008
    -239.07     0.101
    -238.04    -0.000
    -237.01     0.071
    -235.98     0.014
    -234.95     0.051
    -233.92    -0.082
    -232.89    -0.024
    -231.86     0.014
    -230.83     0.022
    -229.80     0.023
    -228.77     0.013
    -227.74     0.001
    -226.71     0.017
    -225.68    -0.124
    -224.65     0.015
    -223.62    -0.068
    -222.59     0.072
    -221.56    -0.051
    -220.52     0.004
    -219.49    -0.045
    -218.46    -0.010
    -217.43    -0.078
    -216.40     0.070
    -215.37    -0.129
    -214.34    -0.088
    -213.31    -0.028
    -212.28     0.028
    -211.25    -0.097
    -210.22     0.163
    -209.19     0.112
    -208.16     0.035
    -207.13    -0.009
    -206.10     0.064
    -205.07    -0.029
    -204.04     0.023
    -203.01    -0.086
    -201.98     0.013
    -200.95     0.035
    -199.92     0.008
    -198.88    -0.003
    -197.85    -0.077
    -196.82     0.036
    -195.79     0.067
    -194.76    -0.056
    -193.73     0.020
    -192.70     0.030
    -191.67     0.071
    -190.64     0.039
    -189.61    -0.035
    -188.58     0.121
    -187.55     0.003
    -186.52     0.015
    -185.49    -0.089
    -184.46     0.077
    -183.43    -0.034
    -182.40    -0.006
    -181.37     0.035
    -180.34    -0.094
    -179.31    -0.062
    -178.27     0.002
    -177.24     0.052
    -176.21     0.014
    -175.18    -0.015
    -174.15    -0.011
    -173.12     0.085
    -172.09    -0.051
    -171.06     0.018
    -170.03     0.019
    -169.00     0.015
    -167.97    -0.122
    -166.94    -0.089
    -165.91    -0.104
    -164.88     0.036
    -163.85    -0.021
    -162.82    -0.053
    -161.79    -0.072
    -160.76    -0.031
    -159.73    -0.007
    -158.70     0.043
    -157.66    -0.100
    -156.63    -0.105
    -155.60    -0.045
    -154.57     0.058
    -153.54     0.012
    -152.51     0.067
    -151.48     0.120
    -150.45     0.043
    -149.42     0.027
    -148.39     0.104
    -147.36     0.058
    -146.33     0.033
    -145.30     0.093
    -144.27     0.172
    -143.24     0.312
    -142.21     0.180
    -141.18     0.243
    -140.15     0.223
    -139.12     0.233
    -138.09     0.305
    -137.06     0.240
    -136.02     0.309
    -134.99     0.307
    -133.96     0.405
    -132.93     0.277
    -131.90     0.307
    -130.87     0.383
    -129.84     0.372
    -128.81     0.313
    -127.78     0.367
    -126.75     0.332
    -125.72     0.434
    -124.69     0.265
    -123.66     0.295
    -122.63     0.368
    -121.60     0.280
    -120.57     0.300
    -119.54     0.314
    -118.51     0.291
    -117.48     0.198
    -116.45     0.267
    -115.41     0.172
    -114.38     0.269
    -113.35     0.114
    -112.32     0.236
    -111.29     0.257
    -110.26     0.190
    -109.23     0.154
    -108.20     0.119
    -107.17     0.166
    -106.14     0.186
    -105.11     0.247
    -104.08     0.107
    -103.05     0.260
    -102.02     0.166
    -100.99     0.146
     -99.96     0.134
     -98.93     0.214
     -97.90     0.112
     -96.87     0.210
     -95.84     0.188
     -94.81     0.232
     -93.77     0.117
     -92.74     0.122
     -91.71     0.271
     -90.68     0.166
     -89.65     0.163
     -88.62     0.083
     -87.59     0.096
     -86.56     0.108
     -85.53     0.154
     -84.50     0.146
     -83.47     0.044
     -82.44     0.078
     -81.41     0.087
     -80.38     0.142
     -79.35     0.102
     -78.32     0.063
     -77.29     0.035
     -76.26     0.017
     -75.23     0.088
     -74.20     0.023
     -73.16    -0.046
     -72.13     0.114
     -71.10    -0.003
     -70.07     0.043
     -69.04     0.072
     -68.01    -0.013
     -66.98     0.016
     -65.95     0.030
     -64.92     0.104
     -63.89     0.013
     -62.86     0.115
     -61.83     0.131
     -60.80     0.102
     -59.77     0.101
     -58.74     0.044
     -57.71     0.101
     -56.68     0.136
     -55.65     0.125
     -54.62     0.161
     -53.59     0.145
     -52.55     0.129
     -51.52     0.263
     -50.49     0.248
     -49.46     0.285
     -48.43     0.368
     -47.40     0.409
     -46.37     0.453
     -45.34     0.527
     -44.31     0.534
     -43.28     0.452
     -42.25     0.617
     -41.22     0.666
     -40.19     0.737
     -39.16     0.923
     -38.13     0.935
     -37.10     1.080
     -36.07     1.166
     -35.04     1.211
     -34.01     1.486
     -32.98     1.406
     -31.95     1.636
     -30.91     1.714
     -29.88     1.757
     -28.85     1.829
     -27.82     1.873
     -26.79     1.940
     -25.76     2.020
     -24.73     2.280
     -23.70     2.377
     -22.67     2.506
     -21.64     2.697
     -20.61     2.886
     -19.58     3.087
     -18.55     3.438
     -17.52     3.660
     -16.49     4.113
     -15.46     4.471
     -14.43     5.124
     -13.40     5.573
     -12.37     6.239
     -11.34     6.822
     -10.30     7.568
      -9.27     8.226
      -8.24     8.953
      -7.21     9.556
      -6.18     9.956
      -5.15    10.292
      -4.12    10.476
      -3.09    10.460
      -2.06    10.529
      -1.03    11.396
       0.00    14.241
       1.03    13.357
       2.06     8.991
       3.09     6.656
       4.12     5.582
       5.15     4.672
       6.18     4.096
       7.21     3.476
       8.24     3.100
       9.27     2.728
      10.30     2.324
      11.34     1.914
      12.37     1.633
      13.40     1.338
      14.43     1.173
      15.46     0.939
      16.49     0.947
      17.52     0.683
      18.55     0.678
      19.58     0.551
      20.61     0.518
      21.64     0.510
      22.67     0.392
      23.70     0.324
      24.73     0.390
      25.76     0.283
      26.79     0.305
      27.82     0.232
      28.85     0.140
      29.88     0.184
      30.91     0.255
      31.95     0.186
      32.98     0.212
      34.01     0.115
      35.04     0.088
      36.07     0.110
      37.10     0.116
      38.13    -0.066
      39.16     0.019
      40.19     0.042
      41.22     0.029
      42.25     0.040
      43.28     0.088
      44.31     0.001
      45.34     0.001
      46.37    -0.052
      47.40     0.058
      48.43    -0.063
      49.46     0.097
      50.49    -0.050
      51.52     0.005
      52.55     0.034
      53.59     0.023
      54.62     0.035
      55.65     0.125
      56.68     0.033
      57.71    -0.025
      58.74     0.011
      59.77     0.040
      60.80     0.002
      61.83    -0.025
      62.86    -0.073
      63.89     0.111
      64.92    -0.057
      65.95     0.019
      66.98    -0.004
      68.01     0.047
      69.04     0.065
      70.07     0.023
      71.10     0.055
      72.13     0.046
      73.16    -0.034
      74.20     0.066
      75.23    -0.008
      76.26     0.043
      77.29    -0.039
      78.32    -0.048
      79.35     0.009
      80.38     0.049
      81.41    -0.008
      82.44    -0.031
      83.47    -0.061
      84.50     0.065
      85.53     0.038
      86.56     0.027
      87.59    -0.032
      88.62     0.132
      89.65    -0.035
      90.68     0.065
      91.71    -0.039
      92.74    -0.035
      93.77     0.022
      94.81    -0.025
      95.84     0.010
      96.87    -0.022
      97.90    -0.085
      98.93    -0.024
      99.96    -0.021
     100.99    -0.009
     102.02    -0.071
     103.05     0.015
     104.08    -0.116
     105.11     0.155
     106.14    -0.048
     107.17     0.050
     108.20    -0.070
     109.23     0.172
     110.26     0.049
     111.29    -0.095
     112.32     0.010
     113.35     0.014
     114.38     0.018
     115.41    -0.027
     116.45     0.075
     117.48     0.080
     118.51     0.005
     119.54    -0.046
     120.57     0.008
     121.60    -0.047
     122.63     0.003
     123.66     0.002
     124.69     0.045
     125.72     0.027
     126.75     0.037
     127.78    -0.010
     128.81     0.064
     129.84    -0.011
     130.87    -0.006
     131.90    -0.025
     132.93     0.029
     133.96     0.028
     134.99    -0.058
     136.02    -0.045
     137.06    -0.024
     138.09     0.067
     139.12     0.094
     140.15    -0.037
     141.18    -0.039
     142.21     0.074
     143.24     0.097
     144.27     0.001
     145.30    -0.021
     146.33    -0.064
     147.36    -0.064
     148.39     0.054
     149.42     0.062
     150.45     0.065
     151.48     0.044
     152.51    -0.005
     153.54    -0.041
     154.57     0.009
     155.60    -0.048
     156.63     0.014
     157.66     0.004
     158.70     0.013
     159.73     0.061
     160.76     0.028
     161.79    -0.049
     162.82     0.089
     163.85    -0.020
     164.88    -0.036
     165.91    -0.008
     166.94     0.067
     167.97     0.009
     169.00     0.079
     170.03    -0.044
     171.06    -0.001
     172.09    -0.010
     173.12     0.028
     174.15    -0.024
     175.18    -0.074
     176.21     0.022
     177.24     0.054
     178.27    -0.054
     179.31     0.040
     180.34     0.093
     181.37    -0.021
     182.40     0.120
     183.43    -0.090
     184.46    -0.066
     185.49     0.052
     186.52     0.005
     187.55     0.076
     188.58    -0.077
     189.61     0.054
     190.64    -0.024
     191.67     0.026
     192.70     0.027
     193.73    -0.092
     194.76     0.039
     195.79     0.045
     196.82    -0.015
     197.85    -0.029
     198.88     0.048
     199.92     0.060
     200.95     0.065
     201.98    -0.023
     203.01    -0.060
     204.04     0.032
     205.07    -0.080
     206.10     0.024
     207.13    -0.025
     208.16    -0.055
     209.19    -0.045
     210.22     0.095
     211.25    -0.061
     212.28     0.071
     213.31    -0.039
     214.34     0.065
     215.37    -0.006
     216.40     0.021
     217.43     0.021
     218.46     0.040
     219.49    -0.049
     220.52     0.048
     221.56     0.036
     222.59    -0.025
     223.62    -0.002
     224.65    -0.014
     225.68    -0.056
     226.71    -0.106
     227.74     0.006
     228.77    -0.108
     229.80    -0.050
     230.83    -0.008
     231.86    -0.006
     232.89     0.096
     233.92     0.014
     234.95     0.113
     235.98     0.023
     237.01     0.025
     238.04    -0.001
     239.07    -0.011
     240.10     0.035
     241.13     0.131
     242.17     0.010
     243.20     0.044
     244.23    -0.018
     245.26     0.021
     246.29    -0.023
     247.32     0.090
     248.35    -0.038
     249.38    -0.017
     250.41    -0.008
     251.44     0.055
     252.47    -0.003
     253.50     0.051
     254.53    -0.054
     255.56     0.026
     256.59    -0.009
     257.62     0.064
     258.65    -0.032
     259.68    -0.060
     260.71    -0.023
     261.74    -0.048
     262.77     0.042
     263.81     0.060
     264.84     0.028
     265.87     0.011
     266.90    -0.074
     267.93    -0.020
     268.96    -0.043
     269.99     0.033
     271.02    -0.057
     272.05     0.046
     273.08     0.030
     274.11     0.032
     275.14    -0.062
     276.17     0.020
     277.20    -0.000
     278.23    -0.022
     279.26     0.019
     280.29     0.077
     281.32    -0.008
     282.35     0.015
     283.38    -0.127
     284.42     0.056
     285.45     0.041
     286.48     0.034
     287.51    -0.117
     288.54    -0.064
     289.57    -0.016
     290.60     0.053
     291.63    -0.075
     292.66    -0.109
     293.69    -0.084
     294.72     0.062
     295.75    -0.062
     296.78    -0.100
     297.81    -0.050
     298.84     0.037
     299.87     0.010
     300.90     0.078
     301.93     0.023
     302.96     0.007
     303.99    -0.012
     305.03     0.024
     306.06     0.006
     307.09    -0.035
     308.12     0.015
     309.15     0.049
     310.18     0.014
     311.21     0.019
     312.24    -0.025
     313.27     0.109
     314.30     0.041
     315.33     0.033
     316.36    -0.011
     317.39     0.131
     318.42     0.004
     319.45    -0.032
     320.48    -0.014
     321.51    -0.026
     322.54    -0.030
     323.57     0.073
     324.60     0.000
     325.63     0.062
     326.67    -0.064
     327.70    -0.069
     328.73    -0.058
     329.76     0.055
     330.79     0.024
     331.82     0.003
     332.85    -0.031
     333.88     0.015
     334.91    -0.064
     335.94     0.019
     336.97     0.060
     338.00     0.016
     339.03     0.054
     340.06    -0.046
     341.09     0.024
     342.12    -0.038
     343.15     0.044
     344.18     0.062
     345.21    -0.083
     346.24     0.035
     347.28     0.004
     348.31     0.047
     349.34     0.023
     350.37    -0.020
     351.40    -0.058
     352.43     0.024
     353.46    -0.048
     354.49    -0.002
     355.52     0.013
     356.55     0.067
     357.58    -0.102
     358.61    -0.136
     359.64    -0.026
     360.67    -0.012
     361.70    -0.092
     362.73     0.015
     363.76    -0.050
     364.79     0.043
     365.82     0.000
     366.85    -0.020
     367.88     0.034
     368.92     0.004
     369.95     0.002
     370.98     0.082
     372.01    -0.055
     373.04     0.037
     374.07    -0.063
     375.10     0.003
     376.13     0.006
     377.16     0.066
     378.19    -0.050
     379.22     0.053
     380.25     0.016
     381.28    -0.022
     382.31    -0.003
     383.34    -0.007
     384.37     0.087
     385.40    -0.030
     386.43     0.026
     387.46     0.016
     388.49     0.000
     389.53     0.017
     390.56    -0.000
     391.59     0.016
     392.62    -0.060
     393.65     0.011
     394.68    -0.051
     395.71     0.011
     396.74    -0.028
     397.77     0.033
     398.80    -0.088
     399.83    -0.067