%%LAB     777  datapoints: v_lsr [km/s] and T_B [K]
    -399.85     0.022
    -398.82    -0.014
    -397.79    -0.010
    -396.76     0.016
    -395.73    -0.036
    -394.70    -0.113
    -393.67    -0.054
    -392.64    -0.017
    -391.61    -0.017
    -390.58    -0.014
    -389.55     0.016
    -388.52     0.082
    -387.49    -0.006
    -386.46     0.061
    -385.43     0.049
    -384.40    -0.055
    -383.36     0.078
    -382.33     0.053
    -381.30    -0.011
    -380.27    -0.019
    -379.24     0.046
    -378.21    -0.005
    -377.18     0.017
    -376.15     0.044
    -375.12    -0.062
    -374.09     0.007
    -373.06    -0.018
    -372.03    -0.018
    -371.00     0.030
    -369.97     0.043
    -368.94     0.040
    -367.91     0.020
    -366.88     0.009
    -365.85    -0.068
    -364.82    -0.116
    -363.78    -0.015
    -362.75    -0.029
    -361.72    -0.055
    -360.69     0.007
    -359.66    -0.050
    -358.63    -0.021
    -357.60     0.116
    -356.57    -0.032
    -355.54    -0.080
    -354.51     0.058
    -353.48    -0.035
    -352.45    -0.036
    -351.42    -0.049
    -350.39    -0.047
    -349.36     0.071
    -348.33     0.012
    -347.30    -0.017
    -346.27     0.057
    -345.23     0.036
    -344.20    -0.032
    -343.17    -0.044
    -342.14    -0.065
    -341.11    -0.030
    -340.08    -0.021
    -339.05     0.028
    -338.02    -0.020
    -336.99    -0.047
    -335.96     0.031
    -334.93    -0.041
    -333.90     0.044
    -332.87     0.037
    -331.84     0.028
    -330.81     0.040
    -329.78    -0.063
    -328.75    -0.006
    -327.72    -0.016
    -326.68    -0.007
    -325.65     0.066
    -324.62    -0.073
    -323.59     0.100
    -322.56    -0.014
    -321.53     0.069
    -320.50     0.072
    -319.47     0.054
    -318.44    -0.005
    -317.41    -0.006
    -316.38     0.007
    -315.35     0.042
    -314.32    -0.072
    -313.29    -0.056
    -312.26    -0.003
    -311.23     0.038
    -310.20    -0.021
    -309.17     0.007
    -308.13    -0.054
    -307.10    -0.043
    -306.07     0.004
    -305.04     0.017
    -304.01     0.004
    -302.98    -0.007
    -301.95     0.038
    -300.92    -0.016
    -299.89    -0.037
    -298.86     0.009
    -297.83    -0.007
    -296.80    -0.099
    -295.77     0.027
    -294.74     0.053
    -293.71    -0.016
    -292.68     0.038
    -291.65    -0.048
    -290.62     0.048
    -289.58     0.080
    -288.55     0.067
    -287.52     0.046
    -286.49     0.029
    -285.46    -0.019
    -284.43     0.054
    -283.40     0.062
    -282.37    -0.014
    -281.34    -0.046
    -280.31    -0.049
    -279.28    -0.076
    -278.25    -0.013
    -277.22     0.077
    -276.19     0.078
    -275.16    -0.028
    -274.13     0.011
    -273.10    -0.011
    -272.07    -0.085
    -271.03     0.008
    -270.00    -0.029
    -268.97    -0.068
    -267.94     0.015
    -266.91     0.048
    -265.88     0.032
    -264.85     0.018
    -263.82    -0.064
    -262.79     0.013
    -261.76     0.055
    -260.73    -0.015
    -259.70     0.092
    -258.67    -0.005
    -257.64    -0.026
    -256.61    -0.048
    -255.58    -0.071
    -254.55    -0.096
    -253.52    -0.001
    -252.49    -0.057
    -251.45     0.023
    -250.42    -0.094
    -249.39     0.091
    -248.36     0.031
    -247.33     0.089
    -246.30    -0.018
    -245.27    -0.003
    -244.24    -0.087
    -243.21     0.061
    -242.18    -0.075
    -241.15    -0.011
    -240.12     0.053
    -239.09     0.020
    -238.06    -0.061
    -237.03    -0.045
    -236.00     0.083
    -234.97     0.083
    -233.94    -0.011
    -232.90     0.053
    -231.87     0.022
    -230.84     0.036
    -229.81    -0.043
    -228.78    -0.047
    -227.75    -0.015
    -226.72     0.027
    -225.69    -0.010
    -224.66    -0.011
    -223.63     0.052
    -222.60     0.068
    -221.57    -0.003
    -220.54     0.095
    -219.51     0.003
    -218.48    -0.076
    -217.45    -0.085
    -216.42     0.057
    -215.39     0.001
    -214.35     0.053
    -213.32    -0.006
    -212.29     0.090
    -211.26     0.068
    -210.23     0.036
    -209.20     0.004
    -208.17    -0.007
    -207.14    -0.035
    -206.11     0.055
    -205.08    -0.116
    -204.05    -0.026
    -203.02     0.004
    -201.99     0.006
    -200.96    -0.013
    -199.93     0.040
    -198.90     0.049
    -197.87     0.123
    -196.84    -0.030
    -195.80    -0.023
    -194.77    -0.021
    -193.74     0.075
    -192.71    -0.033
    -191.68     0.032
    -190.65     0.095
    -189.62     0.008
    -188.59    -0.011
    -187.56     0.036
    -186.53     0.040
    -185.50     0.017
    -184.47    -0.010
    -183.44     0.000
    -182.41     0.017
    -181.38     0.031
    -180.35    -0.021
    -179.32    -0.021
    -178.29    -0.015
    -177.25     0.003
    -176.22     0.067
    -175.19     0.040
    -174.16     0.076
    -173.13     0.129
    -172.10     0.025
    -171.07     0.012
    -170.04    -0.062
    -169.01     0.011
    -167.98    -0.042
    -166.95    -0.032
    -165.92    -0.078
    -164.89    -0.005
    -163.86    -0.001
    -162.83     0.056
    -161.80     0.007
    -160.77     0.040
    -159.74    -0.042
    -158.70     0.035
    -157.67    -0.037
    -156.64     0.022
    -155.61    -0.102
    -154.58    -0.014
    -153.55    -0.021
    -152.52    -0.087
    -151.49     0.026
    -150.46     0.105
    -149.43    -0.064
    -148.40     0.079
    -147.37    -0.006
    -146.34    -0.000
    -145.31    -0.017
    -144.28     0.084
    -143.25    -0.001
    -142.22     0.047
    -141.19     0.032
    -140.15     0.041
    -139.12    -0.069
    -138.09     0.120
    -137.06     0.006
    -136.03     0.001
    -135.00    -0.015
    -133.97     0.070
    -132.94     0.109
    -131.91     0.102
    -130.88     0.110
    -129.85     0.089
    -128.82     0.036
    -127.79     0.074
    -126.76     0.006
    -125.73     0.112
    -124.70     0.058
    -123.67     0.089
    -122.64     0.163
    -121.61     0.104
    -120.57     0.174
    -119.54     0.221
    -118.51     0.170
    -117.48     0.182
    -116.45     0.263
    -115.42     0.248
    -114.39     0.317
    -113.36     0.336
    -112.33     0.336
    -111.30     0.343
    -110.27     0.390
    -109.24     0.456
    -108.21     0.458
    -107.18     0.417
    -106.15     0.489
    -105.12     0.592
    -104.09     0.524
    -103.06     0.545
    -102.02     0.557
    -100.99     0.554
     -99.96     0.585
     -98.93     0.645
     -97.90     0.704
     -96.87     0.678
     -95.84     0.755
     -94.81     0.743
     -93.78     0.814
     -92.75     0.863
     -91.72     0.952
     -90.69     1.000
     -89.66     1.067
     -88.63     1.159
     -87.60     1.113
     -86.57     1.367
     -85.54     1.500
     -84.51     1.553
     -83.47     1.619
     -82.44     1.780
     -81.41     1.934
     -80.38     2.080
     -79.35     2.092
     -78.32     2.297
     -77.29     2.457
     -76.26     2.536
     -75.23     2.579
     -74.20     2.698
     -73.17     2.704
     -72.14     2.670
     -71.11     2.646
     -70.08     2.730
     -69.05     2.683
     -68.02     2.746
     -66.99     2.701
     -65.96     2.808
     -64.92     2.577
     -63.89     2.655
     -62.86     2.579
     -61.83     2.680
     -60.80     2.563
     -59.77     2.609
     -58.74     2.438
     -57.71     2.358
     -56.68     2.250
     -55.65     2.029
     -54.62     1.984
     -53.59     1.818
     -52.56     1.839
     -51.53     1.757
     -50.50     1.781
     -49.47     1.743
     -48.44     1.939
     -47.41     1.965
     -46.37     2.016
     -45.34     2.025
     -44.31     1.981
     -43.28     2.034
     -42.25     2.253
     -41.22     2.303
     -40.19     2.372
     -39.16     2.452
     -38.13     2.633
     -37.10     2.899
     -36.07     3.022
     -35.04     3.263
     -34.01     3.450
     -32.98     3.602
     -31.95     3.829
     -30.92     4.049
     -29.89     4.410
     -28.86     4.775
     -27.82     5.208
     -26.79     5.518
     -25.76     5.979
     -24.73     6.244
     -23.70     6.684
     -22.67     6.917
     -21.64     7.087
     -20.61     7.204
     -19.58     7.343
     -18.55     7.258
     -17.52     7.270
     -16.49     7.333
     -15.46     7.410
     -14.43     7.716
     -13.40     8.054
     -12.37     8.552
     -11.34     9.427
     -10.31    10.222
      -9.27    11.221
      -8.24    12.351
      -7.21    13.999
      -6.18    16.636
      -5.15    20.094
      -4.12    25.467
      -3.09    32.834
      -2.06    41.165
      -1.03    49.228
       0.00    55.675
       1.03    57.257
       2.06    54.980
       3.09    51.102
       4.12    46.920
       5.15    41.144
       6.18    33.730
       7.21    26.047
       8.24    19.623
       9.27    14.774
      10.31    11.518
      11.34     9.143
      12.37     7.757
      13.40     6.296
      14.43     5.611
      15.46     4.863
      16.49     4.211
      17.52     3.580
      18.55     3.100
      19.58     2.512
      20.61     1.948
      21.64     1.538
      22.67     1.166
      23.70     0.822
      24.73     0.688
      25.76     0.522
      26.79     0.465
      27.82     0.246
      28.86     0.275
      29.89     0.188
      30.92     0.135
      31.95     0.133
      32.98     0.115
      34.01     0.014
      35.04     0.023
      36.07     0.036
      37.10     0.056
      38.13    -0.013
      39.16     0.045
      40.19    -0.031
      41.22     0.034
      42.25     0.001
      43.28     0.029
      44.31    -0.013
      45.34     0.121
      46.37    -0.022
      47.41    -0.048
      48.44     0.016
      49.47     0.108
      50.50     0.012
      51.53     0.035
      52.56     0.021
      53.59     0.127
      54.62    -0.052
      55.65     0.008
      56.68     0.044
      57.71     0.040
      58.74     0.085
      59.77     0.006
      60.80    -0.021
      61.83     0.027
      62.86     0.066
      63.89     0.099
      64.92     0.003
      65.96     0.028
      66.99    -0.039
      68.02     0.014
      69.05    -0.018
      70.08     0.033
      71.11     0.011
      72.14     0.021
      73.17    -0.123
      74.20    -0.024
      75.23    -0.043
      76.26     0.007
      77.29    -0.015
      78.32     0.036
      79.35     0.065
      80.38    -0.022
      81.41    -0.047
      82.44    -0.000
      83.47    -0.040
      84.51     0.056
      85.54     0.012
      86.57     0.065
      87.60    -0.033
      88.63     0.162
      89.66     0.001
      90.69     0.043
      91.72     0.043
      92.75     0.082
      93.78     0.010
      94.81    -0.034
      95.84     0.014
      96.87    -0.009
      97.90    -0.027
      98.93     0.007
      99.96     0.073
     100.99     0.100
     102.02     0.007
     103.06    -0.048
     104.09    -0.045
     105.12     0.003
     106.15    -0.060
     107.18    -0.144
     108.21    -0.051
     109.24     0.039
     110.27     0.042
     111.30     0.002
     112.33    -0.006
     113.36    -0.052
     114.39    -0.102
     115.42     0.116
     116.45     0.040
     117.48     0.008
     118.51     0.011
     119.54     0.071
     120.57    -0.005
     121.61     0.038
     122.64     0.059
     123.67     0.040
     124.70    -0.009
     125.73     0.054
     126.76    -0.020
     127.79     0.083
     128.82    -0.016
     129.85     0.051
     130.88    -0.024
     131.91     0.122
     132.94    -0.011
     133.97    -0.006
     135.00     0.066
     136.03    -0.038
     137.06    -0.037
     138.09     0.015
     139.12     0.073
     140.15     0.071
     141.19     0.013
     142.22     0.029
     143.25     0.056
     144.28     0.074
     145.31    -0.054
     146.34    -0.009
     147.37    -0.080
     148.40     0.069
     149.43     0.042
     150.46    -0.020
     151.49    -0.013
     152.52     0.071
     153.55     0.009
     154.58     0.073
     155.61    -0.001
     156.64    -0.037
     157.67    -0.005
     158.70     0.048
     159.74    -0.048
     160.77    -0.007
     161.80    -0.061
     162.83    -0.000
     163.86    -0.011
     164.89     0.056
     165.92    -0.020
     166.95     0.035
     167.98    -0.027
     169.01     0.068
     170.04    -0.030
     171.07    -0.035
     172.10     0.004
     173.13     0.050
     174.16    -0.015
     175.19     0.029
     176.22    -0.052
     177.25    -0.037
     178.29    -0.063
     179.32    -0.029
     180.35    -0.008
     181.38     0.014
     182.41     0.006
     183.44    -0.013
     184.47    -0.082
     185.50    -0.041
     186.53     0.066
     187.56     0.016
     188.59    -0.062
     189.62    -0.082
     190.65    -0.040
     191.68    -0.023
     192.71    -0.016
     193.74     0.047
     194.77    -0.097
     195.80     0.049
     196.84    -0.028
     197.87     0.003
     198.90     0.043
     199.93     0.122
     200.96     0.029
     201.99     0.045
     203.02    -0.036
     204.05    -0.016
     205.08     0.001
     206.11     0.024
     207.14    -0.003
     208.17     0.086
     209.20    -0.011
     210.23     0.061
     211.26    -0.018
     212.29    -0.017
     213.32    -0.049
     214.35     0.011
     215.39    -0.000
     216.42    -0.003
     217.45    -0.047
     218.48     0.124
     219.51     0.039
     220.54    -0.004
     221.57    -0.002
     222.60    -0.030
     223.63     0.072
     224.66     0.025
     225.69    -0.083
     226.72    -0.024
     227.75     0.018
     228.78     0.048
     229.81    -0.031
     230.84    -0.033
     231.87    -0.037
     232.90    -0.003
     233.94    -0.059
     234.97     0.000
     236.00    -0.107
     237.03    -0.037
     238.06     0.008
     239.09    -0.022
     240.12    -0.017
     241.15     0.092
     242.18    -0.000
     243.21     0.068
     244.24     0.018
     245.27     0.070
     246.30     0.030
     247.33    -0.014
     248.36     0.049
     249.39    -0.034
     250.42     0.012
     251.45    -0.036
     252.48     0.029
     253.52     0.037
     254.55     0.001
     255.58    -0.004
     256.61     0.035
     257.64    -0.003
     258.67    -0.014
     259.70    -0.020
     260.73     0.016
     261.76    -0.013
     262.79    -0.056
     263.82     0.090
     264.85    -0.015
     265.88    -0.034
     266.91     0.004
     267.94    -0.078
     268.97     0.015
     270.00     0.028
     271.03     0.020
     272.07     0.012
     273.10     0.007
     274.13     0.004
     275.16    -0.149
     276.19    -0.065
     277.22    -0.007
     278.25    -0.010
     279.28    -0.051
     280.31     0.108
     281.34    -0.067
     282.37     0.029
     283.40     0.002
     284.43     0.060
     285.46    -0.016
     286.49     0.046
     287.52    -0.025
     288.55     0.016
     289.58    -0.021
     290.62     0.011
     291.65     0.009
     292.68    -0.016
     293.71    -0.031
     294.74     0.042
     295.77     0.035
     296.80     0.011
     297.83    -0.030
     298.86     0.086
     299.89     0.023
     300.92     0.087
     301.95    -0.019
     302.98     0.048
     304.01     0.012
     305.04    -0.048
     306.07    -0.096
     307.10    -0.011
     308.13    -0.043
     309.17     0.063
     310.20     0.063
     311.23    -0.014
     312.26    -0.016
     313.29     0.021
     314.32    -0.061
     315.35    -0.049
     316.38    -0.026
     317.41     0.054
     318.44    -0.045
     319.47    -0.107
     320.50    -0.014
     321.53     0.088
     322.56    -0.056
     323.59    -0.039
     324.62     0.008
     325.65     0.019
     326.68    -0.033
     327.72     0.003
     328.75     0.007
     329.78    -0.065
     330.81    -0.035
     331.84     0.124
     332.87    -0.077
     333.90     0.001
     334.93    -0.063
     335.96     0.007
     336.99    -0.049
     338.02    -0.039
     339.05    -0.091
     340.08     0.056
     341.11    -0.061
     342.14     0.072
     343.17     0.008
     344.20     0.106
     345.23    -0.024
     346.27     0.128
     347.30     0.006
     348.33     0.019
     349.36     0.069
     350.39     0.013
     351.42    -0.060
     352.45    -0.000
     353.48    -0.034
     354.51     0.025
     355.54     0.041
     356.57     0.047
     357.60    -0.040
     358.63     0.013
     359.66    -0.040
     360.69     0.102
     361.72     0.029
     362.75     0.094
     363.78    -0.043
     364.82     0.047
     365.85    -0.010
     366.88    -0.016
     367.91    -0.032
     368.94     0.072
     369.97    -0.024
     371.00    -0.053
     372.03    -0.132
     373.06     0.000
     374.09    -0.047
     375.12     0.036
     376.15    -0.030
     377.18     0.000
     378.21     0.013
     379.24     0.016
     380.27     0.032
     381.30     0.054
     382.33    -0.083
     383.36     0.075
     384.40     0.036
     385.43    -0.054
     386.46    -0.090
     387.49     0.092
     388.52     0.010
     389.55     0.032
     390.58    -0.005
     391.61     0.118
     392.64    -0.016
     393.67     0.023
     394.70     0.007
     395.73     0.091
     396.76     0.005
     397.79     0.080
     398.82    -0.044
     399.85     0.020