%%LAB     777  datapoints: v_lsr [km/s] and T_B [K]
    -399.82    -0.017
    -398.79     0.008
    -397.76     0.037
    -396.73     0.019
    -395.70    -0.022
    -394.67    -0.031
    -393.64    -0.046
    -392.61     0.005
    -391.58     0.003
    -390.55    -0.009
    -389.52     0.013
    -388.49     0.023
    -387.46     0.038
    -386.43    -0.004
    -385.40     0.002
    -384.37    -0.045
    -383.34     0.141
    -382.30     0.074
    -381.27     0.031
    -380.24     0.011
    -379.21    -0.001
    -378.18     0.045
    -377.15    -0.015
    -376.12    -0.011
    -375.09     0.005
    -374.06    -0.047
    -373.03     0.043
    -372.00    -0.024
    -370.97     0.008
    -369.94     0.038
    -368.91    -0.032
    -367.88     0.035
    -366.85     0.052
    -365.82     0.093
    -364.79    -0.039
    -363.76     0.011
    -362.73     0.013
    -361.70    -0.016
    -360.66    -0.024
    -359.63    -0.011
    -358.60     0.044
    -357.57    -0.035
    -356.54     0.059
    -355.51     0.045
    -354.48     0.006
    -353.45     0.024
    -352.42     0.102
    -351.39     0.083
    -350.36     0.048
    -349.33    -0.031
    -348.30     0.064
    -347.27     0.017
    -346.24    -0.009
    -345.21    -0.144
    -344.18     0.023
    -343.15     0.087
    -342.12     0.019
    -341.09    -0.029
    -340.06     0.007
    -339.02    -0.048
    -337.99    -0.002
    -336.96    -0.045
    -335.93    -0.007
    -334.90    -0.111
    -333.87    -0.072
    -332.84     0.024
    -331.81    -0.007
    -330.78    -0.015
    -329.75     0.030
    -328.72    -0.031
    -327.69     0.021
    -326.66     0.010
    -325.63     0.011
    -324.60    -0.007
    -323.57     0.010
    -322.54     0.028
    -321.51     0.010
    -320.48    -0.017
    -319.45     0.043
    -318.42    -0.021
    -317.38    -0.022
    -316.35     0.042
    -315.32     0.030
    -314.29    -0.071
    -313.26     0.077
    -312.23    -0.023
    -311.20     0.050
    -310.17    -0.075
    -309.14    -0.004
    -308.11     0.030
    -307.08     0.062
    -306.05     0.033
    -305.02    -0.063
    -303.99     0.012
    -302.96     0.079
    -301.93    -0.025
    -300.90     0.024
    -299.87     0.007
    -298.84    -0.019
    -297.81    -0.035
    -296.78     0.027
    -295.75    -0.044
    -294.71     0.044
    -293.68    -0.037
    -292.65    -0.006
    -291.62     0.045
    -290.59     0.021
    -289.56     0.014
    -288.53     0.011
    -287.50     0.037
    -286.47     0.061
    -285.44    -0.017
    -284.41    -0.006
    -283.38    -0.008
    -282.35     0.062
    -281.32    -0.036
    -280.29    -0.107
    -279.26    -0.083
    -278.23    -0.025
    -277.20     0.025
    -276.17     0.057
    -275.14    -0.049
    -274.11     0.082
    -273.07    -0.038
    -272.04    -0.013
    -271.01    -0.113
    -269.98     0.044
    -268.95     0.025
    -267.92     0.044
    -266.89     0.020
    -265.86     0.016
    -264.83    -0.051
    -263.80     0.057
    -262.77    -0.031
    -261.74     0.004
    -260.71    -0.007
    -259.68     0.063
    -258.65     0.023
    -257.62     0.090
    -256.59     0.022
    -255.56    -0.038
    -254.53     0.024
    -253.50     0.031
    -252.47    -0.022
    -251.43     0.026
    -250.40     0.049
    -249.37    -0.036
    -248.34    -0.023
    -247.31     0.041
    -246.28    -0.015
    -245.25     0.018
    -244.22    -0.050
    -243.19     0.066
    -242.16     0.009
    -241.13     0.123
    -240.10    -0.002
    -239.07     0.031
    -238.04     0.021
    -237.01     0.096
    -235.98     0.048
    -234.95     0.073
    -233.92     0.009
    -232.89    -0.069
    -231.86    -0.018
    -230.83     0.082
    -229.79    -0.026
    -228.76    -0.031
    -227.73     0.064
    -226.70     0.070
    -225.67    -0.022
    -224.64    -0.034
    -223.61    -0.067
    -222.58     0.012
    -221.55     0.063
    -220.52    -0.013
    -219.49     0.022
    -218.46    -0.002
    -217.43    -0.022
    -216.40     0.083
    -215.37    -0.014
    -214.34     0.009
    -213.31    -0.019
    -212.28     0.027
    -211.25     0.014
    -210.22     0.041
    -209.19     0.012
    -208.16     0.012
    -207.12    -0.027
    -206.09     0.021
    -205.06    -0.002
    -204.03     0.115
    -203.00    -0.021
    -201.97     0.058
    -200.94    -0.039
    -199.91    -0.083
    -198.88    -0.062
    -197.85    -0.010
    -196.82     0.012
    -195.79    -0.059
    -194.76    -0.157
    -193.73     0.021
    -192.70    -0.025
    -191.67     0.010
    -190.64    -0.010
    -189.61     0.032
    -188.58     0.020
    -187.55     0.084
    -186.52     0.040
    -185.48     0.085
    -184.45    -0.027
    -183.42     0.085
    -182.39    -0.022
    -181.36     0.024
    -180.33    -0.042
    -179.30    -0.031
    -178.27     0.001
    -177.24    -0.024
    -176.21     0.005
    -175.18    -0.009
    -174.15     0.032
    -173.12    -0.015
    -172.09    -0.086
    -171.06    -0.013
    -170.03     0.005
    -169.00    -0.080
    -167.97    -0.038
    -166.94    -0.062
    -165.91    -0.018
    -164.88    -0.017
    -163.84    -0.061
    -162.81    -0.090
    -161.78    -0.133
    -160.75    -0.041
    -159.72    -0.008
    -158.69    -0.034
    -157.66    -0.042
    -156.63     0.077
    -155.60    -0.116
    -154.57    -0.024
    -153.54    -0.071
    -152.51    -0.035
    -151.48     0.056
    -150.45    -0.008
    -149.42     0.062
    -148.39     0.038
    -147.36     0.018
    -146.33     0.036
    -145.30     0.043
    -144.27     0.023
    -143.24     0.126
    -142.20     0.119
    -141.17     0.051
    -140.14     0.199
    -139.11     0.153
    -138.08     0.161
    -137.05     0.290
    -136.02     0.302
    -134.99     0.188
    -133.96     0.364
    -132.93     0.368
    -131.90     0.376
    -130.87     0.469
    -129.84     0.505
    -128.81     0.485
    -127.78     0.517
    -126.75     0.552
    -125.72     0.528
    -124.69     0.595
    -123.66     0.623
    -122.63     0.572
    -121.60     0.594
    -120.57     0.506
    -119.53     0.557
    -118.50     0.471
    -117.47     0.518
    -116.44     0.556
    -115.41     0.500
    -114.38     0.478
    -113.35     0.526
    -112.32     0.509
    -111.29     0.530
    -110.26     0.398
    -109.23     0.483
    -108.20     0.494
    -107.17     0.490
    -106.14     0.394
    -105.11     0.510
    -104.08     0.403
    -103.05     0.526
    -102.02     0.469
    -100.99     0.548
     -99.96     0.553
     -98.93     0.698
     -97.89     0.487
     -96.86     0.595
     -95.83     0.638
     -94.80     0.704
     -93.77     0.719
     -92.74     0.712
     -91.71     0.794
     -90.68     0.732
     -89.65     0.770
     -88.62     0.707
     -87.59     0.716
     -86.56     0.716
     -85.53     0.686
     -84.50     0.660
     -83.47     0.669
     -82.44     0.609
     -81.41     0.601
     -80.38     0.520
     -79.35     0.428
     -78.32     0.493
     -77.29     0.504
     -76.25     0.476
     -75.22     0.389
     -74.19     0.468
     -73.16     0.335
     -72.13     0.285
     -71.10     0.363
     -70.07     0.355
     -69.04     0.281
     -68.01     0.333
     -66.98     0.283
     -65.95     0.324
     -64.92     0.274
     -63.89     0.278
     -62.86     0.285
     -61.83     0.302
     -60.80     0.133
     -59.77     0.245
     -58.74     0.304
     -57.71     0.169
     -56.68     0.270
     -55.65     0.253
     -54.61     0.124
     -53.58     0.186
     -52.55     0.269
     -51.52     0.159
     -50.49     0.177
     -49.46     0.214
     -48.43     0.256
     -47.40     0.251
     -46.37     0.200
     -45.34     0.232
     -44.31     0.275
     -43.28     0.379
     -42.25     0.356
     -41.22     0.424
     -40.19     0.455
     -39.16     0.416
     -38.13     0.509
     -37.10     0.496
     -36.07     0.469
     -35.04     0.500
     -34.01     0.556
     -32.98     0.570
     -31.94     0.506
     -30.91     0.606
     -29.88     0.427
     -28.85     0.628
     -27.82     0.574
     -26.79     0.654
     -25.76     0.766
     -24.73     0.804
     -23.70     0.910
     -22.67     0.877
     -21.64     1.009
     -20.61     1.097
     -19.58     1.308
     -18.55     1.536
     -17.52     1.576
     -16.49     1.926
     -15.46     2.099
     -14.43     2.492
     -13.40     2.828
     -12.37     3.394
     -11.34     3.915
     -10.30     4.708
      -9.27     5.752
      -8.24     6.962
      -7.21     8.477
      -6.18    10.234
      -5.15    11.912
      -4.12    13.630
      -3.09    15.055
      -2.06    15.692
      -1.03    15.088
       0.00    14.257
       1.03    13.064
       2.06    12.239
       3.09    11.816
       4.12    11.991
       5.15    12.452
       6.18    12.892
       7.21    12.264
       8.24    10.571
       9.27     8.734
      10.30     7.632
      11.34     6.486
      12.37     5.634
      13.40     4.741
      14.43     3.991
      15.46     3.406
      16.49     2.942
      17.52     2.446
      18.55     2.219
      19.58     1.842
      20.61     1.619
      21.64     1.330
      22.67     1.132
      23.70     0.896
      24.73     0.796
      25.76     0.704
      26.79     0.592
      27.82     0.463
      28.85     0.452
      29.88     0.358
      30.91     0.256
      31.94     0.299
      32.98     0.196
      34.01     0.121
      35.04     0.185
      36.07     0.133
      37.10     0.056
      38.13     0.070
      39.16     0.075
      40.19     0.019
      41.22     0.064
      42.25     0.056
      43.28     0.034
      44.31    -0.035
      45.34     0.146
      46.37     0.015
      47.40     0.042
      48.43     0.053
      49.46     0.063
      50.49     0.071
      51.52     0.027
      52.55     0.008
      53.58     0.011
      54.61     0.008
      55.65    -0.024
      56.68    -0.038
      57.71     0.014
      58.74    -0.075
      59.77     0.025
      60.80    -0.044
      61.83     0.020
      62.86    -0.015
      63.89    -0.099
      64.92    -0.005
      65.95     0.038
      66.98     0.028
      68.01     0.001
      69.04    -0.048
      70.07    -0.029
      71.10    -0.051
      72.13     0.032
      73.16    -0.022
      74.19    -0.022
      75.22    -0.027
      76.25    -0.098
      77.29    -0.073
      78.32    -0.039
      79.35     0.009
      80.38    -0.009
      81.41    -0.080
      82.44    -0.043
      83.47    -0.117
      84.50    -0.031
      85.53     0.068
      86.56     0.052
      87.59     0.014
      88.62     0.018
      89.65     0.001
      90.68     0.013
      91.71    -0.090
      92.74     0.033
      93.77    -0.038
      94.80    -0.034
      95.83    -0.014
      96.86     0.006
      97.89    -0.012
      98.93     0.134
      99.96    -0.021
     100.99     0.066
     102.02    -0.070
     103.05     0.045
     104.08    -0.011
     105.11     0.012
     106.14    -0.009
     107.17     0.021
     108.20     0.047
     109.23     0.013
     110.26     0.050
     111.29     0.025
     112.32     0.001
     113.35    -0.046
     114.38     0.269
     115.41     0.151
     116.44    -0.009
     117.47     0.061
     118.50    -0.033
     119.53     0.068
     120.57    -0.051
     121.60     0.015
     122.63    -0.024
     123.66     0.013
     124.69     0.079
     125.72     0.030
     126.75     0.084
     127.78     0.047
     128.81     0.066
     129.84     0.019
     130.87     0.062
     131.90     0.035
     132.93    -0.003
     133.96     0.089
     134.99    -0.004
     136.02     0.067
     137.05     0.007
     138.08     0.028
     139.11     0.035
     140.14     0.026
     141.17     0.006
     142.20     0.043
     143.24     0.019
     144.27     0.027
     145.30     0.042
     146.33    -0.001
     147.36     0.054
     148.39     0.083
     149.42     0.089
     150.45     0.026
     151.48     0.021
     152.51    -0.028
     153.54     0.044
     154.57     0.018
     155.60    -0.013
     156.63     0.039
     157.66    -0.077
     158.69     0.128
     159.72     0.014
     160.75    -0.025
     161.78    -0.004
     162.81     0.076
     163.84     0.036
     164.88     0.036
     165.91     0.038
     166.94     0.029
     167.97     0.001
     169.00     0.057
     170.03     0.016
     171.06     0.096
     172.09    -0.097
     173.12    -0.056
     174.15     0.017
     175.18     0.023
     176.21     0.020
     177.24     0.033
     178.27    -0.002
     179.30     0.025
     180.33     0.058
     181.36     0.044
     182.39     0.079
     183.42     0.075
     184.45     0.024
     185.48     0.092
     186.52    -0.005
     187.55     0.075
     188.58     0.040
     189.61     0.042
     190.64    -0.076
     191.67     0.043
     192.70    -0.077
     193.73     0.065
     194.76    -0.047
     195.79    -0.004
     196.82    -0.021
     197.85     0.040
     198.88    -0.042
     199.91     0.001
     200.94    -0.095
     201.97     0.057
     203.00     0.017
     204.03    -0.051
     205.06    -0.047
     206.09    -0.059
     207.12    -0.016
     208.16     0.019
     209.19     0.008
     210.22    -0.030
     211.25    -0.044
     212.28    -0.012
     213.31    -0.044
     214.34     0.014
     215.37     0.050
     216.40     0.071
     217.43     0.102
     218.46    -0.051
     219.49    -0.061
     220.52    -0.046
     221.55    -0.066
     222.58     0.046
     223.61    -0.045
     224.64    -0.005
     225.67    -0.101
     226.70    -0.030
     227.73     0.029
     228.76    -0.073
     229.79    -0.049
     230.83    -0.057
     231.86    -0.074
     232.89    -0.006
     233.92    -0.144
     234.95    -0.028
     235.98    -0.072
     237.01     0.018
     238.04    -0.020
     239.07    -0.061
     240.10    -0.151
     241.13    -0.079
     242.16    -0.033
     243.19    -0.138
     244.22    -0.066
     245.25    -0.008
     246.28    -0.015
     247.31     0.085
     248.34     0.025
     249.37     0.040
     250.40    -0.000
     251.43     0.141
     252.47    -0.067
     253.50     0.094
     254.53     0.004
     255.56    -0.051
     256.59    -0.041
     257.62     0.059
     258.65     0.008
     259.68     0.055
     260.71    -0.041
     261.74    -0.004
     262.77     0.008
     263.80     0.004
     264.83    -0.022
     265.86    -0.007
     266.89    -0.013
     267.92     0.027
     268.95    -0.109
     269.98    -0.057
     271.01    -0.026
     272.04    -0.028
     273.07    -0.004
     274.11     0.035
     275.14    -0.021
     276.17     0.071
     277.20     0.014
     278.23    -0.004
     279.26     0.030
     280.29     0.037
     281.32     0.022
     282.35    -0.078
     283.38     0.016
     284.41     0.019
     285.44     0.004
     286.47     0.041
     287.50    -0.083
     288.53    -0.108
     289.56    -0.082
     290.59     0.012
     291.62     0.080
     292.65     0.035
     293.68    -0.075
     294.71     0.055
     295.75    -0.009
     296.78     0.036
     297.81    -0.010
     298.84     0.018
     299.87    -0.008
     300.90    -0.015
     301.93     0.017
     302.96     0.021
     303.99    -0.018
     305.02     0.008
     306.05    -0.081
     307.08    -0.113
     308.11    -0.002
     309.14    -0.012
     310.17    -0.106
     311.20     0.056
     312.23    -0.068
     313.26     0.019
     314.29    -0.068
     315.32     0.004
     316.35    -0.016
     317.38     0.041
     318.42     0.001
     319.45     0.082
     320.48    -0.093
     321.51     0.029
     322.54    -0.037
     323.57    -0.013
     324.60     0.037
     325.63     0.035
     326.66     0.011
     327.69     0.097
     328.72    -0.019
     329.75     0.012
     330.78     0.048
     331.81    -0.003
     332.84    -0.055
     333.87     0.074
     334.90    -0.082
     335.93    -0.009
     336.96    -0.083
     337.99     0.038
     339.02    -0.004
     340.06     0.069
     341.09    -0.110
     342.12    -0.003
     343.15     0.006
     344.18     0.050
     345.21    -0.038
     346.24     0.013
     347.27     0.015
     348.30     0.131
     349.33    -0.031
     350.36     0.114
     351.39    -0.017
     352.42     0.062
     353.45     0.035
     354.48     0.057
     355.51     0.048
     356.54     0.044
     357.57    -0.037
     358.60    -0.048
     359.63     0.055
     360.66     0.024
     361.70    -0.075
     362.73     0.043
     363.76     0.085
     364.79     0.018
     365.82     0.074
     366.85    -0.012
     367.88    -0.070
     368.91     0.004
     369.94    -0.030
     370.97     0.005
     372.00    -0.034
     373.03     0.018
     374.06    -0.045
     375.09     0.028
     376.12    -0.075
     377.15     0.083
     378.18     0.052
     379.21    -0.047
     380.24     0.034
     381.27     0.127
     382.30     0.011
     383.34     0.017
     384.37     0.061
     385.40     0.126
     386.43     0.028
     387.46    -0.122
     388.49     0.109
     389.52     0.021
     390.55    -0.048
     391.58     0.009
     392.61     0.039
     393.64     0.106
     394.67     0.056
     395.70    -0.006
     396.73     0.040
     397.76     0.053
     398.79     0.007
     399.82     0.059