%%LAB     777  datapoints: v_lsr [km/s] and T_B [K]
    -399.84     0.045
    -398.80    -0.039
    -397.77     0.030
    -396.74    -0.089
    -395.71     0.015
    -394.68    -0.043
    -393.65     0.005
    -392.62    -0.014
    -391.59     0.032
    -390.56    -0.021
    -389.53     0.010
    -388.50     0.056
    -387.47     0.023
    -386.44    -0.137
    -385.41    -0.013
    -384.38     0.001
    -383.35     0.050
    -382.32     0.094
    -381.29    -0.019
    -380.26     0.023
    -379.23    -0.016
    -378.19    -0.074
    -377.16    -0.024
    -376.13    -0.026
    -375.10    -0.107
    -374.07    -0.009
    -373.04    -0.013
    -372.01    -0.026
    -370.98     0.042
    -369.95    -0.007
    -368.92     0.054
    -367.89     0.009
    -366.86    -0.028
    -365.83     0.015
    -364.80    -0.036
    -363.77    -0.059
    -362.74    -0.007
    -361.71    -0.036
    -360.68     0.025
    -359.65    -0.057
    -358.62     0.037
    -357.58    -0.033
    -356.55     0.032
    -355.52    -0.045
    -354.49     0.021
    -353.46    -0.048
    -352.43     0.055
    -351.40     0.023
    -350.37     0.030
    -349.34     0.002
    -348.31     0.028
    -347.28    -0.030
    -346.25    -0.005
    -345.22    -0.036
    -344.19    -0.041
    -343.16    -0.054
    -342.13    -0.024
    -341.10    -0.050
    -340.07    -0.018
    -339.04     0.001
    -338.01    -0.007
    -336.97    -0.014
    -335.94     0.037
    -334.91    -0.028
    -333.88     0.047
    -332.85    -0.024
    -331.82     0.071
    -330.79    -0.016
    -329.76     0.058
    -328.73    -0.016
    -327.70     0.067
    -326.67    -0.032
    -325.64     0.099
    -324.61    -0.057
    -323.58     0.036
    -322.55     0.057
    -321.52    -0.016
    -320.49    -0.045
    -319.46    -0.006
    -318.43     0.076
    -317.39     0.043
    -316.36    -0.023
    -315.33     0.005
    -314.30    -0.106
    -313.27     0.038
    -312.24     0.034
    -311.21     0.013
    -310.18    -0.028
    -309.15     0.007
    -308.12     0.070
    -307.09     0.010
    -306.06    -0.018
    -305.03     0.029
    -304.00    -0.091
    -302.97     0.008
    -301.94     0.066
    -300.91     0.097
    -299.88     0.001
    -298.85    -0.012
    -297.82    -0.002
    -296.78    -0.009
    -295.75    -0.059
    -294.72    -0.011
    -293.69    -0.077
    -292.66     0.072
    -291.63     0.041
    -290.60     0.061
    -289.57     0.059
    -288.54     0.074
    -287.51    -0.038
    -286.48     0.037
    -285.45    -0.028
    -284.42     0.024
    -283.39     0.006
    -282.36    -0.008
    -281.33    -0.015
    -280.30    -0.071
    -279.27    -0.003
    -278.24     0.028
    -277.21     0.019
    -276.17     0.060
    -275.14    -0.059
    -274.11     0.043
    -273.08     0.021
    -272.05     0.041
    -271.02     0.014
    -269.99    -0.047
    -268.96     0.035
    -267.93    -0.059
    -266.90     0.016
    -265.87     0.029
    -264.84    -0.026
    -263.81     0.020
    -262.78    -0.039
    -261.75    -0.018
    -260.72     0.031
    -259.69     0.065
    -258.66    -0.088
    -257.63    -0.022
    -256.60     0.044
    -255.56     0.037
    -254.53     0.013
    -253.50    -0.053
    -252.47    -0.036
    -251.44     0.065
    -250.41    -0.079
    -249.38     0.063
    -248.35    -0.035
    -247.32     0.055
    -246.29     0.057
    -245.26     0.017
    -244.23    -0.024
    -243.20    -0.005
    -242.17    -0.061
    -241.14    -0.025
    -240.11     0.086
    -239.08     0.114
    -238.05     0.003
    -237.02    -0.035
    -235.99     0.026
    -234.95    -0.003
    -233.92    -0.021
    -232.89     0.064
    -231.86     0.027
    -230.83     0.017
    -229.80    -0.005
    -228.77     0.044
    -227.74    -0.007
    -226.71     0.041
    -225.68    -0.074
    -224.65     0.032
    -223.62    -0.033
    -222.59     0.020
    -221.56     0.083
    -220.53     0.109
    -219.50    -0.036
    -218.47    -0.017
    -217.44    -0.006
    -216.41    -0.073
    -215.38     0.003
    -214.34     0.151
    -213.31     0.014
    -212.28    -0.032
    -211.25     0.066
    -210.22     0.032
    -209.19     0.015
    -208.16    -0.001
    -207.13    -0.001
    -206.10     0.001
    -205.07     0.016
    -204.04     0.090
    -203.01    -0.083
    -201.98     0.134
    -200.95    -0.002
    -199.92    -0.006
    -198.89    -0.024
    -197.86    -0.012
    -196.83    -0.044
    -195.80    -0.005
    -194.77     0.010
    -193.73    -0.016
    -192.70    -0.096
    -191.67    -0.049
    -190.64    -0.035
    -189.61     0.018
    -188.58     0.043
    -187.55     0.025
    -186.52    -0.109
    -185.49    -0.049
    -184.46    -0.013
    -183.43    -0.084
    -182.40     0.045
    -181.37    -0.019
    -180.34    -0.052
    -179.31     0.029
    -178.28    -0.025
    -177.25     0.118
    -176.22    -0.107
    -175.19    -0.002
    -174.15    -0.047
    -173.12    -0.073
    -172.09    -0.066
    -171.06     0.017
    -170.03     0.003
    -169.00    -0.051
    -167.97    -0.129
    -166.94    -0.056
    -165.91    -0.019
    -164.88    -0.027
    -163.85    -0.036
    -162.82     0.040
    -161.79     0.055
    -160.76    -0.045
    -159.73     0.013
    -158.70     0.018
    -157.67     0.049
    -156.64     0.075
    -155.61    -0.051
    -154.58     0.027
    -153.54     0.007
    -152.51     0.026
    -151.48     0.091
    -150.45     0.072
    -149.42    -0.024
    -148.39     0.032
    -147.36     0.080
    -146.33     0.149
    -145.30     0.101
    -144.27     0.110
    -143.24     0.160
    -142.21     0.151
    -141.18     0.172
    -140.15     0.143
    -139.12     0.101
    -138.09     0.190
    -137.06     0.144
    -136.03     0.197
    -135.00     0.058
    -133.97     0.194
    -132.93     0.181
    -131.90     0.249
    -130.87     0.222
    -129.84     0.152
    -128.81     0.203
    -127.78     0.161
    -126.75     0.184
    -125.72     0.152
    -124.69     0.176
    -123.66     0.235
    -122.63     0.176
    -121.60     0.150
    -120.57     0.185
    -119.54     0.233
    -118.51     0.151
    -117.48     0.109
    -116.45     0.120
    -115.42     0.112
    -114.39     0.040
    -113.36     0.119
    -112.32     0.099
    -111.29     0.087
    -110.26     0.100
    -109.23     0.115
    -108.20     0.164
    -107.17     0.129
    -106.14     0.070
    -105.11     0.122
    -104.08     0.076
    -103.05     0.105
    -102.02     0.067
    -100.99     0.151
     -99.96     0.170
     -98.93     0.110
     -97.90     0.071
     -96.87     0.107
     -95.84     0.119
     -94.81     0.102
     -93.78     0.066
     -92.75     0.137
     -91.71     0.144
     -90.68     0.151
     -89.65     0.099
     -88.62     0.140
     -87.59     0.040
     -86.56     0.139
     -85.53     0.108
     -84.50     0.097
     -83.47     0.081
     -82.44    -0.017
     -81.41     0.085
     -80.38     0.079
     -79.35     0.008
     -78.32     0.015
     -77.29    -0.041
     -76.26     0.090
     -75.23     0.012
     -74.20     0.015
     -73.17     0.087
     -72.14     0.058
     -71.10     0.017
     -70.07     0.056
     -69.04     0.031
     -68.01     0.126
     -66.98     0.107
     -65.95     0.122
     -64.92     0.076
     -63.89     0.081
     -62.86     0.083
     -61.83     0.094
     -60.80     0.102
     -59.77     0.109
     -58.74     0.099
     -57.71     0.156
     -56.68     0.264
     -55.65     0.194
     -54.62     0.243
     -53.59     0.316
     -52.56     0.328
     -51.53     0.372
     -50.49     0.476
     -49.46     0.537
     -48.43     0.556
     -47.40     0.672
     -46.37     0.815
     -45.34     0.962
     -44.31     1.126
     -43.28     1.107
     -42.25     1.247
     -41.22     1.432
     -40.19     1.569
     -39.16     1.676
     -38.13     1.768
     -37.10     1.978
     -36.07     2.149
     -35.04     2.365
     -34.01     2.501
     -32.98     2.725
     -31.95     2.870
     -30.92     2.953
     -29.88     3.103
     -28.85     3.155
     -27.82     3.229
     -26.79     3.371
     -25.76     3.621
     -24.73     3.788
     -23.70     4.046
     -22.67     4.387
     -21.64     4.347
     -20.61     4.545
     -19.58     4.819
     -18.55     5.040
     -17.52     5.331
     -16.49     5.571
     -15.46     5.834
     -14.43     6.201
     -13.40     6.593
     -12.37     6.987
     -11.34     7.360
     -10.31     7.853
      -9.27     8.544
      -8.24     8.888
      -7.21     8.946
      -6.18     9.170
      -5.15     9.343
      -4.12     9.761
      -3.09    10.653
      -2.06    12.376
      -1.03    14.140
       0.00    15.458
       1.03    15.806
       2.06    16.060
       3.09    15.699
       4.12    14.524
       5.15    12.749
       6.18    10.870
       7.21     9.628
       8.24     8.563
       9.27     7.764
      10.31     7.535
      11.34     7.075
      12.37     6.017
      13.40     4.390
      14.43     2.889
      15.46     2.084
      16.49     1.640
      17.52     1.390
      18.55     1.258
      19.58     1.178
      20.61     0.939
      21.64     0.825
      22.67     0.743
      23.70     0.734
      24.73     0.563
      25.76     0.505
      26.79     0.461
      27.82     0.453
      28.85     0.351
      29.88     0.232
      30.92     0.217
      31.95     0.100
      32.98     0.111
      34.01     0.106
      35.04     0.149
      36.07     0.052
      37.10     0.135
      38.13     0.050
      39.16     0.036
      40.19    -0.082
      41.22    -0.007
      42.25    -0.043
      43.28     0.028
      44.31    -0.029
      45.34     0.062
      46.37     0.081
      47.40     0.050
      48.43     0.064
      49.46     0.007
      50.49     0.071
      51.53    -0.000
      52.56    -0.005
      53.59    -0.047
      54.62     0.111
      55.65     0.024
      56.68    -0.018
      57.71     0.013
      58.74     0.061
      59.77     0.018
      60.80    -0.002
      61.83     0.008
      62.86     0.091
      63.89    -0.088
      64.92    -0.081
      65.95     0.043
      66.98     0.031
      68.01    -0.006
      69.04     0.040
      70.07    -0.045
      71.10    -0.045
      72.14     0.060
      73.17    -0.040
      74.20     0.027
      75.23    -0.050
      76.26     0.011
      77.29    -0.051
      78.32     0.077
      79.35    -0.032
      80.38    -0.055
      81.41    -0.076
      82.44    -0.094
      83.47    -0.011
      84.50     0.031
      85.53    -0.026
      86.56     0.017
      87.59     0.005
      88.62    -0.021
      89.65    -0.049
      90.68    -0.045
      91.71    -0.017
      92.75    -0.033
      93.78    -0.011
      94.81     0.007
      95.84     0.009
      96.87    -0.013
      97.90     0.007
      98.93     0.023
      99.96     0.103
     100.99     0.055
     102.02     0.122
     103.05    -0.093
     104.08    -0.020
     105.11     0.034
     106.14    -0.057
     107.17    -0.040
     108.20    -0.105
     109.23    -0.012
     110.26    -0.006
     111.29    -0.009
     112.32    -0.018
     113.36    -0.056
     114.39    -0.077
     115.42     0.026
     116.45    -0.019
     117.48     0.040
     118.51     0.004
     119.54     0.070
     120.57    -0.058
     121.60    -0.011
     122.63     0.054
     123.66     0.007
     124.69    -0.130
     125.72     0.020
     126.75     0.002
     127.78     0.016
     128.81    -0.091
     129.84     0.025
     130.87    -0.006
     131.90    -0.083
     132.93    -0.034
     133.97     0.023
     135.00    -0.112
     136.03     0.103
     137.06    -0.012
     138.09     0.075
     139.12    -0.036
     140.15     0.010
     141.18    -0.040
     142.21    -0.032
     143.24    -0.030
     144.27     0.072
     145.30     0.040
     146.33     0.050
     147.36     0.024
     148.39    -0.024
     149.42    -0.061
     150.45     0.035
     151.48    -0.042
     152.51     0.035
     153.54     0.009
     154.58     0.101
     155.61     0.053
     156.64     0.007
     157.67     0.013
     158.70     0.022
     159.73    -0.035
     160.76     0.150
     161.79    -0.008
     162.82     0.037
     163.85     0.070
     164.88    -0.013
     165.91     0.014
     166.94     0.004
     167.97     0.033
     169.00     0.040
     170.03    -0.036
     171.06     0.036
     172.09     0.042
     173.12     0.097
     174.16     0.034
     175.19    -0.032
     176.22     0.018
     177.25    -0.109
     178.28    -0.011
     179.31    -0.006
     180.34    -0.079
     181.37     0.059
     182.40    -0.039
     183.43     0.065
     184.46     0.007
     185.49    -0.056
     186.52     0.015
     187.55    -0.004
     188.58     0.086
     189.61    -0.050
     190.64    -0.021
     191.67     0.099
     192.70    -0.088
     193.73    -0.019
     194.77    -0.011
     195.80     0.100
     196.83    -0.061
     197.86     0.017
     198.89    -0.031
     199.92     0.107
     200.95     0.013
     201.98    -0.017
     203.01    -0.029
     204.04     0.081
     205.07     0.018
     206.10     0.016
     207.13    -0.077
     208.16    -0.015
     209.19    -0.099
     210.22     0.046
     211.25     0.003
     212.28     0.060
     213.31    -0.027
     214.34     0.016
     215.38    -0.016
     216.41     0.006
     217.44    -0.001
     218.47    -0.003
     219.50    -0.072
     220.53    -0.015
     221.56    -0.050
     222.59    -0.052
     223.62    -0.095
     224.65     0.023
     225.68    -0.103
     226.71     0.024
     227.74     0.030
     228.77     0.150
     229.80     0.012
     230.83     0.026
     231.86     0.042
     232.89     0.002
     233.92    -0.044
     234.95     0.011
     235.99    -0.017
     237.02    -0.017
     238.05    -0.045
     239.08    -0.018
     240.11    -0.044
     241.14     0.042
     242.17    -0.040
     243.20    -0.063
     244.23    -0.039
     245.26    -0.030
     246.29    -0.037
     247.32     0.018
     248.35     0.014
     249.38    -0.052
     250.41    -0.025
     251.44     0.037
     252.47     0.100
     253.50     0.037
     254.53    -0.070
     255.56     0.062
     256.60     0.022
     257.63     0.016
     258.66    -0.014
     259.69     0.025
     260.72     0.048
     261.75     0.045
     262.78    -0.013
     263.81    -0.006
     264.84     0.037
     265.87     0.027
     266.90     0.033
     267.93    -0.010
     268.96     0.013
     269.99     0.036
     271.02    -0.040
     272.05     0.059
     273.08    -0.017
     274.11     0.111
     275.14    -0.012
     276.17    -0.036
     277.21    -0.090
     278.24     0.069
     279.27    -0.102
     280.30     0.035
     281.33     0.023
     282.36     0.061
     283.39    -0.080
     284.42     0.090
     285.45     0.052
     286.48     0.058
     287.51    -0.011
     288.54     0.035
     289.57     0.011
     290.60    -0.044
     291.63     0.026
     292.66     0.019
     293.69     0.031
     294.72     0.029
     295.75     0.056
     296.78     0.007
     297.82    -0.000
     298.85    -0.010
     299.88     0.093
     300.91     0.062
     301.94     0.035
     302.97     0.029
     304.00     0.021
     305.03     0.089
     306.06     0.009
     307.09     0.008
     308.12    -0.003
     309.15     0.078
     310.18    -0.060
     311.21     0.115
     312.24     0.022
     313.27     0.071
     314.30    -0.066
     315.33     0.081
     316.36    -0.037
     317.39    -0.063
     318.43    -0.014
     319.46     0.010
     320.49     0.021
     321.52    -0.007
     322.55     0.001
     323.58    -0.022
     324.61     0.022
     325.64     0.040
     326.67    -0.024
     327.70    -0.050
     328.73     0.004
     329.76     0.048
     330.79     0.042
     331.82     0.018
     332.85    -0.037
     333.88     0.076
     334.91     0.081
     335.94    -0.015
     336.97    -0.043
     338.01     0.050
     339.04     0.063
     340.07     0.058
     341.10    -0.006
     342.13    -0.042
     343.16    -0.042
     344.19    -0.005
     345.22     0.026
     346.25    -0.026
     347.28     0.041
     348.31     0.027
     349.34    -0.078
     350.37    -0.088
     351.40    -0.080
     352.43    -0.014
     353.46    -0.154
     354.49    -0.014
     355.52    -0.025
     356.55     0.086
     357.58     0.026
     358.62    -0.042
     359.65     0.080
     360.68    -0.016
     361.71     0.041
     362.74    -0.010
     363.77     0.052
     364.80     0.052
     365.83    -0.075
     366.86     0.046
     367.89    -0.103
     368.92    -0.070
     369.95    -0.059
     370.98     0.032
     372.01    -0.077
     373.04     0.040
     374.07    -0.032
     375.10     0.039
     376.13    -0.012
     377.16     0.006
     378.19    -0.109
     379.23    -0.113
     380.26    -0.048
     381.29    -0.125
     382.32    -0.055
     383.35    -0.043
     384.38    -0.128
     385.41    -0.033
     386.44     0.025
     387.47    -0.016
     388.50    -0.054
     389.53     0.006
     390.56     0.051
     391.59    -0.022
     392.62    -0.123
     393.65    -0.113
     394.68    -0.115
     395.71    -0.012
     396.74    -0.080
     397.77    -0.022
     398.80    -0.120
     399.84    -0.113