%%LAB     777  datapoints: v_lsr [km/s] and T_B [K]
    -399.86     0.079
    -398.83    -0.023
    -397.80    -0.007
    -396.77     0.025
    -395.74    -0.004
    -394.71    -0.007
    -393.68     0.021
    -392.65     0.036
    -391.62    -0.013
    -390.58    -0.024
    -389.55    -0.049
    -388.52     0.012
    -387.49     0.069
    -386.46     0.024
    -385.43     0.137
    -384.40     0.000
    -383.37    -0.036
    -382.34    -0.038
    -381.31    -0.049
    -380.28    -0.039
    -379.25     0.026
    -378.22    -0.032
    -377.19     0.037
    -376.16     0.012
    -375.13    -0.001
    -374.10    -0.017
    -373.07    -0.014
    -372.03    -0.051
    -371.00    -0.005
    -369.97    -0.000
    -368.94     0.056
    -367.91    -0.124
    -366.88     0.032
    -365.85    -0.009
    -364.82     0.021
    -363.79    -0.069
    -362.76    -0.038
    -361.73    -0.021
    -360.70     0.000
    -359.67    -0.047
    -358.64    -0.040
    -357.61    -0.010
    -356.58    -0.051
    -355.55    -0.006
    -354.51    -0.020
    -353.48     0.017
    -352.45     0.045
    -351.42     0.090
    -350.39     0.046
    -349.36    -0.047
    -348.33     0.107
    -347.30     0.054
    -346.27     0.039
    -345.24     0.067
    -344.21     0.020
    -343.18    -0.014
    -342.15     0.038
    -341.12     0.032
    -340.09    -0.006
    -339.06     0.005
    -338.03     0.123
    -337.00     0.028
    -335.96     0.092
    -334.93     0.008
    -333.90     0.002
    -332.87     0.155
    -331.84    -0.008
    -330.81    -0.021
    -329.78     0.064
    -328.75    -0.040
    -327.72    -0.039
    -326.69    -0.030
    -325.66     0.045
    -324.63    -0.015
    -323.60     0.102
    -322.57     0.024
    -321.54     0.070
    -320.51    -0.004
    -319.48     0.040
    -318.45    -0.065
    -317.41    -0.024
    -316.38    -0.041
    -315.35     0.055
    -314.32    -0.012
    -313.29     0.057
    -312.26    -0.035
    -311.23     0.028
    -310.20    -0.012
    -309.17     0.025
    -308.14     0.035
    -307.11     0.022
    -306.08    -0.032
    -305.05     0.010
    -304.02    -0.022
    -302.99    -0.049
    -301.96    -0.002
    -300.93     0.060
    -299.89     0.033
    -298.86     0.077
    -297.83    -0.051
    -296.80     0.047
    -295.77    -0.022
    -294.74     0.062
    -293.71    -0.023
    -292.68    -0.021
    -291.65    -0.097
    -290.62    -0.090
    -289.59    -0.108
    -288.56     0.084
    -287.53    -0.028
    -286.50     0.056
    -285.47     0.045
    -284.44     0.032
    -283.41     0.022
    -282.38    -0.090
    -281.34    -0.051
    -280.31     0.033
    -279.28     0.033
    -278.25     0.037
    -277.22    -0.050
    -276.19     0.064
    -275.16     0.058
    -274.13     0.051
    -273.10    -0.048
    -272.07     0.139
    -271.04    -0.026
    -270.01     0.019
    -268.98    -0.080
    -267.95    -0.037
    -266.92    -0.019
    -265.89    -0.016
    -264.86    -0.003
    -263.83     0.103
    -262.79     0.031
    -261.76    -0.019
    -260.73    -0.065
    -259.70     0.016
    -258.67     0.075
    -257.64     0.044
    -256.61    -0.034
    -255.58     0.008
    -254.55    -0.087
    -253.52     0.025
    -252.49    -0.043
    -251.46     0.017
    -250.43    -0.020
    -249.40     0.004
    -248.37     0.071
    -247.34     0.113
    -246.31    -0.024
    -245.27    -0.054
    -244.24    -0.005
    -243.21    -0.017
    -242.18    -0.091
    -241.15    -0.071
    -240.12     0.019
    -239.09     0.059
    -238.06    -0.109
    -237.03    -0.023
    -236.00     0.024
    -234.97     0.069
    -233.94    -0.075
    -232.91    -0.055
    -231.88     0.048
    -230.85     0.019
    -229.82     0.039
    -228.79    -0.038
    -227.76     0.002
    -226.72    -0.012
    -225.69    -0.010
    -224.66     0.082
    -223.63    -0.056
    -222.60     0.008
    -221.57     0.039
    -220.54     0.005
    -219.51    -0.022
    -218.48     0.033
    -217.45     0.014
    -216.42    -0.013
    -215.39     0.018
    -214.36     0.038
    -213.33     0.066
    -212.30     0.007
    -211.27     0.011
    -210.24     0.006
    -209.21    -0.096
    -208.17    -0.040
    -207.14    -0.040
    -206.11     0.015
    -205.08    -0.083
    -204.05     0.058
    -203.02    -0.027
    -201.99     0.002
    -200.96    -0.028
    -199.93    -0.098
    -198.90     0.036
    -197.87     0.019
    -196.84    -0.041
    -195.81     0.058
    -194.78     0.038
    -193.75     0.071
    -192.72    -0.060
    -191.69     0.000
    -190.65    -0.072
    -189.62    -0.021
    -188.59     0.039
    -187.56    -0.028
    -186.53    -0.026
    -185.50    -0.107
    -184.47    -0.126
    -183.44     0.004
    -182.41    -0.028
    -181.38     0.038
    -180.35    -0.026
    -179.32    -0.024
    -178.29    -0.048
    -177.26    -0.014
    -176.23     0.018
    -175.20    -0.031
    -174.17     0.003
    -173.14     0.070
    -172.10     0.044
    -171.07     0.029
    -170.04     0.018
    -169.01    -0.026
    -167.98     0.064
    -166.95     0.044
    -165.92     0.112
    -164.89     0.062
    -163.86     0.078
    -162.83     0.051
    -161.80    -0.076
    -160.77    -0.059
    -159.74     0.061
    -158.71     0.121
    -157.68     0.040
    -156.65     0.123
    -155.62     0.080
    -154.58     0.063
    -153.55     0.058
    -152.52     0.014
    -151.49     0.172
    -150.46     0.069
    -149.43     0.085
    -148.40     0.094
    -147.37     0.051
    -146.34     0.139
    -145.31     0.071
    -144.28     0.114
    -143.25     0.074
    -142.22     0.158
    -141.19     0.207
    -140.16     0.165
    -139.13     0.186
    -138.10     0.183
    -137.07     0.190
    -136.03     0.237
    -135.00     0.223
    -133.97     0.273
    -132.94     0.324
    -131.91     0.239
    -130.88     0.324
    -129.85     0.215
    -128.82     0.128
    -127.79     0.189
    -126.76     0.135
    -125.73     0.111
    -124.70     0.091
    -123.67     0.028
    -122.64     0.062
    -121.61     0.009
    -120.58     0.074
    -119.55     0.017
    -118.52     0.111
    -117.48     0.037
    -116.45     0.048
    -115.42     0.021
    -114.39     0.010
    -113.36     0.038
    -112.33     0.076
    -111.30     0.108
    -110.27     0.070
    -109.24     0.073
    -108.21     0.020
    -107.18     0.125
    -106.15     0.080
    -105.12     0.172
    -104.09     0.142
    -103.06     0.224
    -102.03     0.214
    -101.00     0.331
     -99.96     0.305
     -98.93     0.397
     -97.90     0.435
     -96.87     0.442
     -95.84     0.498
     -94.81     0.514
     -93.78     0.432
     -92.75     0.558
     -91.72     0.521
     -90.69     0.652
     -89.66     0.616
     -88.63     0.615
     -87.60     0.683
     -86.57     0.777
     -85.54     0.809
     -84.51     0.803
     -83.48     0.950
     -82.45     0.904
     -81.41     0.895
     -80.38     1.071
     -79.35     1.097
     -78.32     1.085
     -77.29     1.197
     -76.26     1.328
     -75.23     1.282
     -74.20     1.525
     -73.17     1.380
     -72.14     1.524
     -71.11     1.509
     -70.08     1.504
     -69.05     1.449
     -68.02     1.523
     -66.99     1.475
     -65.96     1.584
     -64.93     1.763
     -63.90     1.741
     -62.86     1.839
     -61.83     1.955
     -60.80     2.026
     -59.77     2.318
     -58.74     2.470
     -57.71     2.582
     -56.68     2.627
     -55.65     2.905
     -54.62     2.906
     -53.59     3.123
     -52.56     3.249
     -51.53     3.349
     -50.50     3.316
     -49.47     3.381
     -48.44     3.435
     -47.41     3.376
     -46.38     3.331
     -45.34     3.480
     -44.31     3.344
     -43.28     3.493
     -42.25     3.491
     -41.22     3.577
     -40.19     3.655
     -39.16     3.744
     -38.13     3.647
     -37.10     3.804
     -36.07     3.766
     -35.04     3.790
     -34.01     3.831
     -32.98     3.879
     -31.95     3.990
     -30.92     3.992
     -29.89     4.017
     -28.86     4.183
     -27.83     4.087
     -26.79     4.207
     -25.76     4.089
     -24.73     4.157
     -23.70     4.271
     -22.67     4.463
     -21.64     4.632
     -20.61     5.091
     -19.58     5.446
     -18.55     6.355
     -17.52     7.307
     -16.49     8.641
     -15.46    10.640
     -14.43    13.170
     -13.40    15.676
     -12.37    17.849
     -11.34    19.439
     -10.31    20.689
      -9.28    21.516
      -8.24    21.359
      -7.21    20.774
      -6.18    20.530
      -5.15    20.468
      -4.12    20.309
      -3.09    20.301
      -2.06    20.846
      -1.03    22.931
       0.00    27.334
       1.03    33.222
       2.06    38.696
       3.09    40.721
       4.12    35.885
       5.15    24.548
       6.18    15.612
       7.21    11.343
       8.24     8.978
       9.28     7.370
      10.31     5.792
      11.34     4.632
      12.37     3.796
      13.40     2.954
      14.43     2.405
      15.46     1.995
      16.49     1.603
      17.52     1.387
      18.55     1.091
      19.58     0.891
      20.61     0.822
      21.64     0.742
      22.67     0.605
      23.70     0.479
      24.73     0.434
      25.76     0.342
      26.79     0.329
      27.83     0.269
      28.86     0.311
      29.89     0.180
      30.92     0.149
      31.95     0.084
      32.98     0.155
      34.01     0.065
      35.04     0.118
      36.07     0.059
      37.10     0.094
      38.13     0.072
      39.16     0.064
      40.19     0.039
      41.22     0.116
      42.25     0.006
      43.28     0.028
      44.31     0.053
      45.34     0.100
      46.38     0.042
      47.41    -0.041
      48.44     0.064
      49.47     0.054
      50.50    -0.032
      51.53     0.129
      52.56    -0.076
      53.59    -0.063
      54.62    -0.031
      55.65    -0.005
      56.68    -0.034
      57.71     0.063
      58.74     0.018
      59.77     0.126
      60.80     0.033
      61.83     0.033
      62.86     0.035
      63.90     0.062
      64.93    -0.069
      65.96     0.110
      66.99     0.032
      68.02     0.017
      69.05    -0.104
      70.08     0.028
      71.11     0.002
      72.14    -0.033
      73.17    -0.092
      74.20     0.055
      75.23     0.013
      76.26     0.070
      77.29    -0.044
      78.32     0.071
      79.35     0.023
      80.38     0.032
      81.41    -0.053
      82.45     0.129
      83.48     0.080
      84.51    -0.031
      85.54     0.076
      86.57     0.030
      87.60     0.031
      88.63     0.128
      89.66    -0.018
      90.69     0.006
      91.72    -0.050
      92.75     0.096
      93.78    -0.006
      94.81     0.001
      95.84    -0.030
      96.87     0.015
      97.90    -0.051
      98.93    -0.007
      99.96     0.027
     101.00    -0.066
     102.03    -0.088
     103.06     0.020
     104.09    -0.016
     105.12     0.046
     106.15     0.001
     107.18     0.002
     108.21     0.070
     109.24    -0.008
     110.27     0.019
     111.30     0.057
     112.33     0.034
     113.36     0.099
     114.39     0.033
     115.42     0.047
     116.45     0.025
     117.48     0.047
     118.52    -0.011
     119.55     0.020
     120.58    -0.022
     121.61    -0.015
     122.64    -0.019
     123.67    -0.069
     124.70     0.022
     125.73    -0.031
     126.76     0.064
     127.79    -0.035
     128.82     0.041
     129.85     0.070
     130.88     0.046
     131.91     0.018
     132.94    -0.035
     133.97     0.015
     135.00     0.017
     136.03     0.109
     137.07    -0.099
     138.10    -0.021
     139.13     0.028
     140.16     0.034
     141.19     0.028
     142.22     0.084
     143.25     0.002
     144.28     0.058
     145.31     0.051
     146.34     0.077
     147.37     0.081
     148.40    -0.026
     149.43    -0.063
     150.46     0.014
     151.49    -0.091
     152.52    -0.016
     153.55    -0.036
     154.58    -0.004
     155.62     0.013
     156.65     0.035
     157.68    -0.063
     158.71     0.006
     159.74    -0.035
     160.77     0.019
     161.80    -0.096
     162.83     0.037
     163.86     0.082
     164.89     0.037
     165.92    -0.074
     166.95     0.025
     167.98    -0.037
     169.01     0.094
     170.04     0.017
     171.07     0.019
     172.10    -0.023
     173.14    -0.020
     174.17    -0.132
     175.20     0.035
     176.23    -0.069
     177.26     0.009
     178.29    -0.049
     179.32    -0.104
     180.35     0.048
     181.38     0.005
     182.41     0.046
     183.44    -0.016
     184.47    -0.076
     185.50     0.083
     186.53     0.010
     187.56     0.110
     188.59    -0.091
     189.62    -0.062
     190.65     0.052
     191.69     0.031
     192.72     0.055
     193.75    -0.053
     194.78    -0.017
     195.81     0.114
     196.84     0.057
     197.87     0.012
     198.90    -0.015
     199.93    -0.002
     200.96    -0.018
     201.99    -0.021
     203.02    -0.126
     204.05     0.039
     205.08    -0.040
     206.11     0.027
     207.14    -0.042
     208.17     0.067
     209.21     0.012
     210.24    -0.018
     211.27    -0.076
     212.30    -0.037
     213.33    -0.093
     214.36     0.125
     215.39    -0.025
     216.42    -0.011
     217.45    -0.055
     218.48     0.001
     219.51     0.022
     220.54     0.127
     221.57    -0.007
     222.60    -0.078
     223.63    -0.033
     224.66     0.036
     225.69     0.026
     226.72     0.046
     227.76     0.025
     228.79     0.091
     229.82    -0.039
     230.85     0.012
     231.88     0.022
     232.91     0.045
     233.94    -0.014
     234.97     0.008
     236.00    -0.086
     237.03     0.032
     238.06    -0.017
     239.09     0.014
     240.12     0.054
     241.15    -0.036
     242.18     0.044
     243.21     0.047
     244.24    -0.036
     245.27     0.035
     246.31     0.023
     247.34     0.097
     248.37    -0.038
     249.40    -0.024
     250.43    -0.075
     251.46     0.017
     252.49    -0.041
     253.52    -0.005
     254.55    -0.007
     255.58    -0.002
     256.61     0.032
     257.64     0.042
     258.67    -0.020
     259.70     0.016
     260.73    -0.066
     261.76     0.037
     262.79    -0.047
     263.83     0.011
     264.86    -0.013
     265.89    -0.019
     266.92    -0.048
     267.95     0.029
     268.98    -0.035
     270.01     0.045
     271.04    -0.134
     272.07     0.054
     273.10     0.037
     274.13    -0.070
     275.16     0.030
     276.19     0.022
     277.22    -0.029
     278.25     0.051
     279.28    -0.086
     280.31     0.094
     281.34     0.045
     282.38     0.017
     283.41    -0.119
     284.44     0.064
     285.47    -0.045
     286.50     0.001
     287.53    -0.039
     288.56     0.054
     289.59    -0.064
     290.62     0.128
     291.65    -0.057
     292.68     0.065
     293.71    -0.004
     294.74     0.046
     295.77    -0.119
     296.80    -0.028
     297.83     0.023
     298.86     0.048
     299.89    -0.022
     300.93    -0.056
     301.96     0.042
     302.99     0.007
     304.02    -0.059
     305.05     0.037
     306.08     0.006
     307.11    -0.033
     308.14     0.012
     309.17     0.006
     310.20    -0.045
     311.23    -0.032
     312.26     0.007
     313.29    -0.027
     314.32     0.058
     315.35     0.122
     316.38     0.058
     317.41     0.079
     318.45    -0.021
     319.48     0.092
     320.51     0.108
     321.54     0.032
     322.57    -0.014
     323.60    -0.042
     324.63     0.013
     325.66    -0.026
     326.69     0.093
     327.72    -0.026
     328.75    -0.035
     329.78    -0.001
     330.81    -0.086
     331.84     0.034
     332.87    -0.026
     333.90    -0.084
     334.93    -0.015
     335.96     0.021
     337.00    -0.039
     338.03     0.058
     339.06    -0.105
     340.09     0.022
     341.12    -0.025
     342.15     0.017
     343.18     0.048
     344.21     0.011
     345.24    -0.103
     346.27     0.100
     347.30    -0.063
     348.33    -0.047
     349.36    -0.030
     350.39     0.004
     351.42    -0.012
     352.45     0.008
     353.48    -0.030
     354.51    -0.054
     355.55    -0.072
     356.58    -0.045
     357.61    -0.074
     358.64     0.020
     359.67     0.080
     360.70     0.035
     361.73     0.013
     362.76    -0.038
     363.79    -0.020
     364.82     0.043
     365.85     0.079
     366.88    -0.034
     367.91     0.025
     368.94     0.018
     369.97     0.103
     371.00     0.003
     372.03    -0.047
     373.07     0.014
     374.10    -0.058
     375.13     0.096
     376.16    -0.019
     377.19     0.018
     378.22    -0.126
     379.25     0.094
     380.28    -0.056
     381.31    -0.015
     382.34    -0.027
     383.37    -0.016
     384.40    -0.064
     385.43     0.091
     386.46     0.004
     387.49    -0.006
     388.52    -0.047
     389.55     0.035
     390.58    -0.034
     391.62    -0.084
     392.65     0.023
     393.68     0.086
     394.71     0.029
     395.74     0.036
     396.77    -0.050
     397.80     0.061
     398.83    -0.014
     399.86     0.014