%%LAB     777  datapoints: v_lsr [km/s] and T_B [K]
    -399.86     0.017
    -398.83     0.017
    -397.80    -0.056
    -396.77    -0.089
    -395.74    -0.080
    -394.71     0.025
    -393.68    -0.021
    -392.65     0.023
    -391.62    -0.031
    -390.59     0.023
    -389.56     0.048
    -388.53    -0.018
    -387.50    -0.025
    -386.47    -0.046
    -385.44    -0.031
    -384.41    -0.006
    -383.37     0.041
    -382.34    -0.027
    -381.31    -0.020
    -380.28     0.059
    -379.25    -0.060
    -378.22    -0.034
    -377.19     0.044
    -376.16    -0.030
    -375.13     0.113
    -374.10     0.024
    -373.07     0.033
    -372.04    -0.022
    -371.01     0.118
    -369.98     0.000
    -368.95     0.081
    -367.92    -0.014
    -366.89     0.162
    -365.85     0.055
    -364.82     0.039
    -363.79    -0.133
    -362.76    -0.002
    -361.73     0.009
    -360.70     0.043
    -359.67    -0.034
    -358.64    -0.022
    -357.61    -0.052
    -356.58     0.028
    -355.55    -0.108
    -354.52    -0.095
    -353.49    -0.018
    -352.46    -0.030
    -351.43     0.000
    -350.40    -0.012
    -349.37    -0.143
    -348.33     0.066
    -347.30     0.015
    -346.27    -0.044
    -345.24     0.015
    -344.21     0.079
    -343.18    -0.047
    -342.15     0.028
    -341.12    -0.036
    -340.09     0.033
    -339.06     0.000
    -338.03     0.028
    -337.00    -0.015
    -335.97     0.092
    -334.94     0.027
    -333.91     0.050
    -332.88     0.020
    -331.85    -0.016
    -330.82     0.024
    -329.78    -0.001
    -328.75    -0.083
    -327.72    -0.042
    -326.69    -0.066
    -325.66     0.029
    -324.63     0.004
    -323.60     0.058
    -322.57     0.051
    -321.54     0.056
    -320.51    -0.071
    -319.48     0.010
    -318.45    -0.035
    -317.42     0.027
    -316.39    -0.071
    -315.36     0.053
    -314.33     0.023
    -313.30     0.032
    -312.26    -0.032
    -311.23    -0.047
    -310.20     0.068
    -309.17    -0.044
    -308.14    -0.032
    -307.11     0.086
    -306.08     0.008
    -305.05     0.047
    -304.02     0.021
    -302.99     0.152
    -301.96    -0.027
    -300.93     0.005
    -299.90     0.005
    -298.87    -0.012
    -297.84    -0.018
    -296.81    -0.004
    -295.78    -0.074
    -294.74    -0.016
    -293.71    -0.048
    -292.68    -0.009
    -291.65     0.027
    -290.62     0.007
    -289.59     0.053
    -288.56    -0.036
    -287.53     0.001
    -286.50    -0.012
    -285.47     0.025
    -284.44     0.021
    -283.41    -0.014
    -282.38    -0.018
    -281.35    -0.036
    -280.32    -0.092
    -279.29    -0.042
    -278.26     0.004
    -277.23    -0.035
    -276.19     0.088
    -275.16    -0.003
    -274.13    -0.082
    -273.10     0.056
    -272.07     0.068
    -271.04     0.009
    -270.01     0.060
    -268.98    -0.034
    -267.95     0.096
    -266.92    -0.051
    -265.89     0.074
    -264.86    -0.041
    -263.83     0.042
    -262.80    -0.121
    -261.77     0.034
    -260.74     0.007
    -259.71    -0.049
    -258.67    -0.030
    -257.64    -0.044
    -256.61     0.002
    -255.58     0.029
    -254.55    -0.115
    -253.52    -0.056
    -252.49     0.088
    -251.46    -0.096
    -250.43     0.005
    -249.40     0.054
    -248.37     0.009
    -247.34     0.046
    -246.31    -0.065
    -245.28    -0.047
    -244.25    -0.039
    -243.22     0.061
    -242.19     0.039
    -241.15     0.017
    -240.12     0.058
    -239.09     0.009
    -238.06     0.012
    -237.03    -0.073
    -236.00     0.014
    -234.97     0.104
    -233.94    -0.006
    -232.91     0.032
    -231.88     0.027
    -230.85     0.041
    -229.82    -0.026
    -228.79    -0.017
    -227.76    -0.037
    -226.73     0.029
    -225.70    -0.051
    -224.67     0.004
    -223.64    -0.011
    -222.60     0.036
    -221.57    -0.066
    -220.54    -0.008
    -219.51     0.014
    -218.48    -0.017
    -217.45     0.005
    -216.42     0.025
    -215.39    -0.000
    -214.36    -0.022
    -213.33    -0.018
    -212.30     0.068
    -211.27    -0.057
    -210.24    -0.022
    -209.21     0.014
    -208.18     0.109
    -207.15    -0.011
    -206.12     0.022
    -205.08     0.045
    -204.05     0.094
    -203.02    -0.036
    -201.99    -0.012
    -200.96    -0.079
    -199.93    -0.005
    -198.90    -0.015
    -197.87    -0.005
    -196.84     0.056
    -195.81     0.035
    -194.78     0.007
    -193.75     0.095
    -192.72     0.018
    -191.69    -0.063
    -190.66     0.055
    -189.63     0.065
    -188.60     0.007
    -187.56    -0.058
    -186.53     0.054
    -185.50    -0.003
    -184.47    -0.022
    -183.44    -0.052
    -182.41     0.034
    -181.38    -0.032
    -180.35    -0.083
    -179.32    -0.016
    -178.29     0.034
    -177.26     0.089
    -176.23    -0.016
    -175.20     0.068
    -174.17     0.078
    -173.14     0.009
    -172.11    -0.038
    -171.08     0.007
    -170.05    -0.010
    -169.01     0.058
    -167.98    -0.045
    -166.95     0.007
    -165.92    -0.077
    -164.89     0.077
    -163.86     0.032
    -162.83    -0.065
    -161.80    -0.009
    -160.77    -0.012
    -159.74    -0.023
    -158.71    -0.008
    -157.68    -0.086
    -156.65     0.044
    -155.62     0.037
    -154.59     0.018
    -153.56     0.047
    -152.53     0.030
    -151.49    -0.039
    -150.46     0.083
    -149.43     0.058
    -148.40    -0.012
    -147.37     0.063
    -146.34     0.036
    -145.31     0.052
    -144.28    -0.019
    -143.25    -0.090
    -142.22    -0.007
    -141.19    -0.032
    -140.16     0.033
    -139.13     0.054
    -138.10     0.040
    -137.07     0.035
    -136.04     0.086
    -135.01    -0.037
    -133.97     0.052
    -132.94    -0.054
    -131.91     0.060
    -130.88    -0.035
    -129.85    -0.008
    -128.82    -0.125
    -127.79    -0.045
    -126.76    -0.029
    -125.73     0.110
    -124.70     0.090
    -123.67     0.077
    -122.64     0.026
    -121.61     0.046
    -120.58     0.110
    -119.55     0.052
    -118.52     0.043
    -117.49     0.024
    -116.46     0.018
    -115.42     0.131
    -114.39    -0.105
    -113.36     0.072
    -112.33    -0.041
    -111.30     0.092
    -110.27    -0.008
    -109.24    -0.013
    -108.21    -0.021
    -107.18     0.050
    -106.15     0.059
    -105.12     0.045
    -104.09    -0.002
    -103.06     0.015
    -102.03     0.014
    -101.00     0.031
     -99.97    -0.011
     -98.94     0.144
     -97.90    -0.024
     -96.87     0.116
     -95.84     0.047
     -94.81    -0.004
     -93.78     0.032
     -92.75     0.100
     -91.72    -0.022
     -90.69     0.141
     -89.66     0.063
     -88.63     0.001
     -87.60    -0.022
     -86.57     0.091
     -85.54     0.052
     -84.51     0.109
     -83.48     0.141
     -82.45     0.091
     -81.42     0.145
     -80.38     0.146
     -79.35     0.179
     -78.32     0.117
     -77.29     0.056
     -76.26     0.052
     -75.23     0.105
     -74.20     0.099
     -73.17     0.169
     -72.14     0.151
     -71.11     0.186
     -70.08     0.138
     -69.05     0.160
     -68.02     0.217
     -66.99     0.102
     -65.96     0.191
     -64.93     0.252
     -63.90     0.119
     -62.87     0.146
     -61.83     0.279
     -60.80     0.153
     -59.77     0.219
     -58.74     0.330
     -57.71     0.401
     -56.68     0.173
     -55.65     0.336
     -54.62     0.437
     -53.59     0.442
     -52.56     0.415
     -51.53     0.496
     -50.50     0.475
     -49.47     0.478
     -48.44     0.483
     -47.41     0.561
     -46.38     0.614
     -45.35     0.633
     -44.31     0.683
     -43.28     0.719
     -42.25     0.652
     -41.22     0.701
     -40.19     0.826
     -39.16     0.777
     -38.13     0.744
     -37.10     0.830
     -36.07     0.869
     -35.04     0.834
     -34.01     0.855
     -32.98     0.894
     -31.95     0.775
     -30.92     0.887
     -29.89     0.695
     -28.86     0.852
     -27.83     0.830
     -26.79     0.970
     -25.76     0.944
     -24.73     0.871
     -23.70     0.949
     -22.67     1.012
     -21.64     1.110
     -20.61     1.225
     -19.58     1.244
     -18.55     1.318
     -17.52     1.541
     -16.49     1.620
     -15.46     1.634
     -14.43     1.949
     -13.40     2.091
     -12.37     2.299
     -11.34     2.656
     -10.31     3.035
      -9.28     3.438
      -8.24     3.905
      -7.21     4.502
      -6.18     5.374
      -5.15     6.236
      -4.12     7.321
      -3.09     9.581
      -2.06    12.161
      -1.03    13.203
       0.00    13.145
       1.03    12.179
       2.06    11.425
       3.09    10.926
       4.12    11.245
       5.15    11.674
       6.18    11.661
       7.21    11.722
       8.24    11.566
       9.28    10.705
      10.31     9.674
      11.34     9.009
      12.37     8.054
      13.40     7.058
      14.43     6.298
      15.46     5.418
      16.49     4.558
      17.52     3.682
      18.55     3.086
      19.58     2.485
      20.61     2.005
      21.64     1.718
      22.67     1.431
      23.70     1.128
      24.73     0.875
      25.76     0.634
      26.79     0.605
      27.83     0.473
      28.86     0.361
      29.89     0.179
      30.92     0.282
      31.95     0.236
      32.98     0.077
      34.01     0.140
      35.04     0.200
      36.07     0.138
      37.10     0.082
      38.13     0.075
      39.16     0.057
      40.19     0.013
      41.22     0.017
      42.25     0.026
      43.28     0.137
      44.31    -0.047
      45.35    -0.025
      46.38    -0.039
      47.41     0.045
      48.44     0.013
      49.47     0.033
      50.50    -0.037
      51.53     0.058
      52.56    -0.006
      53.59     0.037
      54.62     0.059
      55.65     0.039
      56.68     0.083
      57.71    -0.002
      58.74    -0.078
      59.77     0.071
      60.80     0.029
      61.83     0.014
      62.87    -0.001
      63.90    -0.013
      64.93     0.023
      65.96     0.045
      66.99     0.059
      68.02     0.059
      69.05     0.033
      70.08     0.053
      71.11     0.051
      72.14    -0.015
      73.17     0.022
      74.20     0.086
      75.23     0.016
      76.26     0.107
      77.29     0.023
      78.32    -0.006
      79.35     0.048
      80.39    -0.069
      81.42     0.052
      82.45    -0.088
      83.48     0.005
      84.51    -0.007
      85.54     0.068
      86.57    -0.043
      87.60     0.117
      88.63     0.035
      89.66    -0.076
      90.69     0.042
      91.72     0.012
      92.75     0.056
      93.78    -0.111
      94.81     0.092
      95.84    -0.044
      96.87     0.052
      97.90    -0.067
      98.94     0.017
      99.97    -0.047
     101.00     0.061
     102.03    -0.023
     103.06     0.014
     104.09    -0.020
     105.12     0.101
     106.15    -0.003
     107.18    -0.002
     108.21    -0.021
     109.24     0.121
     110.27    -0.076
     111.30    -0.020
     112.33    -0.018
     113.36     0.063
     114.39    -0.065
     115.42    -0.004
     116.46     0.005
     117.49    -0.009
     118.52    -0.080
     119.55    -0.070
     120.58    -0.080
     121.61     0.004
     122.64    -0.012
     123.67     0.021
     124.70    -0.010
     125.73     0.136
     126.76     0.016
     127.79     0.037
     128.82     0.025
     129.85     0.020
     130.88    -0.019
     131.91     0.106
     132.94    -0.013
     133.97     0.067
     135.01    -0.071
     136.04     0.053
     137.07     0.005
     138.10     0.038
     139.13    -0.049
     140.16    -0.026
     141.19    -0.078
     142.22     0.048
     143.25    -0.010
     144.28     0.128
     145.31     0.004
     146.34     0.044
     147.37    -0.041
     148.40     0.011
     149.43     0.046
     150.46     0.110
     151.49     0.007
     152.53    -0.028
     153.56    -0.016
     154.59    -0.055
     155.62     0.000
     156.65    -0.101
     157.68    -0.032
     158.71     0.067
     159.74    -0.040
     160.77     0.009
     161.80    -0.120
     162.83     0.061
     163.86    -0.029
     164.89     0.106
     165.92    -0.034
     166.95     0.103
     167.98     0.005
     169.01    -0.010
     170.05    -0.054
     171.08     0.092
     172.11     0.047
     173.14     0.023
     174.17    -0.058
     175.20     0.089
     176.23     0.014
     177.26     0.054
     178.29    -0.047
     179.32     0.056
     180.35    -0.007
     181.38     0.034
     182.41    -0.053
     183.44     0.055
     184.47    -0.077
     185.50    -0.006
     186.53    -0.026
     187.56     0.006
     188.60    -0.013
     189.63    -0.007
     190.66    -0.038
     191.69     0.045
     192.72    -0.032
     193.75     0.031
     194.78    -0.037
     195.81     0.035
     196.84    -0.097
     197.87    -0.056
     198.90    -0.023
     199.93     0.044
     200.96    -0.006
     201.99     0.109
     203.02    -0.045
     204.05     0.017
     205.08     0.016
     206.12     0.056
     207.15    -0.004
     208.18     0.009
     209.21    -0.061
     210.24    -0.050
     211.27    -0.100
     212.30     0.033
     213.33    -0.002
     214.36     0.018
     215.39    -0.102
     216.42    -0.058
     217.45    -0.118
     218.48    -0.047
     219.51     0.027
     220.54     0.024
     221.57    -0.017
     222.60     0.047
     223.64     0.028
     224.67    -0.136
     225.70    -0.023
     226.73     0.063
     227.76     0.108
     228.79    -0.019
     229.82     0.010
     230.85    -0.025
     231.88    -0.095
     232.91     0.047
     233.94    -0.008
     234.97    -0.090
     236.00     0.024
     237.03     0.079
     238.06    -0.043
     239.09     0.069
     240.12     0.017
     241.15     0.012
     242.19    -0.025
     243.22     0.054
     244.25    -0.080
     245.28     0.022
     246.31     0.058
     247.34     0.083
     248.37     0.088
     249.40     0.073
     250.43     0.003
     251.46     0.032
     252.49     0.011
     253.52     0.024
     254.55    -0.011
     255.58     0.059
     256.61     0.024
     257.64     0.081
     258.67    -0.016
     259.71     0.048
     260.74     0.147
     261.77     0.053
     262.80    -0.079
     263.83    -0.034
     264.86    -0.030
     265.89     0.034
     266.92    -0.066
     267.95     0.016
     268.98     0.002
     270.01     0.115
     271.04    -0.027
     272.07     0.115
     273.10     0.034
     274.13    -0.086
     275.16    -0.082
     276.19    -0.020
     277.23     0.001
     278.26     0.031
     279.29     0.067
     280.32     0.057
     281.35    -0.043
     282.38     0.019
     283.41    -0.086
     284.44    -0.031
     285.47    -0.034
     286.50    -0.032
     287.53    -0.074
     288.56     0.057
     289.59     0.052
     290.62     0.007
     291.65    -0.002
     292.68    -0.014
     293.71    -0.015
     294.74    -0.062
     295.78     0.010
     296.81     0.098
     297.84    -0.041
     298.87    -0.063
     299.90    -0.023
     300.93     0.029
     301.96    -0.005
     302.99     0.041
     304.02     0.043
     305.05     0.016
     306.08     0.082
     307.11     0.117
     308.14    -0.016
     309.17    -0.052
     310.20    -0.080
     311.23     0.035
     312.26    -0.058
     313.30     0.038
     314.33    -0.041
     315.36    -0.049
     316.39    -0.074
     317.42     0.016
     318.45    -0.021
     319.48    -0.007
     320.51    -0.089
     321.54     0.020
     322.57    -0.041
     323.60     0.059
     324.63     0.016
     325.66    -0.015
     326.69     0.007
     327.72     0.005
     328.75    -0.012
     329.78     0.055
     330.82    -0.084
     331.85     0.094
     332.88    -0.046
     333.91     0.002
     334.94    -0.006
     335.97     0.063
     337.00    -0.022
     338.03    -0.027
     339.06    -0.082
     340.09     0.000
     341.12    -0.028
     342.15     0.010
     343.18    -0.059
     344.21     0.051
     345.24    -0.057
     346.27     0.022
     347.30     0.028
     348.33    -0.007
     349.37    -0.081
     350.40    -0.007
     351.43    -0.033
     352.46     0.079
     353.49    -0.027
     354.52    -0.091
     355.55     0.044
     356.58     0.043
     357.61     0.032
     358.64     0.030
     359.67     0.001
     360.70    -0.015
     361.73    -0.114
     362.76     0.026
     363.79    -0.049
     364.82     0.071
     365.85     0.014
     366.89     0.017
     367.92     0.038
     368.95     0.023
     369.98    -0.048
     371.01     0.034
     372.04    -0.088
     373.07     0.126
     374.10     0.008
     375.13    -0.048
     376.16    -0.069
     377.19     0.082
     378.22     0.016
     379.25     0.060
     380.28    -0.052
     381.31     0.005
     382.34    -0.072
     383.37    -0.068
     384.41    -0.027
     385.44     0.004
     386.47    -0.032
     387.50     0.008
     388.53     0.036
     389.56    -0.012
     390.59    -0.095
     391.62    -0.023
     392.65    -0.020
     393.68     0.186
     394.71    -0.085
     395.74     0.092
     396.77    -0.055
     397.80     0.078
     398.83    -0.076
     399.86     0.076