%%   72.50000   7.50000    0   0.20000
% LAB  survey ------------------
% wanted position:  l, b, RA, DEC, and interpolated  NH
% 72.50 ;   7.50 ; 295.53 ;  38.43 ;  0.156E+22
% nearest position: l, b, RA, DEC, and observed NH
% 72.50 ;   7.50 ; 295.53 ;  38.43 ;  0.156E+22
% GASS III survey --------------
% NH - median within 6 arcmin radius   0.00    
% NH - mean within specified beam      0.00    
% EBHIS survey -----------------
% NH  within specified beam           0.149E+22
%%EBHIS   621  datapoints: v_lsr [km/s] and T_B [K]
    -399.25    -0.008
    -397.96     0.032
    -396.68     0.118
    -395.39     0.134
    -394.10     0.017
    -392.81    -0.027
    -391.52     0.112
    -390.23     0.012
    -388.95    -0.032
    -387.66     0.016
    -386.37     0.075
    -385.08    -0.104
    -383.79     0.052
    -382.50     0.018
    -381.22    -0.026
    -379.93    -0.043
    -378.64    -0.093
    -377.35     0.027
    -376.06     0.063
    -374.78     0.043
    -373.49     0.082
    -372.20     0.058
    -370.91    -0.007
    -369.62    -0.026
    -368.33     0.119
    -367.05     0.067
    -365.76    -0.034
    -364.47     0.123
    -363.18     0.014
    -361.89    -0.066
    -360.60    -0.034
    -359.32     0.010
    -358.03    -0.018
    -356.74     0.004
    -355.45     0.013
    -354.16     0.098
    -352.88     0.070
    -351.59     0.039
    -350.30     0.021
    -349.01    -0.009
    -347.72    -0.040
    -346.43     0.000
    -345.15    -0.008
    -343.86     0.009
    -342.57    -0.035
    -341.28     0.009
    -339.99     0.143
    -338.70     0.010
    -337.42    -0.002
    -336.13    -0.003
    -334.84    -0.023
    -333.55    -0.039
    -332.26    -0.007
    -330.98    -0.067
    -329.69    -0.092
    -328.40    -0.061
    -327.11    -0.006
    -325.82     0.018
    -324.53     0.040
    -323.25     0.004
    -321.96    -0.021
    -320.67     0.064
    -319.38     0.042
    -318.09    -0.032
    -316.80    -0.100
    -315.52    -0.042
    -314.23    -0.056
    -312.94    -0.085
    -311.65    -0.044
    -310.36     0.003
    -309.08     0.023
    -307.79    -0.077
    -306.50    -0.105
    -305.21     0.045
    -303.92     0.051
    -302.63    -0.066
    -301.35    -0.077
    -300.06    -0.021
    -298.77     0.050
    -297.48    -0.000
    -296.19     0.037
    -294.90     0.105
    -293.62    -0.006
    -292.33    -0.016
    -291.04    -0.123
    -289.75    -0.038
    -288.46    -0.052
    -287.18    -0.114
    -285.89    -0.081
    -284.60    -0.026
    -283.31    -0.053
    -282.02     0.034
    -280.73     0.147
    -279.45     0.026
    -278.16    -0.027
    -276.87    -0.026
    -275.58     0.153
    -274.29    -0.024
    -273.00     0.011
    -271.72    -0.059
    -270.43    -0.009
    -269.14     0.072
    -267.85    -0.014
    -266.56     0.093
    -265.28     0.068
    -263.99     0.043
    -262.70     0.016
    -261.41    -0.029
    -260.12    -0.008
    -258.83     0.002
    -257.55     0.019
    -256.26    -0.059
    -254.97     0.044
    -253.68    -0.097
    -252.39     0.037
    -251.10     0.001
    -249.82    -0.050
    -248.53     0.032
    -247.24     0.037
    -245.95    -0.022
    -244.66    -0.006
    -243.38    -0.010
    -242.09     0.010
    -240.80     0.068
    -239.51     0.046
    -238.22     0.055
    -236.93     0.044
    -235.65    -0.089
    -234.36    -0.095
    -233.07     0.034
    -231.78    -0.077
    -230.49    -0.070
    -229.20    -0.057
    -227.92    -0.021
    -226.63     0.064
    -225.34     0.038
    -224.05     0.057
    -222.76     0.023
    -221.48     0.007
    -220.19     0.060
    -218.90     0.030
    -217.61     0.018
    -216.32     0.019
    -215.03    -0.176
    -213.75    -0.079
    -212.46    -0.024
    -211.17     0.087
    -209.88     0.090
    -208.59     0.037
    -207.30     0.063
    -206.02    -0.048
    -204.73    -0.055
    -203.44     0.010
    -202.15    -0.022
    -200.86    -0.064
    -199.58    -0.028
    -198.29     0.080
    -197.00     0.024
    -195.71     0.042
    -194.42     0.068
    -193.13     0.059
    -191.85     0.036
    -190.56     0.053
    -189.27     0.061
    -187.98     0.001
    -186.69    -0.044
    -185.40     0.044
    -184.12     0.034
    -182.83     0.046
    -181.54     0.008
    -180.25    -0.015
    -178.96     0.016
    -177.68    -0.013
    -176.39     0.002
    -175.10    -0.100
    -173.81    -0.003
    -172.52    -0.065
    -171.23    -0.023
    -169.95     0.001
    -168.66     0.004
    -167.37    -0.076
    -166.08     0.076
    -164.79    -0.044
    -163.50    -0.044
    -162.22     0.018
    -160.93    -0.034
    -159.64    -0.012
    -158.35     0.028
    -157.06     0.084
    -155.78    -0.067
    -154.49     0.025
    -153.20     0.014
    -151.91    -0.010
    -150.62    -0.031
    -149.33    -0.059
    -148.05    -0.013
    -146.76     0.068
    -145.47     0.155
    -144.18     0.082
    -142.89     0.068
    -141.60    -0.017
    -140.32     0.009
    -139.03     0.155
    -137.74     0.092
    -136.45     0.038
    -135.16     0.129
    -133.88     0.168
    -132.59     0.065
    -131.30     0.125
    -130.01     0.217
    -128.72     0.091
    -127.43     0.157
    -126.15     0.166
    -124.86     0.239
    -123.57     0.311
    -122.28     0.376
    -120.99     0.412
    -119.70     0.599
    -118.42     0.719
    -117.13     0.875
    -115.84     0.915
    -114.55     1.200
    -113.26     1.459
    -111.98     1.763
    -110.69     2.006
    -109.40     2.328
    -108.11     2.917
    -106.82     3.811
    -105.53     4.838
    -104.25     5.873
    -102.96     6.473
    -101.67     6.328
    -100.38     5.352
     -99.09     4.322
     -97.80     3.437
     -96.52     3.120
     -95.23     2.801
     -93.94     3.022
     -92.65     3.011
     -91.36     2.905
     -90.08     2.822
     -88.79     2.872
     -87.50     2.738
     -86.21     2.596
     -84.92     2.484
     -83.63     2.404
     -82.35     2.326
     -81.06     2.304
     -79.77     2.324
     -78.48     2.495
     -77.19     2.499
     -75.90     2.486
     -74.62     2.421
     -73.33     2.418
     -72.04     2.538
     -70.75     2.487
     -69.46     2.514
     -68.18     2.377
     -66.89     2.141
     -65.60     2.111
     -64.31     2.192
     -63.02     2.124
     -61.73     2.040
     -60.45     2.023
     -59.16     1.964
     -57.87     1.901
     -56.58     1.795
     -55.29     1.762
     -54.00     1.505
     -52.72     1.336
     -51.43     1.216
     -50.14     1.158
     -48.85     1.031
     -47.56     0.997
     -46.28     0.960
     -44.99     0.892
     -43.70     0.932
     -42.41     0.926
     -41.12     0.993
     -39.83     0.860
     -38.55     0.819
     -37.26     0.918
     -35.97     0.915
     -34.68     0.926
     -33.39     1.141
     -32.10     1.082
     -30.82     1.271
     -29.53     1.371
     -28.24     1.608
     -26.95     1.843
     -25.66     2.223
     -24.38     2.351
     -23.09     2.462
     -21.80     2.831
     -20.51     3.091
     -19.22     3.406
     -17.93     3.911
     -16.65     4.440
     -15.36     4.976
     -14.07     5.644
     -12.78     6.589
     -11.49     7.931
     -10.20     9.592
      -8.92    11.979
      -7.63    14.475
      -6.34    16.454
      -5.05    17.916
      -3.76    19.729
      -2.48    22.246
      -1.19    24.803
       0.10    26.635
       1.39    27.797
       2.68    29.433
       3.97    30.156
       5.25    26.492
       6.54    20.995
       7.83    17.371
       9.12    15.241
      10.41    13.715
      11.70    11.951
      12.98    10.106
      14.27     8.935
      15.56     8.048
      16.85     6.682
      18.14     5.313
      19.42     4.314
      20.71     3.506
      22.00     2.910
      23.29     2.293
      24.58     1.923
      25.87     1.539
      27.15     1.387
      28.44     1.108
      29.73     0.883
      31.02     0.664
      32.31     0.556
      33.60     0.619
      34.88     0.563
      36.17     0.462
      37.46     0.389
      38.75     0.280
      40.04     0.227
      41.32     0.276
      42.61     0.335
      43.90     0.366
      45.19     0.319
      46.48     0.324
      47.77     0.227
      49.05     0.155
      50.34     0.103
      51.63     0.114
      52.92     0.122
      54.21     0.066
      55.50     0.068
      56.78     0.055
      58.07     0.075
      59.36    -0.042
      60.65     0.036
      61.94     0.034
      63.22     0.030
      64.51    -0.028
      65.80    -0.059
      67.09     0.040
      68.38     0.067
      69.67     0.007
      70.95     0.022
      72.24    -0.017
      73.53     0.009
      74.82    -0.018
      76.11     0.124
      77.40     0.046
      78.68    -0.016
      79.97    -0.062
      81.26    -0.055
      82.55     0.133
      83.84     0.039
      85.12     0.020
      86.41    -0.042
      87.70    -0.081
      88.99     0.049
      90.28    -0.091
      91.57    -0.060
      92.85    -0.035
      94.14    -0.028
      95.43     0.078
      96.72    -0.052
      98.01    -0.016
      99.30     0.016
     100.58    -0.076
     101.87    -0.073
     103.16    -0.014
     104.45    -0.105
     105.74     0.110
     107.02     0.108
     108.31     0.009
     109.60     0.038
     110.89    -0.024
     112.18    -0.085
     113.47    -0.005
     114.75     0.074
     116.04     0.051
     117.33     0.033
     118.62    -0.031
     119.91     0.024
     121.20    -0.045
     122.48    -0.056
     123.77    -0.052
     125.06    -0.020
     126.35    -0.084
     127.64    -0.063
     128.92     0.012
     130.21    -0.070
     131.50     0.093
     132.79    -0.045
     134.08    -0.041
     135.37     0.036
     136.65    -0.073
     137.94     0.021
     139.23     0.028
     140.52    -0.030
     141.81    -0.048
     143.09     0.038
     144.38     0.001
     145.67     0.001
     146.96    -0.034
     148.25     0.036
     149.54    -0.053
     150.82    -0.068
     152.11    -0.040
     153.40    -0.050
     154.69    -0.084
     155.98    -0.024
     157.27     0.014
     158.55     0.050
     159.84     0.039
     161.13     0.019
     162.42     0.044
     163.71     0.042
     164.99     0.026
     166.28     0.059
     167.57     0.077
     168.86     0.056
     170.15     0.053
     171.44    -0.063
     172.72    -0.064
     174.01    -0.028
     175.30    -0.025
     176.59     0.031
     177.88     0.026
     179.17     0.022
     180.45     0.055
     181.74     0.106
     183.03     0.043
     184.32     0.009
     185.61    -0.123
     186.89     0.039
     188.18    -0.024
     189.47    -0.061
     190.76     0.014
     192.05    -0.006
     193.34     0.011
     194.62    -0.116
     195.91     0.014
     197.20    -0.007
     198.49     0.030
     199.78     0.037
     201.07    -0.065
     202.35     0.067
     203.64     0.031
     204.93    -0.019
     206.22     0.070
     207.51     0.075
     208.79     0.076
     210.08     0.046
     211.37    -0.036
     212.66    -0.113
     213.95    -0.045
     215.24     0.021
     216.52     0.068
     217.81    -0.045
     219.10    -0.108
     220.39     0.074
     221.68     0.003
     222.97    -0.003
     224.25    -0.033
     225.54    -0.034
     226.83    -0.162
     228.12    -0.109
     229.41     0.014
     230.69     0.223
     231.98     0.130
     233.27     0.047
     234.56     0.105
     235.85     0.053
     237.14     0.008
     238.42    -0.024
     239.71    -0.003
     241.00     0.105
     242.29     0.024
     243.58     0.027
     244.87     0.044
     246.15    -0.007
     247.44     0.040
     248.73     0.039
     250.02    -0.058
     251.31    -0.038
     252.59     0.073
     253.88    -0.057
     255.17     0.030
     256.46     0.033
     257.75    -0.024
     259.04     0.046
     260.32    -0.045
     261.61     0.023
     262.90    -0.052
     264.19    -0.018
     265.48    -0.061
     266.77     0.031
     268.05     0.069
     269.34    -0.092
     270.63     0.012
     271.92     0.058
     273.21    -0.003
     274.49    -0.078
     275.78     0.002
     277.07     0.059
     278.36    -0.080
     279.65     0.011
     280.94     0.008
     282.22     0.048
     283.51    -0.022
     284.80    -0.071
     286.09    -0.045
     287.38    -0.027
     288.67    -0.139
     289.95    -0.061
     291.24     0.051
     292.53     0.027
     293.82    -0.035
     295.11    -0.027
     296.39    -0.058
     297.68    -0.084
     298.97     0.038
     300.26     0.097
     301.55     0.002
     302.84     0.075
     304.12     0.056
     305.41    -0.010
     306.70     0.031
     307.99     0.056
     309.28     0.093
     310.57    -0.065
     311.85    -0.061
     313.14    -0.128
     314.43    -0.039
     315.72     0.077
     317.01    -0.037
     318.29     0.021
     319.58    -0.037
     320.87     0.039
     322.16     0.021
     323.45    -0.050
     324.74    -0.029
     326.02    -0.018
     327.31    -0.030
     328.60    -0.064
     329.89    -0.038
     331.18     0.045
     332.47     0.025
     333.75     0.056
     335.04    -0.008
     336.33    -0.051
     337.62    -0.088
     338.91    -0.038
     340.19    -0.038
     341.48     0.003
     342.77     0.092
     344.06     0.045
     345.35     0.031
     346.64    -0.012
     347.92    -0.143
     349.21    -0.044
     350.50     0.074
     351.79     0.024
     353.08     0.034
     354.37    -0.007
     355.65    -0.080
     356.94    -0.002
     358.23     0.077
     359.52     0.019
     360.81    -0.024
     362.09    -0.015
     363.38    -0.018
     364.67     0.058
     365.96     0.115
     367.25     0.033
     368.54    -0.004
     369.82     0.073
     371.11    -0.014
     372.40    -0.017
     373.69     0.024
     374.98    -0.014
     376.27     0.012
     377.55     0.011
     378.84     0.076
     380.13    -0.006
     381.42     0.014
     382.71     0.012
     383.99     0.034
     385.28     0.073
     386.57     0.015
     387.86     0.041
     389.15     0.044
     390.44     0.131
     391.72     0.064
     393.01    -0.103
     394.30    -0.083
     395.59    -0.115
     396.88    -0.003
     398.17    -0.073
     399.45    -0.036
%%GASS      0  datapoints: v_lsr [km/s] and T_B [K]
%%LAB     777  datapoints: v_lsr [km/s] and T_B [K]
    -399.83     0.078
    -398.80    -0.093
    -397.77     0.071
    -396.74    -0.117
    -395.71    -0.004
    -394.67    -0.132
    -393.64     0.083
    -392.61    -0.100
    -391.58    -0.095
    -390.55     0.041
    -389.52    -0.171
    -388.49    -0.007
    -387.46     0.033
    -386.43    -0.054
    -385.40     0.029
    -384.37     0.049
    -383.34     0.034
    -382.31     0.105
    -381.28     0.037
    -380.25     0.022
    -379.22     0.019
    -378.19     0.043
    -377.16    -0.027
    -376.13    -0.049
    -375.10    -0.163
    -374.06    -0.051
    -373.03     0.022
    -372.00     0.120
    -370.97     0.079
    -369.94     0.092
    -368.91     0.056
    -367.88     0.105
    -366.85    -0.006
    -365.82    -0.092
    -364.79    -0.063
    -363.76    -0.143
    -362.73    -0.033
    -361.70     0.027
    -360.67     0.009
    -359.64     0.007
    -358.61     0.056
    -357.58     0.020
    -356.55    -0.036
    -355.52     0.110
    -354.49    -0.092
    -353.46    -0.038
    -352.42     0.060
    -351.39    -0.042
    -350.36    -0.049
    -349.33     0.019
    -348.30     0.057
    -347.27    -0.091
    -346.24     0.095
    -345.21     0.055
    -344.18    -0.020
    -343.15    -0.132
    -342.12     0.069
    -341.09    -0.068
    -340.06     0.056
    -339.03    -0.074
    -338.00     0.075
    -336.97     0.151
    -335.94     0.044
    -334.91     0.047
    -333.88    -0.015
    -332.85    -0.094
    -331.82    -0.011
    -330.78     0.082
    -329.75     0.012
    -328.72    -0.095
    -327.69     0.108
    -326.66    -0.122
    -325.63     0.067
    -324.60    -0.107
    -323.57     0.049
    -322.54     0.047
    -321.51    -0.117
    -320.48    -0.043
    -319.45    -0.099
    -318.42     0.199
    -317.39     0.085
    -316.36    -0.006
    -315.33     0.066
    -314.30    -0.030
    -313.27     0.158
    -312.24     0.043
    -311.21    -0.106
    -310.18    -0.125
    -309.14     0.054
    -308.11     0.023
    -307.08     0.201
    -306.05     0.068
    -305.02     0.138
    -303.99     0.169
    -302.96    -0.016
    -301.93    -0.016
    -300.90    -0.023
    -299.87    -0.054
    -298.84    -0.061
    -297.81    -0.014
    -296.78     0.063
    -295.75    -0.053
    -294.72     0.000
    -293.69     0.021
    -292.66     0.047
    -291.63     0.006
    -290.60    -0.128
    -289.57    -0.039
    -288.53     0.082
    -287.50    -0.103
    -286.47    -0.031
    -285.44    -0.078
    -284.41    -0.049
    -283.38    -0.029
    -282.35     0.042
    -281.32    -0.005
    -280.29     0.111
    -279.26    -0.142
    -278.23    -0.069
    -277.20    -0.034
    -276.17     0.113
    -275.14    -0.094
    -274.11    -0.029
    -273.08    -0.021
    -272.05     0.013
    -271.02    -0.140
    -269.99     0.080
    -268.96     0.048
    -267.93    -0.046
    -266.89    -0.096
    -265.86     0.089
    -264.83    -0.029
    -263.80     0.123
    -262.77    -0.161
    -261.74     0.006
    -260.71    -0.061
    -259.68    -0.067
    -258.65    -0.130
    -257.62     0.168
    -256.59     0.049
    -255.56    -0.007
    -254.53     0.040
    -253.50     0.037
    -252.47    -0.149
    -251.44     0.032
    -250.41     0.042
    -249.38     0.064
    -248.35     0.029
    -247.32    -0.011
    -246.29    -0.056
    -245.25     0.037
    -244.22     0.048
    -243.19    -0.081
    -242.16     0.081
    -241.13    -0.014
    -240.10    -0.089
    -239.07    -0.041
    -238.04     0.006
    -237.01     0.068
    -235.98    -0.056
    -234.95     0.048
    -233.92     0.059
    -232.89    -0.015
    -231.86     0.037
    -230.83     0.050
    -229.80     0.035
    -228.77     0.229
    -227.74     0.081
    -226.71     0.033
    -225.68     0.092
    -224.65    -0.033
    -223.61    -0.058
    -222.58     0.032
    -221.55    -0.080
    -220.52     0.058
    -219.49    -0.065
    -218.46     0.032
    -217.43    -0.092
    -216.40    -0.021
    -215.37    -0.063
    -214.34     0.125
    -213.31     0.028
    -212.28     0.227
    -211.25    -0.030
    -210.22     0.176
    -209.19    -0.029
    -208.16     0.150
    -207.13    -0.053
    -206.10     0.152
    -205.07     0.091
    -204.04     0.063
    -203.00    -0.075
    -201.97    -0.116
    -200.94     0.036
    -199.91     0.159
    -198.88     0.108
    -197.85    -0.060
    -196.82    -0.011
    -195.79    -0.097
    -194.76    -0.065
    -193.73     0.023
    -192.70    -0.132
    -191.67     0.031
    -190.64    -0.046
    -189.61     0.099
    -188.58     0.030
    -187.55     0.066
    -186.52     0.107
    -185.49    -0.059
    -184.46     0.038
    -183.43     0.073
    -182.40     0.089
    -181.36    -0.016
    -180.33    -0.027
    -179.30    -0.108
    -178.27    -0.150
    -177.24    -0.064
    -176.21    -0.088
    -175.18    -0.063
    -174.15     0.024
    -173.12     0.000
    -172.09    -0.016
    -171.06    -0.025
    -170.03    -0.054
    -169.00    -0.001
    -167.97     0.053
    -166.94     0.008
    -165.91     0.075
    -164.88     0.083
    -163.85     0.049
    -162.82     0.072
    -161.79    -0.001
    -160.76    -0.150
    -159.72     0.129
    -158.69     0.025
    -157.66     0.033
    -156.63    -0.034
    -155.60    -0.094
    -154.57     0.068
    -153.54    -0.010
    -152.51     0.124
    -151.48    -0.065
    -150.45     0.148
    -149.42    -0.176
    -148.39    -0.125
    -147.36    -0.075
    -146.33    -0.075
    -145.30    -0.072
    -144.27     0.031
    -143.24    -0.079
    -142.21     0.083
    -141.18    -0.060
    -140.15     0.200
    -139.12    -0.055
    -138.08     0.061
    -137.05     0.022
    -136.02    -0.023
    -134.99     0.091
    -133.96     0.220
    -132.93    -0.024
    -131.90     0.162
    -130.87     0.084
    -129.84     0.111
    -128.81     0.211
    -127.78     0.303
    -126.75     0.274
    -125.72     0.218
    -124.69     0.316
    -123.66     0.394
    -122.63     0.621
    -121.60     0.588
    -120.57     0.546
    -119.54     0.797
    -118.51     0.938
    -117.47     1.219
    -116.44     1.335
    -115.41     1.493
    -114.38     1.750
    -113.35     2.097
    -112.32     2.360
    -111.29     2.620
    -110.26     2.882
    -109.23     3.177
    -108.20     3.549
    -107.17     4.247
    -106.14     5.161
    -105.11     5.630
    -104.08     6.034
    -103.05     6.101
    -102.02     5.929
    -100.99     5.567
     -99.96     5.024
     -98.93     4.117
     -97.90     3.663
     -96.87     3.396
     -95.83     3.039
     -94.80     3.038
     -93.77     2.909
     -92.74     2.780
     -91.71     2.810
     -90.68     2.799
     -89.65     2.609
     -88.62     2.481
     -87.59     2.668
     -86.56     2.541
     -85.53     2.309
     -84.50     2.277
     -83.47     2.128
     -82.44     1.932
     -81.41     1.952
     -80.38     1.973
     -79.35     1.982
     -78.32     2.062
     -77.29     2.017
     -76.26     2.254
     -75.23     2.390
     -74.19     2.453
     -73.16     2.456
     -72.13     2.889
     -71.10     2.872
     -70.07     2.739
     -69.04     2.786
     -68.01     2.889
     -66.98     2.785
     -65.95     2.736
     -64.92     2.358
     -63.89     2.502
     -62.86     2.291
     -61.83     2.174
     -60.80     2.239
     -59.77     2.117
     -58.74     1.912
     -57.71     1.863
     -56.68     1.773
     -55.65     1.695
     -54.62     1.670
     -53.59     1.759
     -52.55     1.646
     -51.52     1.482
     -50.49     1.560
     -49.46     1.228
     -48.43     1.407
     -47.40     1.184
     -46.37     1.323
     -45.34     1.106
     -44.31     1.087
     -43.28     1.117
     -42.25     1.073
     -41.22     0.929
     -40.19     0.934
     -39.16     1.014
     -38.13     1.071
     -37.10     1.095
     -36.07     1.051
     -35.04     1.073
     -34.01     1.232
     -32.98     1.143
     -31.94     1.286
     -30.91     1.318
     -29.88     1.304
     -28.85     1.525
     -27.82     1.572
     -26.79     1.959
     -25.76     1.866
     -24.73     2.101
     -23.70     2.211
     -22.67     2.572
     -21.64     2.619
     -20.61     2.904
     -19.58     3.226
     -18.55     3.727
     -17.52     4.209
     -16.49     4.714
     -15.46     5.021
     -14.43     5.767
     -13.40     6.501
     -12.37     7.182
     -11.34     8.138
     -10.30     9.457
      -9.27    11.192
      -8.24    13.186
      -7.21    15.216
      -6.18    17.344
      -5.15    18.683
      -4.12    20.299
      -3.09    21.977
      -2.06    23.497
      -1.03    25.143
       0.00    26.468
       1.03    27.565
       2.06    28.029
       3.09    28.886
       4.12    29.686
       5.15    28.221
       6.18    23.646
       7.21    20.247
       8.24    18.089
       9.27    16.401
      10.30    15.282
      11.34    13.964
      12.37    12.506
      13.40    11.033
      14.43     9.750
      15.46     8.871
      16.49     7.535
      17.52     6.438
      18.55     5.522
      19.58     4.775
      20.61     4.047
      21.64     3.545
      22.67     3.057
      23.70     2.570
      24.73     2.019
      25.76     1.747
      26.79     1.620
      27.82     1.379
      28.85     1.128
      29.88     0.956
      30.91     0.743
      31.94     0.678
      32.98     0.574
      34.01     0.534
      35.04     0.483
      36.07     0.314
      37.10     0.324
      38.13     0.277
      39.16     0.297
      40.19     0.326
      41.22     0.255
      42.25     0.324
      43.28     0.283
      44.31     0.377
      45.34     0.164
      46.37     0.192
      47.40     0.268
      48.43     0.022
      49.46     0.171
      50.49     0.184
      51.52     0.125
      52.55     0.044
      53.59     0.009
      54.62     0.057
      55.65     0.016
      56.68     0.003
      57.71     0.147
      58.74     0.021
      59.77     0.155
      60.80     0.069
      61.83    -0.055
      62.86    -0.058
      63.89    -0.033
      64.92    -0.094
      65.95     0.059
      66.98     0.127
      68.01     0.017
      69.04    -0.023
      70.07    -0.079
      71.10    -0.115
      72.13     0.152
      73.16     0.060
      74.19     0.069
      75.23     0.122
      76.26    -0.081
      77.29    -0.116
      78.32    -0.069
      79.35     0.008
      80.38    -0.003
      81.41     0.037
      82.44     0.020
      83.47     0.133
      84.50     0.120
      85.53     0.152
      86.56     0.139
      87.59    -0.030
      88.62     0.025
      89.65     0.031
      90.68     0.051
      91.71     0.032
      92.74     0.061
      93.77     0.112
      94.80     0.112
      95.83     0.051
      96.87     0.142
      97.90    -0.019
      98.93     0.047
      99.96    -0.127
     100.99    -0.072
     102.02    -0.198
     103.05    -0.124
     104.08    -0.016
     105.11    -0.024
     106.14    -0.170
     107.17    -0.035
     108.20     0.104
     109.23    -0.003
     110.26    -0.034
     111.29     0.073
     112.32    -0.016
     113.35     0.146
     114.38    -0.005
     115.41    -0.100
     116.44    -0.040
     117.47     0.178
     118.51    -0.055
     119.54     0.066
     120.57    -0.181
     121.60     0.094
     122.63    -0.046
     123.66    -0.040
     124.69    -0.051
     125.72     0.055
     126.75     0.027
     127.78     0.135
     128.81     0.079
     129.84     0.069
     130.87     0.081
     131.90     0.066
     132.93     0.092
     133.96     0.071
     134.99     0.030
     136.02    -0.012
     137.05    -0.005
     138.08    -0.068
     139.12    -0.014
     140.15     0.017
     141.18     0.070
     142.21    -0.000
     143.24    -0.038
     144.27     0.178
     145.30     0.112
     146.33     0.000
     147.36    -0.021
     148.39     0.095
     149.42     0.098
     150.45    -0.031
     151.48     0.031
     152.51    -0.016
     153.54    -0.064
     154.57    -0.004
     155.60    -0.054
     156.63    -0.063
     157.66    -0.006
     158.69     0.003
     159.72    -0.100
     160.76     0.011
     161.79    -0.066
     162.82     0.085
     163.85     0.123
     164.88    -0.123
     165.91     0.028
     166.94     0.091
     167.97     0.027
     169.00     0.015
     170.03    -0.044
     171.06     0.081
     172.09    -0.072
     173.12    -0.035
     174.15     0.080
     175.18    -0.039
     176.21    -0.127
     177.24     0.007
     178.27     0.067
     179.30     0.127
     180.33    -0.109
     181.36     0.080
     182.40     0.033
     183.43     0.005
     184.46    -0.078
     185.49    -0.037
     186.52     0.040
     187.55    -0.099
     188.58    -0.032
     189.61    -0.039
     190.64     0.045
     191.67    -0.062
     192.70    -0.087
     193.73     0.001
     194.76    -0.031
     195.79     0.104
     196.82    -0.134
     197.85     0.068
     198.88    -0.017
     199.91    -0.010
     200.94     0.003
     201.97     0.082
     203.00     0.110
     204.04     0.053
     205.07     0.113
     206.10     0.059
     207.13    -0.098
     208.16     0.019
     209.19    -0.056
     210.22    -0.191
     211.25     0.010
     212.28     0.025
     213.31    -0.155
     214.34     0.002
     215.37    -0.079
     216.40    -0.057
     217.43     0.146
     218.46     0.043
     219.49     0.038
     220.52     0.155
     221.55     0.036
     222.58     0.101
     223.61    -0.131
     224.65     0.127
     225.68    -0.109
     226.71     0.066
     227.74    -0.024
     228.77     0.028
     229.80    -0.063
     230.83     0.197
     231.86    -0.044
     232.89     0.022
     233.92    -0.014
     234.95    -0.074
     235.98    -0.031
     237.01    -0.026
     238.04    -0.074
     239.07     0.145
     240.10     0.025
     241.13     0.097
     242.16     0.018
     243.19     0.037
     244.22    -0.026
     245.25    -0.024
     246.29    -0.178
     247.32     0.011
     248.35     0.054
     249.38    -0.038
     250.41     0.043
     251.44     0.064
     252.47    -0.109
     253.50     0.070
     254.53     0.092
     255.56    -0.070
     256.59     0.002
     257.62     0.188
     258.65    -0.059
     259.68     0.057
     260.71     0.101
     261.74     0.089
     262.77    -0.028
     263.80     0.083
     264.83    -0.126
     265.86    -0.059
     266.89     0.017
     267.93     0.041
     268.96    -0.015
     269.99    -0.007
     271.02     0.133
     272.05    -0.009
     273.08     0.091
     274.11     0.180
     275.14    -0.072
     276.17    -0.033
     277.20    -0.097
     278.23     0.047
     279.26    -0.082
     280.29     0.118
     281.32    -0.066
     282.35     0.140
     283.38     0.104
     284.41     0.027
     285.44     0.080
     286.47     0.050
     287.50    -0.089
     288.53    -0.028
     289.57     0.000
     290.60    -0.005
     291.63    -0.010
     292.66    -0.005
     293.69    -0.263
     294.72     0.010
     295.75    -0.045
     296.78    -0.112
     297.81    -0.114
     298.84    -0.116
     299.87     0.001
     300.90     0.005
     301.93    -0.056
     302.96    -0.074
     303.99    -0.013
     305.02     0.181
     306.05     0.034
     307.08    -0.207
     308.11     0.021
     309.14    -0.020
     310.18    -0.056
     311.21    -0.097
     312.24    -0.045
     313.27     0.051
     314.30     0.035
     315.33    -0.008
     316.36    -0.041
     317.39    -0.023
     318.42     0.004
     319.45    -0.048
     320.48     0.054
     321.51    -0.104
     322.54     0.081
     323.57    -0.074
     324.60     0.070
     325.63    -0.046
     326.66    -0.123
     327.69     0.005
     328.72    -0.022
     329.75     0.052
     330.78    -0.164
     331.82    -0.040
     332.85    -0.076
     333.88    -0.136
     334.91     0.054
     335.94     0.039
     336.97     0.063
     338.00    -0.090
     339.03    -0.038
     340.06     0.070
     341.09     0.056
     342.12    -0.008
     343.15     0.045
     344.18     0.122
     345.21    -0.016
     346.24     0.013
     347.27     0.053
     348.30     0.072
     349.33    -0.031
     350.36     0.022
     351.39     0.024
     352.42    -0.010
     353.46     0.002
     354.49    -0.015
     355.52     0.001
     356.55     0.116
     357.58    -0.087
     358.61    -0.117
     359.64    -0.062
     360.67    -0.010
     361.70     0.047
     362.73     0.055
     363.76    -0.010
     364.79     0.056
     365.82    -0.054
     366.85     0.009
     367.88     0.088
     368.91     0.009
     369.94     0.003
     370.97     0.025
     372.00    -0.118
     373.03     0.017
     374.06     0.025
     375.10    -0.100
     376.13    -0.097
     377.16     0.112
     378.19     0.105
     379.22     0.165
     380.25    -0.089
     381.28     0.010
     382.31    -0.043
     383.34    -0.025
     384.37     0.027
     385.40     0.101
     386.43    -0.016
     387.46    -0.029
     388.49     0.012
     389.52    -0.077
     390.55    -0.133
     391.58     0.053
     392.61     0.041
     393.64    -0.101
     394.67     0.002
     395.71    -0.053
     396.74    -0.007
     397.77    -0.058
     398.80     0.025
     399.83     0.142
