%%   90.00000 -15.00000    0   0.20000
% LAB  survey ------------------
% wanted position:  l, b, RA, DEC, and interpolated  NH
% 90.00 ; -15.00 ; 331.67 ;  37.12 ;  0.115E+22
% nearest position: l, b, RA, DEC, and observed NH
% 90.00 ; -15.00 ; 331.67 ;  37.12 ;  0.115E+22
% GASS III survey --------------
% NH - median within 6 arcmin radius   0.00    
% NH - mean within specified beam      0.00    
% EBHIS survey -----------------
% NH  within specified beam           0.112E+22
%%EBHIS   621  datapoints: v_lsr [km/s] and T_B [K]
    -399.25    -0.063
    -397.96     0.028
    -396.68     0.038
    -395.39    -0.021
    -394.10    -0.052
    -392.81    -0.037
    -391.52     0.062
    -390.23     0.024
    -388.95    -0.015
    -387.66    -0.088
    -386.37    -0.036
    -385.08    -0.015
    -383.79    -0.018
    -382.50    -0.036
    -381.22     0.014
    -379.93     0.088
    -378.64     0.086
    -377.35     0.033
    -376.06    -0.006
    -374.78    -0.024
    -373.49    -0.071
    -372.20    -0.035
    -370.91    -0.007
    -369.62    -0.038
    -368.33    -0.043
    -367.05    -0.001
    -365.76     0.090
    -364.47    -0.053
    -363.18    -0.045
    -361.89    -0.134
    -360.60    -0.039
    -359.32     0.092
    -358.03     0.055
    -356.74    -0.014
    -355.45     0.027
    -354.16     0.064
    -352.88     0.057
    -351.59     0.064
    -350.30     0.003
    -349.01     0.039
    -347.72     0.083
    -346.43    -0.072
    -345.15    -0.001
    -343.86     0.081
    -342.57     0.020
    -341.28     0.066
    -339.99     0.110
    -338.70     0.071
    -337.42     0.013
    -336.13     0.002
    -334.84     0.026
    -333.55    -0.020
    -332.26     0.013
    -330.98     0.029
    -329.69     0.012
    -328.40    -0.025
    -327.11    -0.055
    -325.82    -0.068
    -324.53    -0.101
    -323.25     0.072
    -321.96     0.022
    -320.67     0.032
    -319.38    -0.008
    -318.09     0.003
    -316.80     0.047
    -315.52     0.067
    -314.23    -0.004
    -312.94    -0.025
    -311.65     0.059
    -310.36     0.014
    -309.08     0.033
    -307.79     0.062
    -306.50    -0.027
    -305.21     0.078
    -303.92     0.028
    -302.63    -0.015
    -301.35    -0.020
    -300.06     0.038
    -298.77     0.025
    -297.48    -0.038
    -296.19    -0.040
    -294.90     0.029
    -293.62    -0.043
    -292.33    -0.074
    -291.04    -0.011
    -289.75    -0.006
    -288.46    -0.069
    -287.18    -0.044
    -285.89     0.036
    -284.60     0.010
    -283.31     0.029
    -282.02     0.022
    -280.73    -0.024
    -279.45    -0.032
    -278.16    -0.030
    -276.87     0.033
    -275.58     0.067
    -274.29     0.044
    -273.00    -0.061
    -271.72    -0.064
    -270.43    -0.071
    -269.14     0.002
    -267.85     0.057
    -266.56     0.007
    -265.28    -0.054
    -263.99    -0.174
    -262.70    -0.001
    -261.41     0.077
    -260.12     0.043
    -258.83     0.006
    -257.55    -0.025
    -256.26    -0.061
    -254.97     0.078
    -253.68     0.018
    -252.39    -0.012
    -251.10     0.072
    -249.82     0.093
    -248.53     0.055
    -247.24    -0.081
    -245.95     0.055
    -244.66     0.008
    -243.38     0.020
    -242.09    -0.014
    -240.80    -0.093
    -239.51    -0.078
    -238.22    -0.085
    -236.93     0.079
    -235.65    -0.009
    -234.36     0.005
    -233.07     0.024
    -231.78     0.051
    -230.49     0.048
    -229.20    -0.027
    -227.92    -0.018
    -226.63    -0.010
    -225.34     0.061
    -224.05     0.091
    -222.76     0.081
    -221.48     0.043
    -220.19     0.064
    -218.90     0.090
    -217.61     0.007
    -216.32    -0.022
    -215.03     0.010
    -213.75     0.030
    -212.46     0.010
    -211.17     0.019
    -209.88     0.027
    -208.59    -0.037
    -207.30     0.053
    -206.02    -0.007
    -204.73    -0.053
    -203.44     0.005
    -202.15     0.052
    -200.86     0.024
    -199.58    -0.080
    -198.29     0.024
    -197.00     0.048
    -195.71    -0.009
    -194.42    -0.019
    -193.13     0.019
    -191.85    -0.081
    -190.56     0.068
    -189.27     0.048
    -187.98     0.034
    -186.69    -0.010
    -185.40     0.088
    -184.12     0.046
    -182.83     0.013
    -181.54     0.060
    -180.25    -0.006
    -178.96     0.023
    -177.68    -0.046
    -176.39    -0.087
    -175.10    -0.015
    -173.81     0.053
    -172.52     0.022
    -171.23     0.013
    -169.95    -0.041
    -168.66    -0.033
    -167.37    -0.064
    -166.08    -0.079
    -164.79    -0.049
    -163.50     0.050
    -162.22    -0.002
    -160.93     0.090
    -159.64    -0.005
    -158.35     0.081
    -157.06    -0.033
    -155.78    -0.086
    -154.49     0.001
    -153.20    -0.021
    -151.91     0.070
    -150.62    -0.068
    -149.33    -0.052
    -148.05    -0.011
    -146.76     0.055
    -145.47    -0.058
    -144.18    -0.031
    -142.89     0.030
    -141.60    -0.087
    -140.32    -0.011
    -139.03     0.120
    -137.74     0.009
    -136.45    -0.017
    -135.16     0.041
    -133.88     0.144
    -132.59     0.023
    -131.30    -0.044
    -130.01     0.013
    -128.72     0.039
    -127.43     0.070
    -126.15    -0.008
    -124.86     0.031
    -123.57     0.041
    -122.28     0.051
    -120.99     0.111
    -119.70     0.043
    -118.42     0.027
    -117.13     0.057
    -115.84     0.019
    -114.55     0.021
    -113.26     0.121
    -111.98     0.106
    -110.69     0.056
    -109.40     0.071
    -108.11     0.095
    -106.82     0.145
    -105.53     0.115
    -104.25     0.146
    -102.96     0.175
    -101.67     0.177
    -100.38     0.177
     -99.09     0.139
     -97.80     0.060
     -96.52     0.134
     -95.23     0.104
     -93.94     0.171
     -92.65     0.269
     -91.36     0.311
     -90.08     0.279
     -88.79     0.270
     -87.50     0.344
     -86.21     0.329
     -84.92     0.387
     -83.63     0.453
     -82.35     0.459
     -81.06     0.415
     -79.77     0.430
     -78.48     0.486
     -77.19     0.534
     -75.90     0.498
     -74.62     0.504
     -73.33     0.568
     -72.04     0.587
     -70.75     0.645
     -69.46     0.569
     -68.18     0.586
     -66.89     0.619
     -65.60     0.553
     -64.31     0.656
     -63.02     0.538
     -61.73     0.528
     -60.45     0.554
     -59.16     0.477
     -57.87     0.523
     -56.58     0.546
     -55.29     0.445
     -54.00     0.459
     -52.72     0.548
     -51.43     0.519
     -50.14     0.452
     -48.85     0.410
     -47.56     0.534
     -46.28     0.462
     -44.99     0.564
     -43.70     0.632
     -42.41     0.705
     -41.12     0.817
     -39.83     0.998
     -38.55     1.215
     -37.26     1.473
     -35.97     1.567
     -34.68     1.453
     -33.39     1.490
     -32.10     1.668
     -30.82     1.849
     -29.53     1.983
     -28.24     2.182
     -26.95     2.546
     -25.66     2.843
     -24.38     2.942
     -23.09     3.290
     -21.80     3.636
     -20.51     4.065
     -19.22     4.343
     -17.93     4.774
     -16.65     5.254
     -15.36     5.948
     -14.07     6.638
     -12.78     7.215
     -11.49     8.182
     -10.20     9.449
      -8.92    11.305
      -7.63    13.863
      -6.34    17.537
      -5.05    22.097
      -3.76    27.032
      -2.48    32.952
      -1.19    39.098
       0.10    42.352
       1.39    38.888
       2.68    32.869
       3.97    26.557
       5.25    19.448
       6.54    12.481
       7.83     8.083
       9.12     5.603
      10.41     4.120
      11.70     3.035
      12.98     2.298
      14.27     1.692
      15.56     1.345
      16.85     1.139
      18.14     0.877
      19.42     0.660
      20.71     0.496
      22.00     0.464
      23.29     0.358
      24.58     0.264
      25.87     0.238
      27.15     0.224
      28.44     0.234
      29.73     0.181
      31.02     0.130
      32.31     0.083
      33.60     0.054
      34.88     0.033
      36.17     0.054
      37.46     0.079
      38.75     0.031
      40.04     0.064
      41.32     0.081
      42.61     0.023
      43.90     0.030
      45.19     0.049
      46.48     0.073
      47.77     0.038
      49.05     0.002
      50.34    -0.007
      51.63     0.042
      52.92    -0.033
      54.21     0.082
      55.50    -0.005
      56.78    -0.055
      58.07    -0.039
      59.36    -0.063
      60.65    -0.008
      61.94    -0.010
      63.22    -0.030
      64.51    -0.025
      65.80     0.069
      67.09     0.073
      68.38    -0.095
      69.67    -0.079
      70.95     0.073
      72.24     0.086
      73.53     0.020
      74.82    -0.012
      76.11     0.036
      77.40    -0.103
      78.68    -0.126
      79.97    -0.025
      81.26    -0.037
      82.55    -0.088
      83.84    -0.075
      85.12    -0.018
      86.41    -0.033
      87.70    -0.031
      88.99     0.003
      90.28    -0.105
      91.57    -0.037
      92.85    -0.036
      94.14    -0.076
      95.43    -0.012
      96.72    -0.006
      98.01     0.140
      99.30     0.114
     100.58    -0.012
     101.87     0.019
     103.16     0.032
     104.45     0.002
     105.74    -0.047
     107.02     0.037
     108.31    -0.007
     109.60     0.002
     110.89    -0.016
     112.18    -0.056
     113.47    -0.055
     114.75    -0.040
     116.04    -0.024
     117.33    -0.002
     118.62    -0.034
     119.91     0.026
     121.20    -0.024
     122.48    -0.028
     123.77    -0.017
     125.06    -0.015
     126.35    -0.010
     127.64     0.007
     128.92    -0.041
     130.21     0.036
     131.50     0.063
     132.79     0.045
     134.08    -0.019
     135.37    -0.012
     136.65     0.051
     137.94     0.032
     139.23     0.041
     140.52    -0.006
     141.81     0.023
     143.09    -0.018
     144.38     0.051
     145.67    -0.004
     146.96    -0.072
     148.25    -0.043
     149.54    -0.012
     150.82     0.089
     152.11     0.015
     153.40    -0.004
     154.69     0.074
     155.98     0.023
     157.27     0.011
     158.55    -0.008
     159.84     0.022
     161.13    -0.065
     162.42    -0.096
     163.71    -0.005
     164.99    -0.017
     166.28     0.007
     167.57    -0.139
     168.86    -0.035
     170.15    -0.027
     171.44    -0.051
     172.72    -0.015
     174.01    -0.006
     175.30     0.030
     176.59     0.002
     177.88    -0.002
     179.17    -0.019
     180.45    -0.095
     181.74    -0.037
     183.03    -0.030
     184.32    -0.038
     185.61    -0.015
     186.89    -0.073
     188.18     0.013
     189.47     0.042
     190.76    -0.005
     192.05    -0.059
     193.34    -0.048
     194.62     0.033
     195.91     0.006
     197.20    -0.072
     198.49    -0.020
     199.78    -0.072
     201.07    -0.049
     202.35    -0.001
     203.64    -0.075
     204.93    -0.021
     206.22    -0.043
     207.51    -0.008
     208.79    -0.021
     210.08     0.006
     211.37     0.074
     212.66    -0.025
     213.95     0.018
     215.24    -0.051
     216.52     0.027
     217.81    -0.006
     219.10    -0.038
     220.39    -0.121
     221.68    -0.033
     222.97    -0.086
     224.25    -0.073
     225.54     0.026
     226.83     0.050
     228.12     0.002
     229.41     0.119
     230.69     0.047
     231.98     0.040
     233.27     0.085
     234.56     0.037
     235.85     0.015
     237.14     0.067
     238.42     0.048
     239.71     0.080
     241.00     0.059
     242.29     0.039
     243.58    -0.023
     244.87     0.026
     246.15     0.045
     247.44     0.040
     248.73     0.135
     250.02     0.113
     251.31     0.066
     252.59    -0.019
     253.88    -0.009
     255.17    -0.049
     256.46    -0.032
     257.75    -0.008
     259.04    -0.065
     260.32     0.120
     261.61     0.079
     262.90     0.056
     264.19     0.005
     265.48     0.028
     266.77     0.070
     268.05     0.043
     269.34     0.037
     270.63     0.004
     271.92     0.071
     273.21     0.067
     274.49    -0.053
     275.78     0.006
     277.07     0.036
     278.36    -0.148
     279.65    -0.052
     280.94    -0.014
     282.22    -0.036
     283.51     0.014
     284.80     0.022
     286.09     0.007
     287.38     0.001
     288.67    -0.054
     289.95    -0.027
     291.24     0.006
     292.53    -0.039
     293.82    -0.056
     295.11    -0.038
     296.39    -0.071
     297.68    -0.068
     298.97     0.055
     300.26     0.036
     301.55     0.021
     302.84     0.031
     304.12     0.070
     305.41     0.013
     306.70     0.070
     307.99     0.106
     309.28     0.001
     310.57    -0.040
     311.85     0.002
     313.14     0.082
     314.43     0.069
     315.72     0.042
     317.01     0.002
     318.29     0.001
     319.58    -0.074
     320.87    -0.011
     322.16    -0.003
     323.45     0.001
     324.74    -0.035
     326.02     0.018
     327.31    -0.031
     328.60    -0.006
     329.89     0.004
     331.18    -0.021
     332.47    -0.059
     333.75    -0.015
     335.04     0.037
     336.33    -0.074
     337.62    -0.021
     338.91    -0.009
     340.19     0.010
     341.48     0.024
     342.77     0.018
     344.06    -0.010
     345.35     0.039
     346.64    -0.026
     347.92    -0.058
     349.21    -0.008
     350.50     0.010
     351.79     0.008
     353.08     0.008
     354.37    -0.004
     355.65    -0.083
     356.94    -0.042
     358.23    -0.044
     359.52    -0.070
     360.81    -0.028
     362.09    -0.111
     363.38    -0.016
     364.67    -0.015
     365.96    -0.004
     367.25    -0.030
     368.54     0.026
     369.82    -0.027
     371.11     0.018
     372.40    -0.002
     373.69    -0.115
     374.98    -0.010
     376.27     0.101
     377.55     0.036
     378.84    -0.025
     380.13    -0.057
     381.42    -0.034
     382.71     0.025
     383.99     0.033
     385.28     0.012
     386.57    -0.015
     387.86     0.089
     389.15     0.082
     390.44     0.006
     391.72     0.042
     393.01     0.062
     394.30    -0.023
     395.59     0.037
     396.88     0.097
     398.17     0.071
     399.45    -0.011
%%GASS      0  datapoints: v_lsr [km/s] and T_B [K]
%%LAB     777  datapoints: v_lsr [km/s] and T_B [K]
    -399.87     0.165
    -398.84     0.001
    -397.81     0.034
    -396.78    -0.071
    -395.75    -0.011
    -394.72     0.080
    -393.69    -0.025
    -392.66    -0.115
    -391.63    -0.007
    -390.60    -0.006
    -389.57    -0.034
    -388.53    -0.062
    -387.50    -0.000
    -386.47     0.092
    -385.44     0.069
    -384.41     0.059
    -383.38    -0.019
    -382.35     0.082
    -381.32     0.018
    -380.29    -0.023
    -379.26    -0.092
    -378.23    -0.097
    -377.20    -0.004
    -376.17     0.041
    -375.14     0.101
    -374.11     0.021
    -373.08     0.030
    -372.04     0.026
    -371.01     0.016
    -369.98    -0.018
    -368.95    -0.025
    -367.92     0.149
    -366.89     0.069
    -365.86    -0.029
    -364.83     0.089
    -363.80    -0.141
    -362.77     0.035
    -361.74     0.033
    -360.71    -0.003
    -359.68     0.051
    -358.65    -0.018
    -357.62    -0.034
    -356.59     0.054
    -355.56    -0.038
    -354.52     0.081
    -353.49    -0.120
    -352.46     0.046
    -351.43     0.067
    -350.40    -0.069
    -349.37    -0.177
    -348.34    -0.126
    -347.31    -0.088
    -346.28    -0.050
    -345.25    -0.059
    -344.22    -0.049
    -343.19     0.046
    -342.16     0.121
    -341.13    -0.126
    -340.10    -0.056
    -339.07     0.036
    -338.04     0.114
    -337.00    -0.033
    -335.97     0.020
    -334.94     0.044
    -333.91    -0.009
    -332.88    -0.055
    -331.85     0.010
    -330.82     0.011
    -329.79     0.044
    -328.76     0.068
    -327.73     0.034
    -326.70     0.083
    -325.67     0.057
    -324.64    -0.002
    -323.61     0.041
    -322.58    -0.060
    -321.55    -0.076
    -320.52    -0.091
    -319.48    -0.174
    -318.45    -0.256
    -317.42    -0.007
    -316.39     0.005
    -315.36     0.016
    -314.33    -0.057
    -313.30     0.088
    -312.27    -0.023
    -311.24     0.174
    -310.21     0.019
    -309.18     0.061
    -308.15    -0.054
    -307.12     0.005
    -306.09     0.069
    -305.06    -0.041
    -304.03     0.049
    -303.00    -0.009
    -301.96     0.024
    -300.93     0.039
    -299.90    -0.018
    -298.87    -0.055
    -297.84    -0.032
    -296.81    -0.017
    -295.78     0.166
    -294.75     0.056
    -293.72    -0.066
    -292.69     0.048
    -291.66     0.070
    -290.63     0.041
    -289.60    -0.115
    -288.57    -0.005
    -287.54     0.121
    -286.51     0.013
    -285.47    -0.002
    -284.44     0.065
    -283.41     0.018
    -282.38    -0.012
    -281.35    -0.026
    -280.32    -0.015
    -279.29    -0.082
    -278.26     0.010
    -277.23     0.002
    -276.20     0.051
    -275.17    -0.118
    -274.14     0.070
    -273.11    -0.089
    -272.08     0.084
    -271.05    -0.127
    -270.02     0.051
    -268.99    -0.020
    -267.95     0.019
    -266.92     0.018
    -265.89    -0.165
    -264.86     0.034
    -263.83     0.020
    -262.80    -0.059
    -261.77     0.031
    -260.74     0.022
    -259.71    -0.089
    -258.68     0.049
    -257.65     0.048
    -256.62     0.090
    -255.59     0.085
    -254.56    -0.068
    -253.53     0.018
    -252.50     0.061
    -251.47     0.039
    -250.43    -0.174
    -249.40    -0.158
    -248.37     0.008
    -247.34    -0.015
    -246.31     0.173
    -245.28     0.022
    -244.25     0.000
    -243.22     0.044
    -242.19    -0.103
    -241.16     0.038
    -240.13     0.113
    -239.10     0.111
    -238.07     0.142
    -237.04    -0.002
    -236.01    -0.058
    -234.98     0.127
    -233.95    -0.184
    -232.91     0.105
    -231.88    -0.081
    -230.85    -0.033
    -229.82     0.031
    -228.79     0.000
    -227.76    -0.064
    -226.73    -0.092
    -225.70     0.034
    -224.67     0.022
    -223.64    -0.088
    -222.61    -0.170
    -221.58    -0.107
    -220.55    -0.123
    -219.52    -0.037
    -218.49    -0.089
    -217.46    -0.076
    -216.43     0.090
    -215.39    -0.009
    -214.36     0.026
    -213.33     0.041
    -212.30    -0.018
    -211.27    -0.018
    -210.24     0.079
    -209.21     0.011
    -208.18     0.074
    -207.15     0.060
    -206.12     0.183
    -205.09     0.018
    -204.06     0.101
    -203.03     0.008
    -202.00    -0.076
    -200.97    -0.062
    -199.94    -0.013
    -198.90     0.018
    -197.87     0.062
    -196.84     0.062
    -195.81     0.069
    -194.78    -0.030
    -193.75     0.046
    -192.72     0.039
    -191.69    -0.068
    -190.66    -0.100
    -189.63     0.092
    -188.60     0.025
    -187.57     0.036
    -186.54     0.105
    -185.51    -0.242
    -184.48    -0.076
    -183.45     0.088
    -182.42     0.062
    -181.38     0.090
    -180.35     0.081
    -179.32     0.150
    -178.29     0.074
    -177.26     0.067
    -176.23    -0.035
    -175.20     0.057
    -174.17     0.004
    -173.14    -0.044
    -172.11    -0.007
    -171.08    -0.055
    -170.05     0.101
    -169.02    -0.003
    -167.99     0.015
    -166.96     0.175
    -165.93    -0.008
    -164.90     0.126
    -163.86    -0.110
    -162.83     0.066
    -161.80     0.034
    -160.77     0.122
    -159.74     0.026
    -158.71     0.029
    -157.68    -0.048
    -156.65     0.017
    -155.62     0.038
    -154.59     0.125
    -153.56     0.043
    -152.53    -0.131
    -151.50    -0.150
    -150.47    -0.013
    -149.44    -0.187
    -148.41     0.251
    -147.38    -0.034
    -146.34    -0.077
    -145.31    -0.026
    -144.28    -0.064
    -143.25    -0.006
    -142.22    -0.020
    -141.19    -0.049
    -140.16     0.100
    -139.13    -0.120
    -138.10     0.026
    -137.07    -0.220
    -136.04     0.052
    -135.01    -0.006
    -133.98     0.074
    -132.95    -0.013
    -131.92     0.110
    -130.89    -0.024
    -129.86     0.010
    -128.82     0.067
    -127.79    -0.021
    -126.76     0.046
    -125.73    -0.055
    -124.70    -0.014
    -123.67     0.052
    -122.64     0.088
    -121.61     0.133
    -120.58     0.021
    -119.55    -0.059
    -118.52    -0.063
    -117.49    -0.089
    -116.46     0.137
    -115.43     0.161
    -114.40    -0.025
    -113.37    -0.089
    -112.33    -0.018
    -111.30     0.020
    -110.27     0.021
    -109.24     0.029
    -108.21     0.144
    -107.18     0.121
    -106.15     0.115
    -105.12     0.077
    -104.09     0.077
    -103.06     0.105
    -102.03    -0.011
    -101.00     0.167
     -99.97     0.061
     -98.94     0.169
     -97.91    -0.013
     -96.88     0.265
     -95.85     0.234
     -94.81     0.264
     -93.78     0.233
     -92.75     0.259
     -91.72     0.209
     -90.69     0.167
     -89.66     0.296
     -88.63     0.250
     -87.60     0.313
     -86.57     0.326
     -85.54     0.325
     -84.51     0.447
     -83.48     0.429
     -82.45     0.458
     -81.42     0.505
     -80.39     0.608
     -79.36     0.579
     -78.33     0.596
     -77.29     0.489
     -76.26     0.566
     -75.23     0.454
     -74.20     0.657
     -73.17     0.483
     -72.14     0.692
     -71.11     0.654
     -70.08     0.579
     -69.05     0.678
     -68.02     0.767
     -66.99     0.623
     -65.96     0.570
     -64.93     0.671
     -63.90     0.785
     -62.87     0.722
     -61.84     0.786
     -60.81     0.680
     -59.77     0.742
     -58.74     0.723
     -57.71     0.645
     -56.68     0.510
     -55.65     0.803
     -54.62     0.564
     -53.59     0.568
     -52.56     0.657
     -51.53     0.627
     -50.50     0.530
     -49.47     0.572
     -48.44     0.439
     -47.41     0.657
     -46.38     0.504
     -45.35     0.680
     -44.32     0.760
     -43.29     0.918
     -42.25     0.899
     -41.22     1.062
     -40.19     1.049
     -39.16     1.116
     -38.13     1.234
     -37.10     1.274
     -36.07     1.397
     -35.04     1.595
     -34.01     1.541
     -32.98     1.693
     -31.95     1.957
     -30.92     2.056
     -29.89     2.087
     -28.86     2.260
     -27.83     2.349
     -26.80     2.716
     -25.76     3.250
     -24.73     3.417
     -23.70     3.657
     -22.67     3.985
     -21.64     4.115
     -20.61     4.574
     -19.58     4.813
     -18.55     5.131
     -17.52     5.446
     -16.49     5.989
     -15.46     6.530
     -14.43     7.011
     -13.40     8.013
     -12.37     8.699
     -11.34     9.531
     -10.31    10.764
      -9.28    12.177
      -8.24    13.739
      -7.21    16.195
      -6.18    19.447
      -5.15    23.135
      -4.12    27.038
      -3.09    30.871
      -2.06    34.586
      -1.03    37.971
       0.00    40.448
       1.03    38.652
       2.06    34.700
       3.09    30.311
       4.12    25.136
       5.15    19.429
       6.18    13.576
       7.21     9.462
       8.24     6.856
       9.28     4.982
      10.31     3.997
      11.34     2.860
      12.37     2.205
      13.40     1.672
      14.43     1.464
      15.46     0.892
      16.49     0.740
      17.52     0.764
      18.55     0.564
      19.58     0.581
      20.61     0.398
      21.64     0.263
      22.67     0.269
      23.70     0.180
      24.73     0.108
      25.76     0.206
      26.80     0.195
      27.83     0.062
      28.86     0.164
      29.89     0.157
      30.92     0.224
      31.95    -0.043
      32.98     0.079
      34.01    -0.047
      35.04     0.133
      36.07    -0.033
      37.10     0.035
      38.13    -0.072
      39.16     0.081
      40.19    -0.077
      41.22     0.078
      42.25    -0.049
      43.29     0.112
      44.32    -0.063
      45.35    -0.025
      46.38    -0.030
      47.41     0.118
      48.44    -0.001
      49.47     0.032
      50.50    -0.053
      51.53    -0.010
      52.56     0.026
      53.59     0.007
      54.62    -0.046
      55.65     0.075
      56.68     0.083
      57.71     0.072
      58.74    -0.056
      59.77     0.008
      60.81     0.090
      61.84     0.101
      62.87    -0.056
      63.90     0.006
      64.93     0.108
      65.96     0.057
      66.99     0.062
      68.02     0.084
      69.05    -0.013
      70.08    -0.038
      71.11     0.079
      72.14    -0.050
      73.17     0.010
      74.20     0.014
      75.23    -0.126
      76.26     0.003
      77.29     0.029
      78.33     0.124
      79.36     0.057
      80.39     0.077
      81.42    -0.118
      82.45     0.103
      83.48     0.039
      84.51    -0.035
      85.54    -0.028
      86.57    -0.089
      87.60    -0.162
      88.63     0.111
      89.66     0.161
      90.69    -0.092
      91.72     0.039
      92.75     0.031
      93.78    -0.043
      94.81    -0.003
      95.85    -0.030
      96.88     0.085
      97.91    -0.060
      98.94     0.099
      99.97     0.053
     101.00     0.011
     102.03     0.144
     103.06     0.093
     104.09     0.053
     105.12     0.101
     106.15    -0.008
     107.18    -0.004
     108.21    -0.017
     109.24    -0.144
     110.27     0.036
     111.30     0.049
     112.33    -0.089
     113.37     0.016
     114.40    -0.208
     115.43     0.031
     116.46     0.100
     117.49    -0.048
     118.52    -0.034
     119.55    -0.004
     120.58    -0.064
     121.61     0.088
     122.64     0.200
     123.67     0.026
     124.70    -0.017
     125.73     0.128
     126.76    -0.011
     127.79     0.012
     128.82    -0.171
     129.86     0.092
     130.89     0.047
     131.92    -0.069
     132.95    -0.005
     133.98     0.092
     135.01    -0.020
     136.04     0.012
     137.07     0.023
     138.10    -0.055
     139.13    -0.138
     140.16    -0.002
     141.19    -0.047
     142.22    -0.042
     143.25     0.015
     144.28    -0.046
     145.31     0.170
     146.34     0.019
     147.38     0.033
     148.41     0.073
     149.44    -0.091
     150.47    -0.072
     151.50     0.075
     152.53     0.003
     153.56     0.123
     154.59     0.060
     155.62     0.013
     156.65     0.116
     157.68    -0.022
     158.71    -0.023
     159.74     0.039
     160.77     0.083
     161.80     0.059
     162.83    -0.020
     163.86    -0.038
     164.90    -0.118
     165.93    -0.041
     166.96    -0.107
     167.99     0.098
     169.02     0.106
     170.05     0.003
     171.08    -0.010
     172.11    -0.100
     173.14    -0.060
     174.17     0.065
     175.20     0.028
     176.23    -0.031
     177.26     0.006
     178.29     0.049
     179.32     0.033
     180.35     0.022
     181.38     0.061
     182.42     0.064
     183.45    -0.014
     184.48     0.083
     185.51    -0.109
     186.54    -0.095
     187.57     0.169
     188.60    -0.035
     189.63     0.154
     190.66     0.047
     191.69    -0.128
     192.72    -0.141
     193.75    -0.086
     194.78    -0.114
     195.81    -0.144
     196.84     0.080
     197.87     0.069
     198.90    -0.141
     199.94     0.061
     200.97    -0.132
     202.00     0.075
     203.03    -0.030
     204.06     0.087
     205.09    -0.118
     206.12     0.070
     207.15     0.102
     208.18     0.005
     209.21     0.061
     210.24     0.023
     211.27     0.086
     212.30     0.111
     213.33     0.057
     214.36     0.021
     215.39    -0.148
     216.43    -0.001
     217.46     0.164
     218.49    -0.031
     219.52    -0.094
     220.55     0.120
     221.58    -0.062
     222.61     0.042
     223.64     0.011
     224.67     0.014
     225.70    -0.073
     226.73     0.099
     227.76    -0.091
     228.79     0.054
     229.82    -0.120
     230.85     0.121
     231.88    -0.060
     232.91     0.021
     233.95    -0.020
     234.98    -0.026
     236.01    -0.007
     237.04    -0.094
     238.07    -0.006
     239.10     0.079
     240.13    -0.152
     241.16     0.048
     242.19    -0.031
     243.22    -0.014
     244.25     0.064
     245.28     0.032
     246.31    -0.161
     247.34     0.035
     248.37     0.071
     249.40    -0.026
     250.43     0.017
     251.47     0.003
     252.50     0.131
     253.53    -0.043
     254.56     0.098
     255.59     0.031
     256.62    -0.026
     257.65    -0.033
     258.68     0.006
     259.71    -0.065
     260.74     0.002
     261.77     0.024
     262.80    -0.145
     263.83    -0.217
     264.86    -0.002
     265.89    -0.025
     266.92    -0.034
     267.95     0.031
     268.99    -0.008
     270.02    -0.031
     271.05    -0.082
     272.08    -0.030
     273.11     0.024
     274.14     0.055
     275.17     0.120
     276.20    -0.008
     277.23    -0.041
     278.26     0.028
     279.29     0.047
     280.32     0.084
     281.35    -0.084
     282.38    -0.092
     283.41    -0.075
     284.44     0.091
     285.47     0.081
     286.51     0.139
     287.54    -0.154
     288.57    -0.172
     289.60     0.095
     290.63     0.102
     291.66     0.004
     292.69    -0.034
     293.72    -0.143
     294.75     0.024
     295.78    -0.026
     296.81     0.028
     297.84     0.010
     298.87     0.086
     299.90     0.046
     300.93     0.086
     301.96     0.033
     303.00     0.001
     304.03     0.085
     305.06    -0.051
     306.09    -0.036
     307.12     0.238
     308.15    -0.135
     309.18    -0.046
     310.21     0.038
     311.24    -0.005
     312.27     0.118
     313.30    -0.121
     314.33    -0.097
     315.36     0.107
     316.39     0.148
     317.42    -0.043
     318.45    -0.055
     319.48     0.063
     320.52    -0.137
     321.55     0.118
     322.58    -0.002
     323.61     0.037
     324.64    -0.031
     325.67     0.039
     326.70    -0.069
     327.73     0.024
     328.76    -0.115
     329.79     0.070
     330.82    -0.042
     331.85     0.073
     332.88     0.051
     333.91     0.083
     334.94    -0.067
     335.97    -0.069
     337.00     0.032
     338.04     0.065
     339.07    -0.236
     340.10    -0.029
     341.13    -0.161
     342.16    -0.037
     343.19     0.018
     344.22     0.049
     345.25     0.053
     346.28     0.029
     347.31    -0.100
     348.34     0.017
     349.37     0.020
     350.40     0.008
     351.43    -0.056
     352.46     0.120
     353.49     0.003
     354.52     0.092
     355.56     0.032
     356.59     0.068
     357.62     0.015
     358.65    -0.151
     359.68    -0.012
     360.71     0.174
     361.74     0.028
     362.77     0.033
     363.80     0.037
     364.83    -0.011
     365.86    -0.085
     366.89     0.026
     367.92     0.065
     368.95    -0.033
     369.98    -0.085
     371.01     0.130
     372.04    -0.012
     373.08    -0.083
     374.11    -0.005
     375.14    -0.026
     376.17     0.031
     377.20     0.014
     378.23     0.006
     379.26    -0.054
     380.29     0.064
     381.32     0.136
     382.35    -0.054
     383.38    -0.058
     384.41     0.042
     385.44    -0.121
     386.47     0.052
     387.50    -0.010
     388.53     0.077
     389.57    -0.172
     390.60     0.052
     391.63    -0.149
     392.66     0.053
     393.69    -0.064
     394.72     0.104
     395.75    -0.010
     396.78     0.071
     397.81     0.049
     398.84     0.045
     399.87    -0.029
