%%   95.00000 -15.00000    0   0.20000
% LAB  survey ------------------
% wanted position:  l, b, RA, DEC, and interpolated  NH
% 95.00 ; -15.00 ; 336.72 ;  39.90 ;  0.115E+22
% nearest position: l, b, RA, DEC, and observed NH
% 95.00 ; -15.00 ; 336.72 ;  39.90 ;  0.115E+22
% GASS III survey --------------
% NH - median within 6 arcmin radius   0.00    
% NH - mean within specified beam      0.00    
% EBHIS survey -----------------
% NH  within specified beam           0.114E+22
%%EBHIS   621  datapoints: v_lsr [km/s] and T_B [K]
    -399.25     0.061
    -397.96     0.146
    -396.68     0.150
    -395.39    -0.013
    -394.10     0.000
    -392.81    -0.016
    -391.52     0.028
    -390.23    -0.006
    -388.95    -0.020
    -387.66     0.012
    -386.37     0.024
    -385.08    -0.029
    -383.79    -0.084
    -382.50     0.018
    -381.22     0.050
    -379.93    -0.042
    -378.64     0.008
    -377.35     0.033
    -376.06     0.042
    -374.78    -0.089
    -373.49     0.009
    -372.20     0.050
    -370.91     0.083
    -369.62     0.014
    -368.33     0.044
    -367.05    -0.009
    -365.76     0.038
    -364.47     0.050
    -363.18    -0.021
    -361.89     0.016
    -360.60     0.051
    -359.32     0.006
    -358.03    -0.004
    -356.74     0.057
    -355.45    -0.021
    -354.16     0.013
    -352.88     0.045
    -351.59     0.059
    -350.30    -0.036
    -349.01    -0.037
    -347.72    -0.052
    -346.43     0.046
    -345.15     0.055
    -343.86     0.058
    -342.57    -0.028
    -341.28     0.048
    -339.99     0.009
    -338.70    -0.067
    -337.42    -0.053
    -336.13     0.023
    -334.84     0.101
    -333.55     0.079
    -332.26    -0.059
    -330.98     0.020
    -329.69    -0.093
    -328.40     0.029
    -327.11    -0.038
    -325.82    -0.050
    -324.53     0.067
    -323.25    -0.034
    -321.96    -0.043
    -320.67    -0.019
    -319.38     0.011
    -318.09     0.014
    -316.80     0.057
    -315.52    -0.033
    -314.23    -0.016
    -312.94     0.048
    -311.65    -0.060
    -310.36    -0.013
    -309.08    -0.067
    -307.79    -0.128
    -306.50    -0.052
    -305.21     0.094
    -303.92     0.114
    -302.63    -0.040
    -301.35     0.005
    -300.06    -0.010
    -298.77    -0.064
    -297.48    -0.022
    -296.19     0.051
    -294.90     0.053
    -293.62     0.117
    -292.33     0.059
    -291.04     0.003
    -289.75    -0.011
    -288.46    -0.065
    -287.18     0.047
    -285.89    -0.041
    -284.60     0.020
    -283.31     0.011
    -282.02     0.071
    -280.73     0.039
    -279.45    -0.058
    -278.16    -0.007
    -276.87    -0.041
    -275.58    -0.029
    -274.29    -0.017
    -273.00     0.072
    -271.72     0.042
    -270.43     0.023
    -269.14    -0.023
    -267.85    -0.059
    -266.56     0.072
    -265.28     0.021
    -263.99    -0.052
    -262.70    -0.035
    -261.41    -0.019
    -260.12     0.017
    -258.83     0.012
    -257.55    -0.009
    -256.26    -0.058
    -254.97     0.005
    -253.68     0.023
    -252.39    -0.025
    -251.10     0.021
    -249.82    -0.016
    -248.53    -0.070
    -247.24     0.018
    -245.95     0.037
    -244.66     0.035
    -243.38    -0.023
    -242.09     0.081
    -240.80     0.032
    -239.51     0.063
    -238.22    -0.008
    -236.93     0.033
    -235.65     0.039
    -234.36    -0.071
    -233.07     0.015
    -231.78    -0.053
    -230.49    -0.034
    -229.20    -0.043
    -227.92    -0.025
    -226.63     0.026
    -225.34     0.022
    -224.05     0.053
    -222.76     0.016
    -221.48    -0.011
    -220.19    -0.097
    -218.90    -0.089
    -217.61     0.032
    -216.32    -0.045
    -215.03    -0.044
    -213.75     0.005
    -212.46     0.067
    -211.17    -0.043
    -209.88     0.020
    -208.59    -0.003
    -207.30    -0.050
    -206.02    -0.028
    -204.73    -0.080
    -203.44    -0.008
    -202.15    -0.054
    -200.86    -0.001
    -199.58     0.046
    -198.29    -0.039
    -197.00     0.020
    -195.71     0.071
    -194.42     0.096
    -193.13     0.008
    -191.85     0.000
    -190.56    -0.027
    -189.27     0.064
    -187.98    -0.106
    -186.69    -0.042
    -185.40     0.017
    -184.12     0.022
    -182.83     0.083
    -181.54    -0.062
    -180.25    -0.019
    -178.96    -0.041
    -177.68    -0.008
    -176.39     0.061
    -175.10    -0.009
    -173.81     0.001
    -172.52    -0.077
    -171.23    -0.028
    -169.95     0.024
    -168.66    -0.027
    -167.37    -0.038
    -166.08    -0.066
    -164.79    -0.014
    -163.50    -0.067
    -162.22    -0.074
    -160.93     0.105
    -159.64    -0.027
    -158.35     0.020
    -157.06    -0.054
    -155.78     0.084
    -154.49     0.008
    -153.20     0.049
    -151.91     0.019
    -150.62     0.129
    -149.33     0.068
    -148.05     0.007
    -146.76     0.094
    -145.47    -0.038
    -144.18     0.075
    -142.89     0.032
    -141.60    -0.031
    -140.32     0.099
    -139.03     0.126
    -137.74     0.109
    -136.45     0.184
    -135.16     0.101
    -133.88     0.130
    -132.59     0.157
    -131.30     0.116
    -130.01     0.044
    -128.72     0.121
    -127.43     0.167
    -126.15     0.176
    -124.86     0.113
    -123.57     0.113
    -122.28     0.154
    -120.99     0.187
    -119.70     0.178
    -118.42     0.111
    -117.13     0.154
    -115.84     0.158
    -114.55     0.022
    -113.26     0.152
    -111.98     0.124
    -110.69     0.125
    -109.40     0.172
    -108.11     0.166
    -106.82     0.139
    -105.53     0.170
    -104.25     0.198
    -102.96     0.191
    -101.67     0.220
    -100.38     0.226
     -99.09     0.293
     -97.80     0.178
     -96.52     0.167
     -95.23     0.258
     -93.94     0.403
     -92.65     0.422
     -91.36     0.350
     -90.08     0.304
     -88.79     0.372
     -87.50     0.362
     -86.21     0.436
     -84.92     0.544
     -83.63     0.509
     -82.35     0.559
     -81.06     0.578
     -79.77     0.640
     -78.48     0.680
     -77.19     0.666
     -75.90     0.623
     -74.62     0.735
     -73.33     0.751
     -72.04     0.794
     -70.75     0.694
     -69.46     0.665
     -68.18     0.748
     -66.89     0.736
     -65.60     0.591
     -64.31     0.666
     -63.02     0.565
     -61.73     0.632
     -60.45     0.549
     -59.16     0.562
     -57.87     0.497
     -56.58     0.611
     -55.29     0.562
     -54.00     0.504
     -52.72     0.471
     -51.43     0.472
     -50.14     0.513
     -48.85     0.587
     -47.56     0.568
     -46.28     0.657
     -44.99     0.601
     -43.70     0.732
     -42.41     0.629
     -41.12     0.694
     -39.83     0.777
     -38.55     0.808
     -37.26     0.841
     -35.97     0.941
     -34.68     0.999
     -33.39     1.128
     -32.10     1.240
     -30.82     1.396
     -29.53     1.857
     -28.24     2.186
     -26.95     2.844
     -25.66     3.346
     -24.38     3.738
     -23.09     4.244
     -21.80     5.322
     -20.51     6.832
     -19.22     8.604
     -17.93    10.343
     -16.65    12.455
     -15.36    14.460
     -14.07    14.870
     -12.78    14.014
     -11.49    12.908
     -10.20    11.934
      -8.92    11.378
      -7.63    11.682
      -6.34    13.287
      -5.05    15.578
      -3.76    18.111
      -2.48    21.078
      -1.19    25.752
       0.10    31.273
       1.39    32.053
       2.68    28.142
       3.97    22.821
       5.25    17.305
       6.54    13.026
       7.83    10.067
       9.12     7.790
      10.41     6.208
      11.70     5.036
      12.98     4.082
      14.27     3.365
      15.56     2.760
      16.85     2.402
      18.14     2.142
      19.42     1.861
      20.71     1.554
      22.00     1.356
      23.29     1.057
      24.58     0.836
      25.87     0.718
      27.15     0.728
      28.44     0.681
      29.73     0.411
      31.02     0.378
      32.31     0.243
      33.60     0.279
      34.88     0.103
      36.17     0.172
      37.46     0.137
      38.75     0.096
      40.04     0.044
      41.32     0.036
      42.61    -0.053
      43.90     0.070
      45.19     0.049
      46.48     0.008
      47.77     0.032
      49.05    -0.007
      50.34    -0.065
      51.63    -0.074
      52.92    -0.115
      54.21    -0.030
      55.50     0.004
      56.78    -0.002
      58.07    -0.045
      59.36     0.005
      60.65     0.017
      61.94    -0.125
      63.22    -0.062
      64.51    -0.089
      65.80    -0.052
      67.09     0.114
      68.38     0.004
      69.67     0.078
      70.95     0.066
      72.24     0.074
      73.53    -0.032
      74.82    -0.045
      76.11    -0.027
      77.40    -0.015
      78.68    -0.017
      79.97     0.040
      81.26    -0.034
      82.55    -0.013
      83.84     0.060
      85.12     0.055
      86.41    -0.006
      87.70    -0.014
      88.99     0.018
      90.28     0.006
      91.57    -0.056
      92.85    -0.040
      94.14     0.022
      95.43     0.002
      96.72    -0.027
      98.01     0.104
      99.30    -0.007
     100.58     0.016
     101.87    -0.051
     103.16    -0.030
     104.45     0.031
     105.74    -0.018
     107.02    -0.074
     108.31     0.013
     109.60    -0.014
     110.89    -0.005
     112.18    -0.056
     113.47    -0.016
     114.75     0.037
     116.04     0.051
     117.33     0.020
     118.62    -0.062
     119.91     0.049
     121.20    -0.006
     122.48    -0.015
     123.77    -0.150
     125.06    -0.076
     126.35    -0.048
     127.64     0.023
     128.92     0.107
     130.21    -0.058
     131.50     0.056
     132.79     0.017
     134.08     0.019
     135.37     0.041
     136.65     0.094
     137.94    -0.050
     139.23    -0.016
     140.52    -0.059
     141.81    -0.073
     143.09    -0.053
     144.38     0.090
     145.67     0.062
     146.96    -0.053
     148.25     0.010
     149.54     0.033
     150.82    -0.040
     152.11    -0.048
     153.40    -0.025
     154.69     0.073
     155.98     0.060
     157.27    -0.011
     158.55     0.047
     159.84     0.046
     161.13     0.050
     162.42     0.033
     163.71    -0.044
     164.99    -0.067
     166.28    -0.014
     167.57    -0.066
     168.86    -0.087
     170.15    -0.042
     171.44     0.015
     172.72    -0.041
     174.01    -0.022
     175.30    -0.086
     176.59     0.057
     177.88    -0.023
     179.17    -0.011
     180.45    -0.077
     181.74    -0.088
     183.03     0.000
     184.32    -0.001
     185.61     0.098
     186.89     0.052
     188.18     0.021
     189.47     0.050
     190.76     0.060
     192.05    -0.057
     193.34    -0.031
     194.62     0.063
     195.91     0.129
     197.20     0.008
     198.49    -0.083
     199.78    -0.085
     201.07    -0.018
     202.35     0.007
     203.64    -0.042
     204.93     0.064
     206.22    -0.013
     207.51     0.024
     208.79     0.051
     210.08    -0.059
     211.37    -0.084
     212.66    -0.028
     213.95    -0.008
     215.24     0.067
     216.52     0.130
     217.81     0.047
     219.10     0.091
     220.39     0.050
     221.68     0.109
     222.97     0.080
     224.25    -0.039
     225.54    -0.046
     226.83    -0.015
     228.12    -0.038
     229.41     0.030
     230.69     0.010
     231.98     0.021
     233.27    -0.033
     234.56     0.079
     235.85     0.060
     237.14     0.020
     238.42     0.034
     239.71    -0.001
     241.00    -0.020
     242.29    -0.028
     243.58    -0.020
     244.87     0.017
     246.15    -0.022
     247.44    -0.024
     248.73    -0.050
     250.02    -0.007
     251.31     0.036
     252.59     0.015
     253.88    -0.050
     255.17     0.025
     256.46     0.044
     257.75     0.055
     259.04     0.092
     260.32    -0.036
     261.61     0.025
     262.90    -0.013
     264.19    -0.085
     265.48     0.032
     266.77     0.020
     268.05     0.102
     269.34     0.014
     270.63    -0.079
     271.92    -0.036
     273.21     0.085
     274.49    -0.098
     275.78    -0.037
     277.07    -0.036
     278.36    -0.006
     279.65     0.036
     280.94    -0.062
     282.22     0.006
     283.51    -0.043
     284.80     0.006
     286.09     0.019
     287.38     0.020
     288.67     0.002
     289.95     0.077
     291.24     0.001
     292.53    -0.024
     293.82     0.005
     295.11    -0.037
     296.39    -0.011
     297.68    -0.049
     298.97     0.008
     300.26    -0.050
     301.55    -0.003
     302.84     0.128
     304.12     0.061
     305.41     0.110
     306.70    -0.003
     307.99    -0.117
     309.28    -0.010
     310.57     0.070
     311.85    -0.036
     313.14     0.045
     314.43    -0.167
     315.72     0.028
     317.01     0.078
     318.29    -0.076
     319.58     0.020
     320.87     0.056
     322.16     0.031
     323.45     0.034
     324.74     0.002
     326.02    -0.095
     327.31    -0.053
     328.60    -0.089
     329.89    -0.010
     331.18     0.039
     332.47    -0.006
     333.75     0.047
     335.04     0.020
     336.33    -0.011
     337.62    -0.038
     338.91    -0.036
     340.19    -0.030
     341.48     0.011
     342.77    -0.012
     344.06    -0.004
     345.35     0.053
     346.64    -0.064
     347.92    -0.005
     349.21    -0.031
     350.50    -0.056
     351.79     0.074
     353.08     0.100
     354.37     0.007
     355.65    -0.008
     356.94     0.024
     358.23     0.084
     359.52     0.018
     360.81     0.035
     362.09     0.039
     363.38     0.053
     364.67     0.025
     365.96     0.008
     367.25     0.028
     368.54     0.018
     369.82    -0.010
     371.11    -0.031
     372.40    -0.026
     373.69    -0.041
     374.98     0.017
     376.27     0.151
     377.55     0.104
     378.84     0.005
     380.13     0.048
     381.42    -0.033
     382.71    -0.059
     383.99    -0.050
     385.28    -0.014
     386.57    -0.005
     387.86     0.019
     389.15     0.044
     390.44    -0.056
     391.72    -0.072
     393.01     0.083
     394.30     0.085
     395.59     0.078
     396.88     0.025
     398.17    -0.057
     399.45    -0.004
%%GASS      0  datapoints: v_lsr [km/s] and T_B [K]
%%LAB     777  datapoints: v_lsr [km/s] and T_B [K]
    -399.86    -0.041
    -398.83    -0.025
    -397.80     0.012
    -396.77     0.007
    -395.74    -0.072
    -394.71     0.064
    -393.68    -0.069
    -392.65    -0.007
    -391.62     0.092
    -390.59    -0.110
    -389.56    -0.055
    -388.53     0.058
    -387.49    -0.023
    -386.46     0.142
    -385.43     0.066
    -384.40    -0.036
    -383.37    -0.119
    -382.34    -0.103
    -381.31    -0.067
    -380.28    -0.039
    -379.25     0.061
    -378.22    -0.162
    -377.19     0.077
    -376.16     0.059
    -375.13    -0.037
    -374.10     0.084
    -373.07     0.000
    -372.04    -0.098
    -371.01     0.015
    -369.98    -0.098
    -368.94     0.196
    -367.91     0.024
    -366.88     0.009
    -365.85    -0.024
    -364.82    -0.080
    -363.79     0.001
    -362.76     0.067
    -361.73     0.011
    -360.70     0.123
    -359.67    -0.013
    -358.64    -0.020
    -357.61     0.034
    -356.58    -0.102
    -355.55    -0.239
    -354.52    -0.016
    -353.49    -0.146
    -352.46    -0.069
    -351.42    -0.029
    -350.39     0.005
    -349.36    -0.175
    -348.33     0.128
    -347.30     0.122
    -346.27     0.007
    -345.24    -0.091
    -344.21     0.043
    -343.18     0.026
    -342.15    -0.083
    -341.12    -0.042
    -340.09     0.118
    -339.06     0.114
    -338.03     0.014
    -337.00     0.138
    -335.97     0.115
    -334.94    -0.013
    -333.91     0.055
    -332.87    -0.019
    -331.84     0.034
    -330.81     0.132
    -329.78     0.100
    -328.75    -0.034
    -327.72    -0.021
    -326.69     0.094
    -325.66    -0.070
    -324.63    -0.113
    -323.60     0.006
    -322.57    -0.048
    -321.54    -0.098
    -320.51    -0.087
    -319.48    -0.057
    -318.45    -0.084
    -317.42     0.098
    -316.39     0.029
    -315.35     0.109
    -314.32    -0.041
    -313.29    -0.015
    -312.26     0.071
    -311.23     0.010
    -310.20    -0.004
    -309.17    -0.115
    -308.14     0.088
    -307.11     0.032
    -306.08     0.063
    -305.05     0.019
    -304.02     0.034
    -302.99    -0.006
    -301.96     0.057
    -300.93     0.113
    -299.90     0.012
    -298.87     0.107
    -297.84    -0.062
    -296.80     0.110
    -295.77    -0.080
    -294.74    -0.063
    -293.71    -0.055
    -292.68     0.013
    -291.65    -0.032
    -290.62    -0.039
    -289.59    -0.025
    -288.56     0.017
    -287.53     0.116
    -286.50     0.167
    -285.47     0.100
    -284.44     0.067
    -283.41     0.131
    -282.38    -0.046
    -281.35    -0.126
    -280.32    -0.103
    -279.28     0.001
    -278.25    -0.111
    -277.22     0.010
    -276.19     0.060
    -275.16     0.100
    -274.13    -0.059
    -273.10     0.014
    -272.07     0.077
    -271.04     0.016
    -270.01    -0.045
    -268.98     0.045
    -267.95     0.060
    -266.92     0.033
    -265.89    -0.047
    -264.86     0.041
    -263.83     0.064
    -262.80     0.087
    -261.77     0.116
    -260.73    -0.166
    -259.70     0.148
    -258.67     0.003
    -257.64    -0.082
    -256.61     0.074
    -255.58     0.171
    -254.55    -0.130
    -253.52    -0.091
    -252.49    -0.042
    -251.46    -0.178
    -250.43    -0.144
    -249.40    -0.019
    -248.37     0.027
    -247.34    -0.105
    -246.31    -0.118
    -245.28     0.079
    -244.25     0.120
    -243.21     0.113
    -242.18    -0.056
    -241.15    -0.061
    -240.12     0.102
    -239.09    -0.013
    -238.06    -0.017
    -237.03    -0.120
    -236.00    -0.113
    -234.97    -0.155
    -233.94    -0.110
    -232.91     0.137
    -231.88    -0.011
    -230.85     0.078
    -229.82     0.085
    -228.79     0.042
    -227.76     0.009
    -226.73    -0.077
    -225.70     0.066
    -224.66     0.059
    -223.63     0.014
    -222.60     0.107
    -221.57     0.001
    -220.54    -0.048
    -219.51    -0.061
    -218.48     0.011
    -217.45    -0.039
    -216.42    -0.088
    -215.39     0.150
    -214.36     0.072
    -213.33    -0.186
    -212.30     0.077
    -211.27    -0.076
    -210.24     0.067
    -209.21    -0.143
    -208.18     0.052
    -207.14    -0.153
    -206.11    -0.053
    -205.08     0.026
    -204.05     0.084
    -203.02     0.055
    -201.99    -0.095
    -200.96    -0.028
    -199.93     0.038
    -198.90     0.120
    -197.87    -0.042
    -196.84    -0.090
    -195.81    -0.041
    -194.78     0.082
    -193.75     0.086
    -192.72    -0.014
    -191.69    -0.058
    -190.66    -0.045
    -189.63     0.125
    -188.59    -0.030
    -187.56     0.045
    -186.53    -0.133
    -185.50     0.000
    -184.47     0.033
    -183.44    -0.109
    -182.41    -0.062
    -181.38    -0.111
    -180.35     0.019
    -179.32     0.127
    -178.29     0.019
    -177.26     0.131
    -176.23    -0.019
    -175.20     0.105
    -174.17    -0.028
    -173.14     0.126
    -172.11    -0.032
    -171.07     0.038
    -170.04    -0.120
    -169.01    -0.182
    -167.98    -0.076
    -166.95     0.070
    -165.92    -0.162
    -164.89     0.078
    -163.86    -0.186
    -162.83    -0.005
    -161.80    -0.118
    -160.77    -0.019
    -159.74     0.030
    -158.71     0.042
    -157.68     0.018
    -156.65     0.059
    -155.62     0.037
    -154.59    -0.051
    -153.56    -0.104
    -152.52    -0.032
    -151.49    -0.045
    -150.46    -0.142
    -149.43     0.027
    -148.40     0.016
    -147.37    -0.018
    -146.34     0.040
    -145.31     0.060
    -144.28     0.058
    -143.25    -0.049
    -142.22    -0.022
    -141.19     0.072
    -140.16     0.042
    -139.13    -0.029
    -138.10     0.028
    -137.07    -0.026
    -136.04     0.165
    -135.00    -0.006
    -133.97     0.145
    -132.94     0.026
    -131.91     0.135
    -130.88     0.141
    -129.85     0.099
    -128.82    -0.109
    -127.79     0.183
    -126.76     0.039
    -125.73     0.129
    -124.70     0.011
    -123.67     0.087
    -122.64     0.066
    -121.61     0.128
    -120.58     0.023
    -119.55     0.201
    -118.52    -0.005
    -117.49     0.100
    -116.45    -0.070
    -115.42     0.023
    -114.39     0.067
    -113.36    -0.097
    -112.33     0.035
    -111.30     0.165
    -110.27     0.079
    -109.24    -0.012
    -108.21     0.106
    -107.18     0.208
    -106.15     0.163
    -105.12     0.147
    -104.09     0.252
    -103.06     0.182
    -102.03     0.155
    -101.00     0.285
     -99.97     0.226
     -98.93     0.037
     -97.90     0.167
     -96.87     0.171
     -95.84     0.115
     -94.81     0.191
     -93.78     0.224
     -92.75     0.223
     -91.72     0.415
     -90.69     0.299
     -89.66     0.548
     -88.63     0.378
     -87.60     0.450
     -86.57     0.500
     -85.54     0.460
     -84.51     0.615
     -83.48     0.567
     -82.45     0.533
     -81.42     0.563
     -80.38     0.633
     -79.35     0.849
     -78.32     0.810
     -77.29     0.904
     -76.26     0.781
     -75.23     0.840
     -74.20     0.776
     -73.17     0.650
     -72.14     0.737
     -71.11     0.764
     -70.08     0.750
     -69.05     0.800
     -68.02     0.724
     -66.99     0.646
     -65.96     0.636
     -64.93     0.693
     -63.90     0.557
     -62.86     0.599
     -61.83     0.435
     -60.80     0.649
     -59.77     0.516
     -58.74     0.432
     -57.71     0.629
     -56.68     0.467
     -55.65     0.565
     -54.62     0.378
     -53.59     0.609
     -52.56     0.583
     -51.53     0.643
     -50.50     0.621
     -49.47     0.765
     -48.44     0.800
     -47.41     0.680
     -46.38     0.691
     -45.35     0.866
     -44.31     0.660
     -43.28     0.792
     -42.25     0.720
     -41.22     0.783
     -40.19     1.034
     -39.16     0.975
     -38.13     0.726
     -37.10     0.890
     -36.07     0.978
     -35.04     1.156
     -34.01     1.160
     -32.98     1.490
     -31.95     1.420
     -30.92     1.530
     -29.89     1.873
     -28.86     2.201
     -27.83     2.500
     -26.79     2.861
     -25.76     3.443
     -24.73     3.707
     -23.70     4.302
     -22.67     4.601
     -21.64     5.308
     -20.61     6.275
     -19.58     7.254
     -18.55     8.668
     -17.52     9.982
     -16.49    11.278
     -15.46    12.374
     -14.43    13.643
     -13.40    13.723
     -12.37    13.786
     -11.34    13.859
     -10.31    13.939
      -9.28    13.393
      -8.24    13.114
      -7.21    13.339
      -6.18    14.596
      -5.15    15.979
      -4.12    17.487
      -3.09    19.614
      -2.06    22.398
      -1.03    25.985
       0.00    30.450
       1.03    32.184
       2.06    31.185
       3.09    27.461
       4.12    23.118
       5.15    18.354
       6.18    14.102
       7.21    11.165
       8.24     9.014
       9.28     7.311
      10.31     6.183
      11.34     5.165
      12.37     4.418
      13.40     3.913
      14.43     3.315
      15.46     2.894
      16.49     2.663
      17.52     2.444
      18.55     2.071
      19.58     1.889
      20.61     1.683
      21.64     1.503
      22.67     1.281
      23.70     1.224
      24.73     1.180
      25.76     0.937
      26.79     0.806
      27.83     0.708
      28.86     0.686
      29.89     0.676
      30.92     0.380
      31.95     0.345
      32.98     0.165
      34.01     0.255
      35.04     0.290
      36.07     0.248
      37.10     0.133
      38.13     0.220
      39.16     0.131
      40.19     0.182
      41.22     0.182
      42.25    -0.014
      43.28     0.098
      44.31     0.018
      45.35     0.096
      46.38     0.016
      47.41    -0.008
      48.44     0.015
      49.47    -0.005
      50.50     0.057
      51.53     0.087
      52.56    -0.137
      53.59     0.051
      54.62     0.017
      55.65     0.059
      56.68     0.002
      57.71     0.056
      58.74     0.022
      59.77    -0.172
      60.80    -0.007
      61.83     0.005
      62.86     0.175
      63.90     0.034
      64.93     0.145
      65.96     0.005
      66.99    -0.062
      68.02    -0.011
      69.05    -0.157
      70.08     0.101
      71.11     0.153
      72.14     0.356
      73.17     0.034
      74.20    -0.008
      75.23    -0.073
      76.26     0.101
      77.29    -0.023
      78.32     0.109
      79.35     0.071
      80.38     0.044
      81.42    -0.111
      82.45     0.055
      83.48     0.031
      84.51     0.013
      85.54     0.056
      86.57     0.121
      87.60     0.044
      88.63     0.037
      89.66     0.057
      90.69    -0.046
      91.72     0.093
      92.75     0.145
      93.78    -0.076
      94.81    -0.081
      95.84    -0.034
      96.87     0.014
      97.90     0.110
      98.93     0.034
      99.97    -0.050
     101.00    -0.101
     102.03     0.068
     103.06     0.086
     104.09    -0.116
     105.12     0.033
     106.15     0.060
     107.18     0.110
     108.21     0.045
     109.24     0.262
     110.27     0.089
     111.30     0.028
     112.33     0.019
     113.36    -0.029
     114.39    -0.132
     115.42     0.061
     116.45     0.045
     117.49     0.016
     118.52     0.081
     119.55     0.194
     120.58    -0.200
     121.61    -0.120
     122.64     0.052
     123.67    -0.024
     124.70    -0.141
     125.73    -0.067
     126.76    -0.013
     127.79     0.025
     128.82    -0.066
     129.85    -0.022
     130.88     0.025
     131.91     0.064
     132.94     0.011
     133.97     0.108
     135.00    -0.042
     136.04    -0.112
     137.07     0.018
     138.10     0.011
     139.13     0.107
     140.16     0.118
     141.19     0.019
     142.22    -0.056
     143.25    -0.028
     144.28     0.106
     145.31     0.022
     146.34     0.060
     147.37     0.028
     148.40     0.046
     149.43     0.103
     150.46     0.187
     151.49    -0.076
     152.52    -0.026
     153.56    -0.042
     154.59    -0.012
     155.62    -0.072
     156.65    -0.096
     157.68    -0.066
     158.71     0.011
     159.74    -0.010
     160.77    -0.082
     161.80     0.252
     162.83    -0.010
     163.86     0.064
     164.89     0.097
     165.92     0.014
     166.95    -0.043
     167.98    -0.055
     169.01     0.000
     170.04     0.083
     171.07    -0.013
     172.11     0.053
     173.14     0.010
     174.17     0.116
     175.20    -0.046
     176.23    -0.132
     177.26    -0.005
     178.29    -0.109
     179.32     0.056
     180.35    -0.069
     181.38    -0.002
     182.41     0.009
     183.44     0.066
     184.47    -0.071
     185.50    -0.115
     186.53    -0.073
     187.56     0.140
     188.59     0.002
     189.63    -0.044
     190.66     0.051
     191.69     0.167
     192.72    -0.095
     193.75    -0.027
     194.78    -0.062
     195.81     0.148
     196.84    -0.071
     197.87     0.060
     198.90     0.055
     199.93     0.043
     200.96    -0.164
     201.99    -0.041
     203.02    -0.072
     204.05     0.077
     205.08    -0.073
     206.11     0.023
     207.14     0.003
     208.18     0.079
     209.21    -0.101
     210.24     0.163
     211.27    -0.083
     212.30    -0.034
     213.33     0.050
     214.36    -0.110
     215.39    -0.071
     216.42     0.228
     217.45    -0.019
     218.48    -0.135
     219.51    -0.075
     220.54    -0.061
     221.57    -0.191
     222.60    -0.046
     223.63     0.046
     224.66     0.014
     225.70     0.048
     226.73    -0.039
     227.76    -0.139
     228.79     0.083
     229.82     0.084
     230.85     0.170
     231.88     0.010
     232.91    -0.057
     233.94    -0.014
     234.97    -0.006
     236.00    -0.116
     237.03     0.058
     238.06    -0.014
     239.09    -0.021
     240.12    -0.167
     241.15     0.005
     242.18     0.093
     243.21    -0.059
     244.25    -0.028
     245.28     0.075
     246.31     0.047
     247.34     0.023
     248.37     0.076
     249.40     0.044
     250.43    -0.075
     251.46     0.030
     252.49    -0.126
     253.52     0.050
     254.55    -0.038
     255.58     0.127
     256.61    -0.129
     257.64     0.062
     258.67    -0.049
     259.70     0.143
     260.73    -0.055
     261.77     0.007
     262.80     0.036
     263.83    -0.070
     264.86     0.093
     265.89     0.079
     266.92     0.115
     267.95     0.009
     268.98    -0.025
     270.01     0.051
     271.04     0.102
     272.07     0.199
     273.10    -0.069
     274.13    -0.060
     275.16     0.097
     276.19     0.080
     277.22    -0.060
     278.25    -0.109
     279.28    -0.026
     280.32     0.002
     281.35    -0.069
     282.38     0.088
     283.41    -0.017
     284.44    -0.007
     285.47    -0.060
     286.50     0.012
     287.53    -0.041
     288.56    -0.106
     289.59     0.030
     290.62     0.003
     291.65     0.061
     292.68     0.006
     293.71    -0.021
     294.74    -0.044
     295.77     0.004
     296.80    -0.007
     297.84     0.054
     298.87     0.018
     299.90    -0.039
     300.93    -0.028
     301.96     0.045
     302.99     0.079
     304.02     0.021
     305.05     0.019
     306.08     0.009
     307.11    -0.031
     308.14     0.009
     309.17    -0.101
     310.20    -0.034
     311.23    -0.136
     312.26    -0.049
     313.29    -0.085
     314.32    -0.029
     315.35     0.011
     316.39    -0.039
     317.42     0.001
     318.45     0.060
     319.48     0.080
     320.51     0.011
     321.54     0.045
     322.57     0.044
     323.60     0.025
     324.63     0.166
     325.66    -0.139
     326.69    -0.169
     327.72     0.024
     328.75     0.150
     329.78     0.091
     330.81    -0.187
     331.84    -0.021
     332.87    -0.022
     333.91    -0.070
     334.94    -0.051
     335.97    -0.056
     337.00    -0.061
     338.03    -0.018
     339.06     0.048
     340.09     0.088
     341.12    -0.085
     342.15     0.189
     343.18    -0.092
     344.21     0.008
     345.24     0.028
     346.27     0.049
     347.30    -0.072
     348.33     0.080
     349.36    -0.068
     350.39     0.098
     351.42     0.017
     352.46     0.026
     353.49     0.037
     354.52    -0.050
     355.55     0.089
     356.58     0.045
     357.61    -0.039
     358.64    -0.079
     359.67     0.017
     360.70     0.124
     361.73     0.020
     362.76     0.151
     363.79    -0.145
     364.82    -0.071
     365.85    -0.085
     366.88     0.005
     367.91    -0.131
     368.94     0.004
     369.98    -0.040
     371.01     0.061
     372.04    -0.013
     373.07    -0.076
     374.10    -0.060
     375.13     0.084
     376.16     0.049
     377.19    -0.012
     378.22     0.070
     379.25     0.036
     380.28    -0.069
     381.31     0.007
     382.34    -0.030
     383.37    -0.001
     384.40     0.032
     385.43    -0.006
     386.46    -0.086
     387.49     0.074
     388.53    -0.034
     389.56     0.156
     390.59     0.061
     391.62     0.008
     392.65    -0.029
     393.68     0.137
     394.71     0.007
     395.74    -0.016
     396.77     0.056
     397.80     0.059
     398.83    -0.090
     399.86    -0.022
