%%  100.00000  17.50000    0   0.20000
% LAB  survey ------------------
% wanted position:  l, b, RA, DEC, and interpolated  NH
%100.00 ;  17.50 ; 302.54 ;  66.76 ;  0.996E+21
% nearest position: l, b, RA, DEC, and observed NH
%100.00 ;  17.50 ; 302.54 ;  66.76 ;  0.996E+21
% GASS III survey --------------
% NH - median within 6 arcmin radius   0.00    
% NH - mean within specified beam      0.00    
% EBHIS survey -----------------
% NH  within specified beam           0.994E+21
%%EBHIS   621  datapoints: v_lsr [km/s] and T_B [K]
    -399.25     0.000
    -397.96    -0.068
    -396.68    -0.067
    -395.39     0.055
    -394.10    -0.057
    -392.81     0.033
    -391.52     0.085
    -390.23    -0.047
    -388.95    -0.028
    -387.66    -0.086
    -386.37     0.008
    -385.08    -0.016
    -383.79     0.051
    -382.50     0.123
    -381.22     0.078
    -379.93    -0.074
    -378.64     0.016
    -377.35     0.069
    -376.06    -0.120
    -374.78    -0.040
    -373.49     0.072
    -372.20     0.039
    -370.91    -0.044
    -369.62    -0.076
    -368.33    -0.048
    -367.05     0.028
    -365.76    -0.051
    -364.47    -0.026
    -363.18    -0.070
    -361.89    -0.013
    -360.60    -0.015
    -359.32     0.067
    -358.03     0.092
    -356.74     0.011
    -355.45    -0.009
    -354.16    -0.007
    -352.88     0.048
    -351.59     0.059
    -350.30     0.039
    -349.01     0.053
    -347.72     0.056
    -346.43     0.150
    -345.15     0.047
    -343.86     0.057
    -342.57     0.023
    -341.28     0.030
    -339.99     0.095
    -338.70     0.002
    -337.42     0.050
    -336.13    -0.047
    -334.84     0.098
    -333.55    -0.007
    -332.26    -0.047
    -330.98    -0.087
    -329.69    -0.067
    -328.40    -0.105
    -327.11     0.032
    -325.82     0.091
    -324.53     0.007
    -323.25     0.014
    -321.96     0.044
    -320.67     0.012
    -319.38    -0.043
    -318.09     0.006
    -316.80     0.092
    -315.52    -0.128
    -314.23    -0.056
    -312.94    -0.077
    -311.65     0.041
    -310.36    -0.038
    -309.08     0.010
    -307.79    -0.084
    -306.50    -0.052
    -305.21    -0.068
    -303.92    -0.018
    -302.63    -0.111
    -301.35    -0.066
    -300.06    -0.040
    -298.77     0.107
    -297.48    -0.040
    -296.19     0.099
    -294.90     0.041
    -293.62    -0.059
    -292.33    -0.057
    -291.04     0.042
    -289.75     0.188
    -288.46     0.186
    -287.18     0.053
    -285.89     0.079
    -284.60     0.013
    -283.31    -0.047
    -282.02     0.009
    -280.73     0.017
    -279.45    -0.014
    -278.16     0.031
    -276.87    -0.127
    -275.58     0.038
    -274.29    -0.021
    -273.00    -0.037
    -271.72     0.033
    -270.43     0.082
    -269.14     0.085
    -267.85     0.076
    -266.56     0.053
    -265.28    -0.021
    -263.99    -0.044
    -262.70     0.123
    -261.41     0.134
    -260.12     0.141
    -258.83     0.004
    -257.55    -0.013
    -256.26     0.020
    -254.97    -0.043
    -253.68    -0.100
    -252.39     0.015
    -251.10     0.053
    -249.82     0.009
    -248.53    -0.009
    -247.24     0.122
    -245.95     0.057
    -244.66     0.026
    -243.38    -0.068
    -242.09    -0.020
    -240.80    -0.139
    -239.51    -0.136
    -238.22    -0.035
    -236.93    -0.082
    -235.65     0.004
    -234.36    -0.102
    -233.07    -0.005
    -231.78    -0.030
    -230.49     0.050
    -229.20     0.000
    -227.92    -0.099
    -226.63    -0.132
    -225.34    -0.052
    -224.05    -0.001
    -222.76     0.002
    -221.48    -0.010
    -220.19     0.013
    -218.90    -0.038
    -217.61     0.020
    -216.32    -0.056
    -215.03    -0.034
    -213.75     0.023
    -212.46     0.088
    -211.17     0.003
    -209.88     0.072
    -208.59     0.037
    -207.30     0.031
    -206.02     0.019
    -204.73     0.038
    -203.44    -0.002
    -202.15    -0.018
    -200.86     0.107
    -199.58    -0.015
    -198.29    -0.017
    -197.00    -0.057
    -195.71    -0.071
    -194.42     0.015
    -193.13     0.067
    -191.85    -0.002
    -190.56     0.018
    -189.27    -0.130
    -187.98    -0.132
    -186.69    -0.060
    -185.40    -0.049
    -184.12    -0.002
    -182.83    -0.134
    -181.54    -0.049
    -180.25    -0.003
    -178.96    -0.020
    -177.68    -0.026
    -176.39     0.164
    -175.10    -0.109
    -173.81    -0.187
    -172.52     0.043
    -171.23    -0.053
    -169.95     0.025
    -168.66     0.092
    -167.37    -0.084
    -166.08    -0.079
    -164.79     0.131
    -163.50     0.051
    -162.22    -0.048
    -160.93     0.196
    -159.64     0.096
    -158.35     0.225
    -157.06     0.258
    -155.78     0.154
    -154.49     0.217
    -153.20     0.253
    -151.91     0.268
    -150.62     0.297
    -149.33     0.268
    -148.05     0.256
    -146.76     0.274
    -145.47     0.343
    -144.18     0.241
    -142.89     0.308
    -141.60     0.412
    -140.32     0.315
    -139.03     0.301
    -137.74     0.182
    -136.45     0.330
    -135.16     0.241
    -133.88     0.199
    -132.59     0.319
    -131.30     0.284
    -130.01     0.321
    -128.72     0.366
    -127.43     0.359
    -126.15     0.298
    -124.86     0.343
    -123.57     0.317
    -122.28     0.466
    -120.99     0.388
    -119.70     0.362
    -118.42     0.369
    -117.13     0.277
    -115.84     0.264
    -114.55     0.223
    -113.26     0.243
    -111.98     0.252
    -110.69     0.136
    -109.40     0.220
    -108.11     0.325
    -106.82     0.255
    -105.53     0.131
    -104.25     0.040
    -102.96     0.051
    -101.67     0.184
    -100.38     0.150
     -99.09     0.143
     -97.80     0.159
     -96.52    -0.019
     -95.23     0.192
     -93.94     0.107
     -92.65     0.116
     -91.36    -0.006
     -90.08     0.024
     -88.79     0.183
     -87.50     0.106
     -86.21     0.046
     -84.92     0.063
     -83.63    -0.020
     -82.35     0.103
     -81.06     0.138
     -79.77     0.159
     -78.48     0.096
     -77.19     0.101
     -75.90     0.077
     -74.62     0.106
     -73.33     0.063
     -72.04    -0.069
     -70.75     0.007
     -69.46     0.131
     -68.18     0.133
     -66.89     0.165
     -65.60     0.089
     -64.31    -0.044
     -63.02     0.024
     -61.73     0.282
     -60.45     0.233
     -59.16     0.142
     -57.87     0.122
     -56.58     0.228
     -55.29     0.113
     -54.00     0.322
     -52.72     0.496
     -51.43     0.573
     -50.14     0.659
     -48.85     0.686
     -47.56     0.652
     -46.28     0.696
     -44.99     0.878
     -43.70     0.929
     -42.41     0.984
     -41.12     1.230
     -39.83     1.404
     -38.55     1.504
     -37.26     1.650
     -35.97     1.785
     -34.68     1.952
     -33.39     2.047
     -32.10     2.411
     -30.82     2.482
     -29.53     2.667
     -28.24     2.783
     -26.95     2.762
     -25.66     3.076
     -24.38     3.321
     -23.09     3.758
     -21.80     4.122
     -20.51     4.449
     -19.22     5.166
     -17.93     6.085
     -16.65     7.467
     -15.36     9.279
     -14.07    11.205
     -12.78    12.894
     -11.49    15.236
     -10.20    19.296
      -8.92    22.301
      -7.63    23.712
      -6.34    23.799
      -5.05    20.866
      -3.76    16.393
      -2.48    14.827
      -1.19    21.607
       0.10    27.179
       1.39    22.329
       2.68    18.182
       3.97    16.308
       5.25    12.467
       6.54     7.811
       7.83     4.747
       9.12     3.413
      10.41     2.638
      11.70     1.874
      12.98     1.581
      14.27     1.297
      15.56     1.060
      16.85     0.837
      18.14     0.731
      19.42     0.602
      20.71     0.460
      22.00     0.308
      23.29     0.279
      24.58     0.377
      25.87     0.142
      27.15    -0.014
      28.44    -0.106
      29.73     0.101
      31.02    -0.023
      32.31    -0.012
      33.60     0.075
      34.88     0.066
      36.17     0.163
      37.46    -0.033
      38.75     0.096
      40.04     0.066
      41.32    -0.024
      42.61    -0.014
      43.90    -0.061
      45.19     0.114
      46.48     0.066
      47.77    -0.006
      49.05     0.110
      50.34     0.027
      51.63     0.001
      52.92     0.020
      54.21     0.002
      55.50     0.068
      56.78     0.081
      58.07     0.075
      59.36    -0.075
      60.65     0.020
      61.94     0.046
      63.22     0.047
      64.51    -0.093
      65.80    -0.043
      67.09     0.013
      68.38     0.031
      69.67     0.025
      70.95    -0.002
      72.24    -0.010
      73.53     0.061
      74.82    -0.054
      76.11    -0.156
      77.40    -0.038
      78.68     0.109
      79.97    -0.042
      81.26    -0.059
      82.55     0.030
      83.84    -0.056
      85.12     0.055
      86.41     0.099
      87.70     0.057
      88.99    -0.028
      90.28    -0.144
      91.57    -0.132
      92.85    -0.044
      94.14    -0.121
      95.43    -0.058
      96.72     0.020
      98.01     0.084
      99.30     0.075
     100.58     0.171
     101.87     0.094
     103.16     0.007
     104.45     0.057
     105.74     0.023
     107.02    -0.002
     108.31     0.004
     109.60     0.033
     110.89     0.090
     112.18    -0.062
     113.47     0.048
     114.75     0.041
     116.04     0.033
     117.33     0.067
     118.62     0.029
     119.91     0.035
     121.20     0.032
     122.48     0.002
     123.77    -0.014
     125.06     0.003
     126.35     0.084
     127.64    -0.019
     128.92    -0.041
     130.21     0.053
     131.50     0.118
     132.79     0.055
     134.08    -0.052
     135.37    -0.078
     136.65    -0.056
     137.94     0.127
     139.23    -0.097
     140.52     0.026
     141.81     0.012
     143.09    -0.064
     144.38    -0.034
     145.67     0.034
     146.96     0.059
     148.25     0.135
     149.54     0.084
     150.82     0.178
     152.11     0.075
     153.40    -0.075
     154.69    -0.063
     155.98     0.094
     157.27     0.028
     158.55     0.051
     159.84     0.021
     161.13     0.038
     162.42    -0.006
     163.71    -0.116
     164.99    -0.001
     166.28     0.009
     167.57    -0.054
     168.86     0.074
     170.15     0.019
     171.44     0.025
     172.72    -0.055
     174.01    -0.041
     175.30     0.036
     176.59     0.075
     177.88     0.094
     179.17    -0.023
     180.45     0.045
     181.74    -0.027
     183.03     0.011
     184.32     0.019
     185.61    -0.012
     186.89    -0.052
     188.18    -0.053
     189.47     0.056
     190.76    -0.049
     192.05     0.052
     193.34     0.105
     194.62     0.086
     195.91    -0.033
     197.20    -0.088
     198.49    -0.060
     199.78    -0.030
     201.07    -0.165
     202.35    -0.119
     203.64     0.006
     204.93    -0.007
     206.22     0.123
     207.51     0.121
     208.79     0.024
     210.08    -0.033
     211.37     0.085
     212.66    -0.097
     213.95    -0.004
     215.24     0.050
     216.52    -0.114
     217.81    -0.132
     219.10     0.000
     220.39     0.032
     221.68    -0.038
     222.97    -0.087
     224.25     0.085
     225.54    -0.039
     226.83     0.019
     228.12     0.066
     229.41    -0.019
     230.69    -0.061
     231.98    -0.091
     233.27     0.005
     234.56    -0.044
     235.85     0.055
     237.14    -0.032
     238.42    -0.034
     239.71     0.003
     241.00    -0.029
     242.29     0.085
     243.58     0.045
     244.87    -0.061
     246.15    -0.099
     247.44     0.154
     248.73     0.081
     250.02     0.051
     251.31     0.141
     252.59    -0.043
     253.88    -0.047
     255.17    -0.003
     256.46     0.111
     257.75     0.000
     259.04     0.063
     260.32     0.029
     261.61    -0.122
     262.90    -0.041
     264.19    -0.035
     265.48    -0.092
     266.77    -0.017
     268.05     0.102
     269.34    -0.042
     270.63     0.026
     271.92     0.057
     273.21     0.037
     274.49     0.090
     275.78     0.001
     277.07    -0.007
     278.36     0.023
     279.65    -0.001
     280.94    -0.032
     282.22    -0.074
     283.51     0.006
     284.80    -0.010
     286.09     0.040
     287.38    -0.056
     288.67    -0.092
     289.95     0.021
     291.24    -0.030
     292.53     0.076
     293.82    -0.014
     295.11    -0.001
     296.39    -0.078
     297.68    -0.115
     298.97    -0.063
     300.26    -0.025
     301.55     0.013
     302.84    -0.079
     304.12    -0.030
     305.41    -0.129
     306.70     0.059
     307.99    -0.023
     309.28    -0.017
     310.57    -0.026
     311.85     0.124
     313.14     0.131
     314.43     0.073
     315.72    -0.087
     317.01    -0.011
     318.29     0.049
     319.58     0.015
     320.87    -0.030
     322.16    -0.227
     323.45    -0.147
     324.74    -0.289
     326.02     0.003
     327.31    -0.030
     328.60    -0.056
     329.89    -0.026
     331.18    -0.035
     332.47    -0.088
     333.75    -0.069
     335.04     0.154
     336.33     0.190
     337.62     0.050
     338.91     0.007
     340.19    -0.014
     341.48     0.052
     342.77     0.059
     344.06     0.066
     345.35    -0.054
     346.64    -0.094
     347.92     0.039
     349.21     0.039
     350.50    -0.101
     351.79     0.034
     353.08     0.051
     354.37     0.029
     355.65     0.015
     356.94     0.072
     358.23     0.095
     359.52     0.143
     360.81     0.064
     362.09     0.163
     363.38     0.140
     364.67     0.107
     365.96     0.014
     367.25     0.021
     368.54     0.063
     369.82     0.031
     371.11     0.029
     372.40     0.037
     373.69    -0.063
     374.98    -0.099
     376.27    -0.053
     377.55     0.043
     378.84     0.002
     380.13     0.018
     381.42     0.010
     382.71     0.217
     383.99    -0.021
     385.28     0.045
     386.57    -0.041
     387.86     0.131
     389.15     0.036
     390.44    -0.032
     391.72     0.037
     393.01    -0.031
     394.30     0.038
     395.59     0.008
     396.88     0.022
     398.17     0.018
     399.45     0.072
%%GASS      0  datapoints: v_lsr [km/s] and T_B [K]
%%LAB     777  datapoints: v_lsr [km/s] and T_B [K]
    -399.84    -0.038
    -398.81    -0.073
    -397.78    -0.072
    -396.75    -0.031
    -395.72     0.242
    -394.68     0.022
    -393.65     0.061
    -392.62    -0.249
    -391.59    -0.048
    -390.56     0.058
    -389.53     0.064
    -388.50     0.009
    -387.47     0.082
    -386.44     0.069
    -385.41    -0.076
    -384.38    -0.076
    -383.35    -0.034
    -382.32    -0.010
    -381.29     0.007
    -380.26     0.062
    -379.23     0.133
    -378.20     0.073
    -377.17    -0.105
    -376.14     0.028
    -375.11     0.052
    -374.07    -0.108
    -373.04     0.000
    -372.01    -0.070
    -370.98     0.167
    -369.95    -0.047
    -368.92    -0.098
    -367.89    -0.081
    -366.86     0.115
    -365.83    -0.050
    -364.80    -0.028
    -363.77    -0.008
    -362.74     0.040
    -361.71     0.020
    -360.68    -0.075
    -359.65     0.027
    -358.62     0.002
    -357.59     0.064
    -356.56    -0.095
    -355.53     0.045
    -354.50     0.027
    -353.46    -0.028
    -352.43     0.016
    -351.40     0.024
    -350.37    -0.072
    -349.34     0.103
    -348.31     0.150
    -347.28    -0.012
    -346.25    -0.021
    -345.22     0.038
    -344.19    -0.069
    -343.16    -0.021
    -342.13    -0.024
    -341.10     0.023
    -340.07     0.161
    -339.04    -0.083
    -338.01    -0.017
    -336.98    -0.053
    -335.95    -0.095
    -334.92     0.089
    -333.88     0.031
    -332.85    -0.043
    -331.82     0.037
    -330.79    -0.036
    -329.76     0.064
    -328.73    -0.073
    -327.70    -0.008
    -326.67     0.162
    -325.64    -0.025
    -324.61    -0.163
    -323.58    -0.191
    -322.55    -0.056
    -321.52     0.128
    -320.49     0.014
    -319.46    -0.079
    -318.43    -0.271
    -317.40     0.109
    -316.37     0.095
    -315.34     0.107
    -314.31     0.017
    -313.27    -0.072
    -312.24    -0.056
    -311.21    -0.021
    -310.18     0.016
    -309.15    -0.033
    -308.12    -0.094
    -307.09     0.047
    -306.06     0.123
    -305.03    -0.052
    -304.00     0.001
    -302.97     0.060
    -301.94    -0.033
    -300.91     0.127
    -299.88     0.085
    -298.85     0.006
    -297.82    -0.008
    -296.79     0.109
    -295.76     0.052
    -294.73     0.009
    -293.70    -0.184
    -292.66     0.116
    -291.63    -0.086
    -290.60     0.087
    -289.57     0.023
    -288.54     0.058
    -287.51     0.028
    -286.48     0.054
    -285.45     0.142
    -284.42     0.162
    -283.39    -0.164
    -282.36     0.168
    -281.33     0.034
    -280.30     0.085
    -279.27     0.006
    -278.24     0.215
    -277.21     0.118
    -276.18    -0.081
    -275.15     0.133
    -274.12    -0.031
    -273.08     0.103
    -272.05     0.047
    -271.02    -0.148
    -269.99     0.046
    -268.96    -0.042
    -267.93    -0.014
    -266.90    -0.180
    -265.87     0.027
    -264.84    -0.122
    -263.81    -0.033
    -262.78     0.064
    -261.75     0.081
    -260.72     0.194
    -259.69     0.125
    -258.66    -0.122
    -257.63     0.049
    -256.60    -0.021
    -255.57     0.127
    -254.54    -0.095
    -253.51     0.138
    -252.47    -0.058
    -251.44    -0.034
    -250.41     0.121
    -249.38     0.044
    -248.35    -0.003
    -247.32    -0.148
    -246.29    -0.149
    -245.26     0.023
    -244.23     0.081
    -243.20    -0.086
    -242.17    -0.239
    -241.14     0.078
    -240.11     0.146
    -239.08    -0.088
    -238.05    -0.107
    -237.02    -0.045
    -235.99    -0.016
    -234.96    -0.096
    -233.93    -0.073
    -232.90    -0.046
    -231.86     0.040
    -230.83     0.081
    -229.80     0.097
    -228.77     0.069
    -227.74     0.027
    -226.71     0.007
    -225.68    -0.031
    -224.65     0.015
    -223.62    -0.084
    -222.59     0.038
    -221.56    -0.100
    -220.53     0.028
    -219.50    -0.082
    -218.47     0.018
    -217.44    -0.053
    -216.41    -0.084
    -215.38     0.027
    -214.35     0.109
    -213.32    -0.061
    -212.28     0.145
    -211.25    -0.203
    -210.22    -0.069
    -209.19    -0.088
    -208.16    -0.007
    -207.13    -0.214
    -206.10     0.091
    -205.07     0.056
    -204.04     0.032
    -203.01    -0.076
    -201.98    -0.002
    -200.95    -0.015
    -199.92    -0.027
    -198.89    -0.012
    -197.86     0.046
    -196.83    -0.280
    -195.80    -0.122
    -194.77     0.037
    -193.74    -0.019
    -192.71    -0.073
    -191.67    -0.063
    -190.64     0.010
    -189.61     0.079
    -188.58    -0.217
    -187.55    -0.026
    -186.52    -0.035
    -185.49    -0.066
    -184.46    -0.051
    -183.43    -0.067
    -182.40     0.161
    -181.37    -0.065
    -180.34    -0.080
    -179.31     0.030
    -178.28    -0.111
    -177.25    -0.066
    -176.22    -0.148
    -175.19    -0.042
    -174.16    -0.081
    -173.13    -0.011
    -172.10     0.034
    -171.06    -0.080
    -170.03    -0.036
    -169.00    -0.051
    -167.97    -0.048
    -166.94     0.039
    -165.91    -0.107
    -164.88     0.042
    -163.85     0.105
    -162.82    -0.035
    -161.79    -0.179
    -160.76     0.047
    -159.73     0.098
    -158.70     0.170
    -157.67     0.154
    -156.64     0.156
    -155.61     0.183
    -154.58     0.071
    -153.55     0.069
    -152.52     0.177
    -151.48     0.240
    -150.45     0.229
    -149.42     0.182
    -148.39     0.140
    -147.36     0.196
    -146.33     0.282
    -145.30     0.375
    -144.27     0.269
    -143.24     0.145
    -142.21     0.395
    -141.18     0.409
    -140.15     0.357
    -139.12     0.330
    -138.09     0.442
    -137.06     0.275
    -136.03     0.284
    -135.00     0.267
    -133.97     0.321
    -132.94     0.318
    -131.91     0.357
    -130.87     0.295
    -129.84     0.310
    -128.81     0.259
    -127.78     0.454
    -126.75     0.378
    -125.72     0.336
    -124.69     0.364
    -123.66     0.230
    -122.63     0.226
    -121.60     0.322
    -120.57     0.384
    -119.54     0.208
    -118.51     0.221
    -117.48     0.221
    -116.45     0.210
    -115.42     0.272
    -114.39     0.141
    -113.36     0.225
    -112.33     0.275
    -111.29     0.178
    -110.26     0.081
    -109.23     0.276
    -108.20     0.206
    -107.17     0.007
    -106.14     0.130
    -105.11     0.210
    -104.08     0.125
    -103.05     0.003
    -102.02     0.140
    -100.99    -0.006
     -99.96     0.220
     -98.93    -0.016
     -97.90    -0.068
     -96.87    -0.037
     -95.84     0.142
     -94.81     0.056
     -93.78     0.038
     -92.75     0.239
     -91.72    -0.119
     -90.68     0.088
     -89.65     0.046
     -88.62     0.143
     -87.59     0.152
     -86.56     0.230
     -85.53     0.122
     -84.50     0.015
     -83.47    -0.003
     -82.44     0.224
     -81.41     0.106
     -80.38     0.091
     -79.35     0.013
     -78.32     0.082
     -77.29     0.021
     -76.26     0.148
     -75.23     0.142
     -74.20     0.255
     -73.17     0.162
     -72.14     0.159
     -71.11     0.135
     -70.07     0.356
     -69.04    -0.003
     -68.01     0.218
     -66.98     0.076
     -65.95     0.112
     -64.92     0.097
     -63.89     0.082
     -62.86     0.140
     -61.83     0.152
     -60.80     0.246
     -59.77     0.287
     -58.74     0.240
     -57.71     0.308
     -56.68     0.192
     -55.65     0.428
     -54.62     0.203
     -53.59     0.529
     -52.56     0.444
     -51.53     0.459
     -50.49     0.735
     -49.46     0.799
     -48.43     0.799
     -47.40     0.876
     -46.37     1.002
     -45.34     0.958
     -44.31     1.064
     -43.28     1.324
     -42.25     1.187
     -41.22     1.177
     -40.19     1.308
     -39.16     1.566
     -38.13     1.611
     -37.10     1.717
     -36.07     1.896
     -35.04     2.041
     -34.01     2.145
     -32.98     2.287
     -31.95     2.394
     -30.92     2.448
     -29.88     2.662
     -28.85     2.883
     -27.82     2.894
     -26.79     3.217
     -25.76     3.146
     -24.73     3.603
     -23.70     3.740
     -22.67     3.866
     -21.64     4.410
     -20.61     4.842
     -19.58     5.311
     -18.55     6.157
     -17.52     6.960
     -16.49     8.188
     -15.46     9.329
     -14.43    11.113
     -13.40    12.350
     -12.37    13.381
     -11.34    14.693
     -10.31    16.583
      -9.27    20.073
      -8.24    22.545
      -7.21    23.717
      -6.18    23.322
      -5.15    21.201
      -4.12    17.823
      -3.09    15.168
      -2.06    15.527
      -1.03    20.666
       0.00    27.833
       1.03    27.134
       2.06    21.370
       3.09    17.669
       4.12    16.187
       5.15    13.348
       6.18     9.581
       7.21     6.226
       8.24     4.498
       9.27     3.339
      10.31     2.842
      11.34     2.164
      12.37     1.761
      13.40     1.671
      14.43     1.328
      15.46     0.949
      16.49     0.838
      17.52     0.656
      18.55     0.702
      19.58     0.540
      20.61     0.339
      21.64     0.315
      22.67     0.224
      23.70     0.067
      24.73     0.192
      25.76     0.139
      26.79     0.281
      27.82     0.092
      28.85     0.157
      29.88     0.019
      30.92     0.019
      31.95     0.060
      32.98     0.159
      34.01     0.049
      35.04     0.118
      36.07     0.077
      37.10     0.168
      38.13    -0.084
      39.16     0.062
      40.19    -0.066
      41.22    -0.013
      42.25    -0.024
      43.28     0.067
      44.31    -0.072
      45.34     0.038
      46.37     0.032
      47.40     0.170
      48.43    -0.020
      49.46    -0.021
      50.49     0.142
      51.53    -0.027
      52.56     0.035
      53.59     0.060
      54.62    -0.131
      55.65     0.022
      56.68    -0.057
      57.71     0.072
      58.74     0.121
      59.77     0.173
      60.80    -0.039
      61.83     0.044
      62.86    -0.098
      63.89     0.118
      64.92    -0.069
      65.95    -0.010
      66.98    -0.073
      68.01    -0.110
      69.04    -0.090
      70.07    -0.010
      71.11    -0.202
      72.14    -0.002
      73.17    -0.009
      74.20     0.032
      75.23    -0.060
      76.26    -0.123
      77.29    -0.127
      78.32     0.010
      79.35    -0.035
      80.38    -0.087
      81.41     0.028
      82.44    -0.107
      83.47    -0.190
      84.50    -0.013
      85.53    -0.027
      86.56     0.074
      87.59    -0.010
      88.62    -0.039
      89.65    -0.163
      90.68    -0.088
      91.72    -0.074
      92.75     0.177
      93.78    -0.045
      94.81     0.107
      95.84    -0.051
      96.87     0.021
      97.90    -0.016
      98.93    -0.001
      99.96     0.075
     100.99    -0.001
     102.02     0.108
     103.05    -0.079
     104.08     0.300
     105.11    -0.024
     106.14    -0.066
     107.17     0.120
     108.20     0.043
     109.23    -0.039
     110.26     0.162
     111.29     0.070
     112.33     0.034
     113.36     0.035
     114.39    -0.011
     115.42     0.046
     116.45    -0.107
     117.48     0.040
     118.51     0.061
     119.54    -0.067
     120.57     0.023
     121.60    -0.075
     122.63     0.038
     123.66    -0.046
     124.69    -0.202
     125.72     0.057
     126.75     0.040
     127.78    -0.003
     128.81     0.000
     129.84     0.007
     130.87    -0.061
     131.91    -0.082
     132.94    -0.117
     133.97     0.011
     135.00     0.008
     136.03     0.084
     137.06    -0.031
     138.09     0.120
     139.12    -0.148
     140.15     0.102
     141.18    -0.057
     142.21    -0.050
     143.24     0.103
     144.27     0.047
     145.30    -0.004
     146.33    -0.053
     147.36    -0.015
     148.39     0.136
     149.42    -0.078
     150.45    -0.065
     151.48    -0.090
     152.52    -0.078
     153.55     0.007
     154.58    -0.119
     155.61     0.003
     156.64    -0.036
     157.67    -0.075
     158.70    -0.067
     159.73     0.140
     160.76    -0.082
     161.79     0.188
     162.82    -0.038
     163.85    -0.054
     164.88    -0.046
     165.91     0.060
     166.94    -0.130
     167.97     0.025
     169.00     0.013
     170.03     0.032
     171.06     0.094
     172.10    -0.054
     173.13     0.164
     174.16    -0.081
     175.19     0.154
     176.22    -0.105
     177.25    -0.036
     178.28     0.104
     179.31     0.016
     180.34     0.070
     181.37     0.064
     182.40     0.049
     183.43     0.028
     184.46    -0.063
     185.49     0.170
     186.52     0.026
     187.55     0.050
     188.58    -0.036
     189.61    -0.184
     190.64     0.033
     191.67     0.006
     192.71    -0.021
     193.74     0.029
     194.77    -0.130
     195.80    -0.037
     196.83     0.073
     197.86    -0.055
     198.89    -0.042
     199.92     0.059
     200.95     0.092
     201.98     0.092
     203.01    -0.061
     204.04     0.010
     205.07    -0.133
     206.10    -0.084
     207.13     0.013
     208.16     0.014
     209.19     0.044
     210.22     0.123
     211.25     0.077
     212.28    -0.048
     213.32     0.002
     214.35    -0.116
     215.38     0.111
     216.41     0.033
     217.44    -0.009
     218.47     0.030
     219.50    -0.079
     220.53    -0.100
     221.56     0.209
     222.59    -0.142
     223.62     0.012
     224.65    -0.030
     225.68    -0.076
     226.71    -0.050
     227.74    -0.157
     228.77     0.002
     229.80    -0.063
     230.83     0.040
     231.86     0.168
     232.90     0.021
     233.93    -0.108
     234.96    -0.026
     235.99     0.075
     237.02     0.044
     238.05    -0.042
     239.08     0.103
     240.11    -0.075
     241.14    -0.058
     242.17     0.047
     243.20     0.003
     244.23     0.048
     245.26    -0.107
     246.29     0.064
     247.32     0.045
     248.35     0.021
     249.38     0.151
     250.41    -0.032
     251.44     0.029
     252.47     0.003
     253.51    -0.012
     254.54     0.031
     255.57    -0.051
     256.60     0.107
     257.63    -0.069
     258.66    -0.093
     259.69     0.011
     260.72    -0.117
     261.75     0.117
     262.78     0.031
     263.81    -0.036
     264.84    -0.055
     265.87    -0.060
     266.90     0.025
     267.93     0.001
     268.96    -0.060
     269.99     0.161
     271.02    -0.017
     272.05     0.094
     273.08    -0.029
     274.12     0.110
     275.15    -0.009
     276.18    -0.036
     277.21    -0.051
     278.24     0.059
     279.27    -0.191
     280.30     0.074
     281.33     0.150
     282.36    -0.060
     283.39    -0.081
     284.42    -0.024
     285.45     0.020
     286.48     0.085
     287.51    -0.026
     288.54     0.161
     289.57    -0.007
     290.60     0.008
     291.63     0.115
     292.66    -0.047
     293.70     0.040
     294.73     0.078
     295.76    -0.094
     296.79    -0.060
     297.82    -0.010
     298.85     0.066
     299.88     0.003
     300.91     0.068
     301.94    -0.085
     302.97    -0.060
     304.00    -0.071
     305.03     0.055
     306.06     0.005
     307.09     0.083
     308.12    -0.116
     309.15     0.073
     310.18    -0.001
     311.21     0.107
     312.24     0.086
     313.27    -0.066
     314.31    -0.006
     315.34    -0.052
     316.37    -0.015
     317.40     0.160
     318.43    -0.094
     319.46     0.088
     320.49     0.030
     321.52     0.109
     322.55    -0.089
     323.58     0.080
     324.61     0.108
     325.64    -0.137
     326.67    -0.057
     327.70    -0.005
     328.73    -0.015
     329.76     0.209
     330.79     0.035
     331.82     0.233
     332.85     0.026
     333.88    -0.057
     334.92    -0.025
     335.95     0.206
     336.98    -0.196
     338.01     0.052
     339.04    -0.001
     340.07     0.076
     341.10     0.106
     342.13     0.051
     343.16    -0.123
     344.19     0.072
     345.22     0.083
     346.25     0.103
     347.28    -0.021
     348.31    -0.085
     349.34     0.032
     350.37     0.006
     351.40    -0.019
     352.43    -0.079
     353.46     0.064
     354.50    -0.105
     355.53    -0.016
     356.56    -0.045
     357.59    -0.054
     358.62     0.042
     359.65    -0.009
     360.68     0.091
     361.71    -0.028
     362.74     0.104
     363.77    -0.042
     364.80    -0.054
     365.83    -0.094
     366.86    -0.058
     367.89    -0.024
     368.92     0.071
     369.95     0.065
     370.98     0.008
     372.01    -0.108
     373.04    -0.075
     374.07     0.012
     375.11     0.099
     376.14    -0.191
     377.17    -0.089
     378.20    -0.137
     379.23    -0.181
     380.26    -0.108
     381.29    -0.052
     382.32    -0.166
     383.35    -0.069
     384.38     0.032
     385.41     0.064
     386.44    -0.189
     387.47     0.017
     388.50     0.084
     389.53     0.077
     390.56    -0.176
     391.59    -0.087
     392.62    -0.258
     393.65    -0.135
     394.68     0.097
     395.72    -0.111
     396.75    -0.138
     397.78    -0.116
     398.81    -0.037
     399.84    -0.131
