%%   82.50000  20.00000    0   0.20000
% LAB  survey ------------------
% wanted position:  l, b, RA, DEC, and interpolated  NH
% 82.50 ;  20.00 ; 284.90 ;  52.42 ;  0.486E+21
% nearest position: l, b, RA, DEC, and observed NH
% 82.50 ;  20.00 ; 284.90 ;  52.42 ;  0.486E+21
% GASS III survey --------------
% NH - median within 6 arcmin radius   0.00    
% NH - mean within specified beam      0.00    
% EBHIS survey -----------------
% NH  within specified beam           0.535E+21
%%EBHIS   621  datapoints: v_lsr [km/s] and T_B [K]
    -399.25     0.020
    -397.96     0.021
    -396.68    -0.046
    -395.39    -0.041
    -394.10    -0.071
    -392.81    -0.009
    -391.52     0.073
    -390.23     0.096
    -388.95     0.024
    -387.66     0.054
    -386.37     0.020
    -385.08    -0.115
    -383.79    -0.094
    -382.50    -0.007
    -381.22     0.060
    -379.93    -0.040
    -378.64     0.007
    -377.35    -0.058
    -376.06    -0.033
    -374.78     0.017
    -373.49    -0.030
    -372.20    -0.010
    -370.91    -0.018
    -369.62    -0.028
    -368.33     0.014
    -367.05    -0.079
    -365.76     0.048
    -364.47     0.070
    -363.18     0.015
    -361.89     0.001
    -360.60     0.083
    -359.32     0.088
    -358.03     0.036
    -356.74    -0.077
    -355.45    -0.115
    -354.16    -0.046
    -352.88     0.032
    -351.59     0.049
    -350.30     0.028
    -349.01    -0.054
    -347.72     0.079
    -346.43     0.015
    -345.15    -0.018
    -343.86     0.035
    -342.57     0.016
    -341.28     0.058
    -339.99     0.031
    -338.70     0.018
    -337.42    -0.021
    -336.13     0.024
    -334.84    -0.067
    -333.55    -0.064
    -332.26     0.007
    -330.98     0.088
    -329.69     0.020
    -328.40     0.068
    -327.11     0.025
    -325.82     0.024
    -324.53    -0.028
    -323.25    -0.063
    -321.96     0.067
    -320.67     0.041
    -319.38     0.103
    -318.09    -0.027
    -316.80    -0.056
    -315.52    -0.062
    -314.23    -0.040
    -312.94    -0.077
    -311.65     0.000
    -310.36     0.025
    -309.08    -0.020
    -307.79    -0.016
    -306.50     0.004
    -305.21     0.001
    -303.92     0.064
    -302.63     0.110
    -301.35    -0.018
    -300.06    -0.007
    -298.77     0.018
    -297.48     0.026
    -296.19    -0.043
    -294.90     0.046
    -293.62    -0.029
    -292.33    -0.095
    -291.04     0.026
    -289.75     0.015
    -288.46    -0.001
    -287.18     0.015
    -285.89     0.051
    -284.60     0.031
    -283.31    -0.002
    -282.02    -0.040
    -280.73    -0.020
    -279.45     0.114
    -278.16     0.030
    -276.87    -0.102
    -275.58    -0.047
    -274.29     0.086
    -273.00     0.115
    -271.72    -0.001
    -270.43     0.024
    -269.14     0.051
    -267.85     0.040
    -266.56     0.047
    -265.28    -0.026
    -263.99    -0.004
    -262.70    -0.082
    -261.41    -0.007
    -260.12    -0.021
    -258.83     0.002
    -257.55     0.006
    -256.26     0.077
    -254.97     0.122
    -253.68     0.047
    -252.39    -0.010
    -251.10     0.051
    -249.82    -0.031
    -248.53    -0.015
    -247.24     0.006
    -245.95     0.011
    -244.66    -0.001
    -243.38     0.007
    -242.09     0.024
    -240.80    -0.043
    -239.51    -0.074
    -238.22     0.037
    -236.93     0.051
    -235.65    -0.014
    -234.36    -0.023
    -233.07    -0.111
    -231.78    -0.105
    -230.49     0.034
    -229.20     0.054
    -227.92     0.110
    -226.63    -0.006
    -225.34    -0.022
    -224.05    -0.024
    -222.76    -0.091
    -221.48    -0.047
    -220.19     0.045
    -218.90     0.079
    -217.61     0.058
    -216.32    -0.112
    -215.03    -0.012
    -213.75     0.015
    -212.46    -0.016
    -211.17     0.080
    -209.88     0.037
    -208.59     0.021
    -207.30    -0.023
    -206.02     0.058
    -204.73     0.049
    -203.44    -0.083
    -202.15    -0.109
    -200.86    -0.091
    -199.58     0.016
    -198.29     0.061
    -197.00    -0.012
    -195.71    -0.017
    -194.42     0.016
    -193.13    -0.034
    -191.85    -0.030
    -190.56    -0.000
    -189.27     0.040
    -187.98    -0.045
    -186.69    -0.057
    -185.40     0.021
    -184.12     0.014
    -182.83     0.060
    -181.54    -0.028
    -180.25    -0.021
    -178.96    -0.025
    -177.68     0.021
    -176.39    -0.055
    -175.10    -0.037
    -173.81    -0.007
    -172.52    -0.024
    -171.23     0.022
    -169.95    -0.039
    -168.66     0.039
    -167.37    -0.007
    -166.08    -0.019
    -164.79    -0.075
    -163.50     0.068
    -162.22     0.028
    -160.93    -0.004
    -159.64     0.065
    -158.35     0.106
    -157.06    -0.011
    -155.78     0.043
    -154.49     0.040
    -153.20     0.098
    -151.91    -0.058
    -150.62    -0.047
    -149.33     0.051
    -148.05     0.124
    -146.76     0.082
    -145.47     0.019
    -144.18     0.090
    -142.89     0.097
    -141.60     0.095
    -140.32     0.129
    -139.03     0.146
    -137.74     0.012
    -136.45     0.104
    -135.16     0.163
    -133.88     0.147
    -132.59     0.196
    -131.30     0.272
    -130.01     0.272
    -128.72     0.265
    -127.43     0.317
    -126.15     0.292
    -124.86     0.309
    -123.57     0.407
    -122.28     0.364
    -120.99     0.466
    -119.70     0.474
    -118.42     0.485
    -117.13     0.494
    -115.84     0.480
    -114.55     0.531
    -113.26     0.510
    -111.98     0.474
    -110.69     0.563
    -109.40     0.474
    -108.11     0.492
    -106.82     0.471
    -105.53     0.586
    -104.25     0.450
    -102.96     0.513
    -101.67     0.553
    -100.38     0.674
     -99.09     0.755
     -97.80     0.760
     -96.52     0.987
     -95.23     0.959
     -93.94     0.985
     -92.65     1.040
     -91.36     1.040
     -90.08     0.898
     -88.79     0.748
     -87.50     0.731
     -86.21     0.655
     -84.92     0.510
     -83.63     0.368
     -82.35     0.368
     -81.06     0.333
     -79.77     0.229
     -78.48     0.285
     -77.19     0.208
     -75.90     0.209
     -74.62     0.177
     -73.33     0.129
     -72.04     0.146
     -70.75     0.119
     -69.46     0.106
     -68.18     0.054
     -66.89     0.162
     -65.60     0.191
     -64.31     0.075
     -63.02     0.167
     -61.73     0.130
     -60.45     0.059
     -59.16     0.105
     -57.87     0.091
     -56.58     0.120
     -55.29     0.247
     -54.00     0.288
     -52.72     0.267
     -51.43     0.318
     -50.14     0.379
     -48.85     0.459
     -47.56     0.539
     -46.28     0.493
     -44.99     0.427
     -43.70     0.447
     -42.41     0.401
     -41.12     0.499
     -39.83     0.483
     -38.55     0.427
     -37.26     0.436
     -35.97     0.584
     -34.68     0.653
     -33.39     0.696
     -32.10     0.666
     -30.82     0.780
     -29.53     0.985
     -28.24     1.237
     -26.95     1.319
     -25.66     1.339
     -24.38     1.582
     -23.09     1.788
     -21.80     1.953
     -20.51     2.067
     -19.22     2.225
     -17.93     2.479
     -16.65     2.672
     -15.36     2.886
     -14.07     3.153
     -12.78     3.578
     -11.49     4.060
     -10.20     4.533
      -8.92     4.784
      -7.63     4.995
      -6.34     5.293
      -5.05     5.979
      -3.76     6.790
      -2.48     7.668
      -1.19     8.416
       0.10     8.989
       1.39     9.167
       2.68     8.839
       3.97     7.542
       5.25     6.466
       6.54     5.745
       7.83     5.323
       9.12     5.066
      10.41     4.889
      11.70     4.709
      12.98     4.652
      14.27     4.501
      15.56     4.356
      16.85     4.248
      18.14     4.118
      19.42     3.868
      20.71     3.359
      22.00     2.797
      23.29     2.264
      24.58     1.794
      25.87     1.470
      27.15     1.133
      28.44     0.721
      29.73     0.547
      31.02     0.512
      32.31     0.395
      33.60     0.309
      34.88     0.287
      36.17     0.195
      37.46     0.210
      38.75     0.146
      40.04     0.065
      41.32     0.141
      42.61     0.177
      43.90     0.012
      45.19    -0.052
      46.48     0.025
      47.77    -0.036
      49.05    -0.038
      50.34    -0.024
      51.63     0.073
      52.92     0.054
      54.21    -0.057
      55.50    -0.023
      56.78     0.007
      58.07     0.003
      59.36    -0.011
      60.65    -0.012
      61.94    -0.074
      63.22    -0.060
      64.51    -0.083
      65.80    -0.037
      67.09     0.001
      68.38     0.005
      69.67     0.010
      70.95    -0.080
      72.24    -0.009
      73.53     0.062
      74.82     0.030
      76.11    -0.025
      77.40     0.023
      78.68     0.063
      79.97     0.024
      81.26    -0.014
      82.55    -0.009
      83.84    -0.033
      85.12    -0.005
      86.41     0.014
      87.70    -0.011
      88.99     0.009
      90.28    -0.107
      91.57    -0.008
      92.85    -0.050
      94.14     0.057
      95.43    -0.049
      96.72    -0.013
      98.01     0.006
      99.30     0.022
     100.58    -0.024
     101.87    -0.153
     103.16     0.039
     104.45    -0.026
     105.74    -0.046
     107.02    -0.001
     108.31     0.092
     109.60     0.085
     110.89     0.033
     112.18    -0.020
     113.47    -0.091
     114.75    -0.033
     116.04     0.020
     117.33     0.060
     118.62     0.114
     119.91     0.058
     121.20     0.028
     122.48     0.037
     123.77    -0.065
     125.06     0.037
     126.35     0.028
     127.64     0.041
     128.92     0.012
     130.21    -0.056
     131.50    -0.067
     132.79    -0.059
     134.08    -0.034
     135.37     0.028
     136.65    -0.039
     137.94    -0.090
     139.23    -0.052
     140.52    -0.028
     141.81     0.061
     143.09     0.031
     144.38     0.035
     145.67    -0.010
     146.96    -0.029
     148.25    -0.108
     149.54     0.005
     150.82    -0.036
     152.11    -0.084
     153.40     0.016
     154.69     0.019
     155.98     0.010
     157.27    -0.000
     158.55     0.024
     159.84     0.067
     161.13     0.031
     162.42    -0.047
     163.71     0.006
     164.99    -0.041
     166.28    -0.007
     167.57    -0.081
     168.86     0.017
     170.15     0.106
     171.44     0.050
     172.72     0.019
     174.01    -0.055
     175.30     0.003
     176.59    -0.098
     177.88     0.030
     179.17     0.045
     180.45    -0.049
     181.74    -0.057
     183.03    -0.060
     184.32    -0.054
     185.61    -0.083
     186.89    -0.030
     188.18     0.009
     189.47    -0.017
     190.76     0.021
     192.05     0.006
     193.34    -0.012
     194.62    -0.099
     195.91     0.036
     197.20    -0.035
     198.49     0.022
     199.78    -0.053
     201.07    -0.161
     202.35     0.018
     203.64    -0.052
     204.93    -0.015
     206.22     0.069
     207.51     0.101
     208.79    -0.047
     210.08    -0.005
     211.37    -0.016
     212.66     0.092
     213.95     0.069
     215.24    -0.034
     216.52    -0.058
     217.81    -0.015
     219.10    -0.045
     220.39     0.077
     221.68     0.052
     222.97     0.040
     224.25    -0.023
     225.54    -0.038
     226.83     0.029
     228.12     0.059
     229.41    -0.025
     230.69     0.003
     231.98     0.030
     233.27    -0.012
     234.56    -0.035
     235.85    -0.036
     237.14     0.014
     238.42    -0.002
     239.71    -0.011
     241.00    -0.010
     242.29     0.038
     243.58     0.058
     244.87     0.016
     246.15     0.035
     247.44     0.055
     248.73     0.024
     250.02     0.045
     251.31    -0.024
     252.59     0.014
     253.88     0.097
     255.17     0.072
     256.46     0.023
     257.75     0.012
     259.04    -0.102
     260.32     0.034
     261.61     0.018
     262.90     0.016
     264.19    -0.004
     265.48     0.014
     266.77     0.026
     268.05    -0.015
     269.34     0.041
     270.63    -0.057
     271.92    -0.024
     273.21     0.075
     274.49     0.045
     275.78     0.017
     277.07     0.031
     278.36     0.006
     279.65    -0.015
     280.94    -0.074
     282.22    -0.082
     283.51     0.036
     284.80     0.042
     286.09     0.046
     287.38     0.061
     288.67     0.037
     289.95     0.040
     291.24     0.013
     292.53     0.034
     293.82     0.105
     295.11     0.001
     296.39    -0.069
     297.68    -0.088
     298.97     0.045
     300.26    -0.016
     301.55    -0.106
     302.84    -0.126
     304.12    -0.088
     305.41    -0.076
     306.70     0.083
     307.99     0.042
     309.28    -0.006
     310.57    -0.112
     311.85    -0.074
     313.14    -0.031
     314.43    -0.090
     315.72    -0.048
     317.01    -0.053
     318.29    -0.004
     319.58    -0.059
     320.87     0.000
     322.16    -0.006
     323.45     0.025
     324.74     0.012
     326.02     0.019
     327.31     0.081
     328.60     0.168
     329.89     0.046
     331.18    -0.001
     332.47     0.048
     333.75     0.057
     335.04     0.035
     336.33    -0.038
     337.62     0.028
     338.91     0.074
     340.19    -0.027
     341.48    -0.043
     342.77     0.063
     344.06    -0.009
     345.35     0.032
     346.64     0.029
     347.92     0.022
     349.21     0.087
     350.50     0.069
     351.79     0.036
     353.08    -0.015
     354.37    -0.005
     355.65     0.003
     356.94     0.025
     358.23     0.036
     359.52     0.078
     360.81     0.021
     362.09     0.082
     363.38     0.075
     364.67     0.007
     365.96    -0.028
     367.25    -0.035
     368.54     0.007
     369.82     0.051
     371.11     0.052
     372.40     0.018
     373.69    -0.162
     374.98     0.022
     376.27     0.038
     377.55     0.010
     378.84     0.054
     380.13     0.013
     381.42     0.042
     382.71     0.042
     383.99     0.060
     385.28     0.063
     386.57    -0.039
     387.86     0.057
     389.15     0.029
     390.44    -0.042
     391.72    -0.083
     393.01    -0.003
     394.30    -0.027
     395.59    -0.007
     396.88     0.004
     398.17     0.064
     399.45     0.050
%%GASS      0  datapoints: v_lsr [km/s] and T_B [K]
%%LAB     777  datapoints: v_lsr [km/s] and T_B [K]
    -399.83    -0.098
    -398.80    -0.041
    -397.77     0.010
    -396.74    -0.077
    -395.71    -0.069
    -394.68     0.078
    -393.65    -0.002
    -392.62    -0.043
    -391.59     0.086
    -390.55     0.012
    -389.52     0.062
    -388.49     0.110
    -387.46     0.007
    -386.43    -0.013
    -385.40     0.051
    -384.37    -0.010
    -383.34     0.037
    -382.31    -0.095
    -381.28     0.036
    -380.25     0.020
    -379.22     0.037
    -378.19     0.185
    -377.16    -0.044
    -376.13    -0.055
    -375.10    -0.022
    -374.07     0.005
    -373.04    -0.062
    -372.01     0.043
    -370.98     0.090
    -369.94    -0.070
    -368.91    -0.220
    -367.88     0.018
    -366.85    -0.016
    -365.82    -0.073
    -364.79    -0.109
    -363.76    -0.170
    -362.73    -0.001
    -361.70    -0.082
    -360.67     0.061
    -359.64    -0.094
    -358.61    -0.096
    -357.58    -0.102
    -356.55     0.047
    -355.52     0.074
    -354.49    -0.130
    -353.46    -0.083
    -352.43    -0.022
    -351.40    -0.024
    -350.37     0.088
    -349.34     0.046
    -348.30     0.001
    -347.27    -0.085
    -346.24    -0.085
    -345.21     0.034
    -344.18     0.091
    -343.15     0.065
    -342.12     0.067
    -341.09    -0.061
    -340.06     0.251
    -339.03     0.083
    -338.00     0.024
    -336.97    -0.151
    -335.94    -0.074
    -334.91    -0.047
    -333.88    -0.013
    -332.85    -0.047
    -331.82    -0.015
    -330.79    -0.177
    -329.76    -0.192
    -328.73    -0.074
    -327.69    -0.129
    -326.66     0.015
    -325.63    -0.120
    -324.60    -0.081
    -323.57     0.023
    -322.54    -0.019
    -321.51     0.054
    -320.48     0.078
    -319.45    -0.128
    -318.42     0.090
    -317.39    -0.006
    -316.36    -0.006
    -315.33    -0.104
    -314.30    -0.067
    -313.27     0.038
    -312.24    -0.100
    -311.21     0.117
    -310.18    -0.004
    -309.15     0.076
    -308.12    -0.136
    -307.09     0.122
    -306.05     0.166
    -305.02    -0.023
    -303.99     0.078
    -302.96     0.066
    -301.93    -0.156
    -300.90    -0.005
    -299.87     0.014
    -298.84     0.182
    -297.81    -0.009
    -296.78    -0.011
    -295.75    -0.045
    -294.72     0.063
    -293.69    -0.038
    -292.66    -0.022
    -291.63    -0.135
    -290.60    -0.073
    -289.57     0.015
    -288.54    -0.118
    -287.51     0.054
    -286.48    -0.027
    -285.44     0.201
    -284.41    -0.090
    -283.38    -0.013
    -282.35     0.123
    -281.32     0.076
    -280.29     0.043
    -279.26     0.023
    -278.23     0.188
    -277.20     0.083
    -276.17     0.072
    -275.14    -0.004
    -274.11     0.147
    -273.08     0.009
    -272.05     0.001
    -271.02    -0.074
    -269.99     0.021
    -268.96    -0.046
    -267.93     0.063
    -266.90     0.071
    -265.87     0.126
    -264.84     0.017
    -263.80    -0.046
    -262.77     0.112
    -261.74     0.102
    -260.71    -0.010
    -259.68    -0.030
    -258.65     0.040
    -257.62     0.018
    -256.59    -0.000
    -255.56     0.029
    -254.53    -0.030
    -253.50     0.085
    -252.47     0.042
    -251.44     0.053
    -250.41    -0.034
    -249.38     0.223
    -248.35     0.018
    -247.32     0.110
    -246.29    -0.025
    -245.26    -0.051
    -244.23    -0.007
    -243.19    -0.033
    -242.16    -0.034
    -241.13    -0.014
    -240.10     0.051
    -239.07     0.039
    -238.04    -0.030
    -237.01    -0.070
    -235.98    -0.029
    -234.95     0.009
    -233.92    -0.072
    -232.89    -0.062
    -231.86    -0.041
    -230.83     0.116
    -229.80     0.031
    -228.77     0.000
    -227.74    -0.016
    -226.71     0.111
    -225.68    -0.056
    -224.65    -0.001
    -223.62    -0.177
    -222.59     0.072
    -221.55     0.038
    -220.52     0.120
    -219.49    -0.112
    -218.46    -0.059
    -217.43     0.052
    -216.40     0.040
    -215.37     0.016
    -214.34     0.018
    -213.31    -0.008
    -212.28     0.004
    -211.25     0.096
    -210.22     0.008
    -209.19    -0.058
    -208.16    -0.046
    -207.13     0.140
    -206.10    -0.054
    -205.07    -0.082
    -204.04     0.116
    -203.01     0.094
    -201.98     0.099
    -200.94     0.105
    -199.91    -0.081
    -198.88    -0.270
    -197.85     0.002
    -196.82    -0.037
    -195.79    -0.071
    -194.76     0.017
    -193.73    -0.088
    -192.70    -0.030
    -191.67    -0.083
    -190.64    -0.103
    -189.61     0.001
    -188.58    -0.090
    -187.55     0.029
    -186.52     0.020
    -185.49    -0.097
    -184.46    -0.121
    -183.43     0.112
    -182.40     0.082
    -181.37     0.058
    -180.34    -0.095
    -179.30     0.145
    -178.27     0.038
    -177.24     0.131
    -176.21    -0.010
    -175.18    -0.085
    -174.15    -0.035
    -173.12     0.116
    -172.09     0.128
    -171.06     0.045
    -170.03     0.130
    -169.00     0.040
    -167.97    -0.071
    -166.94     0.052
    -165.91    -0.046
    -164.88     0.106
    -163.85    -0.093
    -162.82     0.042
    -161.79    -0.102
    -160.76     0.029
    -159.73     0.020
    -158.69     0.114
    -157.66    -0.144
    -156.63    -0.047
    -155.60    -0.073
    -154.57     0.066
    -153.54     0.098
    -152.51     0.057
    -151.48    -0.109
    -150.45     0.017
    -149.42    -0.076
    -148.39     0.030
    -147.36     0.062
    -146.33    -0.034
    -145.30     0.170
    -144.27     0.175
    -143.24    -0.094
    -142.21     0.111
    -141.18     0.039
    -140.15     0.144
    -139.12     0.052
    -138.09     0.080
    -137.05     0.092
    -136.02     0.172
    -134.99     0.013
    -133.96     0.126
    -132.93     0.104
    -131.90     0.152
    -130.87     0.042
    -129.84     0.312
    -128.81     0.316
    -127.78     0.244
    -126.75     0.271
    -125.72     0.266
    -124.69     0.338
    -123.66     0.354
    -122.63     0.493
    -121.60     0.342
    -120.57     0.469
    -119.54     0.376
    -118.51     0.234
    -117.48     0.444
    -116.45     0.560
    -115.41     0.479
    -114.38     0.517
    -113.35     0.469
    -112.32     0.382
    -111.29     0.453
    -110.26     0.380
    -109.23     0.515
    -108.20     0.523
    -107.17     0.587
    -106.14     0.554
    -105.11     0.544
    -104.08     0.584
    -103.05     0.551
    -102.02     0.476
    -100.99     0.600
     -99.96     0.794
     -98.93     0.728
     -97.90     0.741
     -96.87     0.769
     -95.84     0.819
     -94.80     0.889
     -93.77     0.918
     -92.74     0.869
     -91.71     0.802
     -90.68     0.868
     -89.65     0.786
     -88.62     0.804
     -87.59     0.749
     -86.56     0.674
     -85.53     0.408
     -84.50     0.462
     -83.47     0.397
     -82.44     0.389
     -81.41     0.344
     -80.38     0.346
     -79.35     0.258
     -78.32     0.306
     -77.29     0.189
     -76.26     0.215
     -75.23     0.158
     -74.20     0.095
     -73.16     0.145
     -72.13     0.142
     -71.10     0.200
     -70.07     0.139
     -69.04    -0.021
     -68.01     0.062
     -66.98    -0.096
     -65.95     0.006
     -64.92     0.049
     -63.89     0.011
     -62.86     0.189
     -61.83    -0.098
     -60.80     0.109
     -59.77     0.108
     -58.74     0.043
     -57.71    -0.027
     -56.68     0.030
     -55.65     0.110
     -54.62     0.026
     -53.59     0.235
     -52.55     0.442
     -51.52     0.343
     -50.49     0.254
     -49.46     0.251
     -48.43     0.239
     -47.40     0.402
     -46.37     0.462
     -45.34     0.533
     -44.31     0.396
     -43.28     0.457
     -42.25     0.368
     -41.22     0.521
     -40.19     0.530
     -39.16     0.513
     -38.13     0.486
     -37.10     0.509
     -36.07     0.378
     -35.04     0.658
     -34.01     0.557
     -32.98     0.584
     -31.95     0.506
     -30.91     0.722
     -29.88     0.785
     -28.85     0.798
     -27.82     1.039
     -26.79     1.016
     -25.76     1.198
     -24.73     1.368
     -23.70     1.309
     -22.67     1.399
     -21.64     1.565
     -20.61     1.768
     -19.58     1.706
     -18.55     2.011
     -17.52     2.042
     -16.49     2.434
     -15.46     2.498
     -14.43     2.908
     -13.40     3.166
     -12.37     3.710
     -11.34     4.063
     -10.30     4.473
      -9.27     4.446
      -8.24     4.561
      -7.21     4.930
      -6.18     5.302
      -5.15     5.754
      -4.12     6.354
      -3.09     6.782
      -2.06     7.251
      -1.03     7.593
       0.00     8.014
       1.03     8.174
       2.06     8.575
       3.09     8.001
       4.12     7.204
       5.15     6.350
       6.18     5.507
       7.21     5.249
       8.24     4.862
       9.27     4.563
      10.30     4.334
      11.34     4.180
      12.37     4.002
      13.40     3.762
      14.43     3.801
      15.46     3.708
      16.49     3.712
      17.52     3.457
      18.55     3.362
      19.58     3.044
      20.61     2.984
      21.64     2.410
      22.67     2.185
      23.70     1.774
      24.73     1.659
      25.76     1.211
      26.79     0.977
      27.82     0.866
      28.85     0.719
      29.88     0.444
      30.91     0.505
      31.95     0.404
      32.98     0.210
      34.01     0.373
      35.04     0.300
      36.07     0.149
      37.10     0.111
      38.13     0.182
      39.16     0.100
      40.19     0.030
      41.22     0.205
      42.25    -0.093
      43.28     0.037
      44.31     0.110
      45.34    -0.013
      46.37    -0.075
      47.40     0.026
      48.43     0.048
      49.46    -0.054
      50.49    -0.171
      51.52    -0.016
      52.55     0.127
      53.59    -0.001
      54.62     0.018
      55.65    -0.104
      56.68    -0.143
      57.71     0.058
      58.74    -0.045
      59.77    -0.128
      60.80     0.017
      61.83    -0.027
      62.86    -0.103
      63.89     0.174
      64.92    -0.023
      65.95    -0.136
      66.98    -0.022
      68.01     0.054
      69.04     0.150
      70.07     0.047
      71.10    -0.147
      72.13    -0.015
      73.16    -0.122
      74.20    -0.074
      75.23    -0.089
      76.26     0.040
      77.29    -0.003
      78.32     0.018
      79.35     0.119
      80.38     0.127
      81.41     0.033
      82.44     0.168
      83.47     0.082
      84.50     0.043
      85.53    -0.076
      86.56     0.071
      87.59     0.006
      88.62    -0.056
      89.65     0.124
      90.68     0.066
      91.71     0.166
      92.74    -0.018
      93.77     0.093
      94.80     0.023
      95.84     0.027
      96.87    -0.118
      97.90    -0.123
      98.93    -0.143
      99.96     0.040
     100.99     0.005
     102.02     0.106
     103.05    -0.161
     104.08    -0.106
     105.11     0.171
     106.14     0.081
     107.17     0.146
     108.20     0.010
     109.23     0.078
     110.26    -0.088
     111.29     0.211
     112.32    -0.153
     113.35    -0.070
     114.38    -0.007
     115.41     0.118
     116.45     0.092
     117.48     0.134
     118.51    -0.065
     119.54     0.014
     120.57     0.172
     121.60     0.041
     122.63    -0.013
     123.66     0.009
     124.69     0.019
     125.72     0.002
     126.75     0.007
     127.78     0.039
     128.81    -0.068
     129.84     0.143
     130.87    -0.108
     131.90     0.099
     132.93    -0.030
     133.96    -0.093
     134.99    -0.027
     136.02     0.175
     137.05    -0.085
     138.09     0.139
     139.12    -0.004
     140.15    -0.026
     141.18     0.003
     142.21    -0.072
     143.24     0.132
     144.27     0.088
     145.30    -0.093
     146.33     0.031
     147.36    -0.125
     148.39    -0.017
     149.42    -0.011
     150.45     0.036
     151.48    -0.133
     152.51     0.032
     153.54    -0.037
     154.57     0.008
     155.60     0.062
     156.63     0.036
     157.66     0.085
     158.70     0.061
     159.73    -0.043
     160.76     0.051
     161.79     0.011
     162.82     0.015
     163.85     0.076
     164.88    -0.045
     165.91     0.090
     166.94     0.090
     167.97    -0.026
     169.00     0.032
     170.03     0.012
     171.06     0.039
     172.09     0.031
     173.12    -0.025
     174.15    -0.172
     175.18     0.027
     176.21     0.010
     177.24    -0.023
     178.27     0.053
     179.30    -0.096
     180.34    -0.106
     181.37     0.166
     182.40    -0.020
     183.43    -0.031
     184.46     0.050
     185.49     0.103
     186.52    -0.115
     187.55    -0.019
     188.58    -0.013
     189.61     0.017
     190.64     0.030
     191.67     0.036
     192.70     0.039
     193.73     0.046
     194.76     0.042
     195.79     0.006
     196.82     0.027
     197.85    -0.033
     198.88    -0.029
     199.91    -0.009
     200.94     0.128
     201.98    -0.093
     203.01    -0.028
     204.04     0.227
     205.07     0.020
     206.10    -0.032
     207.13    -0.048
     208.16     0.041
     209.19    -0.097
     210.22     0.082
     211.25    -0.094
     212.28    -0.132
     213.31     0.019
     214.34    -0.088
     215.37    -0.078
     216.40    -0.024
     217.43    -0.012
     218.46     0.090
     219.49    -0.028
     220.52     0.028
     221.55    -0.203
     222.59     0.052
     223.62    -0.120
     224.65     0.127
     225.68    -0.143
     226.71     0.056
     227.74     0.037
     228.77    -0.037
     229.80    -0.061
     230.83     0.169
     231.86    -0.055
     232.89     0.184
     233.92    -0.125
     234.95    -0.050
     235.98    -0.064
     237.01     0.084
     238.04     0.024
     239.07    -0.039
     240.10     0.056
     241.13    -0.126
     242.16     0.089
     243.19    -0.206
     244.23    -0.069
     245.26     0.074
     246.29    -0.094
     247.32     0.027
     248.35    -0.095
     249.38     0.077
     250.41     0.035
     251.44     0.065
     252.47    -0.138
     253.50    -0.051
     254.53     0.051
     255.56    -0.170
     256.59     0.115
     257.62     0.037
     258.65     0.136
     259.68     0.067
     260.71     0.066
     261.74    -0.026
     262.77     0.160
     263.80    -0.039
     264.84     0.014
     265.87     0.087
     266.90    -0.110
     267.93    -0.020
     268.96    -0.009
     269.99     0.086
     271.02    -0.041
     272.05     0.056
     273.08    -0.032
     274.11    -0.075
     275.14     0.011
     276.17     0.130
     277.20     0.099
     278.23     0.069
     279.26    -0.097
     280.29     0.005
     281.32    -0.164
     282.35     0.056
     283.38     0.022
     284.41     0.165
     285.44    -0.061
     286.48     0.036
     287.51     0.060
     288.54     0.073
     289.57    -0.049
     290.60     0.121
     291.63     0.019
     292.66     0.064
     293.69    -0.022
     294.72    -0.071
     295.75    -0.059
     296.78     0.313
     297.81     0.130
     298.84     0.073
     299.87     0.045
     300.90     0.024
     301.93    -0.117
     302.96     0.022
     303.99    -0.141
     305.02    -0.031
     306.05    -0.178
     307.09    -0.043
     308.12    -0.065
     309.15     0.134
     310.18    -0.059
     311.21     0.032
     312.24    -0.057
     313.27    -0.012
     314.30     0.046
     315.33     0.018
     316.36     0.027
     317.39     0.000
     318.42    -0.061
     319.45     0.098
     320.48    -0.012
     321.51    -0.021
     322.54    -0.036
     323.57    -0.083
     324.60    -0.001
     325.63    -0.076
     326.66    -0.095
     327.69    -0.004
     328.73     0.154
     329.76    -0.019
     330.79     0.026
     331.82    -0.076
     332.85    -0.182
     333.88     0.003
     334.91    -0.082
     335.94    -0.068
     336.97     0.001
     338.00     0.134
     339.03    -0.031
     340.06     0.005
     341.09    -0.050
     342.12     0.040
     343.15    -0.088
     344.18     0.048
     345.21     0.086
     346.24    -0.042
     347.27    -0.059
     348.30     0.110
     349.34    -0.034
     350.37     0.104
     351.40     0.027
     352.43     0.133
     353.46     0.041
     354.49     0.061
     355.52     0.198
     356.55     0.112
     357.58    -0.047
     358.61    -0.046
     359.64     0.167
     360.67     0.011
     361.70    -0.108
     362.73     0.053
     363.76    -0.153
     364.79    -0.078
     365.82    -0.027
     366.85     0.098
     367.88     0.018
     368.91    -0.023
     369.94    -0.039
     370.98     0.054
     372.01    -0.026
     373.04     0.018
     374.07    -0.080
     375.10     0.080
     376.13    -0.161
     377.16     0.070
     378.19    -0.025
     379.22    -0.159
     380.25    -0.002
     381.28     0.042
     382.31    -0.017
     383.34     0.070
     384.37     0.047
     385.40    -0.037
     386.43     0.056
     387.46     0.054
     388.49     0.065
     389.52    -0.037
     390.55    -0.062
     391.59     0.165
     392.62     0.005
     393.65     0.024
     394.68     0.041
     395.71    -0.009
     396.74     0.159
     397.77     0.036
     398.80     0.044
     399.83     0.117
