%%   72.50000  -2.50000    0   0.20000
% LAB  survey ------------------
% wanted position:  l, b, RA, DEC, and interpolated  NH
% 72.50 ;  -2.50 ; 305.99 ;  33.13 ;  0.656E+22
% nearest position: l, b, RA, DEC, and observed NH
% 72.50 ;  -2.50 ; 305.99 ;  33.13 ;  0.656E+22
% GASS III survey --------------
% NH - median within 6 arcmin radius   0.00    
% NH - mean within specified beam      0.00    
% EBHIS survey -----------------
% NH  within specified beam           0.610E+22
%%EBHIS   621  datapoints: v_lsr [km/s] and T_B [K]
    -399.25    -0.049
    -397.96    -0.030
    -396.68    -0.135
    -395.39    -0.034
    -394.10    -0.048
    -392.81     0.040
    -391.52     0.003
    -390.23    -0.006
    -388.95    -0.045
    -387.66     0.023
    -386.37     0.025
    -385.08     0.008
    -383.79     0.010
    -382.50     0.006
    -381.22     0.001
    -379.93     0.053
    -378.64     0.007
    -377.35    -0.020
    -376.06     0.078
    -374.78     0.123
    -373.49    -0.023
    -372.20    -0.017
    -370.91     0.025
    -369.62     0.054
    -368.33    -0.082
    -367.05    -0.046
    -365.76     0.030
    -364.47     0.008
    -363.18     0.011
    -361.89     0.062
    -360.60     0.007
    -359.32     0.106
    -358.03     0.016
    -356.74     0.004
    -355.45     0.037
    -354.16     0.081
    -352.88     0.058
    -351.59    -0.080
    -350.30     0.011
    -349.01     0.002
    -347.72     0.033
    -346.43     0.028
    -345.15     0.028
    -343.86    -0.007
    -342.57    -0.157
    -341.28    -0.016
    -339.99     0.050
    -338.70    -0.008
    -337.42     0.029
    -336.13     0.084
    -334.84    -0.070
    -333.55    -0.032
    -332.26    -0.088
    -330.98    -0.003
    -329.69    -0.006
    -328.40    -0.021
    -327.11    -0.001
    -325.82     0.192
    -324.53     0.056
    -323.25    -0.079
    -321.96    -0.014
    -320.67    -0.029
    -319.38    -0.024
    -318.09    -0.091
    -316.80    -0.010
    -315.52     0.003
    -314.23     0.052
    -312.94    -0.082
    -311.65     0.021
    -310.36    -0.001
    -309.08    -0.007
    -307.79    -0.029
    -306.50     0.136
    -305.21     0.047
    -303.92     0.021
    -302.63    -0.023
    -301.35    -0.061
    -300.06    -0.022
    -298.77     0.061
    -297.48     0.032
    -296.19    -0.007
    -294.90     0.016
    -293.62    -0.059
    -292.33    -0.043
    -291.04    -0.011
    -289.75    -0.015
    -288.46    -0.104
    -287.18    -0.103
    -285.89    -0.068
    -284.60     0.065
    -283.31    -0.048
    -282.02    -0.009
    -280.73    -0.017
    -279.45    -0.017
    -278.16     0.029
    -276.87    -0.005
    -275.58    -0.000
    -274.29     0.080
    -273.00     0.006
    -271.72     0.013
    -270.43    -0.010
    -269.14     0.043
    -267.85    -0.002
    -266.56    -0.036
    -265.28    -0.030
    -263.99    -0.077
    -262.70    -0.092
    -261.41     0.035
    -260.12    -0.028
    -258.83     0.148
    -257.55     0.037
    -256.26     0.044
    -254.97    -0.075
    -253.68     0.032
    -252.39     0.092
    -251.10    -0.004
    -249.82     0.012
    -248.53    -0.097
    -247.24     0.013
    -245.95     0.093
    -244.66     0.078
    -243.38     0.119
    -242.09    -0.076
    -240.80     0.000
    -239.51     0.114
    -238.22     0.139
    -236.93     0.028
    -235.65    -0.176
    -234.36    -0.046
    -233.07    -0.031
    -231.78     0.075
    -230.49     0.067
    -229.20     0.042
    -227.92    -0.019
    -226.63    -0.034
    -225.34    -0.106
    -224.05    -0.014
    -222.76     0.039
    -221.48     0.032
    -220.19     0.005
    -218.90    -0.028
    -217.61     0.047
    -216.32     0.002
    -215.03     0.039
    -213.75     0.099
    -212.46    -0.006
    -211.17    -0.090
    -209.88    -0.102
    -208.59    -0.033
    -207.30    -0.049
    -206.02     0.011
    -204.73    -0.064
    -203.44    -0.032
    -202.15     0.013
    -200.86    -0.002
    -199.58     0.022
    -198.29     0.067
    -197.00    -0.039
    -195.71     0.036
    -194.42    -0.095
    -193.13    -0.048
    -191.85     0.008
    -190.56    -0.062
    -189.27    -0.018
    -187.98    -0.093
    -186.69    -0.049
    -185.40    -0.062
    -184.12    -0.004
    -182.83    -0.089
    -181.54     0.018
    -180.25     0.091
    -178.96     0.007
    -177.68     0.043
    -176.39     0.051
    -175.10     0.109
    -173.81    -0.087
    -172.52    -0.119
    -171.23    -0.141
    -169.95     0.024
    -168.66     0.033
    -167.37     0.029
    -166.08     0.004
    -164.79     0.069
    -163.50    -0.078
    -162.22    -0.035
    -160.93    -0.051
    -159.64     0.046
    -158.35     0.089
    -157.06    -0.037
    -155.78     0.054
    -154.49     0.053
    -153.20    -0.024
    -151.91    -0.011
    -150.62    -0.027
    -149.33    -0.106
    -148.05    -0.136
    -146.76     0.139
    -145.47     0.075
    -144.18     0.041
    -142.89    -0.013
    -141.60     0.041
    -140.32    -0.005
    -139.03     0.054
    -137.74     0.089
    -136.45     0.053
    -135.16     0.049
    -133.88     0.030
    -132.59    -0.027
    -131.30     0.022
    -130.01     0.099
    -128.72     0.059
    -127.43    -0.009
    -126.15    -0.036
    -124.86     0.013
    -123.57    -0.006
    -122.28     0.087
    -120.99    -0.007
    -119.70     0.154
    -118.42     0.090
    -117.13    -0.015
    -115.84     0.022
    -114.55     0.041
    -113.26     0.185
    -111.98     0.104
    -110.69     0.276
    -109.40     0.285
    -108.11     0.289
    -106.82     0.317
    -105.53     0.423
    -104.25     0.558
    -102.96     0.673
    -101.67     0.797
    -100.38     1.024
     -99.09     1.334
     -97.80     1.466
     -96.52     1.784
     -95.23     2.197
     -93.94     2.688
     -92.65     3.008
     -91.36     3.464
     -90.08     3.865
     -88.79     4.366
     -87.50     5.251
     -86.21     6.108
     -84.92     7.128
     -83.63     7.244
     -82.35     6.923
     -81.06     6.219
     -79.77     5.585
     -78.48     4.984
     -77.19     5.044
     -75.90     4.992
     -74.62     5.596
     -73.33     6.365
     -72.04     6.814
     -70.75     7.539
     -69.46     8.184
     -68.18     8.801
     -66.89     9.903
     -65.60    11.318
     -64.31    12.933
     -63.02    13.568
     -61.73    13.481
     -60.45    12.860
     -59.16    11.434
     -57.87     9.986
     -56.58     8.785
     -55.29     7.793
     -54.00     6.988
     -52.72     6.230
     -51.43     5.710
     -50.14     5.108
     -48.85     4.623
     -47.56     4.098
     -46.28     4.116
     -44.99     4.042
     -43.70     4.156
     -42.41     4.645
     -41.12     5.461
     -39.83     6.688
     -38.55     8.259
     -37.26     9.502
     -35.97    10.763
     -34.68    12.079
     -33.39    13.738
     -32.10    16.925
     -30.82    22.537
     -29.53    31.132
     -28.24    40.055
     -26.95    44.663
     -25.66    42.492
     -24.38    37.307
     -23.09    30.844
     -21.80    25.209
     -20.51    20.335
     -19.22    17.174
     -17.93    15.290
     -16.65    14.556
     -15.36    14.375
     -14.07    14.604
     -12.78    15.800
     -11.49    17.789
     -10.20    19.836
      -8.92    22.651
      -7.63    26.760
      -6.34    31.986
      -5.05    40.110
      -3.76    51.889
      -2.48    68.551
      -1.19    87.549
       0.10   100.877
       1.39   107.160
       2.68   112.855
       3.97   116.126
       5.25   118.464
       6.54   113.418
       7.83   106.197
       9.12   106.176
      10.41   108.158
      11.70    99.553
      12.98    83.733
      14.27    68.761
      15.56    55.588
      16.85    44.178
      18.14    33.267
      19.42    23.862
      20.71    16.668
      22.00    11.474
      23.29     7.916
      24.58     5.642
      25.87     4.337
      27.15     3.245
      28.44     2.720
      29.73     2.268
      31.02     1.908
      32.31     1.565
      33.60     1.311
      34.88     1.138
      36.17     0.992
      37.46     0.944
      38.75     0.658
      40.04     0.745
      41.32     0.636
      42.61     0.608
      43.90     0.528
      45.19     0.468
      46.48     0.364
      47.77     0.434
      49.05     0.238
      50.34     0.323
      51.63     0.230
      52.92     0.310
      54.21     0.196
      55.50     0.149
      56.78     0.121
      58.07     0.058
      59.36     0.089
      60.65     0.085
      61.94     0.045
      63.22     0.088
      64.51    -0.033
      65.80     0.019
      67.09    -0.047
      68.38    -0.055
      69.67     0.049
      70.95     0.047
      72.24     0.046
      73.53    -0.032
      74.82    -0.082
      76.11    -0.004
      77.40    -0.061
      78.68    -0.077
      79.97     0.028
      81.26     0.107
      82.55     0.033
      83.84    -0.053
      85.12     0.002
      86.41    -0.046
      87.70     0.092
      88.99     0.010
      90.28     0.018
      91.57     0.003
      92.85    -0.022
      94.14    -0.033
      95.43     0.019
      96.72    -0.012
      98.01     0.018
      99.30     0.025
     100.58     0.102
     101.87     0.043
     103.16    -0.034
     104.45     0.014
     105.74    -0.109
     107.02     0.053
     108.31     0.024
     109.60     0.110
     110.89     0.129
     112.18     0.054
     113.47     0.045
     114.75     0.002
     116.04    -0.029
     117.33     0.032
     118.62     0.030
     119.91     0.013
     121.20    -0.038
     122.48    -0.011
     123.77    -0.040
     125.06    -0.077
     126.35    -0.065
     127.64     0.018
     128.92    -0.028
     130.21    -0.048
     131.50    -0.115
     132.79     0.076
     134.08     0.050
     135.37     0.016
     136.65    -0.037
     137.94     0.076
     139.23    -0.011
     140.52     0.020
     141.81     0.039
     143.09    -0.023
     144.38    -0.041
     145.67    -0.155
     146.96     0.053
     148.25     0.006
     149.54    -0.024
     150.82    -0.034
     152.11    -0.016
     153.40    -0.008
     154.69    -0.055
     155.98    -0.094
     157.27    -0.015
     158.55     0.005
     159.84    -0.071
     161.13     0.024
     162.42    -0.146
     163.71    -0.091
     164.99     0.016
     166.28     0.055
     167.57     0.088
     168.86     0.024
     170.15    -0.022
     171.44     0.088
     172.72     0.011
     174.01    -0.097
     175.30     0.006
     176.59    -0.052
     177.88    -0.012
     179.17    -0.028
     180.45    -0.011
     181.74     0.083
     183.03    -0.029
     184.32    -0.008
     185.61    -0.041
     186.89    -0.050
     188.18     0.076
     189.47     0.075
     190.76    -0.005
     192.05    -0.037
     193.34     0.056
     194.62     0.066
     195.91    -0.134
     197.20     0.071
     198.49     0.062
     199.78     0.056
     201.07    -0.029
     202.35     0.031
     203.64    -0.068
     204.93    -0.167
     206.22    -0.017
     207.51     0.078
     208.79     0.050
     210.08    -0.116
     211.37    -0.081
     212.66     0.009
     213.95    -0.078
     215.24     0.042
     216.52    -0.030
     217.81     0.074
     219.10    -0.008
     220.39    -0.029
     221.68     0.018
     222.97     0.022
     224.25    -0.035
     225.54    -0.058
     226.83    -0.034
     228.12     0.065
     229.41     0.133
     230.69     0.051
     231.98     0.136
     233.27     0.048
     234.56    -0.053
     235.85    -0.018
     237.14     0.104
     238.42    -0.074
     239.71    -0.045
     241.00    -0.055
     242.29    -0.016
     243.58    -0.022
     244.87     0.010
     246.15     0.072
     247.44    -0.029
     248.73     0.022
     250.02     0.072
     251.31    -0.013
     252.59     0.075
     253.88    -0.046
     255.17    -0.029
     256.46     0.000
     257.75    -0.036
     259.04     0.059
     260.32     0.070
     261.61     0.006
     262.90     0.030
     264.19     0.066
     265.48     0.019
     266.77     0.008
     268.05    -0.167
     269.34    -0.037
     270.63    -0.023
     271.92    -0.039
     273.21     0.024
     274.49     0.008
     275.78    -0.019
     277.07     0.016
     278.36     0.070
     279.65    -0.017
     280.94     0.069
     282.22     0.006
     283.51    -0.064
     284.80    -0.027
     286.09     0.094
     287.38     0.092
     288.67     0.043
     289.95     0.137
     291.24     0.010
     292.53    -0.059
     293.82    -0.033
     295.11    -0.048
     296.39     0.024
     297.68     0.038
     298.97     0.117
     300.26     0.019
     301.55    -0.015
     302.84     0.018
     304.12     0.067
     305.41     0.023
     306.70    -0.105
     307.99    -0.057
     309.28     0.067
     310.57     0.089
     311.85     0.061
     313.14    -0.032
     314.43    -0.052
     315.72     0.020
     317.01     0.041
     318.29     0.024
     319.58    -0.039
     320.87     0.080
     322.16     0.050
     323.45     0.048
     324.74    -0.007
     326.02     0.004
     327.31    -0.022
     328.60    -0.033
     329.89     0.023
     331.18     0.087
     332.47    -0.049
     333.75    -0.093
     335.04    -0.061
     336.33     0.069
     337.62     0.014
     338.91     0.057
     340.19    -0.058
     341.48    -0.010
     342.77     0.013
     344.06     0.023
     345.35     0.088
     346.64    -0.015
     347.92    -0.042
     349.21    -0.120
     350.50    -0.069
     351.79    -0.014
     353.08     0.030
     354.37    -0.042
     355.65    -0.065
     356.94     0.043
     358.23     0.142
     359.52    -0.003
     360.81     0.056
     362.09     0.029
     363.38     0.046
     364.67     0.021
     365.96     0.006
     367.25    -0.002
     368.54    -0.005
     369.82    -0.029
     371.11     0.074
     372.40     0.055
     373.69     0.017
     374.98     0.012
     376.27    -0.055
     377.55    -0.050
     378.84    -0.018
     380.13     0.012
     381.42     0.053
     382.71     0.007
     383.99     0.118
     385.28    -0.004
     386.57    -0.085
     387.86    -0.001
     389.15    -0.061
     390.44    -0.110
     391.72    -0.101
     393.01     0.027
     394.30     0.041
     395.59     0.012
     396.88     0.007
     398.17    -0.082
     399.45     0.025
%%GASS      0  datapoints: v_lsr [km/s] and T_B [K]
%%LAB     777  datapoints: v_lsr [km/s] and T_B [K]
    -399.82     0.027
    -398.79     0.015
    -397.76    -0.102
    -396.72    -0.147
    -395.69    -0.018
    -394.66     0.154
    -393.63     0.067
    -392.60     0.053
    -391.57     0.150
    -390.54    -0.002
    -389.51     0.101
    -388.48    -0.036
    -387.45     0.073
    -386.42    -0.102
    -385.39     0.017
    -384.36    -0.012
    -383.33    -0.137
    -382.30     0.069
    -381.27    -0.056
    -380.24    -0.074
    -379.21     0.097
    -378.18    -0.120
    -377.15     0.019
    -376.12    -0.122
    -375.09    -0.084
    -374.05    -0.227
    -373.02    -0.064
    -371.99    -0.161
    -370.96     0.132
    -369.93    -0.066
    -368.90     0.180
    -367.87     0.001
    -366.84    -0.106
    -365.81    -0.064
    -364.78    -0.086
    -363.75    -0.213
    -362.72     0.019
    -361.69    -0.072
    -360.66    -0.006
    -359.63    -0.072
    -358.60     0.111
    -357.57    -0.145
    -356.54     0.019
    -355.51    -0.002
    -354.48    -0.004
    -353.45    -0.042
    -352.42    -0.050
    -351.38    -0.060
    -350.35     0.057
    -349.32    -0.002
    -348.29     0.101
    -347.26    -0.040
    -346.23    -0.054
    -345.20     0.011
    -344.17    -0.030
    -343.14     0.115
    -342.11     0.123
    -341.08     0.099
    -340.05     0.033
    -339.02    -0.054
    -337.99     0.166
    -336.96     0.089
    -335.93    -0.096
    -334.90    -0.221
    -333.87     0.027
    -332.84     0.045
    -331.81     0.170
    -330.78    -0.042
    -329.75     0.113
    -328.71    -0.056
    -327.68     0.099
    -326.65     0.063
    -325.62     0.204
    -324.59     0.039
    -323.56    -0.084
    -322.53     0.132
    -321.50     0.089
    -320.47     0.081
    -319.44    -0.008
    -318.41    -0.187
    -317.38     0.037
    -316.35     0.144
    -315.32     0.053
    -314.29     0.069
    -313.26    -0.044
    -312.23    -0.084
    -311.20     0.176
    -310.17     0.017
    -309.14    -0.094
    -308.11    -0.086
    -307.08     0.115
    -306.04    -0.070
    -305.01     0.079
    -303.98    -0.104
    -302.95     0.125
    -301.92    -0.124
    -300.89     0.127
    -299.86    -0.052
    -298.83    -0.060
    -297.80    -0.118
    -296.77     0.107
    -295.74    -0.076
    -294.71    -0.018
    -293.68    -0.088
    -292.65    -0.014
    -291.62    -0.038
    -290.59    -0.054
    -289.56     0.019
    -288.53     0.170
    -287.50    -0.058
    -286.47    -0.066
    -285.44    -0.070
    -284.41    -0.014
    -283.37     0.208
    -282.34     0.083
    -281.31    -0.026
    -280.28    -0.034
    -279.25     0.035
    -278.22    -0.145
    -277.19    -0.022
    -276.16    -0.076
    -275.13    -0.030
    -274.10    -0.183
    -273.07     0.051
    -272.04     0.011
    -271.01    -0.016
    -269.98     0.075
    -268.95     0.083
    -267.92    -0.161
    -266.89     0.148
    -265.86    -0.167
    -264.83     0.085
    -263.80    -0.145
    -262.77     0.007
    -261.74    -0.024
    -260.70     0.117
    -259.67     0.051
    -258.64    -0.094
    -257.61    -0.104
    -256.58    -0.088
    -255.55    -0.187
    -254.52    -0.006
    -253.49     0.091
    -252.46     0.007
    -251.43     0.152
    -250.40    -0.038
    -249.37     0.005
    -248.34    -0.149
    -247.31    -0.082
    -246.28     0.325
    -245.25    -0.022
    -244.22    -0.096
    -243.19    -0.082
    -242.16     0.065
    -241.13     0.190
    -240.10    -0.030
    -239.07     0.033
    -238.03    -0.014
    -237.00    -0.016
    -235.97     0.075
    -234.94    -0.008
    -233.91    -0.060
    -232.88     0.136
    -231.85     0.035
    -230.82     0.162
    -229.79     0.085
    -228.76     0.071
    -227.73     0.043
    -226.70     0.065
    -225.67     0.047
    -224.64     0.025
    -223.61    -0.070
    -222.58     0.021
    -221.55    -0.054
    -220.52     0.039
    -219.49    -0.066
    -218.46    -0.108
    -217.43     0.075
    -216.40    -0.092
    -215.36    -0.179
    -214.33     0.017
    -213.30    -0.074
    -212.27     0.031
    -211.24     0.214
    -210.21     0.196
    -209.18    -0.030
    -208.15     0.019
    -207.12     0.198
    -206.09     0.039
    -205.06    -0.068
    -204.03     0.051
    -203.00     0.059
    -201.97    -0.014
    -200.94    -0.163
    -199.91     0.279
    -198.88     0.041
    -197.85     0.001
    -196.82    -0.070
    -195.79    -0.094
    -194.76    -0.042
    -193.73     0.172
    -192.69     0.005
    -191.66     0.021
    -190.63     0.142
    -189.60    -0.118
    -188.57    -0.046
    -187.54     0.049
    -186.51    -0.145
    -185.48     0.113
    -184.45     0.067
    -183.42     0.148
    -182.39    -0.002
    -181.36     0.013
    -180.33     0.021
    -179.30     0.041
    -178.27    -0.145
    -177.24     0.164
    -176.21    -0.058
    -175.18    -0.004
    -174.15     0.081
    -173.12     0.186
    -172.09    -0.006
    -171.06    -0.080
    -170.02    -0.217
    -168.99    -0.135
    -167.96     0.007
    -166.93    -0.094
    -165.90     0.065
    -164.87     0.071
    -163.84     0.007
    -162.81    -0.036
    -161.78    -0.000
    -160.75     0.081
    -159.72    -0.034
    -158.69    -0.024
    -157.66    -0.022
    -156.63    -0.014
    -155.60    -0.094
    -154.57     0.140
    -153.54     0.105
    -152.51    -0.002
    -151.48     0.017
    -150.45    -0.010
    -149.42    -0.060
    -148.39    -0.070
    -147.35     0.033
    -146.32     0.059
    -145.29    -0.114
    -144.26    -0.106
    -143.23     0.015
    -142.20     0.081
    -141.17    -0.026
    -140.14     0.164
    -139.11    -0.145
    -138.08     0.007
    -137.05     0.049
    -136.02     0.051
    -134.99    -0.092
    -133.96     0.196
    -132.93     0.005
    -131.90     0.029
    -130.87     0.009
    -129.84     0.079
    -128.81     0.121
    -127.78    -0.020
    -126.75     0.037
    -125.72     0.130
    -124.68     0.095
    -123.65     0.063
    -122.62     0.130
    -121.59     0.089
    -120.56    -0.080
    -119.53     0.017
    -118.50     0.005
    -117.47     0.019
    -116.44    -0.008
    -115.41     0.130
    -114.38     0.083
    -113.35     0.186
    -112.32     0.085
    -111.29     0.327
    -110.26     0.073
    -109.23     0.246
    -108.20     0.113
    -107.17     0.448
    -106.14     0.438
    -105.11     0.597
    -104.08     0.492
    -103.05     0.823
    -102.01     0.982
    -100.98     0.914
     -99.95     1.033
     -98.92     1.287
     -97.89     1.436
     -96.86     1.758
     -95.83     2.016
     -94.80     2.131
     -93.77     2.444
     -92.74     2.849
     -91.71     3.193
     -90.68     3.443
     -89.65     3.516
     -88.62     4.020
     -87.59     4.344
     -86.56     5.304
     -85.53     5.773
     -84.50     6.154
     -83.47     6.340
     -82.44     6.602
     -81.41     6.245
     -80.38     5.872
     -79.34     5.632
     -78.31     5.646
     -77.28     5.590
     -76.25     5.739
     -75.22     6.320
     -74.19     6.977
     -73.16     7.835
     -72.13     8.940
     -71.10     9.484
     -70.07    10.514
     -69.04    11.313
     -68.01    12.070
     -66.98    12.657
     -65.95    13.171
     -64.92    13.582
     -63.89    14.030
     -62.86    13.846
     -61.83    13.111
     -60.80    12.447
     -59.77    11.673
     -58.74    10.867
     -57.71    10.341
     -56.67     9.561
     -55.64     8.813
     -54.61     8.132
     -53.58     7.908
     -52.55     7.194
     -51.52     6.866
     -50.49     6.144
     -49.46     5.548
     -48.43     5.439
     -47.40     5.463
     -46.37     5.376
     -45.34     5.526
     -44.31     5.892
     -43.28     6.251
     -42.25     7.281
     -41.22     8.011
     -40.19     8.960
     -39.16    10.222
     -38.13    10.913
     -37.10    11.635
     -36.07    12.673
     -35.04    13.822
     -34.00    15.292
     -32.97    17.384
     -31.94    20.486
     -30.91    25.578
     -29.88    32.435
     -28.85    39.492
     -27.82    44.273
     -26.79    45.100
     -25.76    43.392
     -24.73    40.020
     -23.70    35.727
     -22.67    30.869
     -21.64    26.791
     -20.61    22.608
     -19.58    19.952
     -18.55    17.678
     -17.52    16.320
     -16.49    15.697
     -15.46    15.437
     -14.43    15.594
     -13.40    16.515
     -12.37    17.682
     -11.34    19.434
     -10.30    21.609
      -9.27    23.846
      -8.24    27.168
      -7.21    31.256
      -6.18    37.275
      -5.15    44.886
      -4.12    55.533
      -3.09    68.155
      -2.06    83.307
      -1.03    95.673
       0.00   102.353
       1.03   107.040
       2.06   114.772
       3.09   120.583
       4.12   124.552
       5.15   129.801
       6.18   129.750
       7.21   123.474
       8.24   120.309
       9.27   118.380
      10.30   115.705
      11.34   105.604
      12.37    90.279
      13.40    76.222
      14.43    64.321
      15.46    53.781
      16.49    44.989
      17.52    36.448
      18.55    28.623
      19.58    22.171
      20.61    16.985
      21.64    12.923
      22.67    10.067
      23.70     7.733
      24.73     6.110
      25.76     4.919
      26.79     4.123
      27.82     3.320
      28.85     2.988
      29.88     2.558
      30.91     2.276
      31.94     1.964
      32.97     1.740
      34.01     1.414
      35.04     1.333
      36.07     1.236
      37.10     1.123
      38.13     1.028
      39.16     0.996
      40.19     0.857
      41.22     1.103
      42.25     0.918
      43.28     0.777
      44.31     0.853
      45.34     0.637
      46.37     0.704
      47.40     0.307
      48.43     0.569
      49.46     0.385
      50.49     0.339
      51.52     0.263
      52.55     0.248
      53.58     0.136
      54.61     0.220
      55.64     0.142
      56.67     0.180
      57.71     0.321
      58.74     0.156
      59.77     0.246
      60.80     0.061
      61.83     0.033
      62.86     0.178
      63.89     0.087
      64.92     0.134
      65.95     0.047
      66.98    -0.038
      68.01     0.067
      69.04    -0.102
      70.07     0.071
      71.10    -0.151
      72.13    -0.050
      73.16    -0.006
      74.19     0.039
      75.22     0.152
      76.25    -0.028
      77.28    -0.209
      78.31     0.111
      79.34     0.003
      80.38    -0.147
      81.41    -0.116
      82.44     0.041
      83.47     0.089
      84.50     0.172
      85.53     0.045
      86.56     0.095
      87.59     0.075
      88.62    -0.022
      89.65     0.025
      90.68     0.176
      91.71    -0.040
      92.74    -0.070
      93.77    -0.044
      94.80    -0.030
      95.83     0.085
      96.86     0.015
      97.89     0.130
      98.92     0.138
      99.95    -0.076
     100.98     0.031
     102.01    -0.022
     103.05    -0.056
     104.08    -0.034
     105.11     0.105
     106.14    -0.036
     107.17    -0.020
     108.20     0.029
     109.23     0.190
     110.26     0.101
     111.29    -0.026
     112.32    -0.145
     113.35     0.164
     114.38    -0.032
     115.41     0.083
     116.44    -0.147
     117.47     0.053
     118.50     0.077
     119.53     0.091
     120.56     0.283
     121.59     0.003
     122.62    -0.016
     123.65     0.083
     124.68     0.041
     125.72     0.097
     126.75    -0.157
     127.78    -0.022
     128.81    -0.098
     129.84     0.075
     130.87    -0.008
     131.90     0.257
     132.93    -0.120
     133.96     0.051
     134.99     0.073
     136.02     0.029
     137.05     0.119
     138.08     0.031
     139.11    -0.153
     140.14     0.073
     141.17    -0.112
     142.20    -0.169
     143.23    -0.004
     144.26     0.127
     145.29    -0.060
     146.32    -0.024
     147.35     0.029
     148.39    -0.118
     149.42    -0.024
     150.45     0.180
     151.48    -0.205
     152.51     0.037
     153.54    -0.074
     154.57    -0.092
     155.60    -0.030
     156.63     0.025
     157.66    -0.026
     158.69     0.093
     159.72    -0.010
     160.75     0.039
     161.78    -0.054
     162.81     0.077
     163.84     0.077
     164.87     0.017
     165.90     0.019
     166.93     0.035
     167.96     0.057
     168.99     0.073
     170.02     0.033
     171.06    -0.114
     172.09    -0.165
     173.12    -0.026
     174.15     0.101
     175.18     0.164
     176.21     0.059
     177.24     0.003
     178.27     0.170
     179.30    -0.050
     180.33     0.142
     181.36    -0.040
     182.39     0.142
     183.42    -0.044
     184.45     0.168
     185.48     0.113
     186.51     0.091
     187.54    -0.072
     188.57    -0.209
     189.60     0.083
     190.63     0.017
     191.66    -0.082
     192.69     0.005
     193.73     0.027
     194.76    -0.096
     195.79    -0.149
     196.82     0.037
     197.85     0.075
     198.88    -0.012
     199.91     0.256
     200.94    -0.064
     201.97    -0.128
     203.00     0.103
     204.03     0.109
     205.06    -0.131
     206.09     0.057
     207.12     0.003
     208.15     0.136
     209.18     0.003
     210.21     0.071
     211.24    -0.014
     212.27     0.172
     213.30     0.043
     214.33     0.029
     215.36    -0.145
     216.40     0.033
     217.43     0.015
     218.46    -0.135
     219.49    -0.161
     220.52     0.033
     221.55     0.019
     222.58     0.113
     223.61    -0.046
     224.64    -0.024
     225.67     0.055
     226.70    -0.106
     227.73     0.071
     228.76     0.055
     229.79     0.083
     230.82    -0.032
     231.85     0.073
     232.88    -0.020
     233.91     0.031
     234.94     0.075
     235.97    -0.131
     237.00     0.111
     238.03     0.150
     239.07     0.059
     240.10     0.119
     241.13     0.057
     242.16    -0.030
     243.19    -0.024
     244.22     0.083
     245.25    -0.058
     246.28    -0.004
     247.31    -0.255
     248.34     0.053
     249.37    -0.102
     250.40     0.009
     251.43    -0.135
     252.46    -0.161
     253.49     0.111
     254.52     0.011
     255.55    -0.028
     256.58     0.081
     257.61     0.009
     258.64     0.138
     259.67    -0.116
     260.70    -0.062
     261.74    -0.120
     262.77    -0.008
     263.80     0.127
     264.83    -0.217
     265.86    -0.062
     266.89     0.055
     267.92     0.013
     268.95     0.057
     269.98     0.095
     271.01    -0.118
     272.04     0.033
     273.07     0.160
     274.10     0.051
     275.13     0.043
     276.16     0.087
     277.19     0.067
     278.22    -0.116
     279.25    -0.108
     280.28    -0.006
     281.31     0.031
     282.34    -0.124
     283.37    -0.066
     284.41     0.069
     285.44     0.049
     286.47    -0.201
     287.50    -0.086
     288.53     0.047
     289.56    -0.044
     290.59     0.121
     291.62    -0.000
     292.65    -0.183
     293.68    -0.054
     294.71    -0.068
     295.74    -0.098
     296.77    -0.046
     297.80    -0.068
     298.83    -0.239
     299.86    -0.139
     300.89    -0.040
     301.92     0.013
     302.95     0.093
     303.98     0.055
     305.01     0.031
     306.04    -0.018
     307.08    -0.032
     308.11     0.190
     309.14    -0.048
     310.17     0.067
     311.20     0.077
     312.23    -0.078
     313.26     0.057
     314.29     0.059
     315.32     0.158
     316.35    -0.080
     317.38    -0.066
     318.41    -0.036
     319.44     0.001
     320.47     0.067
     321.50     0.047
     322.53    -0.012
     323.56     0.035
     324.59     0.037
     325.62    -0.020
     326.65    -0.008
     327.68    -0.046
     328.71    -0.147
     329.75    -0.078
     330.78     0.037
     331.81     0.023
     332.84     0.103
     333.87     0.069
     334.90    -0.024
     335.93     0.053
     336.96     0.001
     337.99     0.228
     339.02     0.277
     340.05     0.007
     341.08    -0.084
     342.11     0.077
     343.14     0.011
     344.17    -0.046
     345.20    -0.086
     346.23    -0.094
     347.26    -0.040
     348.29     0.136
     349.32     0.043
     350.35    -0.026
     351.38    -0.020
     352.42     0.156
     353.45     0.085
     354.48    -0.056
     355.51    -0.074
     356.54    -0.030
     357.57    -0.074
     358.60    -0.137
     359.63     0.031
     360.66     0.125
     361.69    -0.050
     362.72     0.132
     363.75     0.033
     364.78     0.045
     365.81    -0.020
     366.84     0.003
     367.87    -0.155
     368.90     0.033
     369.93    -0.074
     370.96    -0.010
     371.99    -0.108
     373.02    -0.062
     374.05    -0.064
     375.09    -0.056
     376.12    -0.020
     377.15     0.099
     378.18     0.075
     379.21    -0.020
     380.24    -0.118
     381.27     0.019
     382.30    -0.096
     383.33    -0.034
     384.36    -0.098
     385.39     0.025
     386.42    -0.159
     387.45     0.015
     388.48    -0.018
     389.51     0.033
     390.54     0.154
     391.57     0.031
     392.60     0.055
     393.63    -0.026
     394.66     0.055
     395.69    -0.096
     396.72    -0.050
     397.76    -0.096
     398.79     0.138
     399.82     0.009
