%%   70.00000  -5.00000    0   0.20000
% LAB  survey ------------------
% wanted position:  l, b, RA, DEC, and interpolated  NH
% 70.00 ;  -5.00 ; 306.71 ;  29.65 ;  0.366E+22
% nearest position: l, b, RA, DEC, and observed NH
% 70.00 ;  -5.00 ; 306.71 ;  29.65 ;  0.366E+22
% GASS III survey --------------
% NH - median within 6 arcmin radius   0.00    
% NH - mean within specified beam      0.00    
% EBHIS survey -----------------
% NH  within specified beam           0.383E+22
%%EBHIS   621  datapoints: v_lsr [km/s] and T_B [K]
    -399.25    -0.014
    -397.96    -0.021
    -396.68     0.007
    -395.39    -0.007
    -394.10     0.005
    -392.81     0.052
    -391.52     0.019
    -390.23    -0.040
    -388.95     0.006
    -387.66     0.037
    -386.37    -0.002
    -385.08     0.028
    -383.79     0.006
    -382.50     0.060
    -381.22     0.051
    -379.93     0.003
    -378.64    -0.010
    -377.35    -0.021
    -376.06     0.013
    -374.78    -0.014
    -373.49    -0.066
    -372.20    -0.047
    -370.91    -0.030
    -369.62    -0.031
    -368.33    -0.096
    -367.05    -0.073
    -365.76     0.020
    -364.47     0.094
    -363.18    -0.008
    -361.89     0.009
    -360.60    -0.022
    -359.32     0.009
    -358.03     0.008
    -356.74     0.001
    -355.45     0.043
    -354.16     0.006
    -352.88     0.004
    -351.59    -0.062
    -350.30     0.027
    -349.01     0.099
    -347.72     0.044
    -346.43    -0.068
    -345.15    -0.023
    -343.86     0.018
    -342.57     0.037
    -341.28    -0.067
    -339.99     0.035
    -338.70     0.025
    -337.42    -0.019
    -336.13    -0.011
    -334.84     0.002
    -333.55     0.048
    -332.26    -0.058
    -330.98    -0.017
    -329.69     0.015
    -328.40    -0.111
    -327.11     0.007
    -325.82     0.065
    -324.53    -0.015
    -323.25    -0.052
    -321.96    -0.005
    -320.67     0.031
    -319.38     0.011
    -318.09     0.059
    -316.80     0.022
    -315.52    -0.051
    -314.23    -0.079
    -312.94    -0.061
    -311.65     0.008
    -310.36     0.066
    -309.08     0.035
    -307.79     0.057
    -306.50    -0.013
    -305.21    -0.020
    -303.92     0.112
    -302.63     0.035
    -301.35    -0.020
    -300.06    -0.027
    -298.77    -0.035
    -297.48    -0.015
    -296.19     0.015
    -294.90     0.019
    -293.62    -0.026
    -292.33    -0.095
    -291.04    -0.054
    -289.75     0.095
    -288.46     0.059
    -287.18    -0.034
    -285.89     0.078
    -284.60     0.073
    -283.31     0.048
    -282.02    -0.029
    -280.73     0.032
    -279.45    -0.032
    -278.16    -0.111
    -276.87    -0.032
    -275.58    -0.016
    -274.29    -0.025
    -273.00     0.042
    -271.72    -0.001
    -270.43    -0.040
    -269.14     0.015
    -267.85    -0.015
    -266.56     0.057
    -265.28     0.081
    -263.99     0.037
    -262.70    -0.033
    -261.41     0.024
    -260.12    -0.026
    -258.83    -0.027
    -257.55    -0.064
    -256.26    -0.017
    -254.97     0.076
    -253.68    -0.015
    -252.39    -0.026
    -251.10     0.031
    -249.82    -0.010
    -248.53    -0.047
    -247.24     0.036
    -245.95     0.031
    -244.66     0.001
    -243.38     0.029
    -242.09    -0.006
    -240.80     0.004
    -239.51     0.075
    -238.22     0.040
    -236.93    -0.014
    -235.65     0.061
    -234.36     0.046
    -233.07     0.040
    -231.78    -0.013
    -230.49     0.075
    -229.20     0.012
    -227.92     0.042
    -226.63    -0.004
    -225.34    -0.014
    -224.05     0.072
    -222.76     0.053
    -221.48    -0.070
    -220.19     0.050
    -218.90     0.010
    -217.61     0.033
    -216.32     0.017
    -215.03     0.035
    -213.75    -0.051
    -212.46    -0.008
    -211.17    -0.013
    -209.88     0.015
    -208.59    -0.031
    -207.30    -0.030
    -206.02    -0.004
    -204.73    -0.048
    -203.44     0.032
    -202.15    -0.046
    -200.86     0.004
    -199.58     0.039
    -198.29     0.017
    -197.00     0.035
    -195.71     0.051
    -194.42     0.012
    -193.13    -0.017
    -191.85     0.039
    -190.56    -0.068
    -189.27    -0.010
    -187.98    -0.021
    -186.69    -0.034
    -185.40    -0.073
    -184.12     0.023
    -182.83    -0.003
    -181.54    -0.035
    -180.25    -0.053
    -178.96    -0.050
    -177.68     0.030
    -176.39    -0.029
    -175.10    -0.009
    -173.81     0.018
    -172.52    -0.021
    -171.23    -0.010
    -169.95    -0.045
    -168.66     0.001
    -167.37    -0.028
    -166.08     0.022
    -164.79     0.022
    -163.50    -0.025
    -162.22    -0.056
    -160.93    -0.014
    -159.64     0.056
    -158.35    -0.033
    -157.06    -0.032
    -155.78    -0.010
    -154.49     0.069
    -153.20     0.140
    -151.91    -0.019
    -150.62     0.001
    -149.33     0.046
    -148.05     0.023
    -146.76     0.029
    -145.47     0.052
    -144.18     0.003
    -142.89     0.048
    -141.60     0.002
    -140.32     0.067
    -139.03     0.106
    -137.74     0.001
    -136.45    -0.029
    -135.16    -0.038
    -133.88     0.042
    -132.59     0.032
    -131.30     0.026
    -130.01    -0.017
    -128.72     0.069
    -127.43     0.072
    -126.15     0.109
    -124.86     0.080
    -123.57     0.064
    -122.28     0.127
    -120.99     0.258
    -119.70     0.234
    -118.42     0.290
    -117.13     0.500
    -115.84     0.503
    -114.55     0.674
    -113.26     0.798
    -111.98     0.903
    -110.69     0.996
    -109.40     1.302
    -108.11     1.416
    -106.82     1.489
    -105.53     1.717
    -104.25     1.935
    -102.96     2.178
    -101.67     2.392
    -100.38     2.705
     -99.09     3.014
     -97.80     3.475
     -96.52     3.770
     -95.23     4.097
     -93.94     4.272
     -92.65     4.483
     -91.36     4.522
     -90.08     4.746
     -88.79     4.856
     -87.50     5.118
     -86.21     5.289
     -84.92     5.580
     -83.63     5.938
     -82.35     6.312
     -81.06     6.643
     -79.77     6.846
     -78.48     7.084
     -77.19     7.282
     -75.90     7.650
     -74.62     7.944
     -73.33     8.412
     -72.04     8.935
     -70.75     9.360
     -69.46     9.562
     -68.18     9.492
     -66.89     9.408
     -65.60     9.052
     -64.31     8.556
     -63.02     8.043
     -61.73     7.514
     -60.45     6.974
     -59.16     6.265
     -57.87     5.604
     -56.58     4.997
     -55.29     4.503
     -54.00     4.028
     -52.72     3.550
     -51.43     3.320
     -50.14     2.806
     -48.85     2.470
     -47.56     2.394
     -46.28     2.232
     -44.99     2.054
     -43.70     1.937
     -42.41     1.957
     -41.12     1.860
     -39.83     1.786
     -38.55     1.857
     -37.26     1.902
     -35.97     1.945
     -34.68     1.896
     -33.39     1.867
     -32.10     2.002
     -30.82     2.090
     -29.53     2.126
     -28.24     2.352
     -26.95     2.696
     -25.66     3.016
     -24.38     3.550
     -23.09     4.456
     -21.80     5.309
     -20.51     6.061
     -19.22     6.969
     -17.93     7.678
     -16.65     7.835
     -15.36     7.824
     -14.07     7.770
     -12.78     7.606
     -11.49     7.799
     -10.20     8.140
      -8.92     8.882
      -7.63    10.009
      -6.34    11.985
      -5.05    15.666
      -3.76    20.209
      -2.48    24.785
      -1.19    29.606
       0.10    35.887
       1.39    42.148
       2.68    51.194
       3.97    62.738
       5.25    73.238
       6.54    81.928
       7.83    90.519
       9.12    94.422
      10.41    95.551
      11.70    94.906
      12.98    87.501
      14.27    76.616
      15.56    63.890
      16.85    48.436
      18.14    32.820
      19.42    22.093
      20.71    15.229
      22.00    11.075
      23.29     8.428
      24.58     6.578
      25.87     5.312
      27.15     4.305
      28.44     3.576
      29.73     2.988
      31.02     2.444
      32.31     2.017
      33.60     1.737
      34.88     1.340
      36.17     1.151
      37.46     0.888
      38.75     0.790
      40.04     0.579
      41.32     0.407
      42.61     0.391
      43.90     0.368
      45.19     0.360
      46.48     0.264
      47.77     0.193
      49.05     0.114
      50.34     0.216
      51.63     0.209
      52.92     0.105
      54.21     0.071
      55.50     0.074
      56.78     0.049
      58.07    -0.009
      59.36     0.047
      60.65    -0.005
      61.94     0.050
      63.22     0.082
      64.51     0.083
      65.80     0.026
      67.09    -0.013
      68.38    -0.001
      69.67     0.035
      70.95     0.056
      72.24     0.066
      73.53     0.042
      74.82     0.017
      76.11     0.018
      77.40     0.006
      78.68    -0.027
      79.97     0.072
      81.26     0.001
      82.55     0.010
      83.84     0.036
      85.12    -0.009
      86.41    -0.056
      87.70    -0.034
      88.99     0.018
      90.28     0.017
      91.57     0.005
      92.85     0.014
      94.14    -0.060
      95.43     0.048
      96.72     0.027
      98.01     0.032
      99.30     0.050
     100.58     0.040
     101.87     0.042
     103.16     0.055
     104.45     0.110
     105.74     0.131
     107.02     0.067
     108.31     0.018
     109.60    -0.075
     110.89    -0.003
     112.18    -0.012
     113.47    -0.024
     114.75     0.030
     116.04     0.058
     117.33     0.030
     118.62     0.039
     119.91    -0.009
     121.20    -0.034
     122.48    -0.072
     123.77     0.054
     125.06    -0.058
     126.35    -0.007
     127.64     0.013
     128.92    -0.057
     130.21    -0.032
     131.50     0.024
     132.79     0.005
     134.08    -0.040
     135.37    -0.016
     136.65    -0.132
     137.94    -0.031
     139.23     0.025
     140.52     0.034
     141.81    -0.034
     143.09    -0.081
     144.38     0.040
     145.67     0.043
     146.96    -0.004
     148.25    -0.026
     149.54    -0.035
     150.82     0.031
     152.11    -0.059
     153.40     0.014
     154.69    -0.003
     155.98    -0.010
     157.27     0.061
     158.55     0.009
     159.84    -0.063
     161.13    -0.059
     162.42    -0.061
     163.71    -0.039
     164.99    -0.034
     166.28     0.029
     167.57     0.001
     168.86    -0.046
     170.15    -0.028
     171.44    -0.009
     172.72    -0.071
     174.01     0.017
     175.30     0.035
     176.59    -0.062
     177.88    -0.011
     179.17     0.028
     180.45     0.007
     181.74     0.004
     183.03    -0.057
     184.32     0.042
     185.61     0.025
     186.89    -0.017
     188.18    -0.018
     189.47    -0.062
     190.76     0.033
     192.05    -0.074
     193.34     0.030
     194.62     0.044
     195.91    -0.035
     197.20     0.033
     198.49     0.066
     199.78     0.016
     201.07     0.071
     202.35     0.033
     203.64     0.023
     204.93    -0.025
     206.22    -0.024
     207.51    -0.058
     208.79     0.008
     210.08     0.040
     211.37     0.001
     212.66    -0.057
     213.95     0.026
     215.24     0.038
     216.52     0.014
     217.81     0.008
     219.10     0.015
     220.39     0.038
     221.68     0.030
     222.97    -0.069
     224.25    -0.016
     225.54    -0.087
     226.83     0.008
     228.12     0.008
     229.41    -0.043
     230.69     0.050
     231.98     0.012
     233.27     0.032
     234.56     0.090
     235.85     0.003
     237.14     0.012
     238.42     0.004
     239.71    -0.046
     241.00     0.010
     242.29    -0.030
     243.58    -0.004
     244.87     0.034
     246.15    -0.056
     247.44     0.021
     248.73     0.095
     250.02     0.047
     251.31     0.028
     252.59     0.002
     253.88     0.077
     255.17     0.047
     256.46    -0.068
     257.75    -0.068
     259.04    -0.057
     260.32    -0.049
     261.61    -0.025
     262.90     0.072
     264.19     0.003
     265.48    -0.049
     266.77    -0.097
     268.05    -0.045
     269.34    -0.020
     270.63    -0.031
     271.92    -0.116
     273.21    -0.019
     274.49    -0.045
     275.78     0.035
     277.07     0.062
     278.36     0.086
     279.65     0.069
     280.94     0.069
     282.22     0.138
     283.51     0.059
     284.80    -0.018
     286.09    -0.016
     287.38     0.026
     288.67    -0.007
     289.95     0.129
     291.24     0.065
     292.53     0.027
     293.82     0.023
     295.11     0.060
     296.39     0.007
     297.68    -0.031
     298.97     0.016
     300.26     0.035
     301.55     0.006
     302.84    -0.029
     304.12     0.018
     305.41    -0.013
     306.70    -0.039
     307.99     0.032
     309.28     0.041
     310.57     0.002
     311.85    -0.000
     313.14     0.028
     314.43     0.003
     315.72    -0.051
     317.01     0.016
     318.29    -0.009
     319.58    -0.054
     320.87    -0.015
     322.16     0.017
     323.45    -0.041
     324.74    -0.100
     326.02     0.016
     327.31    -0.059
     328.60    -0.024
     329.89    -0.009
     331.18     0.020
     332.47     0.055
     333.75     0.012
     335.04     0.024
     336.33     0.014
     337.62    -0.041
     338.91    -0.080
     340.19     0.050
     341.48     0.030
     342.77     0.023
     344.06     0.013
     345.35     0.025
     346.64     0.021
     347.92     0.004
     349.21     0.025
     350.50    -0.013
     351.79     0.046
     353.08     0.081
     354.37     0.025
     355.65     0.080
     356.94    -0.069
     358.23     0.010
     359.52    -0.046
     360.81     0.005
     362.09     0.039
     363.38     0.090
     364.67    -0.030
     365.96    -0.095
     367.25    -0.010
     368.54    -0.030
     369.82     0.009
     371.11    -0.023
     372.40     0.123
     373.69     0.045
     374.98     0.041
     376.27     0.034
     377.55    -0.039
     378.84    -0.001
     380.13    -0.048
     381.42     0.009
     382.71    -0.009
     383.99    -0.031
     385.28     0.032
     386.57    -0.010
     387.86     0.035
     389.15     0.119
     390.44    -0.031
     391.72     0.052
     393.01    -0.030
     394.30    -0.020
     395.59     0.032
     396.88    -0.040
     398.17     0.078
     399.45     0.040
%%GASS      0  datapoints: v_lsr [km/s] and T_B [K]
%%LAB     777  datapoints: v_lsr [km/s] and T_B [K]
    -399.81     0.021
    -398.78    -0.158
    -397.75     0.029
    -396.72    -0.105
    -395.69     0.041
    -394.66    -0.037
    -393.63     0.000
    -392.60     0.067
    -391.57     0.006
    -390.54    -0.067
    -389.51     0.167
    -388.48     0.021
    -387.45     0.039
    -386.42     0.051
    -385.39     0.010
    -384.36    -0.047
    -383.33    -0.114
    -382.30     0.009
    -381.27     0.000
    -380.24    -0.058
    -379.21     0.138
    -378.17     0.013
    -377.14     0.158
    -376.11     0.088
    -375.08     0.051
    -374.05     0.007
    -373.02    -0.006
    -371.99    -0.057
    -370.96     0.067
    -369.93    -0.098
    -368.90     0.093
    -367.87    -0.031
    -366.84    -0.090
    -365.81     0.086
    -364.78     0.054
    -363.75     0.033
    -362.72     0.046
    -361.69     0.037
    -360.66     0.037
    -359.63     0.036
    -358.60    -0.024
    -357.57    -0.010
    -356.54     0.027
    -355.51    -0.043
    -354.47     0.093
    -353.44    -0.123
    -352.41     0.171
    -351.38     0.034
    -350.35     0.019
    -349.32     0.040
    -348.29     0.010
    -347.26     0.144
    -346.23     0.020
    -345.20     0.061
    -344.17     0.098
    -343.14    -0.026
    -342.11     0.064
    -341.08    -0.056
    -340.05    -0.040
    -339.02     0.004
    -337.99     0.067
    -336.96     0.083
    -335.93    -0.061
    -334.90     0.041
    -333.87    -0.063
    -332.84    -0.054
    -331.80     0.021
    -330.77    -0.058
    -329.74     0.024
    -328.71     0.051
    -327.68     0.010
    -326.65     0.051
    -325.62     0.033
    -324.59     0.070
    -323.56     0.138
    -322.53    -0.135
    -321.50     0.041
    -320.47    -0.034
    -319.44     0.204
    -318.41     0.013
    -317.38     0.101
    -316.35     0.090
    -315.32     0.044
    -314.29    -0.070
    -313.26     0.137
    -312.23    -0.091
    -311.20     0.026
    -310.17    -0.114
    -309.13     0.001
    -308.10     0.000
    -307.07     0.004
    -306.04    -0.123
    -305.01     0.041
    -303.98     0.153
    -302.95    -0.046
    -301.92     0.027
    -300.89    -0.207
    -299.86    -0.118
    -298.83    -0.150
    -297.80    -0.034
    -296.77     0.037
    -295.74     0.041
    -294.71    -0.131
    -293.68    -0.098
    -292.65     0.116
    -291.62    -0.033
    -290.59     0.058
    -289.56    -0.164
    -288.53     0.096
    -287.50    -0.047
    -286.46     0.031
    -285.43    -0.017
    -284.40    -0.080
    -283.37     0.021
    -282.34     0.058
    -281.31    -0.058
    -280.28    -0.103
    -279.25     0.030
    -278.22    -0.023
    -277.19     0.004
    -276.16    -0.084
    -275.13     0.010
    -274.10     0.020
    -273.07    -0.172
    -272.04     0.043
    -271.01    -0.016
    -269.98    -0.077
    -268.95    -0.044
    -267.92    -0.041
    -266.89    -0.004
    -265.86    -0.137
    -264.83     0.067
    -263.80    -0.004
    -262.76     0.019
    -261.73    -0.021
    -260.70    -0.120
    -259.67    -0.048
    -258.64    -0.187
    -257.61    -0.057
    -256.58     0.003
    -255.55    -0.047
    -254.52     0.050
    -253.49    -0.001
    -252.46    -0.017
    -251.43    -0.009
    -250.40     0.043
    -249.37     0.067
    -248.34     0.093
    -247.31    -0.021
    -246.28    -0.003
    -245.25     0.007
    -244.22     0.181
    -243.19     0.077
    -242.16    -0.120
    -241.13     0.093
    -240.09     0.117
    -239.06     0.019
    -238.03    -0.017
    -237.00     0.044
    -235.97     0.167
    -234.94    -0.076
    -233.91    -0.007
    -232.88     0.083
    -231.85    -0.001
    -230.82    -0.091
    -229.79     0.011
    -228.76    -0.063
    -227.73     0.131
    -226.70     0.067
    -225.67    -0.017
    -224.64     0.049
    -223.61    -0.034
    -222.58     0.030
    -221.55     0.050
    -220.52     0.215
    -219.49    -0.081
    -218.46     0.097
    -217.42     0.191
    -216.39     0.081
    -215.36     0.036
    -214.33    -0.051
    -213.30    -0.010
    -212.27    -0.080
    -211.24     0.066
    -210.21    -0.100
    -209.18    -0.154
    -208.15     0.104
    -207.12    -0.054
    -206.09     0.060
    -205.06     0.044
    -204.03    -0.040
    -203.00    -0.003
    -201.97     0.026
    -200.94     0.056
    -199.91    -0.018
    -198.88     0.064
    -197.85    -0.018
    -196.82     0.020
    -195.79     0.081
    -194.75    -0.066
    -193.72     0.041
    -192.69    -0.056
    -191.66    -0.007
    -190.63    -0.050
    -189.60    -0.088
    -188.57     0.168
    -187.54    -0.006
    -186.51    -0.061
    -185.48    -0.018
    -184.45     0.088
    -183.42    -0.081
    -182.39    -0.053
    -181.36     0.181
    -180.33    -0.080
    -179.30    -0.030
    -178.27    -0.100
    -177.24     0.027
    -176.21    -0.094
    -175.18     0.070
    -174.15     0.023
    -173.12     0.183
    -172.09     0.050
    -171.05    -0.097
    -170.02     0.177
    -168.99     0.047
    -167.96     0.044
    -166.93     0.241
    -165.90     0.037
    -164.87     0.046
    -163.84    -0.053
    -162.81     0.110
    -161.78    -0.013
    -160.75    -0.037
    -159.72    -0.038
    -158.69     0.020
    -157.66    -0.123
    -156.63     0.049
    -155.60    -0.066
    -154.57    -0.103
    -153.54    -0.147
    -152.51    -0.060
    -151.48    -0.053
    -150.45     0.096
    -149.42     0.135
    -148.38     0.058
    -147.35    -0.154
    -146.32     0.004
    -145.29     0.086
    -144.26     0.076
    -143.23    -0.081
    -142.20    -0.091
    -141.17    -0.023
    -140.14     0.050
    -139.11    -0.010
    -138.08     0.006
    -137.05     0.114
    -136.02     0.188
    -134.99     0.057
    -133.96     0.134
    -132.93     0.037
    -131.90     0.322
    -130.87     0.118
    -129.84     0.230
    -128.81    -0.001
    -127.78     0.041
    -126.75     0.067
    -125.71     0.155
    -124.68     0.014
    -123.65     0.187
    -122.62     0.242
    -121.59     0.308
    -120.56     0.174
    -119.53     0.331
    -118.50     0.305
    -117.47     0.451
    -116.44     0.557
    -115.41     0.580
    -114.38     0.738
    -113.35     0.898
    -112.32     0.989
    -111.29     1.015
    -110.26     1.180
    -109.23     1.353
    -108.20     1.604
    -107.17     1.689
    -106.14     1.785
    -105.11     1.909
    -104.08     2.242
    -103.04     2.369
    -102.01     2.566
    -100.98     2.744
     -99.95     3.192
     -98.92     3.487
     -97.89     3.554
     -96.86     4.043
     -95.83     4.040
     -94.80     4.528
     -93.77     4.568
     -92.74     5.027
     -91.71     5.231
     -90.68     5.243
     -89.65     5.486
     -88.62     5.856
     -87.59     6.143
     -86.56     6.341
     -85.53     6.532
     -84.50     6.801
     -83.47     6.814
     -82.44     7.075
     -81.41     7.286
     -80.38     7.467
     -79.34     7.734
     -78.31     7.604
     -77.28     7.752
     -76.25     8.015
     -75.22     8.250
     -74.19     8.695
     -73.16     8.893
     -72.13     8.823
     -71.10     8.860
     -70.07     8.645
     -69.04     8.534
     -68.01     8.286
     -66.98     7.946
     -65.95     7.717
     -64.92     7.510
     -63.89     7.164
     -62.86     6.836
     -61.83     6.665
     -60.80     6.110
     -59.77     5.761
     -58.74     5.432
     -57.71     5.065
     -56.67     4.810
     -55.64     4.552
     -54.61     4.163
     -53.58     3.771
     -52.55     3.647
     -51.52     3.454
     -50.49     3.248
     -49.46     3.002
     -48.43     2.846
     -47.40     2.642
     -46.37     2.493
     -45.34     2.401
     -44.31     2.157
     -43.28     2.235
     -42.25     1.967
     -41.22     2.280
     -40.19     2.007
     -39.16     2.131
     -38.13     2.208
     -37.10     2.120
     -36.07     2.131
     -35.04     2.061
     -34.00     1.893
     -32.97     2.037
     -31.94     1.963
     -30.91     2.134
     -29.88     2.250
     -28.85     2.168
     -27.82     2.637
     -26.79     2.837
     -25.76     3.088
     -24.73     3.409
     -23.70     3.746
     -22.67     3.963
     -21.64     4.509
     -20.61     5.045
     -19.58     5.216
     -18.55     5.547
     -17.52     5.963
     -16.49     6.240
     -15.46     6.586
     -14.43     6.687
     -13.40     7.095
     -12.37     7.372
     -11.33     7.474
     -10.30     8.055
      -9.27     8.325
      -8.24     8.988
      -7.21     9.705
      -6.18    11.168
      -5.15    13.204
      -4.12    15.709
      -3.09    18.426
      -2.06    21.669
      -1.03    26.386
       0.00    32.462
       1.03    38.643
       2.06    45.145
       3.09    53.767
       4.12    64.051
       5.15    73.851
       6.18    81.897
       7.21    88.082
       8.24    92.822
       9.27    93.179
      10.30    92.181
      11.33    90.078
      12.37    84.074
      13.40    75.271
      14.43    65.856
      15.46    55.652
      16.49    45.804
      17.52    35.557
      18.55    26.479
      19.58    19.828
      20.61    15.177
      21.64    12.049
      22.67     9.593
      23.70     7.718
      24.73     6.415
      25.76     5.470
      26.79     4.511
      27.82     3.758
      28.85     3.084
      29.88     2.687
      30.91     2.394
      31.94     1.850
      32.97     1.588
      34.00     1.464
      35.04     1.273
      36.07     0.877
      37.10     0.969
      38.13     0.689
      39.16     0.593
      40.19     0.374
      41.22     0.389
      42.25     0.368
      43.28     0.385
      44.31     0.224
      45.34     0.201
      46.37     0.157
      47.40     0.205
      48.43     0.027
      49.46     0.235
      50.49     0.037
      51.52     0.036
      52.55     0.128
      53.58     0.073
      54.61     0.174
      55.64    -0.024
      56.67     0.113
      57.71     0.125
      58.74     0.194
      59.77     0.020
      60.80     0.121
      61.83     0.031
      62.86    -0.043
      63.89     0.083
      64.92     0.071
      65.95     0.014
      66.98     0.057
      68.01     0.021
      69.04     0.040
      70.07     0.060
      71.10     0.076
      72.13    -0.070
      73.16     0.063
      74.19    -0.078
      75.22    -0.001
      76.25     0.125
      77.28     0.174
      78.31     0.037
      79.34     0.140
      80.38    -0.077
      81.41     0.068
      82.44     0.091
      83.47    -0.041
      84.50     0.033
      85.53     0.013
      86.56     0.108
      87.59     0.096
      88.62     0.078
      89.65    -0.030
      90.68    -0.131
      91.71     0.026
      92.74     0.118
      93.77     0.046
      94.80    -0.007
      95.83    -0.016
      96.86    -0.001
      97.89    -0.192
      98.92     0.031
      99.95     0.134
     100.98    -0.098
     102.01     0.040
     103.04    -0.031
     104.08     0.007
     105.11     0.050
     106.14     0.030
     107.17     0.009
     108.20    -0.013
     109.23     0.066
     110.26    -0.083
     111.29    -0.118
     112.32    -0.078
     113.35    -0.064
     114.38    -0.067
     115.41     0.137
     116.44    -0.018
     117.47     0.100
     118.50    -0.091
     119.53     0.054
     120.56     0.030
     121.59     0.101
     122.62     0.193
     123.65    -0.028
     124.68     0.000
     125.71     0.007
     126.75    -0.103
     127.78     0.058
     128.81    -0.067
     129.84    -0.138
     130.87     0.003
     131.90     0.020
     132.93    -0.101
     133.96     0.013
     134.99    -0.010
     136.02    -0.033
     137.05     0.108
     138.08    -0.060
     139.11     0.070
     140.14    -0.067
     141.17     0.033
     142.20     0.093
     143.23     0.064
     144.26     0.128
     145.29     0.147
     146.32    -0.038
     147.35    -0.037
     148.38    -0.048
     149.42     0.120
     150.45    -0.093
     151.48    -0.041
     152.51     0.001
     153.54     0.017
     154.57    -0.071
     155.60    -0.164
     156.63    -0.107
     157.66     0.039
     158.69     0.088
     159.72    -0.006
     160.75     0.083
     161.78     0.081
     162.81    -0.074
     163.84    -0.060
     164.87    -0.001
     165.90    -0.024
     166.93    -0.026
     167.96    -0.026
     168.99    -0.017
     170.02    -0.057
     171.05    -0.084
     172.09    -0.227
     173.12     0.009
     174.15    -0.127
     175.18    -0.047
     176.21     0.004
     177.24     0.001
     178.27     0.116
     179.30    -0.011
     180.33    -0.001
     181.36     0.128
     182.39     0.110
     183.42    -0.138
     184.45    -0.016
     185.48     0.044
     186.51    -0.020
     187.54     0.009
     188.57    -0.006
     189.60     0.083
     190.63    -0.078
     191.66    -0.030
     192.69     0.023
     193.72     0.207
     194.75    -0.133
     195.79     0.054
     196.82     0.004
     197.85     0.093
     198.88     0.134
     199.91    -0.007
     200.94    -0.088
     201.97     0.097
     203.00     0.004
     204.03     0.103
     205.06     0.086
     206.09     0.030
     207.12     0.088
     208.15    -0.181
     209.18    -0.061
     210.21     0.058
     211.24    -0.187
     212.27     0.027
     213.30    -0.020
     214.33     0.040
     215.36    -0.077
     216.39     0.000
     217.42     0.148
     218.46     0.100
     219.49    -0.021
     220.52     0.067
     221.55    -0.090
     222.58     0.106
     223.61    -0.185
     224.64    -0.121
     225.67    -0.130
     226.70    -0.066
     227.73    -0.097
     228.76     0.148
     229.79    -0.057
     230.82    -0.024
     231.85     0.004
     232.88    -0.030
     233.91     0.116
     234.94     0.177
     235.97    -0.058
     237.00    -0.034
     238.03     0.130
     239.06    -0.048
     240.09     0.138
     241.13     0.047
     242.16     0.011
     243.19    -0.101
     244.22    -0.016
     245.25    -0.041
     246.28     0.094
     247.31     0.090
     248.34    -0.040
     249.37     0.013
     250.40     0.037
     251.43    -0.014
     252.46    -0.125
     253.49    -0.017
     254.52    -0.010
     255.55     0.081
     256.58    -0.071
     257.61    -0.001
     258.64     0.041
     259.67    -0.010
     260.70     0.098
     261.73    -0.174
     262.76     0.046
     263.80     0.010
     264.83     0.011
     265.86     0.090
     266.89     0.031
     267.92     0.006
     268.95    -0.010
     269.98     0.117
     271.01     0.121
     272.04    -0.046
     273.07    -0.026
     274.10    -0.068
     275.13     0.027
     276.16     0.114
     277.19    -0.088
     278.22    -0.034
     279.25     0.009
     280.28    -0.121
     281.31     0.000
     282.34    -0.047
     283.37    -0.044
     284.40     0.001
     285.43    -0.044
     286.46     0.063
     287.50    -0.154
     288.53     0.026
     289.56    -0.026
     290.59     0.178
     291.62    -0.024
     292.65     0.127
     293.68     0.057
     294.71    -0.013
     295.74     0.071
     296.77     0.140
     297.80    -0.026
     298.83     0.024
     299.86    -0.013
     300.89     0.030
     301.92    -0.148
     302.95     0.040
     303.98    -0.157
     305.01     0.041
     306.04    -0.021
     307.07    -0.033
     308.10    -0.047
     309.13    -0.036
     310.17    -0.050
     311.20    -0.074
     312.23    -0.066
     313.26    -0.090
     314.29     0.013
     315.32    -0.007
     316.35    -0.046
     317.38    -0.030
     318.41    -0.053
     319.44     0.064
     320.47    -0.066
     321.50     0.026
     322.53     0.143
     323.56    -0.080
     324.59    -0.048
     325.62     0.053
     326.65    -0.074
     327.68    -0.057
     328.71     0.009
     329.74     0.093
     330.77     0.027
     331.80     0.044
     332.84    -0.084
     333.87     0.021
     334.90    -0.041
     335.93     0.106
     336.96     0.013
     337.99     0.039
     339.02     0.001
     340.05     0.058
     341.08    -0.033
     342.11     0.160
     343.14    -0.046
     344.17     0.097
     345.20    -0.038
     346.23     0.066
     347.26     0.090
     348.29    -0.070
     349.32    -0.117
     350.35     0.158
     351.38    -0.058
     352.41    -0.245
     353.44    -0.090
     354.47    -0.056
     355.51    -0.095
     356.54     0.031
     357.57    -0.067
     358.60    -0.009
     359.63     0.019
     360.66     0.080
     361.69    -0.006
     362.72    -0.046
     363.75     0.000
     364.78     0.064
     365.81    -0.205
     366.84     0.151
     367.87     0.040
     368.90    -0.014
     369.93     0.101
     370.96    -0.021
     371.99     0.021
     373.02     0.101
     374.05    -0.010
     375.08     0.050
     376.11    -0.078
     377.14    -0.093
     378.17     0.185
     379.21     0.014
     380.24    -0.048
     381.27     0.157
     382.30    -0.111
     383.33    -0.050
     384.36     0.000
     385.39    -0.040
     386.42    -0.028
     387.45    -0.021
     388.48    -0.165
     389.51     0.047
     390.54     0.076
     391.57    -0.037
     392.60    -0.047
     393.63    -0.041
     394.66    -0.088
     395.69     0.044
     396.72    -0.054
     397.75    -0.001
     398.78    -0.083
     399.81     0.044
