%%   80.00000 -12.50000    0   0.20000
% LAB  survey ------------------
% wanted position:  l, b, RA, DEC, and interpolated  NH
% 80.00 ; -12.50 ; 320.81 ;  32.51 ;  0.136E+22
% nearest position: l, b, RA, DEC, and observed NH
% 80.00 ; -12.50 ; 320.81 ;  32.51 ;  0.136E+22
% GASS III survey --------------
% NH - median within 6 arcmin radius   0.00    
% NH - mean within specified beam      0.00    
% EBHIS survey -----------------
% NH  within specified beam           0.138E+22
%%EBHIS   621  datapoints: v_lsr [km/s] and T_B [K]
    -399.25     0.012
    -397.96     0.030
    -396.68    -0.055
    -395.39     0.001
    -394.10    -0.029
    -392.81     0.047
    -391.52     0.120
    -390.23     0.009
    -388.95    -0.104
    -387.66    -0.078
    -386.37    -0.029
    -385.08    -0.024
    -383.79    -0.126
    -382.50    -0.005
    -381.22     0.107
    -379.93     0.006
    -378.64    -0.161
    -377.35    -0.039
    -376.06     0.053
    -374.78    -0.000
    -373.49     0.020
    -372.20     0.055
    -370.91     0.010
    -369.62    -0.063
    -368.33     0.081
    -367.05     0.083
    -365.76     0.053
    -364.47    -0.052
    -363.18     0.102
    -361.89     0.090
    -360.60     0.133
    -359.32     0.023
    -358.03     0.056
    -356.74     0.028
    -355.45     0.124
    -354.16     0.061
    -352.88    -0.116
    -351.59    -0.094
    -350.30    -0.028
    -349.01     0.010
    -347.72    -0.115
    -346.43    -0.071
    -345.15    -0.001
    -343.86     0.036
    -342.57     0.090
    -341.28     0.046
    -339.99     0.003
    -338.70     0.060
    -337.42     0.131
    -336.13    -0.137
    -334.84    -0.118
    -333.55    -0.007
    -332.26     0.019
    -330.98    -0.067
    -329.69     0.049
    -328.40    -0.021
    -327.11     0.026
    -325.82    -0.014
    -324.53    -0.037
    -323.25    -0.020
    -321.96     0.006
    -320.67    -0.057
    -319.38     0.067
    -318.09     0.107
    -316.80     0.061
    -315.52    -0.091
    -314.23     0.005
    -312.94    -0.119
    -311.65    -0.149
    -310.36    -0.107
    -309.08     0.019
    -307.79    -0.000
    -306.50    -0.049
    -305.21    -0.005
    -303.92     0.131
    -302.63     0.059
    -301.35    -0.053
    -300.06     0.007
    -298.77     0.039
    -297.48     0.026
    -296.19     0.014
    -294.90     0.045
    -293.62    -0.006
    -292.33    -0.027
    -291.04    -0.071
    -289.75     0.006
    -288.46    -0.065
    -287.18    -0.116
    -285.89    -0.026
    -284.60     0.001
    -283.31    -0.029
    -282.02    -0.034
    -280.73     0.005
    -279.45     0.043
    -278.16    -0.034
    -276.87    -0.010
    -275.58     0.078
    -274.29     0.045
    -273.00     0.055
    -271.72     0.075
    -270.43     0.049
    -269.14    -0.029
    -267.85     0.056
    -266.56     0.049
    -265.28    -0.078
    -263.99    -0.125
    -262.70    -0.038
    -261.41     0.049
    -260.12     0.027
    -258.83     0.041
    -257.55     0.103
    -256.26     0.082
    -254.97     0.043
    -253.68    -0.006
    -252.39     0.004
    -251.10     0.041
    -249.82     0.102
    -248.53     0.115
    -247.24     0.075
    -245.95    -0.042
    -244.66    -0.002
    -243.38     0.063
    -242.09     0.036
    -240.80     0.036
    -239.51    -0.099
    -238.22    -0.022
    -236.93     0.111
    -235.65    -0.045
    -234.36    -0.011
    -233.07    -0.001
    -231.78    -0.036
    -230.49    -0.024
    -229.20     0.041
    -227.92    -0.125
    -226.63    -0.032
    -225.34     0.053
    -224.05     0.056
    -222.76    -0.096
    -221.48     0.045
    -220.19    -0.006
    -218.90     0.051
    -217.61    -0.005
    -216.32     0.003
    -215.03    -0.032
    -213.75    -0.037
    -212.46    -0.049
    -211.17     0.039
    -209.88     0.039
    -208.59     0.066
    -207.30    -0.004
    -206.02     0.054
    -204.73     0.093
    -203.44     0.087
    -202.15     0.001
    -200.86    -0.032
    -199.58    -0.129
    -198.29    -0.131
    -197.00    -0.122
    -195.71     0.117
    -194.42     0.054
    -193.13    -0.092
    -191.85     0.004
    -190.56     0.102
    -189.27     0.069
    -187.98     0.022
    -186.69     0.002
    -185.40     0.033
    -184.12     0.011
    -182.83     0.003
    -181.54    -0.060
    -180.25     0.015
    -178.96     0.015
    -177.68     0.095
    -176.39    -0.026
    -175.10    -0.158
    -173.81     0.008
    -172.52    -0.021
    -171.23     0.034
    -169.95     0.128
    -168.66    -0.085
    -167.37    -0.120
    -166.08    -0.150
    -164.79    -0.133
    -163.50    -0.067
    -162.22    -0.079
    -160.93     0.045
    -159.64     0.035
    -158.35     0.059
    -157.06     0.019
    -155.78     0.058
    -154.49     0.049
    -153.20    -0.100
    -151.91    -0.112
    -150.62    -0.021
    -149.33    -0.157
    -148.05    -0.173
    -146.76    -0.076
    -145.47     0.092
    -144.18     0.099
    -142.89     0.052
    -141.60    -0.057
    -140.32     0.126
    -139.03     0.080
    -137.74     0.077
    -136.45     0.082
    -135.16     0.028
    -133.88    -0.033
    -132.59    -0.101
    -131.30    -0.093
    -130.01     0.026
    -128.72     0.051
    -127.43     0.028
    -126.15    -0.080
    -124.86     0.001
    -123.57     0.151
    -122.28     0.238
    -120.99     0.240
    -119.70     0.188
    -118.42     0.176
    -117.13     0.237
    -115.84     0.218
    -114.55     0.189
    -113.26     0.449
    -111.98     0.278
    -110.69     0.172
    -109.40     0.274
    -108.11     0.204
    -106.82     0.317
    -105.53     0.456
    -104.25     0.236
    -102.96     0.366
    -101.67     0.393
    -100.38     0.262
     -99.09     0.341
     -97.80     0.450
     -96.52     0.353
     -95.23     0.289
     -93.94     0.401
     -92.65     0.466
     -91.36     0.266
     -90.08     0.274
     -88.79     0.226
     -87.50     0.205
     -86.21     0.309
     -84.92     0.326
     -83.63     0.285
     -82.35     0.311
     -81.06     0.309
     -79.77     0.344
     -78.48     0.364
     -77.19     0.297
     -75.90     0.397
     -74.62     0.245
     -73.33     0.191
     -72.04     0.357
     -70.75     0.384
     -69.46     0.393
     -68.18     0.336
     -66.89     0.383
     -65.60     0.539
     -64.31     0.603
     -63.02     0.575
     -61.73     0.592
     -60.45     0.525
     -59.16     0.598
     -57.87     0.782
     -56.58     0.769
     -55.29     0.759
     -54.00     0.940
     -52.72     1.090
     -51.43     1.007
     -50.14     1.005
     -48.85     1.314
     -47.56     1.497
     -46.28     1.681
     -44.99     1.874
     -43.70     2.106
     -42.41     2.215
     -41.12     2.235
     -39.83     2.154
     -38.55     2.078
     -37.26     2.120
     -35.97     2.085
     -34.68     2.188
     -33.39     2.291
     -32.10     2.293
     -30.82     2.361
     -29.53     2.319
     -28.24     2.212
     -26.95     2.540
     -25.66     2.812
     -24.38     3.150
     -23.09     3.596
     -21.80     4.397
     -20.51     5.308
     -19.22     5.981
     -17.93     6.616
     -16.65     7.815
     -15.36     8.101
     -14.07     8.128
     -12.78     8.308
     -11.49     9.207
     -10.20    10.684
      -8.92    12.342
      -7.63    14.186
      -6.34    16.726
      -5.05    20.130
      -3.76    25.026
      -2.48    28.738
      -1.19    31.317
       0.10    34.741
       1.39    36.241
       2.68    35.649
       3.97    32.877
       5.25    27.840
       6.54    22.664
       7.83    18.018
       9.12    14.069
      10.41    11.233
      11.70     9.128
      12.98     7.636
      14.27     6.270
      15.56     5.521
      16.85     4.820
      18.14     4.029
      19.42     3.428
      20.71     3.014
      22.00     2.558
      23.29     2.098
      24.58     1.776
      25.87     1.415
      27.15     1.424
      28.44     1.181
      29.73     0.861
      31.02     0.703
      32.31     0.590
      33.60     0.534
      34.88     0.385
      36.17     0.364
      37.46     0.318
      38.75     0.218
      40.04     0.163
      41.32     0.231
      42.61     0.117
      43.90     0.173
      45.19     0.100
      46.48     0.214
      47.77     0.155
      49.05     0.118
      50.34     0.123
      51.63     0.141
      52.92     0.184
      54.21     0.084
      55.50     0.135
      56.78     0.105
      58.07    -0.025
      59.36     0.035
      60.65    -0.064
      61.94     0.006
      63.22    -0.056
      64.51    -0.045
      65.80     0.034
      67.09     0.041
      68.38    -0.077
      69.67     0.003
      70.95    -0.033
      72.24    -0.011
      73.53    -0.090
      74.82     0.001
      76.11    -0.079
      77.40    -0.099
      78.68     0.009
      79.97     0.043
      81.26    -0.063
      82.55     0.004
      83.84     0.013
      85.12    -0.046
      86.41    -0.043
      87.70    -0.018
      88.99    -0.077
      90.28     0.070
      91.57     0.060
      92.85     0.076
      94.14    -0.058
      95.43     0.021
      96.72     0.092
      98.01    -0.002
      99.30    -0.035
     100.58    -0.038
     101.87     0.001
     103.16    -0.031
     104.45    -0.029
     105.74    -0.016
     107.02    -0.072
     108.31    -0.077
     109.60    -0.093
     110.89     0.012
     112.18    -0.021
     113.47     0.016
     114.75     0.031
     116.04     0.053
     117.33     0.136
     118.62     0.144
     119.91     0.063
     121.20    -0.096
     122.48     0.011
     123.77    -0.051
     125.06     0.005
     126.35     0.045
     127.64     0.065
     128.92    -0.030
     130.21    -0.062
     131.50    -0.037
     132.79    -0.076
     134.08    -0.094
     135.37     0.010
     136.65     0.046
     137.94    -0.007
     139.23    -0.070
     140.52     0.012
     141.81    -0.026
     143.09    -0.097
     144.38     0.095
     145.67    -0.018
     146.96    -0.013
     148.25     0.053
     149.54     0.153
     150.82     0.117
     152.11     0.049
     153.40     0.020
     154.69    -0.038
     155.98    -0.117
     157.27     0.005
     158.55     0.026
     159.84     0.041
     161.13    -0.075
     162.42    -0.032
     163.71     0.016
     164.99    -0.039
     166.28    -0.039
     167.57     0.005
     168.86    -0.100
     170.15    -0.016
     171.44    -0.092
     172.72     0.055
     174.01     0.047
     175.30    -0.001
     176.59     0.063
     177.88     0.117
     179.17     0.029
     180.45     0.058
     181.74     0.059
     183.03     0.076
     184.32    -0.004
     185.61    -0.043
     186.89     0.056
     188.18     0.067
     189.47    -0.068
     190.76     0.042
     192.05    -0.001
     193.34     0.088
     194.62    -0.061
     195.91    -0.170
     197.20    -0.143
     198.49     0.046
     199.78    -0.159
     201.07    -0.089
     202.35     0.015
     203.64    -0.006
     204.93    -0.092
     206.22    -0.026
     207.51    -0.061
     208.79    -0.073
     210.08     0.017
     211.37     0.128
     212.66     0.032
     213.95     0.007
     215.24    -0.016
     216.52    -0.118
     217.81    -0.047
     219.10    -0.046
     220.39    -0.012
     221.68     0.037
     222.97     0.100
     224.25     0.048
     225.54     0.068
     226.83     0.065
     228.12     0.093
     229.41     0.056
     230.69     0.037
     231.98     0.008
     233.27     0.026
     234.56    -0.090
     235.85    -0.042
     237.14    -0.072
     238.42    -0.102
     239.71    -0.011
     241.00    -0.010
     242.29     0.020
     243.58     0.019
     244.87    -0.010
     246.15     0.097
     247.44     0.020
     248.73    -0.044
     250.02    -0.018
     251.31     0.078
     252.59     0.069
     253.88    -0.108
     255.17     0.022
     256.46     0.057
     257.75    -0.002
     259.04     0.025
     260.32     0.032
     261.61     0.029
     262.90     0.019
     264.19    -0.049
     265.48     0.123
     266.77     0.030
     268.05     0.015
     269.34     0.051
     270.63    -0.061
     271.92     0.016
     273.21     0.029
     274.49     0.052
     275.78     0.127
     277.07    -0.019
     278.36    -0.018
     279.65     0.014
     280.94     0.066
     282.22     0.029
     283.51     0.003
     284.80     0.040
     286.09     0.079
     287.38     0.024
     288.67     0.135
     289.95     0.041
     291.24     0.119
     292.53     0.108
     293.82    -0.057
     295.11     0.048
     296.39     0.083
     297.68    -0.022
     298.97    -0.013
     300.26    -0.050
     301.55    -0.119
     302.84    -0.109
     304.12     0.021
     305.41     0.031
     306.70     0.054
     307.99     0.088
     309.28    -0.027
     310.57     0.032
     311.85     0.016
     313.14     0.027
     314.43    -0.100
     315.72    -0.098
     317.01     0.024
     318.29     0.034
     319.58     0.091
     320.87     0.099
     322.16     0.081
     323.45     0.048
     324.74    -0.134
     326.02    -0.024
     327.31    -0.036
     328.60    -0.049
     329.89     0.004
     331.18     0.068
     332.47    -0.050
     333.75    -0.088
     335.04     0.034
     336.33     0.004
     337.62     0.037
     338.91     0.042
     340.19    -0.022
     341.48    -0.019
     342.77    -0.177
     344.06    -0.154
     345.35    -0.090
     346.64    -0.008
     347.92     0.119
     349.21    -0.051
     350.50     0.059
     351.79    -0.018
     353.08    -0.136
     354.37     0.008
     355.65     0.035
     356.94     0.083
     358.23     0.023
     359.52     0.053
     360.81     0.128
     362.09     0.006
     363.38    -0.071
     364.67     0.069
     365.96    -0.021
     367.25     0.022
     368.54    -0.109
     369.82    -0.071
     371.11     0.047
     372.40    -0.036
     373.69     0.006
     374.98    -0.073
     376.27    -0.069
     377.55    -0.026
     378.84     0.035
     380.13     0.076
     381.42     0.037
     382.71    -0.047
     383.99    -0.008
     385.28    -0.012
     386.57     0.019
     387.86    -0.028
     389.15     0.121
     390.44     0.130
     391.72     0.145
     393.01     0.111
     394.30     0.098
     395.59     0.121
     396.88    -0.037
     398.17     0.036
     399.45     0.042
%%GASS      0  datapoints: v_lsr [km/s] and T_B [K]
%%LAB     777  datapoints: v_lsr [km/s] and T_B [K]
    -399.86     0.089
    -398.83     0.024
    -397.80    -0.104
    -396.77     0.042
    -395.74     0.018
    -394.71     0.011
    -393.68    -0.067
    -392.65     0.020
    -391.62     0.130
    -390.59     0.011
    -389.56     0.002
    -388.53     0.071
    -387.50    -0.056
    -386.47    -0.087
    -385.44    -0.015
    -384.40     0.012
    -383.37     0.121
    -382.34    -0.060
    -381.31     0.194
    -380.28    -0.033
    -379.25    -0.061
    -378.22    -0.143
    -377.19    -0.138
    -376.16     0.086
    -375.13     0.063
    -374.10    -0.006
    -373.07     0.085
    -372.04    -0.015
    -371.01     0.043
    -369.98     0.012
    -368.95    -0.081
    -367.92     0.045
    -366.88     0.005
    -365.85    -0.057
    -364.82    -0.153
    -363.79    -0.075
    -362.76     0.018
    -361.73     0.076
    -360.70    -0.031
    -359.67    -0.006
    -358.64    -0.060
    -357.61     0.054
    -356.58     0.057
    -355.55     0.076
    -354.52     0.001
    -353.49    -0.113
    -352.46    -0.052
    -351.43    -0.089
    -350.40     0.156
    -349.37     0.035
    -348.33     0.061
    -347.30    -0.068
    -346.27     0.031
    -345.24    -0.002
    -344.21    -0.073
    -343.18    -0.069
    -342.15     0.036
    -341.12     0.027
    -340.09    -0.093
    -339.06    -0.022
    -338.03     0.044
    -337.00     0.166
    -335.97    -0.120
    -334.94    -0.191
    -333.91    -0.053
    -332.88    -0.107
    -331.85    -0.069
    -330.81     0.007
    -329.78    -0.138
    -328.75     0.037
    -327.72     0.144
    -326.69    -0.010
    -325.66    -0.069
    -324.63     0.157
    -323.60     0.014
    -322.57    -0.006
    -321.54     0.088
    -320.51    -0.052
    -319.48    -0.129
    -318.45    -0.054
    -317.42     0.074
    -316.39    -0.096
    -315.36    -0.003
    -314.33     0.029
    -313.29    -0.058
    -312.26     0.002
    -311.23     0.070
    -310.20    -0.070
    -309.17     0.019
    -308.14     0.075
    -307.11     0.090
    -306.08    -0.042
    -305.05    -0.097
    -304.02     0.084
    -302.99    -0.000
    -301.96     0.114
    -300.93     0.027
    -299.90     0.105
    -298.87     0.003
    -297.84    -0.089
    -296.81    -0.156
    -295.78     0.020
    -294.74     0.020
    -293.71    -0.052
    -292.68     0.101
    -291.65     0.058
    -290.62    -0.010
    -289.59    -0.078
    -288.56     0.093
    -287.53    -0.087
    -286.50     0.043
    -285.47    -0.072
    -284.44    -0.069
    -283.41    -0.101
    -282.38     0.188
    -281.35    -0.039
    -280.32    -0.003
    -279.29    -0.012
    -278.26    -0.029
    -277.22    -0.138
    -276.19     0.008
    -275.16    -0.033
    -274.13    -0.012
    -273.10    -0.015
    -272.07     0.035
    -271.04    -0.067
    -270.01    -0.023
    -268.98    -0.210
    -267.95     0.084
    -266.92    -0.137
    -265.89     0.019
    -264.86    -0.028
    -263.83    -0.089
    -262.80     0.025
    -261.77     0.056
    -260.74    -0.084
    -259.71     0.080
    -258.67     0.172
    -257.64     0.003
    -256.61    -0.018
    -255.58     0.079
    -254.55    -0.007
    -253.52     0.170
    -252.49    -0.072
    -251.46     0.119
    -250.43    -0.014
    -249.40     0.038
    -248.37    -0.006
    -247.34     0.192
    -246.31     0.037
    -245.28     0.075
    -244.25     0.039
    -243.22    -0.032
    -242.19    -0.177
    -241.15     0.121
    -240.12    -0.039
    -239.09     0.005
    -238.06    -0.071
    -237.03     0.052
    -236.00    -0.007
    -234.97     0.144
    -233.94    -0.179
    -232.91     0.021
    -231.88    -0.138
    -230.85    -0.013
    -229.82     0.144
    -228.79     0.186
    -227.76     0.051
    -226.73     0.145
    -225.70     0.017
    -224.67     0.093
    -223.63    -0.066
    -222.60     0.109
    -221.57     0.044
    -220.54     0.066
    -219.51     0.078
    -218.48     0.124
    -217.45    -0.043
    -216.42     0.062
    -215.39    -0.055
    -214.36    -0.034
    -213.33     0.044
    -212.30     0.095
    -211.27    -0.062
    -210.24     0.098
    -209.21    -0.051
    -208.18     0.140
    -207.15    -0.080
    -206.12    -0.028
    -205.08    -0.071
    -204.05     0.044
    -203.02    -0.102
    -201.99     0.001
    -200.96    -0.041
    -199.93     0.091
    -198.90     0.002
    -197.87    -0.098
    -196.84     0.032
    -195.81     0.030
    -194.78     0.078
    -193.75     0.094
    -192.72    -0.058
    -191.69    -0.037
    -190.66    -0.101
    -189.63    -0.047
    -188.60     0.037
    -187.56    -0.053
    -186.53    -0.023
    -185.50    -0.023
    -184.47    -0.042
    -183.44     0.058
    -182.41    -0.110
    -181.38    -0.149
    -180.35    -0.031
    -179.32    -0.009
    -178.29     0.014
    -177.26    -0.001
    -176.23     0.121
    -175.20     0.065
    -174.17    -0.034
    -173.14    -0.014
    -172.11    -0.064
    -171.08    -0.132
    -170.04    -0.098
    -169.01     0.023
    -167.98    -0.019
    -166.95    -0.017
    -165.92    -0.049
    -164.89    -0.045
    -163.86    -0.229
    -162.83    -0.063
    -161.80     0.034
    -160.77    -0.105
    -159.74    -0.087
    -158.71     0.124
    -157.68     0.022
    -156.65     0.014
    -155.62    -0.061
    -154.59    -0.012
    -153.56     0.024
    -152.53     0.120
    -151.49     0.033
    -150.46    -0.003
    -149.43    -0.022
    -148.40    -0.031
    -147.37    -0.057
    -146.34     0.040
    -145.31     0.088
    -144.28     0.042
    -143.25     0.054
    -142.22     0.104
    -141.19    -0.020
    -140.16     0.019
    -139.13     0.004
    -138.10    -0.008
    -137.07    -0.077
    -136.04     0.114
    -135.01    -0.002
    -133.97    -0.114
    -132.94     0.048
    -131.91     0.020
    -130.88     0.014
    -129.85     0.033
    -128.82     0.157
    -127.79     0.088
    -126.76     0.028
    -125.73     0.154
    -124.70    -0.056
    -123.67     0.091
    -122.64     0.103
    -121.61     0.200
    -120.58    -0.002
    -119.55    -0.078
    -118.52     0.174
    -117.49     0.206
    -116.46     0.039
    -115.42     0.212
    -114.39     0.302
    -113.36     0.337
    -112.33     0.131
    -111.30     0.354
    -110.27     0.184
    -109.24     0.211
    -108.21     0.147
    -107.18     0.154
    -106.15     0.407
    -105.12     0.283
    -104.09     0.181
    -103.06     0.303
    -102.03     0.371
    -101.00     0.362
     -99.97     0.272
     -98.94     0.382
     -97.90     0.415
     -96.87     0.307
     -95.84     0.323
     -94.81     0.255
     -93.78     0.339
     -92.75     0.312
     -91.72     0.328
     -90.69     0.324
     -89.66     0.286
     -88.63     0.356
     -87.60     0.224
     -86.57     0.359
     -85.54     0.232
     -84.51     0.361
     -83.48     0.327
     -82.45     0.395
     -81.42     0.365
     -80.38     0.466
     -79.35     0.242
     -78.32     0.306
     -77.29     0.296
     -76.26     0.424
     -75.23     0.205
     -74.20     0.237
     -73.17     0.364
     -72.14     0.413
     -71.11     0.398
     -70.08     0.383
     -69.05     0.396
     -68.02     0.486
     -66.99     0.422
     -65.96     0.451
     -64.93     0.492
     -63.90     0.566
     -62.87     0.498
     -61.83     0.681
     -60.80     0.484
     -59.77     0.670
     -58.74     0.794
     -57.71     0.933
     -56.68     0.928
     -55.65     0.840
     -54.62     1.143
     -53.59     1.194
     -52.56     1.107
     -51.53     1.207
     -50.50     1.397
     -49.47     1.487
     -48.44     1.787
     -47.41     2.044
     -46.38     2.258
     -45.35     2.536
     -44.31     2.608
     -43.28     2.875
     -42.25     3.100
     -41.22     2.926
     -40.19     3.024
     -39.16     3.034
     -38.13     2.779
     -37.10     2.836
     -36.07     2.593
     -35.04     2.755
     -34.01     2.828
     -32.98     2.603
     -31.95     2.562
     -30.92     2.480
     -29.89     2.361
     -28.86     2.456
     -27.83     2.348
     -26.79     2.470
     -25.76     2.499
     -24.73     2.846
     -23.70     3.192
     -22.67     3.427
     -21.64     3.865
     -20.61     4.457
     -19.58     4.677
     -18.55     4.898
     -17.52     5.319
     -16.49     5.781
     -15.46     6.015
     -14.43     6.584
     -13.40     6.823
     -12.37     7.523
     -11.34     8.174
     -10.31     9.251
      -9.28    10.671
      -8.24    12.249
      -7.21    14.395
      -6.18    17.046
      -5.15    19.715
      -4.12    23.414
      -3.09    26.651
      -2.06    28.896
      -1.03    30.927
       0.00    33.172
       1.03    34.947
       2.06    35.961
       3.09    36.126
       4.12    34.391
       5.15    30.795
       6.18    25.562
       7.21    21.496
       8.24    17.486
       9.28    13.932
      10.31    11.193
      11.34     9.042
      12.37     7.672
      13.40     6.565
      14.43     5.577
      15.46     5.061
      16.49     4.437
      17.52     3.655
      18.55     3.343
      19.58     2.850
      20.61     2.632
      21.64     2.403
      22.67     2.158
      23.70     1.802
      24.73     1.696
      25.76     1.589
      26.79     1.270
      27.83     1.007
      28.86     0.907
      29.89     0.804
      30.92     0.760
      31.95     0.656
      32.98     0.571
      34.01     0.456
      35.04     0.401
      36.07     0.347
      37.10     0.439
      38.13     0.405
      39.16     0.142
      40.19     0.109
      41.22     0.247
      42.25     0.153
      43.28     0.030
      44.31     0.014
      45.35     0.020
      46.38     0.098
      47.41     0.109
      48.44     0.079
      49.47     0.088
      50.50     0.053
      51.53     0.062
      52.56     0.083
      53.59    -0.022
      54.62    -0.034
      55.65    -0.012
      56.68     0.023
      57.71     0.030
      58.74     0.002
      59.77     0.107
      60.80     0.106
      61.83    -0.024
      62.87    -0.025
      63.90     0.098
      64.93     0.051
      65.96    -0.049
      66.99    -0.097
      68.02     0.052
      69.05    -0.025
      70.08     0.109
      71.11     0.131
      72.14    -0.027
      73.17     0.064
      74.20    -0.047
      75.23     0.018
      76.26    -0.197
      77.29     0.061
      78.32    -0.005
      79.35     0.060
      80.38     0.065
      81.42     0.043
      82.45     0.125
      83.48     0.028
      84.51     0.103
      85.54     0.048
      86.57     0.024
      87.60     0.130
      88.63     0.056
      89.66    -0.030
      90.69     0.079
      91.72     0.027
      92.75     0.016
      93.78    -0.056
      94.81     0.003
      95.84     0.073
      96.87    -0.107
      97.90    -0.061
      98.94     0.019
      99.97     0.027
     101.00     0.090
     102.03     0.021
     103.06    -0.074
     104.09    -0.154
     105.12     0.097
     106.15     0.027
     107.18    -0.055
     108.21    -0.019
     109.24    -0.066
     110.27     0.085
     111.30    -0.067
     112.33    -0.000
     113.36     0.005
     114.39     0.066
     115.42    -0.112
     116.46     0.091
     117.49    -0.023
     118.52    -0.068
     119.55     0.205
     120.58     0.008
     121.61     0.024
     122.64     0.105
     123.67    -0.095
     124.70    -0.004
     125.73     0.088
     126.76    -0.034
     127.79     0.154
     128.82    -0.113
     129.85    -0.149
     130.88     0.022
     131.91     0.043
     132.94    -0.053
     133.97    -0.087
     135.01    -0.106
     136.04    -0.074
     137.07    -0.132
     138.10    -0.021
     139.13    -0.110
     140.16     0.051
     141.19     0.050
     142.22    -0.109
     143.25     0.116
     144.28     0.010
     145.31     0.088
     146.34     0.005
     147.37    -0.058
     148.40    -0.071
     149.43    -0.032
     150.46     0.036
     151.49    -0.024
     152.53     0.001
     153.56    -0.044
     154.59     0.056
     155.62    -0.111
     156.65     0.029
     157.68    -0.095
     158.71    -0.031
     159.74    -0.081
     160.77    -0.014
     161.80     0.062
     162.83     0.044
     163.86     0.023
     164.89     0.013
     165.92     0.112
     166.95    -0.033
     167.98    -0.132
     169.01     0.027
     170.04    -0.104
     171.08     0.132
     172.11    -0.059
     173.14     0.025
     174.17     0.059
     175.20    -0.052
     176.23     0.053
     177.26     0.028
     178.29     0.112
     179.32     0.120
     180.35    -0.116
     181.38     0.031
     182.41    -0.098
     183.44    -0.002
     184.47     0.002
     185.50     0.176
     186.53    -0.078
     187.56     0.066
     188.60    -0.005
     189.63    -0.144
     190.66    -0.038
     191.69    -0.107
     192.72    -0.093
     193.75    -0.052
     194.78     0.009
     195.81    -0.039
     196.84    -0.081
     197.87    -0.032
     198.90     0.026
     199.93    -0.112
     200.96    -0.157
     201.99     0.154
     203.02    -0.024
     204.05    -0.028
     205.08    -0.114
     206.12     0.022
     207.15     0.032
     208.18     0.011
     209.21     0.055
     210.24    -0.141
     211.27     0.017
     212.30    -0.012
     213.33    -0.051
     214.36     0.010
     215.39     0.023
     216.42     0.074
     217.45    -0.011
     218.48     0.105
     219.51    -0.050
     220.54    -0.173
     221.57     0.118
     222.60     0.155
     223.63     0.068
     224.67    -0.060
     225.70    -0.120
     226.73    -0.062
     227.76     0.020
     228.79    -0.024
     229.82    -0.096
     230.85     0.158
     231.88     0.013
     232.91     0.131
     233.94     0.049
     234.97    -0.027
     236.00    -0.023
     237.03     0.017
     238.06     0.004
     239.09    -0.041
     240.12     0.067
     241.15    -0.017
     242.19    -0.009
     243.22     0.107
     244.25    -0.115
     245.28     0.170
     246.31    -0.074
     247.34     0.075
     248.37    -0.025
     249.40     0.151
     250.43     0.041
     251.46    -0.026
     252.49     0.059
     253.52     0.102
     254.55     0.048
     255.58     0.065
     256.61     0.034
     257.64    -0.002
     258.67     0.157
     259.71    -0.061
     260.74    -0.068
     261.77    -0.012
     262.80     0.105
     263.83     0.104
     264.86     0.079
     265.89    -0.039
     266.92     0.053
     267.95     0.184
     268.98    -0.008
     270.01     0.002
     271.04    -0.047
     272.07    -0.055
     273.10     0.030
     274.13     0.105
     275.16     0.255
     276.19     0.126
     277.22    -0.027
     278.26     0.184
     279.29     0.106
     280.32     0.065
     281.35    -0.046
     282.38     0.096
     283.41     0.051
     284.44    -0.022
     285.47     0.050
     286.50     0.171
     287.53     0.093
     288.56     0.064
     289.59    -0.087
     290.62    -0.131
     291.65     0.019
     292.68    -0.074
     293.71     0.113
     294.74    -0.093
     295.78    -0.026
     296.81    -0.029
     297.84    -0.098
     298.87    -0.027
     299.90     0.175
     300.93    -0.046
     301.96    -0.003
     302.99    -0.063
     304.02    -0.153
     305.05     0.010
     306.08    -0.036
     307.11    -0.015
     308.14    -0.083
     309.17     0.076
     310.20    -0.004
     311.23    -0.064
     312.26    -0.078
     313.29     0.019
     314.33    -0.079
     315.36    -0.020
     316.39    -0.052
     317.42     0.056
     318.45     0.078
     319.48    -0.031
     320.51     0.101
     321.54     0.064
     322.57     0.021
     323.60    -0.046
     324.63    -0.029
     325.66    -0.008
     326.69     0.091
     327.72     0.096
     328.75    -0.067
     329.78     0.029
     330.81    -0.088
     331.85    -0.038
     332.88    -0.070
     333.91     0.086
     334.94     0.017
     335.97    -0.135
     337.00     0.044
     338.03     0.078
     339.06     0.080
     340.09     0.020
     341.12    -0.020
     342.15    -0.135
     343.18    -0.011
     344.21    -0.005
     345.24    -0.086
     346.27     0.018
     347.30    -0.050
     348.33    -0.044
     349.37     0.094
     350.40    -0.042
     351.43     0.127
     352.46    -0.009
     353.49    -0.002
     354.52     0.119
     355.55    -0.092
     356.58    -0.070
     357.61    -0.114
     358.64    -0.140
     359.67    -0.005
     360.70     0.082
     361.73     0.000
     362.76     0.198
     363.79    -0.134
     364.82     0.004
     365.85    -0.063
     366.88     0.077
     367.92    -0.089
     368.95     0.136
     369.98     0.049
     371.01    -0.074
     372.04    -0.090
     373.07    -0.050
     374.10     0.007
     375.13     0.180
     376.16    -0.165
     377.19    -0.001
     378.22    -0.010
     379.25     0.073
     380.28    -0.069
     381.31     0.012
     382.34    -0.106
     383.37    -0.091
     384.40     0.005
     385.44     0.093
     386.47    -0.011
     387.50     0.107
     388.53    -0.108
     389.56     0.129
     390.59     0.099
     391.62    -0.167
     392.65    -0.138
     393.68     0.049
     394.71    -0.017
     395.74     0.133
     396.77    -0.108
     397.80     0.078
     398.83     0.037
     399.86     0.095
