%%   82.50000   2.50000    0   0.20000
% LAB  survey ------------------
% wanted position:  l, b, RA, DEC, and interpolated  NH
% 82.50 ;   2.50 ; 308.28 ;  44.16 ;  0.111E+23
% nearest position: l, b, RA, DEC, and observed NH
% 82.50 ;   2.50 ; 308.28 ;  44.16 ;  0.111E+23
% GASS III survey --------------
% NH - median within 6 arcmin radius   0.00    
% NH - mean within specified beam      0.00    
% EBHIS survey -----------------
% NH  within specified beam           0.110E+23
%%EBHIS   621  datapoints: v_lsr [km/s] and T_B [K]
    -399.25     0.095
    -397.96     0.006
    -396.68     0.175
    -395.39     0.171
    -394.10    -0.028
    -392.81    -0.060
    -391.52     0.117
    -390.23    -0.041
    -388.95    -0.103
    -387.66     0.015
    -386.37     0.063
    -385.08     0.132
    -383.79    -0.051
    -382.50    -0.120
    -381.22     0.046
    -379.93    -0.013
    -378.64    -0.061
    -377.35    -0.003
    -376.06    -0.025
    -374.78    -0.081
    -373.49     0.026
    -372.20     0.026
    -370.91     0.010
    -369.62     0.003
    -368.33     0.136
    -367.05     0.178
    -365.76     0.010
    -364.47    -0.140
    -363.18    -0.053
    -361.89     0.030
    -360.60    -0.078
    -359.32     0.088
    -358.03    -0.167
    -356.74     0.138
    -355.45     0.108
    -354.16    -0.027
    -352.88     0.074
    -351.59     0.028
    -350.30    -0.087
    -349.01     0.104
    -347.72    -0.070
    -346.43     0.010
    -345.15     0.066
    -343.86    -0.052
    -342.57     0.111
    -341.28     0.041
    -339.99     0.014
    -338.70     0.061
    -337.42    -0.077
    -336.13     0.121
    -334.84    -0.036
    -333.55    -0.130
    -332.26    -0.097
    -330.98     0.100
    -329.69     0.055
    -328.40     0.086
    -327.11    -0.119
    -325.82    -0.027
    -324.53    -0.165
    -323.25     0.153
    -321.96    -0.150
    -320.67    -0.012
    -319.38     0.064
    -318.09     0.012
    -316.80    -0.070
    -315.52     0.091
    -314.23     0.158
    -312.94     0.016
    -311.65     0.035
    -310.36     0.047
    -309.08    -0.169
    -307.79    -0.013
    -306.50     0.128
    -305.21     0.115
    -303.92     0.029
    -302.63     0.034
    -301.35    -0.067
    -300.06     0.013
    -298.77     0.007
    -297.48    -0.012
    -296.19     0.094
    -294.90    -0.015
    -293.62    -0.006
    -292.33    -0.099
    -291.04    -0.132
    -289.75    -0.062
    -288.46    -0.002
    -287.18    -0.024
    -285.89     0.077
    -284.60    -0.051
    -283.31    -0.021
    -282.02     0.091
    -280.73     0.135
    -279.45     0.054
    -278.16    -0.142
    -276.87    -0.049
    -275.58     0.014
    -274.29     0.005
    -273.00     0.068
    -271.72     0.004
    -270.43     0.021
    -269.14     0.088
    -267.85     0.131
    -266.56     0.063
    -265.28    -0.006
    -263.99    -0.003
    -262.70    -0.007
    -261.41     0.107
    -260.12    -0.031
    -258.83     0.176
    -257.55    -0.105
    -256.26     0.017
    -254.97     0.041
    -253.68     0.017
    -252.39     0.067
    -251.10     0.021
    -249.82    -0.096
    -248.53    -0.017
    -247.24     0.107
    -245.95     0.017
    -244.66     0.012
    -243.38     0.079
    -242.09     0.180
    -240.80     0.176
    -239.51    -0.002
    -238.22    -0.003
    -236.93     0.070
    -235.65     0.009
    -234.36    -0.126
    -233.07    -0.033
    -231.78     0.002
    -230.49    -0.015
    -229.20    -0.133
    -227.92    -0.080
    -226.63     0.005
    -225.34     0.101
    -224.05     0.006
    -222.76     0.086
    -221.48    -0.070
    -220.19    -0.163
    -218.90     0.129
    -217.61     0.022
    -216.32     0.122
    -215.03     0.071
    -213.75     0.231
    -212.46     0.064
    -211.17     0.097
    -209.88     0.100
    -208.59     0.001
    -207.30     0.072
    -206.02    -0.003
    -204.73    -0.062
    -203.44    -0.049
    -202.15    -0.056
    -200.86     0.008
    -199.58     0.004
    -198.29    -0.119
    -197.00    -0.044
    -195.71    -0.023
    -194.42    -0.168
    -193.13     0.003
    -191.85    -0.100
    -190.56     0.156
    -189.27    -0.037
    -187.98    -0.110
    -186.69    -0.060
    -185.40     0.016
    -184.12     0.124
    -182.83    -0.108
    -181.54     0.055
    -180.25    -0.028
    -178.96     0.021
    -177.68    -0.067
    -176.39    -0.029
    -175.10     0.053
    -173.81    -0.041
    -172.52    -0.010
    -171.23    -0.150
    -169.95    -0.055
    -168.66    -0.036
    -167.37     0.034
    -166.08    -0.156
    -164.79     0.038
    -163.50    -0.027
    -162.22     0.001
    -160.93    -0.031
    -159.64    -0.079
    -158.35     0.068
    -157.06    -0.081
    -155.78     0.110
    -154.49     0.179
    -153.20     0.060
    -151.91     0.008
    -150.62     0.254
    -149.33     0.141
    -148.05    -0.011
    -146.76     0.053
    -145.47     0.231
    -144.18     0.288
    -142.89     0.192
    -141.60     0.093
    -140.32     0.292
    -139.03     0.315
    -137.74     0.339
    -136.45     0.322
    -135.16     0.386
    -133.88     0.235
    -132.59     0.345
    -131.30     0.464
    -130.01     0.691
    -128.72     0.772
    -127.43     0.755
    -126.15     0.784
    -124.86     0.632
    -123.57     1.005
    -122.28     0.996
    -120.99     1.092
    -119.70     1.112
    -118.42     1.271
    -117.13     1.665
    -115.84     1.722
    -114.55     2.049
    -113.26     2.664
    -111.98     3.646
    -110.69     5.589
    -109.40     8.731
    -108.11    11.699
    -106.82    12.457
    -105.53    11.734
    -104.25    11.271
    -102.96    12.716
    -101.67    16.273
    -100.38    20.970
     -99.09    26.917
     -97.80    34.199
     -96.52    41.800
     -95.23    46.548
     -93.94    46.602
     -92.65    45.974
     -91.36    47.763
     -90.08    50.346
     -88.79    51.227
     -87.50    50.721
     -86.21    49.611
     -84.92    50.579
     -83.63    53.276
     -82.35    56.621
     -81.06    59.111
     -79.77    61.764
     -78.48    63.487
     -77.19    63.914
     -75.90    61.556
     -74.62    57.160
     -73.33    52.908
     -72.04    49.133
     -70.75    45.974
     -69.46    42.803
     -68.18    40.120
     -66.89    38.118
     -65.60    36.545
     -64.31    34.922
     -63.02    32.188
     -61.73    28.284
     -60.45    24.091
     -59.16    20.050
     -57.87    16.938
     -56.58    15.089
     -55.29    14.242
     -54.00    13.821
     -52.72    13.784
     -51.43    14.266
     -50.14    15.523
     -48.85    16.303
     -47.56    17.852
     -46.28    19.126
     -44.99    20.195
     -43.70    21.694
     -42.41    23.165
     -41.12    24.161
     -39.83    25.132
     -38.55    26.186
     -37.26    27.938
     -35.97    31.635
     -34.68    34.834
     -33.39    36.947
     -32.10    39.335
     -30.82    38.666
     -29.53    35.619
     -28.24    30.703
     -26.95    25.252
     -25.66    21.134
     -24.38    18.622
     -23.09    17.499
     -21.80    17.771
     -20.51    19.701
     -19.22    24.273
     -17.93    29.724
     -16.65    36.189
     -15.36    43.507
     -14.07    50.714
     -12.78    58.831
     -11.49    67.180
     -10.20    72.351
      -8.92    74.035
      -7.63    73.165
      -6.34    73.530
      -5.05    80.059
      -3.76    94.053
      -2.48   106.112
      -1.19   113.148
       0.10   116.326
       1.39   116.193
       2.68   112.961
       3.97   109.204
       5.25   106.590
       6.54   105.398
       7.83   105.260
       9.12    99.828
      10.41    91.719
      11.70    82.762
      12.98    73.233
      14.27    63.221
      15.56    53.163
      16.85    41.924
      18.14    30.836
      19.42    21.578
      20.71    14.416
      22.00     9.849
      23.29     6.798
      24.58     5.012
      25.87     3.850
      27.15     3.118
      28.44     2.508
      29.73     2.123
      31.02     1.705
      32.31     1.337
      33.60     1.269
      34.88     1.065
      36.17     0.953
      37.46     0.713
      38.75     0.505
      40.04     0.276
      41.32     0.388
      42.61     0.263
      43.90     0.262
      45.19     0.242
      46.48     0.102
      47.77     0.058
      49.05     0.099
      50.34     0.128
      51.63     0.055
      52.92     0.082
      54.21    -0.156
      55.50    -0.035
      56.78    -0.063
      58.07    -0.115
      59.36     0.038
      60.65     0.074
      61.94     0.035
      63.22     0.111
      64.51    -0.004
      65.80     0.067
      67.09     0.094
      68.38    -0.088
      69.67    -0.091
      70.95     0.006
      72.24    -0.187
      73.53    -0.046
      74.82     0.032
      76.11    -0.037
      77.40    -0.159
      78.68    -0.115
      79.97     0.061
      81.26     0.015
      82.55    -0.022
      83.84    -0.009
      85.12    -0.030
      86.41     0.088
      87.70     0.015
      88.99     0.112
      90.28    -0.042
      91.57     0.141
      92.85     0.032
      94.14     0.054
      95.43    -0.016
      96.72     0.136
      98.01     0.009
      99.30    -0.028
     100.58     0.007
     101.87    -0.066
     103.16    -0.061
     104.45     0.107
     105.74     0.019
     107.02    -0.002
     108.31     0.042
     109.60     0.016
     110.89    -0.064
     112.18     0.031
     113.47    -0.016
     114.75     0.084
     116.04     0.027
     117.33    -0.128
     118.62    -0.058
     119.91     0.033
     121.20    -0.118
     122.48    -0.050
     123.77    -0.139
     125.06     0.201
     126.35    -0.040
     127.64    -0.102
     128.92     0.106
     130.21     0.065
     131.50     0.025
     132.79     0.100
     134.08     0.080
     135.37     0.029
     136.65    -0.195
     137.94    -0.038
     139.23    -0.077
     140.52    -0.015
     141.81     0.042
     143.09     0.097
     144.38    -0.081
     145.67    -0.002
     146.96     0.052
     148.25    -0.077
     149.54    -0.157
     150.82    -0.176
     152.11    -0.021
     153.40     0.047
     154.69     0.032
     155.98    -0.131
     157.27    -0.093
     158.55     0.064
     159.84     0.084
     161.13    -0.052
     162.42    -0.067
     163.71     0.052
     164.99    -0.113
     166.28    -0.079
     167.57    -0.043
     168.86     0.140
     170.15     0.277
     171.44     0.053
     172.72    -0.040
     174.01    -0.013
     175.30    -0.067
     176.59     0.092
     177.88    -0.080
     179.17     0.017
     180.45    -0.226
     181.74     0.141
     183.03     0.058
     184.32     0.161
     185.61    -0.072
     186.89    -0.039
     188.18     0.043
     189.47     0.088
     190.76    -0.067
     192.05    -0.109
     193.34    -0.132
     194.62     0.007
     195.91    -0.166
     197.20     0.042
     198.49    -0.030
     199.78    -0.030
     201.07     0.079
     202.35     0.044
     203.64     0.047
     204.93    -0.088
     206.22     0.011
     207.51    -0.069
     208.79     0.044
     210.08     0.023
     211.37     0.012
     212.66    -0.087
     213.95    -0.011
     215.24    -0.197
     216.52    -0.177
     217.81     0.037
     219.10    -0.016
     220.39     0.096
     221.68    -0.064
     222.97    -0.055
     224.25    -0.010
     225.54    -0.103
     226.83    -0.176
     228.12    -0.140
     229.41     0.067
     230.69     0.183
     231.98    -0.068
     233.27    -0.073
     234.56    -0.076
     235.85     0.058
     237.14     0.068
     238.42     0.036
     239.71     0.061
     241.00     0.025
     242.29    -0.044
     243.58    -0.147
     244.87     0.086
     246.15     0.185
     247.44     0.042
     248.73    -0.122
     250.02     0.138
     251.31     0.064
     252.59    -0.040
     253.88     0.079
     255.17    -0.063
     256.46     0.081
     257.75    -0.098
     259.04    -0.059
     260.32    -0.075
     261.61     0.020
     262.90     0.121
     264.19     0.099
     265.48     0.096
     266.77     0.009
     268.05     0.102
     269.34     0.173
     270.63    -0.080
     271.92    -0.080
     273.21    -0.009
     274.49    -0.021
     275.78    -0.184
     277.07    -0.016
     278.36    -0.132
     279.65    -0.031
     280.94     0.012
     282.22    -0.196
     283.51     0.099
     284.80     0.078
     286.09    -0.057
     287.38     0.023
     288.67    -0.000
     289.95     0.042
     291.24     0.036
     292.53    -0.021
     293.82     0.037
     295.11     0.024
     296.39    -0.023
     297.68    -0.111
     298.97    -0.080
     300.26    -0.223
     301.55     0.053
     302.84     0.143
     304.12     0.282
     305.41     0.151
     306.70     0.050
     307.99     0.228
     309.28     0.294
     310.57     0.092
     311.85     0.111
     313.14     0.192
     314.43     0.045
     315.72     0.018
     317.01     0.005
     318.29    -0.031
     319.58     0.030
     320.87     0.016
     322.16     0.129
     323.45     0.006
     324.74    -0.006
     326.02     0.128
     327.31    -0.045
     328.60    -0.049
     329.89     0.011
     331.18    -0.131
     332.47     0.145
     333.75     0.049
     335.04     0.186
     336.33    -0.059
     337.62     0.108
     338.91     0.040
     340.19     0.000
     341.48    -0.007
     342.77    -0.013
     344.06    -0.084
     345.35    -0.114
     346.64    -0.120
     347.92    -0.145
     349.21    -0.068
     350.50    -0.097
     351.79     0.079
     353.08     0.026
     354.37     0.095
     355.65     0.003
     356.94    -0.018
     358.23    -0.012
     359.52    -0.090
     360.81    -0.010
     362.09     0.012
     363.38    -0.178
     364.67    -0.065
     365.96     0.010
     367.25    -0.025
     368.54    -0.009
     369.82     0.034
     371.11     0.053
     372.40     0.198
     373.69     0.069
     374.98     0.075
     376.27    -0.087
     377.55     0.008
     378.84     0.221
     380.13    -0.122
     381.42    -0.126
     382.71    -0.003
     383.99    -0.027
     385.28     0.107
     386.57     0.144
     387.86     0.047
     389.15     0.013
     390.44    -0.165
     391.72     0.029
     393.01    -0.112
     394.30    -0.003
     395.59     0.100
     396.88     0.054
     398.17     0.288
     399.45     0.130
%%GASS      0  datapoints: v_lsr [km/s] and T_B [K]
%%LAB     777  datapoints: v_lsr [km/s] and T_B [K]
    -399.84     0.221
    -398.81    -0.123
    -397.78    -0.013
    -396.75    -0.020
    -395.71     0.089
    -394.68    -0.107
    -393.65    -0.066
    -392.62    -0.093
    -391.59     0.093
    -390.56     0.048
    -389.53     0.025
    -388.50     0.086
    -387.47    -0.084
    -386.44     0.023
    -385.41    -0.129
    -384.38     0.050
    -383.35     0.086
    -382.32    -0.123
    -381.29     0.171
    -380.26     0.143
    -379.23     0.179
    -378.20    -0.036
    -377.17    -0.125
    -376.14    -0.005
    -375.10     0.180
    -374.07    -0.073
    -373.04    -0.143
    -372.01     0.059
    -370.98     0.020
    -369.95    -0.098
    -368.92    -0.279
    -367.89    -0.086
    -366.86     0.027
    -365.83    -0.043
    -364.80     0.055
    -363.77    -0.075
    -362.74     0.121
    -361.71    -0.059
    -360.68     0.018
    -359.65    -0.055
    -358.62    -0.004
    -357.59    -0.213
    -356.56     0.082
    -355.52     0.204
    -354.49    -0.000
    -353.46    -0.168
    -352.43     0.054
    -351.40    -0.048
    -350.37     0.021
    -349.34     0.002
    -348.31    -0.223
    -347.28     0.036
    -346.25     0.045
    -345.22    -0.013
    -344.19     0.007
    -343.16    -0.004
    -342.13     0.030
    -341.10     0.113
    -340.07     0.095
    -339.04    -0.013
    -338.01    -0.136
    -336.98    -0.102
    -335.95    -0.086
    -334.91     0.032
    -333.88    -0.054
    -332.85     0.020
    -331.82     0.182
    -330.79     0.071
    -329.76     0.070
    -328.73    -0.109
    -327.70    -0.111
    -326.67    -0.089
    -325.64     0.020
    -324.61    -0.132
    -323.58    -0.114
    -322.55    -0.027
    -321.52     0.091
    -320.49    -0.014
    -319.46    -0.005
    -318.43     0.002
    -317.40    -0.107
    -316.37     0.214
    -315.34     0.139
    -314.30    -0.159
    -313.27     0.121
    -312.24     0.004
    -311.21     0.009
    -310.18    -0.045
    -309.15     0.104
    -308.12     0.184
    -307.09    -0.095
    -306.06    -0.071
    -305.03     0.005
    -304.00    -0.104
    -302.97    -0.088
    -301.94    -0.170
    -300.91     0.025
    -299.88     0.071
    -298.85     0.079
    -297.82    -0.209
    -296.79     0.170
    -295.76     0.179
    -294.73     0.091
    -293.69    -0.118
    -292.66    -0.089
    -291.63    -0.041
    -290.60     0.016
    -289.57    -0.023
    -288.54     0.012
    -287.51     0.121
    -286.48     0.054
    -285.45     0.086
    -284.42    -0.002
    -283.39    -0.089
    -282.36    -0.059
    -281.33     0.023
    -280.30    -0.018
    -279.27     0.095
    -278.24     0.130
    -277.21    -0.079
    -276.18     0.134
    -275.15     0.030
    -274.11     0.018
    -273.08     0.075
    -272.05     0.096
    -271.02    -0.075
    -269.99     0.027
    -268.96     0.036
    -267.93     0.121
    -266.90     0.180
    -265.87    -0.029
    -264.84    -0.209
    -263.81    -0.030
    -262.78    -0.218
    -261.75     0.177
    -260.72     0.123
    -259.69    -0.109
    -258.66     0.043
    -257.63     0.071
    -256.60     0.089
    -255.57     0.204
    -254.54     0.132
    -253.50     0.030
    -252.47    -0.222
    -251.44     0.021
    -250.41     0.075
    -249.38     0.068
    -248.35     0.193
    -247.32    -0.048
    -246.29     0.002
    -245.26    -0.095
    -244.23    -0.143
    -243.20     0.141
    -242.17    -0.145
    -241.14     0.032
    -240.11    -0.113
    -239.08     0.007
    -238.05    -0.050
    -237.02     0.011
    -235.99    -0.127
    -234.96     0.196
    -233.93    -0.046
    -232.89    -0.193
    -231.86    -0.080
    -230.83     0.102
    -229.80    -0.018
    -228.77     0.064
    -227.74    -0.104
    -226.71    -0.191
    -225.68     0.079
    -224.65     0.307
    -223.62    -0.089
    -222.59     0.021
    -221.56    -0.027
    -220.53     0.020
    -219.50    -0.109
    -218.47     0.011
    -217.44    -0.120
    -216.41     0.016
    -215.38    -0.057
    -214.35     0.061
    -213.31     0.002
    -212.28    -0.057
    -211.25     0.207
    -210.22     0.055
    -209.19     0.113
    -208.16     0.155
    -207.13    -0.111
    -206.10     0.002
    -205.07     0.014
    -204.04    -0.029
    -203.01    -0.027
    -201.98    -0.064
    -200.95     0.004
    -199.92     0.091
    -198.89    -0.036
    -197.86    -0.170
    -196.83     0.034
    -195.80     0.141
    -194.77    -0.025
    -193.74     0.077
    -192.70    -0.157
    -191.67     0.068
    -190.64    -0.141
    -189.61    -0.132
    -188.58    -0.063
    -187.55     0.068
    -186.52     0.007
    -185.49    -0.086
    -184.46     0.038
    -183.43     0.050
    -182.40    -0.032
    -181.37    -0.018
    -180.34    -0.136
    -179.31    -0.009
    -178.28     0.070
    -177.25     0.139
    -176.22    -0.005
    -175.19    -0.157
    -174.16     0.023
    -173.13     0.050
    -172.09    -0.014
    -171.06     0.161
    -170.03     0.050
    -169.00    -0.073
    -167.97     0.159
    -166.94     0.045
    -165.91    -0.000
    -164.88     0.070
    -163.85    -0.014
    -162.82    -0.002
    -161.79     0.209
    -160.76    -0.155
    -159.73     0.182
    -158.70     0.005
    -157.67    -0.063
    -156.64     0.234
    -155.61     0.134
    -154.58     0.095
    -153.55     0.146
    -152.52     0.141
    -151.48    -0.080
    -150.45     0.082
    -149.42     0.270
    -148.39     0.093
    -147.36     0.230
    -146.33    -0.036
    -145.30     0.221
    -144.27     0.227
    -143.24     0.129
    -142.21     0.332
    -141.18     0.380
    -140.15     0.345
    -139.12     0.386
    -138.09     0.597
    -137.06     0.536
    -136.03     0.436
    -135.00     0.384
    -133.97     0.602
    -132.94     0.375
    -131.90     0.698
    -130.87     0.588
    -129.84     0.598
    -128.81     0.916
    -127.78     1.250
    -126.75     1.004
    -125.72     1.086
    -124.69     1.050
    -123.66     1.050
    -122.63     1.074
    -121.60     1.216
    -120.57     0.922
    -119.54     1.165
    -118.51     1.279
    -117.48     1.272
    -116.45     1.620
    -115.42     1.702
    -114.39     2.135
    -113.36     2.594
    -112.33     3.153
    -111.29     4.582
    -110.26     6.381
    -109.23     8.492
    -108.20    10.126
    -107.17    11.184
    -106.14    11.464
    -105.11    11.647
    -104.08    11.672
    -103.05    12.611
    -102.02    14.942
    -100.99    18.722
     -99.96    23.386
     -98.93    27.978
     -97.90    33.023
     -96.87    36.201
     -95.84    39.025
     -94.81    40.245
     -93.78    41.020
     -92.75    42.004
     -91.72    43.253
     -90.68    45.086
     -89.65    45.539
     -88.62    45.802
     -87.59    45.491
     -86.56    45.950
     -85.53    47.585
     -84.50    49.517
     -83.47    51.688
     -82.44    53.872
     -81.41    55.932
     -80.38    58.258
     -79.35    60.867
     -78.32    62.588
     -77.29    64.135
     -76.26    64.863
     -75.23    62.522
     -74.20    59.221
     -73.17    55.784
     -72.14    52.054
     -71.10    47.999
     -70.07    44.116
     -69.04    40.791
     -68.01    38.312
     -66.98    36.821
     -65.95    36.049
     -64.92    35.045
     -63.89    34.025
     -62.86    32.216
     -61.83    29.527
     -60.80    26.884
     -59.77    24.038
     -58.74    20.941
     -57.71    18.386
     -56.68    16.795
     -55.65    15.460
     -54.62    15.014
     -53.59    15.114
     -52.56    15.144
     -51.53    16.409
     -50.49    17.609
     -49.46    19.094
     -48.43    20.290
     -47.40    21.671
     -46.37    22.702
     -45.34    23.432
     -44.31    23.506
     -43.28    23.908
     -42.25    24.038
     -41.22    25.069
     -40.19    26.307
     -39.16    28.707
     -38.13    31.306
     -37.10    35.156
     -36.07    39.166
     -35.04    41.769
     -34.01    41.463
     -32.98    40.070
     -31.95    38.657
     -30.92    36.356
     -29.88    33.091
     -28.85    28.729
     -27.82    24.619
     -26.79    20.690
     -25.76    18.583
     -24.73    17.611
     -23.70    17.289
     -22.67    17.477
     -21.64    18.740
     -20.61    20.769
     -19.58    23.761
     -18.55    28.409
     -17.52    33.639
     -16.49    39.121
     -15.46    44.369
     -14.43    50.000
     -13.40    56.061
     -12.37    62.071
     -11.34    68.025
     -10.31    72.096
      -9.27    75.385
      -8.24    77.923
      -7.21    79.304
      -6.18    82.212
      -5.15    85.627
      -4.12    93.251
      -3.09   102.031
      -2.06   109.553
      -1.03   113.325
       0.00   116.580
       1.03   116.701
       2.06   115.374
       3.09   112.757
       4.12   107.961
       5.15   104.201
       6.18   103.565
       7.21   106.128
       8.24   105.416
       9.27    99.958
      10.31    95.386
      11.34    89.671
      12.37    83.535
      13.40    76.172
      14.43    66.517
      15.46    57.861
      16.49    49.096
      17.52    39.095
      18.55    29.856
      19.58    21.978
      20.61    15.044
      21.64     9.978
      22.67     6.868
      23.70     4.909
      24.73     4.164
      25.76     2.872
      26.79     2.685
      27.82     2.011
      28.85     1.813
      29.88     1.418
      30.92     1.136
      31.95     1.056
      32.98     1.018
      34.01     0.689
      35.04     0.741
      36.07     0.932
      37.10     0.597
      38.13     0.568
      39.16     0.639
      40.19     0.498
      41.22     0.455
      42.25     0.304
      43.28     0.430
      44.31     0.393
      45.34     0.220
      46.37     0.405
      47.40     0.373
      48.43     0.071
      49.46     0.370
      50.49     0.102
      51.53     0.266
      52.56     0.275
      53.59     0.166
      54.62     0.173
      55.65     0.148
      56.68     0.139
      57.71     0.221
      58.74     0.095
      59.77     0.061
      60.80    -0.136
      61.83     0.100
      62.86     0.005
      63.89    -0.086
      64.92     0.273
      65.95     0.089
      66.98     0.012
      68.01     0.252
      69.04    -0.066
      70.07    -0.250
      71.10     0.109
      72.14     0.002
      73.17    -0.004
      74.20     0.180
      75.23     0.034
      76.26     0.070
      77.29     0.075
      78.32     0.109
      79.35     0.023
      80.38     0.055
      81.41     0.046
      82.44     0.205
      83.47    -0.013
      84.50     0.255
      85.53    -0.014
      86.56     0.229
      87.59    -0.016
      88.62     0.227
      89.65     0.173
      90.68     0.141
      91.72    -0.029
      92.75     0.211
      93.78     0.111
      94.81     0.029
      95.84    -0.007
      96.87    -0.095
      97.90     0.082
      98.93    -0.018
      99.96     0.193
     100.99    -0.157
     102.02     0.148
     103.05     0.059
     104.08    -0.071
     105.11     0.079
     106.14     0.127
     107.17     0.096
     108.20    -0.011
     109.23     0.193
     110.26    -0.079
     111.29    -0.059
     112.33     0.020
     113.36    -0.234
     114.39     0.204
     115.42    -0.066
     116.45     0.123
     117.48     0.038
     118.51    -0.025
     119.54     0.254
     120.57    -0.048
     121.60    -0.002
     122.63     0.080
     123.66    -0.039
     124.69     0.027
     125.72     0.032
     126.75    -0.089
     127.78    -0.013
     128.81     0.027
     129.84    -0.166
     130.87    -0.361
     131.90     0.021
     132.94    -0.180
     133.97     0.125
     135.00     0.129
     136.03     0.130
     137.06     0.052
     138.09    -0.061
     139.12    -0.064
     140.15    -0.109
     141.18    -0.063
     142.21     0.138
     143.24     0.055
     144.27     0.114
     145.30     0.170
     146.33     0.116
     147.36    -0.200
     148.39    -0.070
     149.42    -0.054
     150.45     0.088
     151.48    -0.098
     152.52    -0.073
     153.55    -0.229
     154.58    -0.093
     155.61    -0.021
     156.64     0.002
     157.67    -0.004
     158.70     0.177
     159.73    -0.043
     160.76    -0.089
     161.79     0.127
     162.82     0.171
     163.85    -0.095
     164.88    -0.068
     165.91     0.050
     166.94    -0.050
     167.97    -0.057
     169.00     0.025
     170.03    -0.180
     171.06    -0.048
     172.09    -0.102
     173.13    -0.041
     174.16     0.132
     175.19     0.057
     176.22     0.004
     177.25    -0.132
     178.28    -0.268
     179.31     0.036
     180.34    -0.041
     181.37    -0.136
     182.40    -0.055
     183.43     0.021
     184.46    -0.043
     185.49     0.025
     186.52     0.007
     187.55     0.098
     188.58    -0.104
     189.61    -0.032
     190.64    -0.213
     191.67    -0.121
     192.70    -0.025
     193.74    -0.086
     194.77    -0.036
     195.80     0.163
     196.83    -0.100
     197.86     0.009
     198.89    -0.088
     199.92     0.093
     200.95     0.113
     201.98     0.232
     203.01     0.127
     204.04     0.109
     205.07    -0.130
     206.10     0.109
     207.13     0.011
     208.16     0.182
     209.19     0.091
     210.22    -0.079
     211.25     0.057
     212.28     0.161
     213.31     0.136
     214.35     0.029
     215.38    -0.036
     216.41    -0.043
     217.44     0.073
     218.47     0.173
     219.50    -0.077
     220.53    -0.038
     221.56    -0.014
     222.59     0.130
     223.62    -0.075
     224.65     0.046
     225.68     0.104
     226.71    -0.120
     227.74    -0.034
     228.77     0.011
     229.80     0.057
     230.83     0.221
     231.86     0.220
     232.89     0.121
     233.93    -0.113
     234.96    -0.066
     235.99    -0.043
     237.02    -0.079
     238.05    -0.038
     239.08    -0.063
     240.11     0.138
     241.14    -0.109
     242.17    -0.113
     243.20    -0.138
     244.23    -0.038
     245.26     0.091
     246.29     0.036
     247.32    -0.000
     248.35    -0.161
     249.38    -0.095
     250.41     0.164
     251.44     0.138
     252.47    -0.118
     253.50    -0.148
     254.54     0.159
     255.57    -0.029
     256.60     0.234
     257.63    -0.052
     258.66     0.038
     259.69     0.080
     260.72    -0.184
     261.75    -0.032
     262.78    -0.080
     263.81     0.261
     264.84     0.129
     265.87    -0.039
     266.90     0.113
     267.93    -0.007
     268.96    -0.173
     269.99    -0.052
     271.02    -0.127
     272.05    -0.152
     273.08     0.075
     274.11    -0.054
     275.15     0.095
     276.18    -0.027
     277.21    -0.138
     278.24     0.046
     279.27    -0.109
     280.30     0.020
     281.33    -0.205
     282.36     0.089
     283.39     0.002
     284.42     0.098
     285.45     0.009
     286.48    -0.059
     287.51     0.046
     288.54     0.095
     289.57     0.070
     290.60    -0.038
     291.63    -0.045
     292.66     0.157
     293.69    -0.016
     294.73     0.075
     295.76    -0.011
     296.79     0.014
     297.82     0.205
     298.85     0.009
     299.88    -0.059
     300.91    -0.009
     301.94    -0.091
     302.97     0.084
     304.00     0.179
     305.03     0.023
     306.06     0.179
     307.09     0.048
     308.12    -0.014
     309.15    -0.063
     310.18     0.034
     311.21    -0.082
     312.24    -0.054
     313.27    -0.198
     314.30     0.021
     315.34     0.032
     316.37     0.016
     317.40     0.105
     318.43     0.025
     319.46     0.079
     320.49     0.100
     321.52     0.075
     322.55     0.114
     323.58    -0.109
     324.61     0.048
     325.64     0.138
     326.67    -0.166
     327.70     0.029
     328.73    -0.061
     329.76     0.223
     330.79    -0.038
     331.82     0.154
     332.85    -0.197
     333.88    -0.120
     334.91     0.048
     335.95    -0.116
     336.98     0.086
     338.01    -0.179
     339.04    -0.263
     340.07    -0.036
     341.10     0.027
     342.13    -0.093
     343.16    -0.179
     344.19    -0.025
     345.22     0.071
     346.25     0.064
     347.28     0.038
     348.31     0.168
     349.34    -0.171
     350.37     0.154
     351.40    -0.054
     352.43    -0.057
     353.46     0.045
     354.49    -0.002
     355.52     0.159
     356.56    -0.113
     357.59    -0.039
     358.62     0.009
     359.65     0.020
     360.68     0.050
     361.71    -0.229
     362.74    -0.171
     363.77    -0.054
     364.80     0.093
     365.83    -0.227
     366.86     0.116
     367.89    -0.084
     368.92     0.093
     369.95     0.054
     370.98     0.095
     372.01    -0.107
     373.04     0.046
     374.07    -0.013
     375.10    -0.121
     376.14     0.077
     377.17    -0.005
     378.20    -0.039
     379.23     0.259
     380.26    -0.032
     381.29     0.193
     382.32     0.036
     383.35     0.034
     384.38    -0.013
     385.41     0.230
     386.44    -0.007
     387.47     0.104
     388.50     0.193
     389.53    -0.043
     390.56     0.061
     391.59    -0.038
     392.62     0.020
     393.65     0.182
     394.68     0.127
     395.71     0.061
     396.75     0.170
     397.78    -0.050
     398.81     0.005
     399.84     0.057
