%%   95.00000   7.50000    0   0.20000
% LAB  survey ------------------
% wanted position:  l, b, RA, DEC, and interpolated  NH
% 95.00 ;   7.50 ; 314.24 ;  57.05 ;  0.351E+22
% nearest position: l, b, RA, DEC, and observed NH
% 95.00 ;   7.50 ; 314.24 ;  57.05 ;  0.351E+22
% GASS III survey --------------
% NH - median within 6 arcmin radius   0.00    
% NH - mean within specified beam      0.00    
% EBHIS survey -----------------
% NH  within specified beam           0.367E+22
%%EBHIS   621  datapoints: v_lsr [km/s] and T_B [K]
    -399.25    -0.054
    -397.96    -0.096
    -396.68    -0.022
    -395.39    -0.128
    -394.10    -0.111
    -392.81     0.014
    -391.52     0.030
    -390.23    -0.001
    -388.95     0.086
    -387.66     0.150
    -386.37    -0.029
    -385.08     0.053
    -383.79     0.036
    -382.50     0.024
    -381.22     0.150
    -379.93     0.087
    -378.64     0.064
    -377.35     0.076
    -376.06     0.047
    -374.78     0.029
    -373.49    -0.023
    -372.20    -0.018
    -370.91     0.099
    -369.62    -0.045
    -368.33    -0.091
    -367.05    -0.175
    -365.76    -0.027
    -364.47     0.017
    -363.18     0.022
    -361.89    -0.031
    -360.60     0.100
    -359.32    -0.052
    -358.03    -0.044
    -356.74     0.018
    -355.45    -0.031
    -354.16     0.037
    -352.88     0.047
    -351.59    -0.002
    -350.30     0.033
    -349.01     0.088
    -347.72     0.047
    -346.43    -0.050
    -345.15    -0.061
    -343.86     0.073
    -342.57    -0.012
    -341.28     0.027
    -339.99    -0.185
    -338.70     0.039
    -337.42     0.047
    -336.13     0.032
    -334.84    -0.022
    -333.55    -0.081
    -332.26    -0.083
    -330.98    -0.107
    -329.69     0.036
    -328.40    -0.085
    -327.11    -0.060
    -325.82    -0.030
    -324.53     0.054
    -323.25    -0.068
    -321.96    -0.092
    -320.67    -0.037
    -319.38    -0.181
    -318.09    -0.069
    -316.80    -0.030
    -315.52     0.038
    -314.23     0.055
    -312.94     0.092
    -311.65    -0.022
    -310.36     0.053
    -309.08     0.087
    -307.79     0.148
    -306.50    -0.044
    -305.21     0.055
    -303.92    -0.045
    -302.63    -0.038
    -301.35    -0.082
    -300.06    -0.062
    -298.77    -0.147
    -297.48    -0.001
    -296.19     0.118
    -294.90    -0.071
    -293.62    -0.037
    -292.33    -0.085
    -291.04     0.006
    -289.75     0.001
    -288.46     0.032
    -287.18    -0.092
    -285.89     0.029
    -284.60     0.114
    -283.31     0.169
    -282.02     0.126
    -280.73     0.070
    -279.45     0.005
    -278.16     0.037
    -276.87     0.160
    -275.58    -0.018
    -274.29     0.043
    -273.00     0.005
    -271.72     0.018
    -270.43     0.054
    -269.14     0.049
    -267.85     0.040
    -266.56    -0.026
    -265.28    -0.070
    -263.99     0.167
    -262.70     0.015
    -261.41    -0.059
    -260.12    -0.040
    -258.83    -0.061
    -257.55    -0.094
    -256.26     0.009
    -254.97    -0.154
    -253.68    -0.058
    -252.39    -0.198
    -251.10    -0.070
    -249.82    -0.109
    -248.53    -0.105
    -247.24     0.027
    -245.95    -0.085
    -244.66    -0.042
    -243.38    -0.001
    -242.09    -0.059
    -240.80    -0.026
    -239.51     0.034
    -238.22    -0.018
    -236.93    -0.029
    -235.65    -0.063
    -234.36    -0.140
    -233.07     0.037
    -231.78     0.009
    -230.49     0.004
    -229.20     0.062
    -227.92    -0.123
    -226.63    -0.063
    -225.34     0.055
    -224.05    -0.029
    -222.76     0.021
    -221.48    -0.099
    -220.19    -0.072
    -218.90     0.082
    -217.61    -0.024
    -216.32    -0.168
    -215.03    -0.004
    -213.75     0.170
    -212.46     0.101
    -211.17     0.054
    -209.88    -0.003
    -208.59    -0.051
    -207.30    -0.065
    -206.02    -0.078
    -204.73     0.035
    -203.44     0.017
    -202.15    -0.041
    -200.86     0.050
    -199.58     0.017
    -198.29     0.036
    -197.00    -0.046
    -195.71    -0.037
    -194.42     0.119
    -193.13    -0.085
    -191.85    -0.010
    -190.56     0.103
    -189.27     0.144
    -187.98    -0.022
    -186.69     0.135
    -185.40     0.078
    -184.12     0.022
    -182.83     0.030
    -181.54    -0.076
    -180.25    -0.113
    -178.96    -0.002
    -177.68    -0.015
    -176.39     0.008
    -175.10     0.019
    -173.81     0.010
    -172.52    -0.045
    -171.23    -0.052
    -169.95     0.097
    -168.66    -0.078
    -167.37    -0.164
    -166.08    -0.167
    -164.79     0.069
    -163.50     0.032
    -162.22    -0.012
    -160.93    -0.014
    -159.64    -0.036
    -158.35     0.013
    -157.06     0.139
    -155.78     0.058
    -154.49     0.219
    -153.20     0.116
    -151.91     0.082
    -150.62     0.122
    -149.33     0.072
    -148.05     0.248
    -146.76     0.298
    -145.47     0.290
    -144.18     0.534
    -142.89     0.568
    -141.60     0.607
    -140.32     0.659
    -139.03     0.707
    -137.74     0.662
    -136.45     0.921
    -135.16     0.949
    -133.88     1.034
    -132.59     0.983
    -131.30     1.266
    -130.01     1.604
    -128.72     1.530
    -127.43     1.667
    -126.15     1.924
    -124.86     2.216
    -123.57     2.483
    -122.28     2.824
    -120.99     3.253
    -119.70     3.727
    -118.42     4.559
    -117.13     5.163
    -115.84     5.251
    -114.55     5.035
    -113.26     5.133
    -111.98     5.893
    -110.69     7.946
    -109.40    10.598
    -108.11    12.183
    -106.82    11.300
    -105.53     9.744
    -104.25     9.928
    -102.96    10.942
    -101.67    10.267
    -100.38     8.356
     -99.09     6.948
     -97.80     6.360
     -96.52     6.484
     -95.23     6.618
     -93.94     7.019
     -92.65     7.281
     -91.36     7.438
     -90.08     7.300
     -88.79     7.161
     -87.50     6.657
     -86.21     6.229
     -84.92     5.781
     -83.63     5.449
     -82.35     5.522
     -81.06     5.630
     -79.77     5.723
     -78.48     5.366
     -77.19     5.291
     -75.90     5.139
     -74.62     4.650
     -73.33     4.473
     -72.04     4.289
     -70.75     4.263
     -69.46     4.327
     -68.18     4.294
     -66.89     4.356
     -65.60     4.089
     -64.31     3.649
     -63.02     3.370
     -61.73     3.193
     -60.45     2.711
     -59.16     2.727
     -57.87     2.701
     -56.58     2.459
     -55.29     2.396
     -54.00     2.598
     -52.72     2.449
     -51.43     2.557
     -50.14     2.593
     -48.85     2.726
     -47.56     2.926
     -46.28     3.031
     -44.99     3.495
     -43.70     3.846
     -42.41     4.172
     -41.12     4.580
     -39.83     4.917
     -38.55     5.353
     -37.26     5.596
     -35.97     5.647
     -34.68     5.742
     -33.39     5.753
     -32.10     6.114
     -30.82     6.298
     -29.53     6.765
     -28.24     7.738
     -26.95     8.800
     -25.66    10.177
     -24.38    11.393
     -23.09    12.568
     -21.80    13.830
     -20.51    15.530
     -19.22    17.721
     -17.93    19.770
     -16.65    22.491
     -15.36    25.374
     -14.07    28.739
     -12.78    32.183
     -11.49    35.582
     -10.20    38.585
      -8.92    41.200
      -7.63    45.029
      -6.34    50.518
      -5.05    55.809
      -3.76    59.913
      -2.48    58.914
      -1.19    67.659
       0.10    81.023
       1.39    81.702
       2.68    73.497
       3.97    68.193
       5.25    58.708
       6.54    39.596
       7.83    22.589
       9.12    12.868
      10.41     8.111
      11.70     5.283
      12.98     3.640
      14.27     2.777
      15.56     2.003
      16.85     1.402
      18.14     1.118
      19.42     0.870
      20.71     0.547
      22.00     0.475
      23.29     0.332
      24.58     0.217
      25.87     0.088
      27.15     0.139
      28.44     0.245
      29.73     0.152
      31.02    -0.070
      32.31    -0.076
      33.60     0.016
      34.88    -0.061
      36.17    -0.042
      37.46    -0.001
      38.75     0.111
      40.04    -0.166
      41.32    -0.074
      42.61     0.079
      43.90    -0.023
      45.19    -0.021
      46.48    -0.105
      47.77    -0.054
      49.05    -0.211
      50.34    -0.059
      51.63    -0.114
      52.92    -0.016
      54.21    -0.087
      55.50     0.071
      56.78     0.105
      58.07    -0.009
      59.36     0.093
      60.65    -0.159
      61.94     0.074
      63.22    -0.076
      64.51     0.006
      65.80     0.083
      67.09    -0.032
      68.38    -0.001
      69.67    -0.079
      70.95     0.040
      72.24     0.052
      73.53     0.088
      74.82     0.102
      76.11     0.033
      77.40     0.001
      78.68     0.097
      79.97     0.160
      81.26     0.019
      82.55     0.061
      83.84     0.119
      85.12    -0.038
      86.41    -0.003
      87.70    -0.069
      88.99     0.007
      90.28    -0.014
      91.57    -0.033
      92.85     0.053
      94.14    -0.063
      95.43     0.006
      96.72     0.023
      98.01    -0.042
      99.30    -0.124
     100.58     0.001
     101.87     0.062
     103.16    -0.108
     104.45    -0.165
     105.74     0.001
     107.02     0.024
     108.31    -0.034
     109.60    -0.149
     110.89    -0.090
     112.18     0.003
     113.47     0.029
     114.75    -0.146
     116.04     0.012
     117.33     0.001
     118.62    -0.028
     119.91    -0.043
     121.20     0.025
     122.48     0.016
     123.77    -0.141
     125.06    -0.062
     126.35     0.142
     127.64     0.076
     128.92     0.053
     130.21     0.050
     131.50    -0.018
     132.79    -0.013
     134.08    -0.050
     135.37    -0.060
     136.65     0.031
     137.94     0.001
     139.23     0.111
     140.52     0.097
     141.81    -0.102
     143.09     0.035
     144.38    -0.007
     145.67     0.002
     146.96    -0.038
     148.25    -0.035
     149.54     0.086
     150.82    -0.102
     152.11    -0.070
     153.40     0.036
     154.69     0.040
     155.98     0.006
     157.27     0.219
     158.55     0.019
     159.84     0.215
     161.13     0.063
     162.42     0.067
     163.71    -0.018
     164.99     0.081
     166.28    -0.019
     167.57    -0.087
     168.86     0.033
     170.15    -0.076
     171.44    -0.008
     172.72    -0.188
     174.01    -0.085
     175.30    -0.128
     176.59     0.087
     177.88     0.023
     179.17     0.069
     180.45    -0.009
     181.74     0.071
     183.03     0.004
     184.32    -0.035
     185.61    -0.129
     186.89    -0.026
     188.18    -0.003
     189.47    -0.055
     190.76     0.088
     192.05     0.079
     193.34    -0.031
     194.62     0.013
     195.91     0.031
     197.20    -0.098
     198.49    -0.183
     199.78    -0.075
     201.07     0.034
     202.35     0.057
     203.64    -0.056
     204.93     0.003
     206.22    -0.027
     207.51     0.086
     208.79     0.030
     210.08     0.042
     211.37    -0.019
     212.66     0.045
     213.95     0.059
     215.24    -0.008
     216.52    -0.074
     217.81     0.006
     219.10     0.132
     220.39     0.081
     221.68    -0.132
     222.97     0.022
     224.25     0.050
     225.54    -0.043
     226.83    -0.031
     228.12    -0.047
     229.41    -0.009
     230.69    -0.055
     231.98    -0.128
     233.27    -0.053
     234.56    -0.166
     235.85    -0.017
     237.14    -0.041
     238.42    -0.049
     239.71    -0.051
     241.00     0.042
     242.29     0.123
     243.58     0.039
     244.87     0.041
     246.15    -0.000
     247.44     0.002
     248.73     0.069
     250.02     0.025
     251.31    -0.033
     252.59    -0.069
     253.88    -0.058
     255.17     0.090
     256.46     0.042
     257.75     0.098
     259.04     0.095
     260.32     0.009
     261.61     0.062
     262.90     0.192
     264.19    -0.049
     265.48    -0.045
     266.77    -0.021
     268.05     0.072
     269.34     0.117
     270.63    -0.036
     271.92     0.064
     273.21    -0.058
     274.49     0.010
     275.78     0.002
     277.07    -0.003
     278.36     0.035
     279.65     0.127
     280.94     0.267
     282.22     0.194
     283.51    -0.023
     284.80     0.149
     286.09    -0.059
     287.38     0.064
     288.67    -0.050
     289.95    -0.128
     291.24     0.071
     292.53     0.079
     293.82     0.021
     295.11    -0.003
     296.39     0.122
     297.68    -0.017
     298.97    -0.111
     300.26     0.015
     301.55     0.084
     302.84     0.032
     304.12    -0.047
     305.41     0.021
     306.70    -0.081
     307.99    -0.097
     309.28     0.013
     310.57     0.113
     311.85     0.010
     313.14     0.033
     314.43    -0.084
     315.72     0.093
     317.01    -0.005
     318.29     0.075
     319.58     0.040
     320.87    -0.240
     322.16    -0.201
     323.45    -0.035
     324.74     0.008
     326.02     0.069
     327.31    -0.129
     328.60    -0.052
     329.89     0.013
     331.18    -0.070
     332.47    -0.022
     333.75    -0.042
     335.04     0.057
     336.33    -0.061
     337.62    -0.011
     338.91     0.109
     340.19    -0.030
     341.48    -0.078
     342.77     0.030
     344.06    -0.014
     345.35    -0.026
     346.64    -0.026
     347.92     0.006
     349.21     0.033
     350.50     0.047
     351.79     0.122
     353.08     0.044
     354.37    -0.126
     355.65     0.000
     356.94     0.073
     358.23    -0.035
     359.52     0.020
     360.81     0.127
     362.09     0.014
     363.38     0.081
     364.67    -0.140
     365.96    -0.070
     367.25    -0.046
     368.54     0.031
     369.82     0.141
     371.11    -0.006
     372.40     0.149
     373.69    -0.069
     374.98     0.001
     376.27     0.057
     377.55    -0.033
     378.84     0.048
     380.13     0.102
     381.42    -0.007
     382.71     0.004
     383.99    -0.021
     385.28     0.025
     386.57    -0.026
     387.86     0.058
     389.15    -0.032
     390.44    -0.009
     391.72     0.068
     393.01     0.029
     394.30    -0.121
     395.59    -0.113
     396.88     0.024
     398.17     0.050
     399.45     0.021
%%GASS      0  datapoints: v_lsr [km/s] and T_B [K]
%%LAB     777  datapoints: v_lsr [km/s] and T_B [K]
    -399.83     0.117
    -398.80    -0.169
    -397.77    -0.009
    -396.74     0.052
    -395.71     0.017
    -394.68    -0.153
    -393.65    -0.086
    -392.62    -0.110
    -391.58    -0.060
    -390.55     0.088
    -389.52    -0.159
    -388.49     0.032
    -387.46     0.102
    -386.43    -0.037
    -385.40     0.042
    -384.37    -0.076
    -383.34    -0.088
    -382.31     0.002
    -381.28     0.065
    -380.25    -0.009
    -379.22    -0.026
    -378.19     0.092
    -377.16    -0.007
    -376.13     0.008
    -375.10     0.129
    -374.07     0.083
    -373.04     0.010
    -372.01    -0.009
    -370.97     0.023
    -369.94    -0.174
    -368.91     0.095
    -367.88     0.090
    -366.85     0.058
    -365.82     0.087
    -364.79     0.021
    -363.76     0.033
    -362.73    -0.076
    -361.70    -0.030
    -360.67    -0.013
    -359.64    -0.060
    -358.61    -0.151
    -357.58    -0.061
    -356.55    -0.056
    -355.52     0.034
    -354.49     0.039
    -353.46     0.153
    -352.43    -0.019
    -351.40    -0.026
    -350.37     0.057
    -349.33     0.074
    -348.30    -0.061
    -347.27     0.075
    -346.24     0.086
    -345.21     0.082
    -344.18     0.058
    -343.15     0.023
    -342.12     0.184
    -341.09    -0.001
    -340.06     0.136
    -339.03    -0.067
    -338.00    -0.008
    -336.97     0.153
    -335.94     0.064
    -334.91    -0.134
    -333.88    -0.024
    -332.85    -0.136
    -331.82     0.099
    -330.79    -0.003
    -329.76     0.029
    -328.73     0.171
    -327.69     0.035
    -326.66     0.153
    -325.63     0.048
    -324.60     0.004
    -323.57    -0.078
    -322.54     0.017
    -321.51    -0.102
    -320.48    -0.222
    -319.45     0.087
    -318.42    -0.013
    -317.39     0.028
    -316.36    -0.082
    -315.33    -0.024
    -314.30     0.000
    -313.27     0.050
    -312.24    -0.066
    -311.21     0.212
    -310.18    -0.116
    -309.15     0.017
    -308.12    -0.069
    -307.08    -0.045
    -306.05    -0.079
    -305.02    -0.015
    -303.99     0.099
    -302.96    -0.152
    -301.93    -0.151
    -300.90     0.120
    -299.87     0.069
    -298.84    -0.054
    -297.81     0.171
    -296.78     0.066
    -295.75     0.068
    -294.72     0.039
    -293.69    -0.152
    -292.66    -0.024
    -291.63    -0.098
    -290.60     0.029
    -289.57    -0.130
    -288.54    -0.068
    -287.51     0.018
    -286.48     0.015
    -285.44    -0.192
    -284.41    -0.040
    -283.38    -0.015
    -282.35     0.106
    -281.32     0.072
    -280.29     0.004
    -279.26     0.101
    -278.23     0.110
    -277.20    -0.055
    -276.17     0.004
    -275.14    -0.184
    -274.11    -0.129
    -273.08    -0.030
    -272.05    -0.018
    -271.02     0.040
    -269.99     0.008
    -268.96     0.165
    -267.93    -0.009
    -266.90    -0.060
    -265.87     0.015
    -264.83    -0.144
    -263.80    -0.037
    -262.77    -0.068
    -261.74     0.028
    -260.71    -0.116
    -259.68    -0.166
    -258.65    -0.172
    -257.62     0.033
    -256.59     0.110
    -255.56     0.224
    -254.53    -0.026
    -253.50     0.144
    -252.47     0.052
    -251.44     0.089
    -250.41    -0.015
    -249.38    -0.058
    -248.35     0.166
    -247.32     0.035
    -246.29     0.011
    -245.26     0.084
    -244.23     0.024
    -243.19     0.022
    -242.16     0.026
    -241.13     0.033
    -240.10    -0.037
    -239.07    -0.014
    -238.04     0.038
    -237.01     0.048
    -235.98    -0.126
    -234.95     0.095
    -233.92     0.214
    -232.89    -0.052
    -231.86    -0.003
    -230.83     0.131
    -229.80    -0.151
    -228.77     0.182
    -227.74     0.030
    -226.71     0.056
    -225.68    -0.120
    -224.65     0.027
    -223.62     0.131
    -222.58     0.021
    -221.55     0.082
    -220.52     0.063
    -219.49     0.111
    -218.46     0.015
    -217.43    -0.127
    -216.40    -0.127
    -215.37    -0.068
    -214.34     0.050
    -213.31    -0.072
    -212.28    -0.028
    -211.25    -0.087
    -210.22    -0.079
    -209.19    -0.043
    -208.16     0.193
    -207.13     0.042
    -206.10     0.047
    -205.07    -0.014
    -204.04    -0.127
    -203.01     0.124
    -201.98    -0.115
    -200.94     0.102
    -199.91     0.106
    -198.88     0.002
    -197.85    -0.055
    -196.82     0.012
    -195.79     0.136
    -194.76    -0.112
    -193.73     0.122
    -192.70     0.135
    -191.67     0.084
    -190.64    -0.030
    -189.61     0.142
    -188.58    -0.063
    -187.55    -0.012
    -186.52     0.104
    -185.49    -0.003
    -184.46     0.064
    -183.43    -0.243
    -182.40    -0.165
    -181.37     0.107
    -180.34     0.002
    -179.30     0.111
    -178.27     0.033
    -177.24     0.023
    -176.21    -0.170
    -175.18     0.056
    -174.15     0.044
    -173.12    -0.013
    -172.09     0.016
    -171.06     0.023
    -170.03    -0.044
    -169.00     0.254
    -167.97     0.062
    -166.94     0.035
    -165.91     0.062
    -164.88     0.113
    -163.85    -0.040
    -162.82    -0.153
    -161.79     0.015
    -160.76     0.033
    -159.73     0.233
    -158.69     0.141
    -157.66     0.003
    -156.63     0.197
    -155.60     0.146
    -154.57    -0.026
    -153.54     0.166
    -152.51     0.245
    -151.48     0.150
    -150.45     0.332
    -149.42     0.505
    -148.39     0.451
    -147.36     0.429
    -146.33     0.519
    -145.30     0.554
    -144.27     0.512
    -143.24     0.627
    -142.21     0.650
    -141.18     0.752
    -140.15     0.835
    -139.12     0.696
    -138.09     0.757
    -137.05     0.917
    -136.02     0.930
    -134.99     0.971
    -133.96     1.211
    -132.93     0.975
    -131.90     1.223
    -130.87     1.285
    -129.84     1.303
    -128.81     1.384
    -127.78     1.738
    -126.75     1.884
    -125.72     2.050
    -124.69     2.130
    -123.66     2.487
    -122.63     2.691
    -121.60     3.147
    -120.57     3.398
    -119.54     3.492
    -118.51     3.994
    -117.48     4.276
    -116.44     4.555
    -115.41     4.681
    -114.38     4.552
    -113.35     4.854
    -112.32     5.352
    -111.29     5.818
    -110.26     6.909
    -109.23     8.091
    -108.20     9.401
    -107.17    10.024
    -106.14     9.361
    -105.11     8.613
    -104.08     8.534
    -103.05     8.947
    -102.02     8.901
    -100.99     8.602
     -99.96     7.893
     -98.93     6.913
     -97.90     6.237
     -96.87     5.889
     -95.84     5.782
     -94.80     5.611
     -93.77     5.638
     -92.74     5.788
     -91.71     6.176
     -90.68     6.048
     -89.65     5.813
     -88.62     5.793
     -87.59     5.790
     -86.56     5.538
     -85.53     5.221
     -84.50     4.870
     -83.47     5.012
     -82.44     4.704
     -81.41     4.915
     -80.38     4.897
     -79.35     5.105
     -78.32     5.175
     -77.29     4.734
     -76.26     4.701
     -75.23     4.574
     -74.19     4.335
     -73.16     4.097
     -72.13     4.034
     -71.10     3.873
     -70.07     3.820
     -69.04     3.581
     -68.01     3.684
     -66.98     3.586
     -65.95     3.542
     -64.92     3.200
     -63.89     3.242
     -62.86     3.000
     -61.83     2.857
     -60.80     2.655
     -59.77     2.725
     -58.74     2.643
     -57.71     2.564
     -56.68     2.511
     -55.65     2.366
     -54.62     2.806
     -53.59     2.680
     -52.55     2.664
     -51.52     2.764
     -50.49     2.993
     -49.46     2.898
     -48.43     3.055
     -47.40     3.017
     -46.37     3.085
     -45.34     3.222
     -44.31     3.292
     -43.28     3.619
     -42.25     3.957
     -41.22     3.987
     -40.19     4.375
     -39.16     4.592
     -38.13     5.066
     -37.10     5.383
     -36.07     5.416
     -35.04     5.815
     -34.01     5.903
     -32.98     6.208
     -31.95     6.392
     -30.91     6.657
     -29.88     7.065
     -28.85     7.609
     -27.82     8.306
     -26.79     9.384
     -25.76    10.278
     -24.73    11.524
     -23.70    12.314
     -22.67    13.327
     -21.64    14.258
     -20.61    15.171
     -19.58    16.169
     -18.55    17.816
     -17.52    19.452
     -16.49    21.581
     -15.46    23.804
     -14.43    26.601
     -13.40    28.760
     -12.37    31.049
     -11.34    33.444
     -10.30    35.138
      -9.27    36.612
      -8.24    38.532
      -7.21    41.285
      -6.18    44.440
      -5.15    48.318
      -4.12    54.178
      -3.09    59.485
      -2.06    61.763
      -1.03    66.143
       0.00    74.926
       1.03    78.443
       2.06    76.280
       3.09    70.816
       4.12    66.531
       5.15    60.644
       6.18    48.080
       7.21    32.901
       8.24    21.370
       9.27    13.763
      10.30     9.464
      11.34     6.530
      12.37     4.899
      13.40     3.445
      14.43     2.836
      15.46     2.142
      16.49     1.607
      17.52     1.379
      18.55     1.056
      19.58     0.782
      20.61     0.550
      21.64     0.412
      22.67     0.406
      23.70     0.281
      24.73     0.302
      25.76     0.235
      26.79     0.171
      27.82     0.215
      28.85     0.117
      29.88    -0.036
      30.91     0.101
      31.95     0.148
      32.98     0.124
      34.01    -0.133
      35.04     0.195
      36.07     0.060
      37.10     0.089
      38.13    -0.148
      39.16     0.124
      40.19     0.245
      41.22    -0.094
      42.25     0.070
      43.28     0.126
      44.31    -0.027
      45.34    -0.033
      46.37    -0.009
      47.40     0.003
      48.43     0.016
      49.46     0.034
      50.49    -0.086
      51.52    -0.042
      52.55    -0.091
      53.59    -0.062
      54.62     0.084
      55.65     0.070
      56.68     0.205
      57.71     0.033
      58.74     0.045
      59.77     0.160
      60.80    -0.062
      61.83     0.108
      62.86     0.106
      63.89     0.153
      64.92     0.136
      65.95    -0.014
      66.98     0.021
      68.01    -0.050
      69.04     0.047
      70.07    -0.050
      71.10     0.014
      72.13    -0.012
      73.16    -0.079
      74.20     0.033
      75.23    -0.084
      76.26    -0.120
      77.29     0.056
      78.32     0.090
      79.35    -0.042
      80.38     0.041
      81.41    -0.036
      82.44     0.075
      83.47     0.134
      84.50     0.003
      85.53     0.034
      86.56     0.149
      87.59     0.014
      88.62    -0.073
      89.65     0.081
      90.68     0.035
      91.71     0.166
      92.74     0.035
      93.77    -0.032
      94.80    -0.052
      95.84    -0.034
      96.87     0.159
      97.90     0.141
      98.93     0.004
      99.96     0.003
     100.99    -0.010
     102.02     0.068
     103.05    -0.090
     104.08     0.028
     105.11    -0.092
     106.14    -0.014
     107.17     0.054
     108.20     0.000
     109.23    -0.240
     110.26     0.057
     111.29    -0.026
     112.32    -0.108
     113.35     0.215
     114.38    -0.048
     115.41     0.064
     116.44    -0.160
     117.48    -0.006
     118.51     0.005
     119.54    -0.100
     120.57     0.008
     121.60     0.078
     122.63    -0.159
     123.66     0.069
     124.69     0.015
     125.72     0.088
     126.75    -0.156
     127.78     0.095
     128.81    -0.108
     129.84    -0.074
     130.87    -0.022
     131.90    -0.044
     132.93    -0.061
     133.96    -0.020
     134.99    -0.033
     136.02     0.023
     137.05    -0.139
     138.09    -0.070
     139.12    -0.004
     140.15     0.012
     141.18    -0.019
     142.21     0.142
     143.24    -0.052
     144.27    -0.031
     145.30    -0.025
     146.33     0.136
     147.36    -0.168
     148.39     0.100
     149.42    -0.085
     150.45     0.098
     151.48     0.102
     152.51     0.176
     153.54    -0.003
     154.57     0.069
     155.60    -0.100
     156.63     0.015
     157.66     0.066
     158.69    -0.020
     159.73     0.111
     160.76    -0.147
     161.79    -0.013
     162.82     0.016
     163.85    -0.022
     164.88     0.178
     165.91     0.060
     166.94     0.111
     167.97    -0.063
     169.00    -0.025
     170.03     0.033
     171.06     0.118
     172.09     0.032
     173.12    -0.036
     174.15    -0.004
     175.18     0.213
     176.21     0.064
     177.24    -0.026
     178.27     0.068
     179.30    -0.070
     180.34     0.066
     181.37     0.005
     182.40     0.135
     183.43    -0.133
     184.46    -0.090
     185.49    -0.050
     186.52    -0.078
     187.55     0.052
     188.58    -0.237
     189.61    -0.033
     190.64     0.060
     191.67     0.102
     192.70    -0.132
     193.73    -0.169
     194.76    -0.027
     195.79     0.057
     196.82     0.074
     197.85    -0.060
     198.88    -0.061
     199.91     0.036
     200.94    -0.032
     201.98     0.098
     203.01     0.185
     204.04     0.000
     205.07     0.009
     206.10     0.000
     207.13     0.044
     208.16     0.098
     209.19    -0.036
     210.22     0.191
     211.25    -0.166
     212.28    -0.126
     213.31    -0.153
     214.34    -0.103
     215.37     0.000
     216.40     0.126
     217.43    -0.098
     218.46     0.099
     219.49     0.098
     220.52     0.057
     221.55     0.095
     222.58     0.163
     223.62     0.023
     224.65     0.138
     225.68    -0.177
     226.71     0.004
     227.74    -0.067
     228.77     0.062
     229.80    -0.044
     230.83    -0.020
     231.86    -0.170
     232.89     0.006
     233.92    -0.033
     234.95     0.105
     235.98    -0.044
     237.01     0.057
     238.04    -0.067
     239.07     0.122
     240.10    -0.090
     241.13    -0.051
     242.16    -0.068
     243.19     0.050
     244.23     0.014
     245.26     0.104
     246.29     0.023
     247.32     0.144
     248.35    -0.046
     249.38     0.054
     250.41    -0.168
     251.44     0.167
     252.47     0.078
     253.50     0.185
     254.53     0.068
     255.56     0.069
     256.59    -0.063
     257.62    -0.144
     258.65     0.000
     259.68    -0.039
     260.71    -0.001
     261.74     0.032
     262.77     0.130
     263.80     0.040
     264.83    -0.216
     265.87    -0.027
     266.90    -0.130
     267.93    -0.121
     268.96    -0.054
     269.99     0.064
     271.02    -0.164
     272.05     0.047
     273.08    -0.132
     274.11     0.137
     275.14     0.018
     276.17    -0.037
     277.20    -0.028
     278.23     0.046
     279.26    -0.051
     280.29    -0.127
     281.32    -0.056
     282.35     0.118
     283.38    -0.080
     284.41    -0.004
     285.44    -0.087
     286.48     0.166
     287.51     0.083
     288.54     0.176
     289.57    -0.178
     290.60     0.053
     291.63    -0.045
     292.66    -0.100
     293.69     0.024
     294.72     0.239
     295.75    -0.070
     296.78     0.050
     297.81    -0.037
     298.84    -0.099
     299.87    -0.045
     300.90    -0.031
     301.93    -0.007
     302.96     0.071
     303.99     0.045
     305.02     0.137
     306.05    -0.200
     307.08     0.010
     308.12    -0.063
     309.15     0.042
     310.18    -0.127
     311.21     0.030
     312.24     0.106
     313.27    -0.018
     314.30    -0.134
     315.33    -0.019
     316.36    -0.062
     317.39    -0.104
     318.42     0.045
     319.45    -0.058
     320.48    -0.104
     321.51    -0.081
     322.54    -0.006
     323.57    -0.133
     324.60    -0.183
     325.63     0.134
     326.66     0.003
     327.69     0.225
     328.73     0.153
     329.76    -0.038
     330.79    -0.043
     331.82     0.068
     332.85     0.118
     333.88     0.011
     334.91    -0.002
     335.94    -0.012
     336.97    -0.031
     338.00     0.164
     339.03    -0.070
     340.06     0.171
     341.09     0.130
     342.12    -0.027
     343.15     0.012
     344.18     0.197
     345.21     0.006
     346.24     0.035
     347.27    -0.117
     348.30     0.105
     349.33    -0.036
     350.37    -0.117
     351.40    -0.096
     352.43     0.058
     353.46    -0.022
     354.49     0.054
     355.52     0.040
     356.55    -0.010
     357.58    -0.192
     358.61    -0.036
     359.64     0.046
     360.67     0.068
     361.70     0.083
     362.73    -0.115
     363.76     0.094
     364.79     0.129
     365.82    -0.063
     366.85    -0.061
     367.88    -0.034
     368.91     0.009
     369.94    -0.166
     370.97    -0.006
     372.01     0.088
     373.04    -0.075
     374.07    -0.043
     375.10    -0.064
     376.13    -0.007
     377.16     0.032
     378.19     0.164
     379.22    -0.063
     380.25     0.033
     381.28    -0.086
     382.31    -0.007
     383.34     0.033
     384.37     0.018
     385.40     0.080
     386.43    -0.086
     387.46    -0.061
     388.49    -0.118
     389.52     0.053
     390.55     0.052
     391.58     0.071
     392.62     0.187
     393.65     0.122
     394.68    -0.193
     395.71     0.123
     396.74    -0.075
     397.77    -0.062
     398.80    -0.025
     399.83     0.008
