%%  100.00000 -10.00000    0   0.20000
% LAB  survey ------------------
% wanted position:  l, b, RA, DEC, and interpolated  NH
%100.00 ; -10.00 ; 338.82 ;  46.72 ;  0.143E+22
% nearest position: l, b, RA, DEC, and observed NH
%100.00 ; -10.00 ; 338.82 ;  46.72 ;  0.143E+22
% GASS III survey --------------
% NH - median within 6 arcmin radius   0.00    
% NH - mean within specified beam      0.00    
% EBHIS survey -----------------
% NH  within specified beam           0.142E+22
%%EBHIS   621  datapoints: v_lsr [km/s] and T_B [K]
    -399.25    -0.120
    -397.96     0.062
    -396.68     0.094
    -395.39     0.078
    -394.10     0.107
    -392.81     0.052
    -391.52    -0.017
    -390.23    -0.168
    -388.95    -0.009
    -387.66     0.066
    -386.37     0.131
    -385.08     0.124
    -383.79     0.074
    -382.50     0.037
    -381.22     0.032
    -379.93     0.088
    -378.64    -0.005
    -377.35    -0.025
    -376.06     0.132
    -374.78     0.069
    -373.49    -0.015
    -372.20     0.060
    -370.91     0.093
    -369.62    -0.037
    -368.33     0.044
    -367.05     0.077
    -365.76    -0.069
    -364.47    -0.088
    -363.18     0.009
    -361.89    -0.084
    -360.60     0.012
    -359.32    -0.106
    -358.03    -0.047
    -356.74     0.029
    -355.45    -0.048
    -354.16    -0.005
    -352.88     0.022
    -351.59     0.001
    -350.30    -0.092
    -349.01    -0.032
    -347.72     0.075
    -346.43     0.021
    -345.15    -0.116
    -343.86    -0.008
    -342.57    -0.028
    -341.28    -0.004
    -339.99     0.061
    -338.70    -0.019
    -337.42     0.034
    -336.13     0.067
    -334.84    -0.031
    -333.55     0.017
    -332.26    -0.005
    -330.98    -0.052
    -329.69    -0.002
    -328.40     0.076
    -327.11    -0.030
    -325.82    -0.038
    -324.53    -0.009
    -323.25    -0.019
    -321.96     0.097
    -320.67    -0.017
    -319.38     0.077
    -318.09     0.025
    -316.80     0.118
    -315.52     0.065
    -314.23    -0.009
    -312.94    -0.014
    -311.65     0.055
    -310.36    -0.048
    -309.08    -0.106
    -307.79    -0.028
    -306.50    -0.067
    -305.21     0.024
    -303.92    -0.043
    -302.63    -0.030
    -301.35     0.061
    -300.06    -0.098
    -298.77     0.021
    -297.48    -0.000
    -296.19     0.034
    -294.90    -0.013
    -293.62    -0.023
    -292.33     0.004
    -291.04    -0.036
    -289.75    -0.057
    -288.46    -0.108
    -287.18    -0.030
    -285.89     0.062
    -284.60     0.035
    -283.31     0.010
    -282.02     0.003
    -280.73    -0.101
    -279.45    -0.039
    -278.16    -0.031
    -276.87    -0.080
    -275.58    -0.016
    -274.29     0.012
    -273.00    -0.032
    -271.72     0.050
    -270.43     0.046
    -269.14     0.124
    -267.85    -0.064
    -266.56    -0.045
    -265.28     0.019
    -263.99     0.007
    -262.70    -0.020
    -261.41    -0.102
    -260.12    -0.002
    -258.83    -0.119
    -257.55     0.013
    -256.26     0.143
    -254.97     0.097
    -253.68     0.084
    -252.39     0.016
    -251.10    -0.010
    -249.82    -0.120
    -248.53     0.095
    -247.24     0.143
    -245.95     0.034
    -244.66     0.075
    -243.38     0.048
    -242.09    -0.082
    -240.80    -0.156
    -239.51    -0.050
    -238.22     0.020
    -236.93     0.053
    -235.65    -0.122
    -234.36    -0.091
    -233.07     0.045
    -231.78     0.061
    -230.49     0.125
    -229.20     0.019
    -227.92    -0.092
    -226.63     0.030
    -225.34     0.014
    -224.05    -0.049
    -222.76    -0.048
    -221.48    -0.043
    -220.19     0.097
    -218.90    -0.104
    -217.61    -0.015
    -216.32     0.038
    -215.03    -0.046
    -213.75     0.121
    -212.46     0.010
    -211.17    -0.023
    -209.88    -0.045
    -208.59    -0.177
    -207.30    -0.004
    -206.02     0.030
    -204.73    -0.010
    -203.44     0.084
    -202.15    -0.045
    -200.86    -0.016
    -199.58     0.088
    -198.29     0.013
    -197.00    -0.019
    -195.71     0.103
    -194.42    -0.050
    -193.13    -0.025
    -191.85     0.021
    -190.56     0.022
    -189.27    -0.024
    -187.98     0.052
    -186.69     0.045
    -185.40     0.033
    -184.12     0.063
    -182.83    -0.131
    -181.54    -0.003
    -180.25     0.167
    -178.96     0.072
    -177.68     0.076
    -176.39     0.138
    -175.10     0.014
    -173.81     0.085
    -172.52     0.146
    -171.23     0.004
    -169.95     0.071
    -168.66    -0.003
    -167.37     0.017
    -166.08     0.202
    -164.79     0.181
    -163.50     0.097
    -162.22     0.047
    -160.93     0.026
    -159.64     0.053
    -158.35     0.117
    -157.06     0.106
    -155.78     0.001
    -154.49     0.227
    -153.20     0.103
    -151.91     0.172
    -150.62     0.161
    -149.33     0.051
    -148.05     0.254
    -146.76     0.085
    -145.47     0.091
    -144.18     0.082
    -142.89     0.215
    -141.60     0.110
    -140.32     0.252
    -139.03     0.322
    -137.74     0.395
    -136.45     0.435
    -135.16     0.420
    -133.88     0.269
    -132.59     0.499
    -131.30     0.508
    -130.01     0.406
    -128.72     0.352
    -127.43     0.205
    -126.15     0.166
    -124.86     0.293
    -123.57     0.133
    -122.28     0.148
    -120.99     0.071
    -119.70     0.082
    -118.42     0.126
    -117.13     0.098
    -115.84     0.105
    -114.55     0.028
    -113.26     0.081
    -111.98     0.010
    -110.69     0.061
    -109.40     0.121
    -108.11     0.211
    -106.82     0.114
    -105.53     0.240
    -104.25     0.149
    -102.96     0.172
    -101.67     0.144
    -100.38     0.248
     -99.09     0.412
     -97.80     0.407
     -96.52     0.281
     -95.23     0.443
     -93.94     0.483
     -92.65     0.478
     -91.36     0.413
     -90.08     0.550
     -88.79     0.592
     -87.50     0.626
     -86.21     0.691
     -84.92     0.757
     -83.63     0.822
     -82.35     0.933
     -81.06     0.977
     -79.77     1.046
     -78.48     1.236
     -77.19     1.285
     -75.90     1.568
     -74.62     1.763
     -73.33     2.007
     -72.04     1.955
     -70.75     1.933
     -69.46     1.824
     -68.18     1.833
     -66.89     1.806
     -65.60     1.711
     -64.31     2.006
     -63.02     1.896
     -61.73     2.198
     -60.45     2.223
     -59.16     2.288
     -57.87     2.396
     -56.58     2.550
     -55.29     2.938
     -54.00     3.023
     -52.72     3.195
     -51.43     3.509
     -50.14     3.680
     -48.85     3.771
     -47.56     3.786
     -46.28     3.675
     -44.99     3.685
     -43.70     3.636
     -42.41     3.664
     -41.12     3.775
     -39.83     3.926
     -38.55     3.902
     -37.26     4.009
     -35.97     4.094
     -34.68     4.253
     -33.39     4.344
     -32.10     4.347
     -30.82     4.188
     -29.53     4.215
     -28.24     4.160
     -26.95     4.084
     -25.66     3.948
     -24.38     3.801
     -23.09     3.758
     -21.80     3.982
     -20.51     4.212
     -19.22     4.560
     -17.93     5.501
     -16.65     6.835
     -15.36     8.828
     -14.07    11.571
     -12.78    13.825
     -11.49    15.252
     -10.20    16.681
      -8.92    18.000
      -7.63    19.151
      -6.34    19.878
      -5.05    20.020
      -3.76    19.854
      -2.48    20.078
      -1.19    22.517
       0.10    28.670
       1.39    36.003
       2.68    41.506
       3.97    36.172
       5.25    22.758
       6.54    13.484
       7.83     9.564
       9.12     7.157
      10.41     5.353
      11.70     4.042
      12.98     3.212
      14.27     2.276
      15.56     1.649
      16.85     1.485
      18.14     1.249
      19.42     0.890
      20.71     0.697
      22.00     0.511
      23.29     0.332
      24.58     0.309
      25.87     0.285
      27.15     0.280
      28.44     0.223
      29.73     0.198
      31.02     0.188
      32.31     0.185
      33.60     0.100
      34.88     0.016
      36.17    -0.049
      37.46    -0.053
      38.75    -0.005
      40.04     0.012
      41.32    -0.022
      42.61     0.068
      43.90    -0.117
      45.19    -0.075
      46.48     0.055
      47.77     0.011
      49.05    -0.045
      50.34     0.042
      51.63     0.058
      52.92    -0.020
      54.21     0.057
      55.50     0.023
      56.78    -0.049
      58.07    -0.079
      59.36    -0.029
      60.65    -0.043
      61.94    -0.014
      63.22    -0.045
      64.51    -0.021
      65.80     0.114
      67.09     0.073
      68.38    -0.035
      69.67    -0.082
      70.95    -0.013
      72.24     0.036
      73.53    -0.027
      74.82     0.062
      76.11    -0.001
      77.40     0.099
      78.68     0.042
      79.97    -0.082
      81.26     0.056
      82.55     0.023
      83.84     0.047
      85.12     0.008
      86.41    -0.074
      87.70    -0.237
      88.99    -0.023
      90.28     0.066
      91.57    -0.023
      92.85    -0.109
      94.14    -0.041
      95.43    -0.030
      96.72     0.044
      98.01     0.001
      99.30    -0.084
     100.58    -0.113
     101.87     0.003
     103.16    -0.064
     104.45    -0.072
     105.74    -0.020
     107.02     0.026
     108.31    -0.023
     109.60     0.032
     110.89    -0.031
     112.18     0.009
     113.47     0.001
     114.75    -0.069
     116.04     0.062
     117.33     0.144
     118.62     0.002
     119.91     0.013
     121.20    -0.117
     122.48     0.024
     123.77     0.011
     125.06    -0.101
     126.35     0.117
     127.64     0.017
     128.92     0.067
     130.21     0.075
     131.50     0.010
     132.79     0.132
     134.08     0.035
     135.37    -0.024
     136.65    -0.000
     137.94     0.124
     139.23     0.019
     140.52    -0.017
     141.81    -0.030
     143.09     0.079
     144.38     0.037
     145.67    -0.035
     146.96    -0.070
     148.25     0.077
     149.54     0.071
     150.82     0.223
     152.11    -0.001
     153.40    -0.010
     154.69     0.026
     155.98     0.047
     157.27    -0.022
     158.55    -0.046
     159.84    -0.039
     161.13    -0.037
     162.42     0.044
     163.71    -0.004
     164.99     0.005
     166.28     0.076
     167.57    -0.116
     168.86     0.004
     170.15     0.031
     171.44     0.075
     172.72    -0.038
     174.01    -0.025
     175.30     0.056
     176.59    -0.073
     177.88     0.014
     179.17     0.075
     180.45    -0.039
     181.74     0.057
     183.03     0.037
     184.32    -0.057
     185.61    -0.142
     186.89    -0.019
     188.18     0.076
     189.47    -0.010
     190.76     0.072
     192.05    -0.102
     193.34     0.055
     194.62     0.034
     195.91    -0.103
     197.20    -0.111
     198.49    -0.100
     199.78     0.023
     201.07    -0.027
     202.35    -0.109
     203.64     0.018
     204.93     0.031
     206.22     0.033
     207.51    -0.017
     208.79     0.043
     210.08    -0.101
     211.37     0.042
     212.66    -0.015
     213.95    -0.045
     215.24    -0.072
     216.52    -0.004
     217.81    -0.209
     219.10    -0.055
     220.39    -0.053
     221.68     0.031
     222.97     0.057
     224.25     0.078
     225.54     0.049
     226.83    -0.098
     228.12     0.013
     229.41    -0.051
     230.69    -0.152
     231.98    -0.004
     233.27     0.069
     234.56     0.010
     235.85    -0.033
     237.14     0.051
     238.42    -0.071
     239.71    -0.031
     241.00    -0.054
     242.29    -0.049
     243.58     0.052
     244.87    -0.053
     246.15     0.060
     247.44    -0.052
     248.73    -0.004
     250.02    -0.062
     251.31     0.043
     252.59     0.075
     253.88    -0.059
     255.17     0.084
     256.46     0.051
     257.75     0.033
     259.04     0.003
     260.32     0.009
     261.61     0.022
     262.90    -0.011
     264.19     0.053
     265.48    -0.019
     266.77    -0.032
     268.05     0.034
     269.34    -0.023
     270.63     0.087
     271.92     0.001
     273.21     0.068
     274.49    -0.004
     275.78     0.046
     277.07     0.016
     278.36     0.074
     279.65     0.099
     280.94     0.011
     282.22     0.043
     283.51     0.133
     284.80     0.119
     286.09    -0.018
     287.38    -0.126
     288.67    -0.017
     289.95     0.034
     291.24    -0.042
     292.53     0.038
     293.82     0.000
     295.11    -0.130
     296.39    -0.135
     297.68     0.085
     298.97     0.125
     300.26    -0.034
     301.55    -0.012
     302.84     0.013
     304.12     0.069
     305.41     0.128
     306.70     0.078
     307.99    -0.003
     309.28    -0.009
     310.57    -0.025
     311.85    -0.024
     313.14     0.078
     314.43     0.100
     315.72    -0.076
     317.01     0.095
     318.29     0.030
     319.58     0.047
     320.87     0.042
     322.16     0.093
     323.45     0.074
     324.74     0.016
     326.02    -0.069
     327.31     0.026
     328.60    -0.027
     329.89    -0.002
     331.18     0.098
     332.47     0.010
     333.75    -0.122
     335.04     0.028
     336.33    -0.029
     337.62    -0.026
     338.91    -0.140
     340.19    -0.146
     341.48    -0.008
     342.77    -0.103
     344.06    -0.055
     345.35    -0.019
     346.64     0.016
     347.92     0.011
     349.21    -0.099
     350.50     0.134
     351.79     0.069
     353.08     0.011
     354.37    -0.008
     355.65    -0.036
     356.94    -0.000
     358.23     0.094
     359.52    -0.073
     360.81    -0.038
     362.09     0.047
     363.38    -0.107
     364.67     0.064
     365.96    -0.099
     367.25    -0.087
     368.54     0.036
     369.82     0.083
     371.11    -0.008
     372.40     0.046
     373.69    -0.174
     374.98    -0.069
     376.27     0.023
     377.55    -0.136
     378.84    -0.019
     380.13    -0.018
     381.42    -0.000
     382.71    -0.093
     383.99    -0.001
     385.28     0.062
     386.57     0.005
     387.86    -0.141
     389.15     0.015
     390.44     0.042
     391.72     0.082
     393.01    -0.018
     394.30     0.106
     395.59     0.145
     396.88     0.078
     398.17     0.078
     399.45     0.140
%%GASS      0  datapoints: v_lsr [km/s] and T_B [K]
%%LAB     777  datapoints: v_lsr [km/s] and T_B [K]
    -399.86     0.096
    -398.83    -0.059
    -397.80    -0.050
    -396.77     0.075
    -395.74     0.006
    -394.71     0.028
    -393.68     0.067
    -392.65     0.079
    -391.62    -0.031
    -390.59    -0.045
    -389.55    -0.069
    -388.52     0.032
    -387.49     0.075
    -386.46     0.061
    -385.43     0.199
    -384.40     0.062
    -383.37    -0.091
    -382.34    -0.055
    -381.31    -0.105
    -380.28    -0.068
    -379.25     0.053
    -378.22    -0.042
    -377.19     0.063
    -376.16     0.020
    -375.13     0.025
    -374.10    -0.017
    -373.07    -0.049
    -372.04    -0.061
    -371.00    -0.021
    -369.97    -0.009
    -368.94     0.090
    -367.91    -0.215
    -366.88     0.023
    -365.85    -0.017
    -364.82     0.007
    -363.79    -0.068
    -362.76    -0.083
    -361.73    -0.005
    -360.70    -0.010
    -359.67    -0.080
    -358.64    -0.058
    -357.61    -0.031
    -356.58    -0.108
    -355.55     0.021
    -354.52    -0.031
    -353.48    -0.007
    -352.45     0.028
    -351.42     0.192
    -350.39     0.090
    -349.36    -0.049
    -348.33     0.195
    -347.30     0.079
    -346.27     0.001
    -345.24     0.117
    -344.21    -0.009
    -343.18    -0.006
    -342.15     0.027
    -341.12     0.070
    -340.09    -0.022
    -339.06     0.011
    -338.03     0.188
    -337.00     0.043
    -335.97     0.144
    -334.93     0.036
    -333.90    -0.024
    -332.87     0.269
    -331.84    -0.012
    -330.81    -0.021
    -329.78     0.089
    -328.75    -0.059
    -327.72    -0.069
    -326.69    -0.053
    -325.66     0.038
    -324.63    -0.006
    -323.60     0.176
    -322.57     0.060
    -321.54     0.144
    -320.51    -0.004
    -319.48     0.073
    -318.45    -0.051
    -317.42    -0.055
    -316.38    -0.076
    -315.35     0.073
    -314.32    -0.061
    -313.29     0.064
    -312.26    -0.063
    -311.23     0.025
    -310.20     0.052
    -309.17     0.008
    -308.14     0.057
    -307.11     0.026
    -306.08    -0.069
    -305.05     0.012
    -304.02     0.004
    -302.99    -0.067
    -301.96    -0.016
    -300.93     0.100
    -299.90     0.074
    -298.86     0.132
    -297.83    -0.054
    -296.80     0.082
    -295.77    -0.076
    -294.74     0.123
    -293.71    -0.027
    -292.68    -0.063
    -291.65    -0.179
    -290.62    -0.174
    -289.59    -0.169
    -288.56     0.094
    -287.53    -0.048
    -286.50     0.087
    -285.47     0.092
    -284.44     0.010
    -283.41     0.068
    -282.38    -0.147
    -281.35    -0.062
    -280.31     0.023
    -279.28     0.055
    -278.25     0.050
    -277.22    -0.068
    -276.19     0.080
    -275.16     0.091
    -274.13     0.036
    -273.10    -0.074
    -272.07     0.229
    -271.04    -0.026
    -270.01     0.028
    -268.98    -0.097
    -267.95    -0.078
    -266.92    -0.035
    -265.89    -0.035
    -264.86    -0.006
    -263.83     0.168
    -262.79     0.040
    -261.76    -0.039
    -260.73    -0.057
    -259.70     0.022
    -258.67     0.137
    -257.64     0.035
    -256.61    -0.058
    -255.58     0.015
    -254.55    -0.118
    -253.52    -0.002
    -252.49    -0.066
    -251.46     0.032
    -250.43    -0.017
    -249.40    -0.037
    -248.37     0.115
    -247.34     0.172
    -246.31    -0.083
    -245.28    -0.093
    -244.24    -0.030
    -243.21    -0.036
    -242.18    -0.103
    -241.15    -0.129
    -240.12     0.003
    -239.09     0.087
    -238.06    -0.149
    -237.03    -0.040
    -236.00     0.018
    -234.97     0.094
    -233.94    -0.171
    -232.91    -0.074
    -231.88     0.090
    -230.85     0.003
    -229.82     0.046
    -228.79    -0.014
    -227.76     0.067
    -226.73    -0.009
    -225.69     0.000
    -224.66     0.124
    -223.63    -0.064
    -222.60     0.046
    -221.57     0.105
    -220.54    -0.017
    -219.51    -0.086
    -218.48     0.034
    -217.45     0.034
    -216.42    -0.036
    -215.39     0.035
    -214.36     0.012
    -213.33     0.100
    -212.30    -0.019
    -211.27     0.009
    -210.24     0.012
    -209.21    -0.141
    -208.17    -0.056
    -207.14    -0.069
    -206.11     0.028
    -205.08    -0.108
    -204.05     0.060
    -203.02    -0.038
    -201.99     0.030
    -200.96    -0.048
    -199.93    -0.162
    -198.90     0.072
    -197.87     0.016
    -196.84    -0.043
    -195.81     0.097
    -194.78     0.105
    -193.75     0.137
    -192.72    -0.083
    -191.69     0.018
    -190.66    -0.117
    -189.62    -0.050
    -188.59     0.070
    -187.56    -0.086
    -186.53    -0.037
    -185.50    -0.141
    -184.47    -0.177
    -183.44     0.036
    -182.41    -0.034
    -181.38     0.037
    -180.35    -0.042
    -179.32    -0.034
    -178.29    -0.037
    -177.26    -0.075
    -176.23     0.020
    -175.20    -0.023
    -174.17     0.013
    -173.14     0.070
    -172.10     0.031
    -171.07     0.021
    -170.04     0.028
    -169.01    -0.047
    -167.98     0.049
    -166.95     0.073
    -165.92     0.126
    -164.89     0.073
    -163.86     0.090
    -162.83     0.124
    -161.80    -0.152
    -160.77    -0.146
    -159.74     0.099
    -158.71     0.161
    -157.68     0.050
    -156.65     0.158
    -155.62     0.115
    -154.59     0.082
    -153.55     0.003
    -152.52    -0.043
    -151.49     0.259
    -150.46     0.052
    -149.43     0.038
    -148.40     0.076
    -147.37     0.040
    -146.34     0.157
    -145.31     0.006
    -144.28     0.116
    -143.25     0.019
    -142.22     0.167
    -141.19     0.228
    -140.16     0.142
    -139.13     0.226
    -138.10     0.157
    -137.07     0.218
    -136.04     0.215
    -135.00     0.229
    -133.97     0.275
    -132.94     0.369
    -131.91     0.268
    -130.88     0.407
    -129.85     0.252
    -128.82     0.161
    -127.79     0.201
    -126.76     0.119
    -125.73     0.133
    -124.70     0.089
    -123.67     0.020
    -122.64     0.050
    -121.61     0.003
    -120.58     0.094
    -119.55    -0.026
    -118.52     0.117
    -117.48    -0.031
    -116.45     0.050
    -115.42    -0.024
    -114.39    -0.024
    -113.36     0.025
    -112.33     0.105
    -111.30     0.139
    -110.27     0.078
    -109.24     0.031
    -108.21    -0.039
    -107.18     0.104
    -106.15     0.039
    -105.12     0.088
    -104.09     0.103
    -103.06     0.167
    -102.03     0.143
    -101.00     0.245
     -99.97     0.241
     -98.93     0.347
     -97.90     0.424
     -96.87     0.373
     -95.84     0.460
     -94.81     0.456
     -93.78     0.321
     -92.75     0.502
     -91.72     0.466
     -90.69     0.617
     -89.66     0.548
     -88.63     0.522
     -87.60     0.641
     -86.57     0.745
     -85.54     0.752
     -84.51     0.740
     -83.48     0.910
     -82.45     0.847
     -81.41     0.756
     -80.38     1.008
     -79.35     1.041
     -78.32     0.957
     -77.29     1.179
     -76.26     1.293
     -75.23     1.258
     -74.20     1.575
     -73.17     1.346
     -72.14     1.552
     -71.11     1.505
     -70.08     1.497
     -69.05     1.416
     -68.02     1.511
     -66.99     1.471
     -65.96     1.549
     -64.93     1.854
     -63.90     1.697
     -62.86     1.791
     -61.83     1.878
     -60.80     1.929
     -59.77     2.275
     -58.74     2.438
     -57.71     2.500
     -56.68     2.518
     -55.65     2.935
     -54.62     2.847
     -53.59     3.105
     -52.56     3.280
     -51.53     3.418
     -50.50     3.342
     -49.47     3.415
     -48.44     3.509
     -47.41     3.401
     -46.38     3.344
     -45.35     3.600
     -44.31     3.326
     -43.28     3.494
     -42.25     3.502
     -41.22     3.609
     -40.19     3.722
     -39.16     3.812
     -38.13     3.665
     -37.10     3.884
     -36.07     3.788
     -35.04     3.804
     -34.01     3.899
     -32.98     3.958
     -31.95     4.077
     -30.92     4.007
     -29.89     3.988
     -28.86     4.166
     -27.83     3.978
     -26.79     4.154
     -25.76     3.925
     -24.73     4.037
     -23.70     4.073
     -22.67     4.232
     -21.64     4.356
     -20.61     4.776
     -19.58     5.079
     -18.55     5.973
     -17.52     6.946
     -16.49     8.173
     -15.46    10.178
     -14.43    12.697
     -13.40    15.040
     -12.37    16.943
     -11.34    18.200
     -10.31    19.235
      -9.28    19.963
      -8.24    20.005
      -7.21    19.895
      -6.18    20.124
      -5.15    20.367
      -4.12    20.200
      -3.09    20.006
      -2.06    20.310
      -1.03    22.203
       0.00    26.774
       1.03    33.032
       2.06    38.663
       3.09    40.864
       4.12    36.286
       5.15    24.431
       6.18    15.022
       7.21    10.839
       8.24     8.605
       9.28     7.146
      10.31     5.453
      11.34     4.370
      12.37     3.586
      13.40     2.705
      14.43     2.146
      15.46     1.817
      16.49     1.386
      17.52     1.263
      18.55     0.915
      19.58     0.714
      20.61     0.709
      21.64     0.640
      22.67     0.529
      23.70     0.406
      24.73     0.327
      25.76     0.189
      26.79     0.243
      27.83     0.237
      28.86     0.235
      29.89     0.102
      30.92     0.009
      31.95    -0.012
      32.98     0.112
      34.01     0.007
      35.04     0.058
      36.07     0.010
      37.10     0.058
      38.13     0.070
      39.16     0.041
      40.19     0.045
      41.22     0.106
      42.25    -0.022
      43.28     0.038
      44.31     0.098
      45.35     0.103
      46.38     0.016
      47.41    -0.110
      48.44     0.102
      49.47     0.011
      50.50    -0.069
      51.53     0.177
      52.56    -0.169
      53.59    -0.093
      54.62    -0.064
      55.65    -0.014
      56.68    -0.056
      57.71     0.069
      58.74     0.021
      59.77     0.159
      60.80     0.015
      61.83     0.023
      62.86     0.038
      63.90     0.067
      64.93    -0.136
      65.96     0.140
      66.99     0.033
      68.02     0.004
      69.05    -0.126
      70.08     0.031
      71.11     0.039
      72.14    -0.075
      73.17    -0.190
      74.20     0.104
      75.23     0.090
      76.26     0.089
      77.29    -0.047
      78.32     0.121
      79.35     0.058
      80.38     0.000
      81.41    -0.101
      82.45     0.147
      83.48     0.145
      84.51    -0.105
      85.54     0.118
      86.57     0.035
      87.60     0.083
      88.63     0.201
      89.66    -0.014
      90.69    -0.046
      91.72    -0.070
      92.75     0.124
      93.78    -0.006
      94.81    -0.006
      95.84    -0.108
      96.87     0.040
      97.90    -0.080
      98.93    -0.021
      99.97     0.008
     101.00    -0.102
     102.03    -0.116
     103.06     0.024
     104.09     0.033
     105.12     0.073
     106.15     0.040
     107.18    -0.027
     108.21     0.159
     109.24    -0.037
     110.27     0.016
     111.30     0.086
     112.33     0.034
     113.36     0.159
     114.39     0.065
     115.42     0.051
     116.45    -0.011
     117.48     0.101
     118.52    -0.031
     119.55     0.031
     120.58    -0.038
     121.61    -0.044
     122.64    -0.032
     123.67    -0.117
     124.70     0.023
     125.73    -0.054
     126.76     0.084
     127.79    -0.044
     128.82     0.104
     129.85     0.080
     130.88     0.101
     131.91     0.037
     132.94    -0.064
     133.97     0.008
     135.00     0.026
     136.04     0.174
     137.07    -0.155
     138.10    -0.050
     139.13     0.064
     140.16     0.040
     141.19     0.041
     142.22     0.067
     143.25    -0.004
     144.28     0.067
     145.31     0.073
     146.34     0.105
     147.37     0.065
     148.40    -0.068
     149.43    -0.096
     150.46     0.000
     151.49    -0.155
     152.52    -0.053
     153.55    -0.041
     154.59    -0.029
     155.62     0.057
     156.65     0.071
     157.68    -0.137
     158.71     0.035
     159.74    -0.064
     160.77     0.035
     161.80    -0.140
     162.83     0.050
     163.86     0.119
     164.89     0.077
     165.92    -0.114
     166.95     0.038
     167.98    -0.034
     169.01     0.112
     170.04    -0.005
     171.07     0.062
     172.10    -0.028
     173.14    -0.014
     174.17    -0.173
     175.20     0.039
     176.23    -0.120
     177.26     0.049
     178.29    -0.086
     179.32    -0.224
     180.35     0.041
     181.38    -0.034
     182.41     0.073
     183.44    -0.012
     184.47    -0.086
     185.50     0.126
     186.53     0.026
     187.56     0.168
     188.59    -0.145
     189.62    -0.142
     190.66     0.087
     191.69     0.064
     192.72     0.113
     193.75    -0.069
     194.78    -0.019
     195.81     0.168
     196.84     0.098
     197.87    -0.028
     198.90    -0.016
     199.93     0.026
     200.96    -0.041
     201.99    -0.054
     203.02    -0.127
     204.05     0.058
     205.08    -0.038
     206.11     0.004
     207.14    -0.041
     208.17     0.073
     209.21     0.032
     210.24    -0.026
     211.27    -0.106
     212.30    -0.107
     213.33    -0.139
     214.36     0.164
     215.39    -0.031
     216.42    -0.029
     217.45    -0.067
     218.48    -0.012
     219.51     0.032
     220.54     0.205
     221.57    -0.015
     222.60    -0.159
     223.63    -0.078
     224.66     0.009
     225.69     0.060
     226.73     0.079
     227.76     0.075
     228.79     0.139
     229.82    -0.040
     230.85    -0.009
     231.88     0.034
     232.91     0.086
     233.94    -0.014
     234.97     0.042
     236.00    -0.157
     237.03     0.010
     238.06     0.003
     239.09     0.010
     240.12     0.142
     241.15    -0.039
     242.18     0.024
     243.21     0.042
     244.24     0.000
     245.28     0.076
     246.31     0.034
     247.34     0.156
     248.37    -0.039
     249.40    -0.030
     250.43    -0.100
     251.46     0.006
     252.49    -0.063
     253.52    -0.011
     254.55     0.019
     255.58    -0.042
     256.61     0.067
     257.64     0.077
     258.67    -0.040
     259.70     0.022
     260.73    -0.080
     261.76     0.060
     262.79    -0.061
     263.83     0.026
     264.86     0.033
     265.89    -0.063
     266.92    -0.105
     267.95     0.015
     268.98    -0.081
     270.01     0.072
     271.04    -0.170
     272.07     0.061
     273.10     0.055
     274.13    -0.101
     275.16     0.050
     276.19     0.009
     277.22    -0.022
     278.25     0.086
     279.28    -0.099
     280.31     0.123
     281.35     0.075
     282.38     0.019
     283.41    -0.197
     284.44     0.080
     285.47    -0.056
     286.50     0.026
     287.53    -0.053
     288.56     0.078
     289.59    -0.105
     290.62     0.214
     291.65    -0.096
     292.68     0.092
     293.71    -0.016
     294.74     0.080
     295.77    -0.164
     296.80    -0.053
     297.83     0.068
     298.86     0.063
     299.90    -0.024
     300.93    -0.095
     301.96     0.070
     302.99    -0.016
     304.02    -0.099
     305.05     0.023
     306.08    -0.025
     307.11    -0.044
     308.14     0.057
     309.17    -0.011
     310.20    -0.072
     311.23    -0.032
     312.26     0.002
     313.29    -0.048
     314.32     0.057
     315.35     0.155
     316.38     0.119
     317.42     0.099
     318.45    -0.036
     319.48     0.156
     320.51     0.205
     321.54     0.040
     322.57     0.015
     323.60    -0.073
     324.63     0.010
     325.66    -0.055
     326.69     0.151
     327.72    -0.068
     328.75    -0.034
     329.78     0.008
     330.81    -0.167
     331.84     0.050
     332.87    -0.025
     333.90    -0.147
     334.93    -0.035
     335.97    -0.005
     337.00    -0.068
     338.03     0.128
     339.06    -0.190
     340.09     0.030
     341.12    -0.007
     342.15     0.030
     343.18     0.081
     344.21    -0.004
     345.24    -0.184
     346.27     0.156
     347.30    -0.090
     348.33    -0.066
     349.36    -0.040
     350.39    -0.007
     351.42     0.001
     352.45     0.013
     353.48    -0.036
     354.52    -0.105
     355.55    -0.096
     356.58    -0.098
     357.61    -0.111
     358.64     0.021
     359.67     0.118
     360.70     0.033
     361.73     0.005
     362.76    -0.078
     363.79    -0.024
     364.82     0.053
     365.85     0.191
     366.88    -0.037
     367.91     0.040
     368.94     0.047
     369.97     0.199
     371.00     0.019
     372.04    -0.052
     373.07     0.021
     374.10    -0.089
     375.13     0.164
     376.16    -0.026
     377.19     0.035
     378.22    -0.207
     379.25     0.113
     380.28    -0.089
     381.31    -0.016
     382.34    -0.042
     383.37    -0.032
     384.40    -0.069
     385.43     0.101
     386.46     0.041
     387.49    -0.048
     388.52    -0.066
     389.55     0.064
     390.59    -0.046
     391.62    -0.159
     392.65     0.057
     393.68     0.142
     394.71     0.050
     395.74    -0.007
     396.77    -0.061
     397.80     0.080
     398.83    -0.027
     399.86    -0.013
