%%   72.50000 -12.50000    0   0.20000
% LAB  survey ------------------
% wanted position:  l, b, RA, DEC, and interpolated  NH
% 72.50 ; -12.50 ; 315.18 ;  27.05 ;  0.110E+22
% nearest position: l, b, RA, DEC, and observed NH
% 72.50 ; -12.50 ; 315.18 ;  27.05 ;  0.110E+22
% GASS III survey --------------
% NH - median within 6 arcmin radius   0.00    
% NH - mean within specified beam      0.00    
% EBHIS survey -----------------
% NH  within specified beam           0.114E+22
%%EBHIS   621  datapoints: v_lsr [km/s] and T_B [K]
    -399.25     0.056
    -397.96    -0.023
    -396.68     0.055
    -395.39     0.087
    -394.10     0.108
    -392.81    -0.030
    -391.52     0.014
    -390.23    -0.078
    -388.95     0.075
    -387.66     0.078
    -386.37     0.022
    -385.08    -0.051
    -383.79    -0.020
    -382.50     0.085
    -381.22     0.196
    -379.93     0.055
    -378.64     0.023
    -377.35     0.026
    -376.06    -0.072
    -374.78    -0.003
    -373.49     0.094
    -372.20     0.040
    -370.91     0.065
    -369.62    -0.036
    -368.33    -0.044
    -367.05    -0.010
    -365.76     0.048
    -364.47    -0.023
    -363.18    -0.001
    -361.89    -0.154
    -360.60    -0.034
    -359.32     0.018
    -358.03     0.020
    -356.74     0.071
    -355.45    -0.072
    -354.16     0.051
    -352.88    -0.038
    -351.59     0.052
    -350.30     0.051
    -349.01    -0.014
    -347.72     0.129
    -346.43     0.171
    -345.15     0.000
    -343.86    -0.024
    -342.57    -0.086
    -341.28    -0.009
    -339.99     0.087
    -338.70     0.013
    -337.42     0.037
    -336.13    -0.007
    -334.84     0.013
    -333.55    -0.008
    -332.26    -0.012
    -330.98     0.013
    -329.69    -0.044
    -328.40     0.084
    -327.11    -0.081
    -325.82    -0.051
    -324.53    -0.090
    -323.25     0.027
    -321.96     0.058
    -320.67     0.107
    -319.38    -0.004
    -318.09    -0.100
    -316.80    -0.019
    -315.52     0.074
    -314.23    -0.019
    -312.94    -0.076
    -311.65    -0.017
    -310.36    -0.096
    -309.08    -0.070
    -307.79     0.085
    -306.50     0.012
    -305.21    -0.029
    -303.92    -0.157
    -302.63    -0.085
    -301.35    -0.002
    -300.06    -0.066
    -298.77     0.057
    -297.48     0.019
    -296.19    -0.019
    -294.90     0.011
    -293.62     0.056
    -292.33    -0.003
    -291.04    -0.098
    -289.75    -0.092
    -288.46     0.023
    -287.18     0.053
    -285.89     0.037
    -284.60    -0.087
    -283.31    -0.056
    -282.02    -0.012
    -280.73    -0.008
    -279.45    -0.042
    -278.16     0.064
    -276.87     0.099
    -275.58     0.065
    -274.29     0.137
    -273.00     0.024
    -271.72    -0.071
    -270.43     0.001
    -269.14     0.012
    -267.85    -0.081
    -266.56     0.039
    -265.28     0.050
    -263.99     0.047
    -262.70     0.060
    -261.41    -0.003
    -260.12     0.069
    -258.83     0.078
    -257.55    -0.064
    -256.26    -0.031
    -254.97     0.052
    -253.68     0.051
    -252.39     0.022
    -251.10    -0.051
    -249.82    -0.095
    -248.53    -0.060
    -247.24     0.084
    -245.95    -0.074
    -244.66    -0.099
    -243.38    -0.033
    -242.09     0.037
    -240.80     0.089
    -239.51     0.043
    -238.22    -0.123
    -236.93     0.020
    -235.65     0.027
    -234.36    -0.033
    -233.07    -0.107
    -231.78    -0.081
    -230.49     0.151
    -229.20     0.061
    -227.92     0.066
    -226.63    -0.021
    -225.34     0.054
    -224.05    -0.050
    -222.76     0.001
    -221.48    -0.059
    -220.19     0.102
    -218.90     0.036
    -217.61    -0.104
    -216.32     0.044
    -215.03     0.109
    -213.75     0.011
    -212.46     0.039
    -211.17     0.061
    -209.88     0.097
    -208.59    -0.059
    -207.30     0.010
    -206.02    -0.021
    -204.73    -0.036
    -203.44     0.006
    -202.15     0.052
    -200.86     0.042
    -199.58    -0.126
    -198.29    -0.117
    -197.00     0.104
    -195.71     0.024
    -194.42    -0.012
    -193.13     0.031
    -191.85    -0.003
    -190.56    -0.082
    -189.27    -0.069
    -187.98    -0.022
    -186.69    -0.091
    -185.40     0.007
    -184.12     0.014
    -182.83    -0.035
    -181.54    -0.114
    -180.25    -0.087
    -178.96    -0.056
    -177.68    -0.003
    -176.39    -0.119
    -175.10    -0.030
    -173.81     0.092
    -172.52     0.075
    -171.23     0.097
    -169.95     0.059
    -168.66     0.139
    -167.37    -0.110
    -166.08    -0.096
    -164.79     0.003
    -163.50    -0.027
    -162.22    -0.090
    -160.93     0.094
    -159.64     0.051
    -158.35    -0.072
    -157.06    -0.101
    -155.78    -0.025
    -154.49     0.010
    -153.20    -0.092
    -151.91     0.097
    -150.62     0.066
    -149.33     0.015
    -148.05    -0.015
    -146.76    -0.044
    -145.47    -0.058
    -144.18     0.112
    -142.89    -0.048
    -141.60     0.018
    -140.32    -0.113
    -139.03    -0.098
    -137.74     0.014
    -136.45     0.071
    -135.16     0.104
    -133.88     0.059
    -132.59     0.012
    -131.30     0.015
    -130.01    -0.023
    -128.72    -0.051
    -127.43     0.012
    -126.15    -0.044
    -124.86     0.010
    -123.57    -0.039
    -122.28    -0.037
    -120.99     0.083
    -119.70    -0.008
    -118.42     0.033
    -117.13     0.026
    -115.84    -0.019
    -114.55    -0.089
    -113.26    -0.055
    -111.98    -0.034
    -110.69     0.075
    -109.40     0.053
    -108.11    -0.029
    -106.82     0.092
    -105.53    -0.098
    -104.25    -0.002
    -102.96     0.052
    -101.67     0.101
    -100.38     0.028
     -99.09     0.087
     -97.80     0.115
     -96.52     0.116
     -95.23     0.095
     -93.94     0.053
     -92.65     0.257
     -91.36     0.231
     -90.08     0.289
     -88.79     0.227
     -87.50     0.293
     -86.21     0.216
     -84.92     0.202
     -83.63     0.143
     -82.35     0.435
     -81.06     0.377
     -79.77     0.255
     -78.48     0.205
     -77.19     0.341
     -75.90     0.346
     -74.62     0.363
     -73.33     0.386
     -72.04     0.431
     -70.75     0.371
     -69.46     0.535
     -68.18     0.498
     -66.89     0.403
     -65.60     0.393
     -64.31     0.405
     -63.02     0.479
     -61.73     0.439
     -60.45     0.460
     -59.16     0.428
     -57.87     0.611
     -56.58     0.552
     -55.29     0.447
     -54.00     0.578
     -52.72     0.504
     -51.43     0.456
     -50.14     0.476
     -48.85     0.498
     -47.56     0.517
     -46.28     0.638
     -44.99     0.600
     -43.70     0.476
     -42.41     0.658
     -41.12     0.538
     -39.83     0.545
     -38.55     0.664
     -37.26     0.653
     -35.97     0.634
     -34.68     0.468
     -33.39     0.539
     -32.10     0.614
     -30.82     0.505
     -29.53     0.811
     -28.24     0.654
     -26.95     0.848
     -25.66     0.674
     -24.38     0.848
     -23.09     0.861
     -21.80     0.880
     -20.51     1.090
     -19.22     1.055
     -17.93     1.152
     -16.65     1.285
     -15.36     1.458
     -14.07     1.750
     -12.78     2.072
     -11.49     2.375
     -10.20     2.831
      -8.92     3.742
      -7.63     4.761
      -6.34     5.802
      -5.05     6.717
      -3.76     7.531
      -2.48     8.813
      -1.19    12.801
       0.10    21.656
       1.39    28.931
       2.68    28.479
       3.97    30.066
       5.25    32.660
       6.54    31.038
       7.83    25.957
       9.12    22.291
      10.41    21.182
      11.70    20.769
      12.98    19.870
      14.27    17.923
      15.56    15.278
      16.85    12.643
      18.14    10.227
      19.42     8.389
      20.71     7.045
      22.00     5.448
      23.29     4.586
      24.58     3.677
      25.87     2.809
      27.15     2.378
      28.44     2.052
      29.73     1.567
      31.02     1.443
      32.31     1.198
      33.60     1.086
      34.88     1.023
      36.17     1.027
      37.46     0.864
      38.75     0.861
      40.04     0.765
      41.32     0.669
      42.61     0.803
      43.90     0.704
      45.19     0.419
      46.48     0.434
      47.77     0.466
      49.05     0.418
      50.34     0.277
      51.63     0.176
      52.92     0.165
      54.21     0.158
      55.50     0.057
      56.78    -0.022
      58.07     0.072
      59.36     0.127
      60.65     0.066
      61.94    -0.069
      63.22     0.014
      64.51    -0.056
      65.80     0.173
      67.09     0.038
      68.38    -0.090
      69.67    -0.048
      70.95     0.083
      72.24    -0.071
      73.53     0.038
      74.82    -0.046
      76.11     0.026
      77.40     0.004
      78.68     0.046
      79.97    -0.080
      81.26     0.058
      82.55    -0.001
      83.84     0.070
      85.12    -0.028
      86.41     0.018
      87.70    -0.145
      88.99    -0.023
      90.28     0.002
      91.57     0.041
      92.85    -0.056
      94.14    -0.006
      95.43     0.068
      96.72     0.122
      98.01     0.111
      99.30     0.018
     100.58     0.128
     101.87    -0.001
     103.16    -0.001
     104.45     0.013
     105.74    -0.057
     107.02     0.020
     108.31    -0.040
     109.60    -0.081
     110.89    -0.070
     112.18    -0.087
     113.47    -0.060
     114.75     0.137
     116.04    -0.008
     117.33    -0.100
     118.62     0.046
     119.91     0.061
     121.20     0.223
     122.48     0.161
     123.77    -0.222
     125.06    -0.059
     126.35     0.081
     127.64     0.091
     128.92    -0.044
     130.21    -0.007
     131.50    -0.078
     132.79    -0.106
     134.08    -0.088
     135.37    -0.074
     136.65     0.093
     137.94     0.112
     139.23    -0.053
     140.52     0.017
     141.81    -0.085
     143.09     0.132
     144.38     0.060
     145.67     0.060
     146.96     0.077
     148.25     0.089
     149.54     0.072
     150.82     0.004
     152.11     0.143
     153.40     0.070
     154.69     0.025
     155.98     0.045
     157.27    -0.023
     158.55    -0.014
     159.84    -0.021
     161.13     0.108
     162.42    -0.049
     163.71    -0.040
     164.99     0.016
     166.28    -0.020
     167.57     0.123
     168.86     0.048
     170.15     0.015
     171.44     0.073
     172.72    -0.032
     174.01    -0.034
     175.30    -0.113
     176.59    -0.058
     177.88    -0.045
     179.17     0.008
     180.45    -0.038
     181.74     0.012
     183.03     0.092
     184.32    -0.070
     185.61     0.009
     186.89     0.104
     188.18     0.002
     189.47    -0.183
     190.76    -0.057
     192.05     0.086
     193.34    -0.018
     194.62     0.003
     195.91    -0.055
     197.20     0.071
     198.49     0.005
     199.78     0.035
     201.07    -0.001
     202.35     0.064
     203.64    -0.014
     204.93    -0.055
     206.22    -0.008
     207.51    -0.038
     208.79     0.061
     210.08     0.013
     211.37     0.022
     212.66     0.059
     213.95    -0.067
     215.24    -0.037
     216.52     0.062
     217.81    -0.086
     219.10    -0.024
     220.39    -0.134
     221.68    -0.008
     222.97     0.008
     224.25    -0.046
     225.54     0.006
     226.83    -0.010
     228.12    -0.076
     229.41     0.079
     230.69     0.016
     231.98    -0.013
     233.27     0.071
     234.56     0.091
     235.85     0.053
     237.14     0.023
     238.42    -0.008
     239.71     0.024
     241.00    -0.044
     242.29    -0.084
     243.58    -0.064
     244.87     0.072
     246.15    -0.090
     247.44     0.066
     248.73     0.108
     250.02    -0.004
     251.31     0.018
     252.59    -0.073
     253.88    -0.097
     255.17    -0.086
     256.46    -0.071
     257.75    -0.101
     259.04     0.004
     260.32     0.030
     261.61     0.077
     262.90    -0.072
     264.19     0.043
     265.48     0.009
     266.77    -0.067
     268.05     0.147
     269.34     0.015
     270.63     0.102
     271.92    -0.029
     273.21     0.077
     274.49     0.014
     275.78    -0.042
     277.07     0.055
     278.36     0.031
     279.65     0.008
     280.94    -0.037
     282.22    -0.045
     283.51     0.059
     284.80     0.000
     286.09     0.022
     287.38    -0.010
     288.67     0.122
     289.95     0.113
     291.24     0.010
     292.53     0.047
     293.82    -0.014
     295.11     0.019
     296.39    -0.056
     297.68     0.002
     298.97    -0.044
     300.26    -0.014
     301.55    -0.016
     302.84     0.091
     304.12    -0.066
     305.41     0.060
     306.70    -0.010
     307.99     0.063
     309.28     0.079
     310.57     0.118
     311.85    -0.026
     313.14    -0.070
     314.43    -0.014
     315.72    -0.071
     317.01     0.002
     318.29    -0.006
     319.58     0.007
     320.87     0.092
     322.16     0.034
     323.45    -0.114
     324.74    -0.125
     326.02     0.046
     327.31    -0.005
     328.60    -0.064
     329.89     0.132
     331.18     0.032
     332.47     0.090
     333.75    -0.077
     335.04    -0.133
     336.33    -0.016
     337.62     0.050
     338.91    -0.088
     340.19     0.034
     341.48    -0.009
     342.77    -0.064
     344.06    -0.123
     345.35     0.023
     346.64     0.051
     347.92    -0.060
     349.21    -0.033
     350.50    -0.063
     351.79     0.022
     353.08    -0.060
     354.37     0.004
     355.65     0.092
     356.94    -0.009
     358.23    -0.018
     359.52    -0.016
     360.81    -0.073
     362.09     0.064
     363.38    -0.008
     364.67    -0.015
     365.96     0.042
     367.25    -0.085
     368.54     0.033
     369.82    -0.005
     371.11     0.023
     372.40     0.021
     373.69     0.027
     374.98     0.026
     376.27     0.040
     377.55     0.075
     378.84    -0.079
     380.13    -0.025
     381.42     0.029
     382.71    -0.037
     383.99     0.055
     385.28    -0.065
     386.57    -0.026
     387.86    -0.005
     389.15     0.006
     390.44    -0.006
     391.72     0.028
     393.01     0.077
     394.30    -0.139
     395.59     0.018
     396.88    -0.040
     398.17    -0.130
     399.45     0.062
%%GASS      0  datapoints: v_lsr [km/s] and T_B [K]
%%LAB     777  datapoints: v_lsr [km/s] and T_B [K]
    -399.87     0.064
    -398.84     0.082
    -397.81     0.134
    -396.78    -0.052
    -395.75     0.015
    -394.72    -0.112
    -393.69    -0.012
    -392.65    -0.083
    -391.62    -0.163
    -390.59    -0.100
    -389.56    -0.025
    -388.53    -0.090
    -387.50     0.073
    -386.47     0.001
    -385.44    -0.053
    -384.41    -0.175
    -383.38     0.092
    -382.35    -0.017
    -381.32    -0.038
    -380.29    -0.043
    -379.26     0.040
    -378.23     0.055
    -377.20     0.066
    -376.17    -0.135
    -375.13    -0.102
    -374.10    -0.017
    -373.07    -0.007
    -372.04     0.017
    -371.01     0.210
    -369.98     0.044
    -368.95     0.007
    -367.92     0.102
    -366.89     0.064
    -365.86    -0.050
    -364.83    -0.106
    -363.80    -0.060
    -362.77     0.096
    -361.74    -0.045
    -360.71     0.170
    -359.68    -0.141
    -358.65    -0.018
    -357.61    -0.081
    -356.58     0.089
    -355.55    -0.142
    -354.52     0.037
    -353.49     0.024
    -352.46    -0.036
    -351.43     0.024
    -350.40     0.045
    -349.37     0.077
    -348.34     0.117
    -347.31     0.058
    -346.28     0.069
    -345.25    -0.037
    -344.22    -0.040
    -343.19    -0.090
    -342.16     0.022
    -341.13     0.053
    -340.09     0.121
    -339.06    -0.046
    -338.03    -0.121
    -337.00     0.068
    -335.97     0.150
    -334.94     0.064
    -333.91    -0.007
    -332.88    -0.063
    -331.85     0.074
    -330.82     0.098
    -329.79     0.019
    -328.76    -0.065
    -327.73     0.027
    -326.70     0.003
    -325.67     0.071
    -324.64     0.019
    -323.61     0.132
    -322.57     0.047
    -321.54    -0.096
    -320.51     0.030
    -319.48     0.084
    -318.45     0.048
    -317.42    -0.019
    -316.39     0.073
    -315.36     0.038
    -314.33    -0.113
    -313.30    -0.105
    -312.27    -0.115
    -311.24     0.103
    -310.21    -0.130
    -309.18     0.046
    -308.15     0.073
    -307.12     0.023
    -306.09     0.076
    -305.05    -0.026
    -304.02    -0.087
    -302.99    -0.007
    -301.96    -0.078
    -300.93     0.112
    -299.90    -0.089
    -298.87    -0.057
    -297.84    -0.031
    -296.81     0.138
    -295.78     0.063
    -294.75    -0.079
    -293.72     0.028
    -292.69    -0.017
    -291.66    -0.061
    -290.63    -0.061
    -289.60     0.007
    -288.57     0.031
    -287.53     0.023
    -286.50    -0.080
    -285.47     0.015
    -284.44    -0.044
    -283.41    -0.057
    -282.38     0.004
    -281.35     0.019
    -280.32    -0.037
    -279.29     0.039
    -278.26     0.064
    -277.23     0.052
    -276.20     0.039
    -275.17     0.073
    -274.14     0.035
    -273.11    -0.091
    -272.08    -0.021
    -271.05     0.027
    -270.01     0.067
    -268.98    -0.094
    -267.95     0.074
    -266.92    -0.136
    -265.89     0.074
    -264.86    -0.144
    -263.83    -0.145
    -262.80    -0.146
    -261.77     0.023
    -260.74    -0.090
    -259.71    -0.007
    -258.68    -0.050
    -257.65     0.089
    -256.62    -0.064
    -255.59     0.089
    -254.56     0.035
    -253.53    -0.026
    -252.49    -0.003
    -251.46     0.103
    -250.43    -0.110
    -249.40     0.015
    -248.37     0.071
    -247.34    -0.061
    -246.31    -0.013
    -245.28     0.056
    -244.25    -0.165
    -243.22    -0.048
    -242.19    -0.034
    -241.16     0.046
    -240.13     0.015
    -239.10    -0.103
    -238.07     0.037
    -237.04    -0.017
    -236.01     0.006
    -234.97     0.217
    -233.94     0.039
    -232.91     0.004
    -231.88     0.026
    -230.85     0.031
    -229.82    -0.146
    -228.79    -0.039
    -227.76    -0.098
    -226.73    -0.115
    -225.70     0.099
    -224.67     0.045
    -223.64    -0.119
    -222.61     0.059
    -221.58    -0.048
    -220.55    -0.092
    -219.52    -0.099
    -218.49     0.145
    -217.45    -0.050
    -216.42    -0.123
    -215.39     0.027
    -214.36    -0.004
    -213.33     0.007
    -212.30     0.092
    -211.27     0.113
    -210.24     0.046
    -209.21     0.099
    -208.18    -0.038
    -207.15    -0.055
    -206.12    -0.052
    -205.09    -0.055
    -204.06    -0.043
    -203.03     0.117
    -202.00     0.119
    -200.97     0.181
    -199.93    -0.066
    -198.90     0.064
    -197.87     0.128
    -196.84     0.197
    -195.81    -0.108
    -194.78     0.020
    -193.75     0.006
    -192.72     0.088
    -191.69    -0.050
    -190.66    -0.001
    -189.63     0.154
    -188.60    -0.018
    -187.57    -0.019
    -186.54     0.033
    -185.51     0.097
    -184.48     0.032
    -183.44    -0.053
    -182.41     0.034
    -181.38     0.053
    -180.35    -0.030
    -179.32    -0.104
    -178.29    -0.067
    -177.26     0.127
    -176.23    -0.012
    -175.20     0.124
    -174.17     0.012
    -173.14     0.012
    -172.11    -0.225
    -171.08     0.014
    -170.05     0.008
    -169.02    -0.157
    -167.99     0.045
    -166.96     0.040
    -165.92     0.002
    -164.89     0.047
    -163.86    -0.067
    -162.83     0.005
    -161.80     0.058
    -160.77    -0.180
    -159.74    -0.007
    -158.71     0.031
    -157.68    -0.087
    -156.65     0.075
    -155.62    -0.001
    -154.59    -0.116
    -153.56     0.153
    -152.53    -0.059
    -151.50    -0.010
    -150.47     0.055
    -149.44     0.236
    -148.40    -0.060
    -147.37     0.050
    -146.34    -0.040
    -145.31    -0.015
    -144.28    -0.106
    -143.25    -0.083
    -142.22     0.028
    -141.19    -0.066
    -140.16     0.082
    -139.13    -0.118
    -138.10     0.101
    -137.07    -0.208
    -136.04     0.075
    -135.01     0.079
    -133.98     0.082
    -132.95    -0.028
    -131.92     0.110
    -130.88    -0.070
    -129.85    -0.014
    -128.82     0.042
    -127.79     0.049
    -126.76     0.047
    -125.73     0.030
    -124.70    -0.068
    -123.67     0.041
    -122.64     0.153
    -121.61     0.195
    -120.58    -0.035
    -119.55     0.127
    -118.52     0.062
    -117.49     0.092
    -116.46    -0.016
    -115.43    -0.070
    -114.40    -0.058
    -113.36    -0.085
    -112.33     0.050
    -111.30     0.146
    -110.27     0.118
    -109.24     0.115
    -108.21     0.150
    -107.18     0.024
    -106.15    -0.015
    -105.12    -0.030
    -104.09     0.154
    -103.06     0.194
    -102.03    -0.038
    -101.00     0.016
     -99.97     0.234
     -98.94    -0.021
     -97.91     0.109
     -96.88     0.074
     -95.84     0.144
     -94.81     0.159
     -93.78     0.071
     -92.75     0.090
     -91.72     0.033
     -90.69     0.031
     -89.66     0.122
     -88.63     0.126
     -87.60     0.160
     -86.57     0.264
     -85.54     0.263
     -84.51     0.268
     -83.48     0.394
     -82.45     0.321
     -81.42     0.307
     -80.39     0.266
     -79.36     0.325
     -78.32     0.303
     -77.29     0.396
     -76.26     0.468
     -75.23     0.359
     -74.20     0.529
     -73.17     0.387
     -72.14     0.369
     -71.11     0.585
     -70.08     0.375
     -69.05     0.457
     -68.02     0.486
     -66.99     0.489
     -65.96     0.521
     -64.93     0.399
     -63.90     0.503
     -62.87     0.483
     -61.84     0.366
     -60.80     0.536
     -59.77     0.401
     -58.74     0.418
     -57.71     0.350
     -56.68     0.398
     -55.65     0.452
     -54.62     0.527
     -53.59     0.400
     -52.56     0.397
     -51.53     0.457
     -50.50     0.435
     -49.47     0.480
     -48.44     0.625
     -47.41     0.618
     -46.38     0.438
     -45.35     0.624
     -44.32     0.496
     -43.28     0.730
     -42.25     0.572
     -41.22     0.497
     -40.19     0.470
     -39.16     0.453
     -38.13     0.542
     -37.10     0.654
     -36.07     0.649
     -35.04     0.650
     -34.01     0.541
     -32.98     0.725
     -31.95     0.567
     -30.92     0.782
     -29.89     0.704
     -28.86     0.754
     -27.83     0.724
     -26.80     0.882
     -25.76     0.673
     -24.73     0.796
     -23.70     0.831
     -22.67     0.952
     -21.64     1.038
     -20.61     1.037
     -19.58     1.122
     -18.55     1.079
     -17.52     1.271
     -16.49     1.378
     -15.46     1.443
     -14.43     1.640
     -13.40     1.646
     -12.37     1.970
     -11.34     2.289
     -10.31     2.526
      -9.28     2.927
      -8.24     3.870
      -7.21     4.351
      -6.18     5.251
      -5.15     5.905
      -4.12     6.504
      -3.09     7.265
      -2.06     8.728
      -1.03    11.590
       0.00    17.689
       1.03    25.522
       2.06    28.652
       3.09    27.453
       4.12    28.236
       5.15    30.648
       6.18    30.485
       7.21    27.821
       8.24    24.392
       9.28    21.415
      10.31    20.218
      11.34    20.390
      12.37    20.262
      13.40    19.085
      14.43    17.286
      15.46    15.435
      16.49    13.202
      17.52    11.435
      18.55     9.469
      19.58     8.310
      20.61     7.044
      21.64     6.171
      22.67     5.197
      23.70     4.601
      24.73     3.779
      25.76     3.283
      26.80     2.819
      27.83     2.412
      28.86     2.293
      29.89     1.928
      30.92     1.859
      31.95     1.624
      32.98     1.181
      34.01     1.208
      35.04     1.135
      36.07     1.079
      37.10     1.063
      38.13     0.971
      39.16     0.954
      40.19     0.977
      41.22     0.742
      42.25     0.690
      43.28     0.700
      44.32     0.749
      45.35     0.584
      46.38     0.479
      47.41     0.532
      48.44     0.355
      49.47     0.361
      50.50     0.277
      51.53     0.106
      52.56     0.129
      53.59     0.107
      54.62     0.096
      55.65     0.120
      56.68     0.183
      57.71     0.084
      58.74     0.048
      59.77     0.133
      60.80     0.038
      61.84     0.011
      62.87    -0.056
      63.90     0.100
      64.93    -0.063
      65.96    -0.029
      66.99     0.116
      68.02     0.110
      69.05     0.090
      70.08     0.097
      71.11    -0.013
      72.14    -0.012
      73.17    -0.052
      74.20     0.007
      75.23     0.093
      76.26     0.013
      77.29    -0.010
      78.32    -0.095
      79.36    -0.089
      80.39     0.214
      81.42     0.016
      82.45     0.024
      83.48    -0.086
      84.51     0.032
      85.54    -0.059
      86.57     0.147
      87.60     0.093
      88.63     0.010
      89.66     0.009
      90.69    -0.135
      91.72     0.129
      92.75     0.119
      93.78    -0.016
      94.81     0.140
      95.84     0.021
      96.88     0.021
      97.91     0.058
      98.94    -0.018
      99.97    -0.047
     101.00     0.080
     102.03     0.058
     103.06     0.038
     104.09    -0.000
     105.12     0.023
     106.15     0.059
     107.18    -0.011
     108.21     0.041
     109.24     0.155
     110.27     0.046
     111.30     0.009
     112.33    -0.022
     113.36     0.085
     114.40    -0.137
     115.43     0.049
     116.46    -0.040
     117.49     0.081
     118.52    -0.008
     119.55     0.040
     120.58    -0.045
     121.61    -0.126
     122.64    -0.120
     123.67     0.136
     124.70    -0.026
     125.73    -0.061
     126.76    -0.025
     127.79    -0.003
     128.82    -0.035
     129.85    -0.013
     130.88    -0.145
     131.92     0.015
     132.95    -0.038
     133.98    -0.080
     135.01    -0.043
     136.04    -0.037
     137.07     0.067
     138.10     0.009
     139.13     0.003
     140.16    -0.050
     141.19     0.079
     142.22    -0.166
     143.25    -0.046
     144.28     0.142
     145.31    -0.184
     146.34     0.049
     147.37     0.015
     148.40     0.043
     149.44    -0.108
     150.47    -0.062
     151.50    -0.016
     152.53     0.013
     153.56    -0.034
     154.59    -0.044
     155.62     0.038
     156.65     0.036
     157.68    -0.155
     158.71     0.070
     159.74     0.018
     160.77    -0.044
     161.80    -0.046
     162.83     0.031
     163.86    -0.020
     164.89     0.056
     165.92     0.017
     166.96     0.146
     167.99     0.136
     169.02     0.069
     170.05    -0.052
     171.08    -0.007
     172.11    -0.021
     173.14    -0.001
     174.17     0.088
     175.20     0.105
     176.23    -0.008
     177.26     0.071
     178.29     0.047
     179.32     0.145
     180.35     0.149
     181.38     0.202
     182.41     0.172
     183.45     0.012
     184.48    -0.044
     185.51     0.042
     186.54     0.008
     187.57     0.115
     188.60    -0.003
     189.63     0.001
     190.66     0.109
     191.69     0.073
     192.72    -0.205
     193.75    -0.008
     194.78     0.055
     195.81     0.116
     196.84     0.003
     197.87     0.009
     198.90     0.136
     199.93    -0.039
     200.97    -0.004
     202.00    -0.039
     203.03    -0.175
     204.06     0.032
     205.09     0.098
     206.12    -0.062
     207.15     0.116
     208.18     0.126
     209.21    -0.083
     210.24     0.203
     211.27     0.107
     212.30     0.086
     213.33    -0.018
     214.36     0.091
     215.39     0.151
     216.42     0.026
     217.45    -0.039
     218.49    -0.069
     219.52    -0.063
     220.55    -0.062
     221.58    -0.012
     222.61    -0.134
     223.64     0.023
     224.67     0.091
     225.70     0.166
     226.73    -0.108
     227.76    -0.062
     228.79     0.053
     229.82    -0.014
     230.85     0.021
     231.88    -0.161
     232.91     0.093
     233.94     0.006
     234.97    -0.073
     236.01    -0.055
     237.04    -0.091
     238.07    -0.080
     239.10    -0.039
     240.13    -0.104
     241.16     0.150
     242.19    -0.086
     243.22    -0.069
     244.25     0.075
     245.28     0.113
     246.31     0.117
     247.34    -0.001
     248.37    -0.014
     249.40    -0.119
     250.43     0.077
     251.46     0.048
     252.49    -0.047
     253.53    -0.026
     254.56     0.012
     255.59     0.144
     256.62    -0.097
     257.65    -0.106
     258.68     0.046
     259.71     0.008
     260.74     0.124
     261.77     0.096
     262.80     0.024
     263.83     0.040
     264.86    -0.230
     265.89    -0.089
     266.92     0.049
     267.95     0.136
     268.98    -0.136
     270.01    -0.019
     271.05     0.010
     272.08     0.026
     273.11    -0.024
     274.14    -0.018
     275.17     0.004
     276.20     0.063
     277.23    -0.008
     278.26    -0.007
     279.29    -0.148
     280.32     0.091
     281.35    -0.063
     282.38     0.105
     283.41    -0.074
     284.44    -0.065
     285.47    -0.043
     286.50     0.044
     287.53     0.162
     288.57     0.128
     289.60     0.006
     290.63    -0.050
     291.66    -0.125
     292.69     0.014
     293.72    -0.110
     294.75    -0.013
     295.78    -0.066
     296.81    -0.100
     297.84    -0.030
     298.87    -0.003
     299.90    -0.030
     300.93    -0.023
     301.96     0.058
     302.99     0.078
     304.02    -0.024
     305.05     0.036
     306.09    -0.048
     307.12    -0.030
     308.15     0.062
     309.18    -0.137
     310.21    -0.094
     311.24     0.010
     312.27     0.068
     313.30    -0.105
     314.33    -0.160
     315.36     0.034
     316.39    -0.002
     317.42    -0.037
     318.45     0.098
     319.48    -0.083
     320.51     0.040
     321.54     0.133
     322.57     0.067
     323.61     0.097
     324.64    -0.067
     325.67     0.054
     326.70     0.006
     327.73     0.088
     328.76    -0.051
     329.79    -0.079
     330.82     0.011
     331.85    -0.037
     332.88    -0.138
     333.91    -0.047
     334.94    -0.103
     335.97     0.147
     337.00    -0.041
     338.03     0.051
     339.06     0.036
     340.09     0.097
     341.13    -0.048
     342.16    -0.091
     343.19    -0.067
     344.22     0.196
     345.25    -0.069
     346.28    -0.023
     347.31    -0.065
     348.34    -0.049
     349.37    -0.098
     350.40     0.048
     351.43     0.007
     352.46     0.139
     353.49    -0.083
     354.52    -0.068
     355.55    -0.015
     356.58     0.066
     357.61    -0.026
     358.65    -0.044
     359.68     0.107
     360.71    -0.025
     361.74    -0.019
     362.77    -0.053
     363.80    -0.104
     364.83     0.069
     365.86     0.156
     366.89     0.015
     367.92     0.030
     368.95    -0.010
     369.98     0.101
     371.01     0.026
     372.04    -0.076
     373.07     0.114
     374.10     0.060
     375.13    -0.002
     376.17     0.008
     377.20    -0.086
     378.23    -0.042
     379.26     0.064
     380.29     0.012
     381.32     0.031
     382.35    -0.008
     383.38    -0.008
     384.41    -0.014
     385.44     0.087
     386.47    -0.079
     387.50    -0.001
     388.53     0.076
     389.56     0.066
     390.59    -0.156
     391.62    -0.081
     392.65     0.002
     393.69     0.255
     394.72     0.185
     395.75    -0.060
     396.78    -0.004
     397.81     0.051
     398.84     0.024
     399.87     0.103
