%%   80.00000   7.50000    0   0.20000
% LAB  survey ------------------
% wanted position:  l, b, RA, DEC, and interpolated  NH
% 80.00 ;   7.50 ; 300.51 ;  44.87 ;  0.409E+22
% nearest position: l, b, RA, DEC, and observed NH
% 80.00 ;   7.50 ; 300.51 ;  44.87 ;  0.409E+22
% GASS III survey --------------
% NH - median within 6 arcmin radius   0.00    
% NH - mean within specified beam      0.00    
% EBHIS survey -----------------
% NH  within specified beam           0.394E+22
%%EBHIS   621  datapoints: v_lsr [km/s] and T_B [K]
    -399.25    -0.007
    -397.96    -0.085
    -396.68    -0.081
    -395.39    -0.095
    -394.10     0.004
    -392.81     0.082
    -391.52     0.017
    -390.23    -0.000
    -388.95    -0.022
    -387.66    -0.032
    -386.37     0.016
    -385.08    -0.008
    -383.79    -0.078
    -382.50    -0.107
    -381.22    -0.076
    -379.93    -0.096
    -378.64    -0.076
    -377.35    -0.015
    -376.06    -0.050
    -374.78    -0.018
    -373.49    -0.001
    -372.20    -0.028
    -370.91    -0.033
    -369.62    -0.043
    -368.33    -0.088
    -367.05    -0.027
    -365.76    -0.015
    -364.47     0.030
    -363.18     0.066
    -361.89    -0.098
    -360.60     0.044
    -359.32     0.031
    -358.03    -0.019
    -356.74    -0.113
    -355.45    -0.075
    -354.16     0.001
    -352.88     0.067
    -351.59     0.026
    -350.30    -0.052
    -349.01    -0.017
    -347.72    -0.004
    -346.43     0.014
    -345.15     0.038
    -343.86     0.005
    -342.57     0.025
    -341.28    -0.004
    -339.99    -0.083
    -338.70    -0.008
    -337.42    -0.036
    -336.13     0.043
    -334.84     0.103
    -333.55     0.056
    -332.26     0.043
    -330.98    -0.047
    -329.69    -0.037
    -328.40    -0.002
    -327.11     0.118
    -325.82     0.028
    -324.53     0.013
    -323.25     0.077
    -321.96     0.027
    -320.67     0.089
    -319.38    -0.063
    -318.09    -0.014
    -316.80     0.039
    -315.52    -0.065
    -314.23    -0.097
    -312.94     0.090
    -311.65     0.121
    -310.36    -0.021
    -309.08    -0.077
    -307.79     0.080
    -306.50     0.092
    -305.21     0.078
    -303.92    -0.075
    -302.63    -0.046
    -301.35     0.034
    -300.06     0.031
    -298.77     0.128
    -297.48    -0.021
    -296.19     0.037
    -294.90    -0.006
    -293.62    -0.035
    -292.33     0.079
    -291.04    -0.077
    -289.75     0.036
    -288.46     0.010
    -287.18    -0.090
    -285.89    -0.073
    -284.60     0.070
    -283.31     0.079
    -282.02     0.030
    -280.73     0.016
    -279.45    -0.028
    -278.16    -0.055
    -276.87    -0.027
    -275.58    -0.037
    -274.29     0.055
    -273.00     0.039
    -271.72    -0.050
    -270.43     0.063
    -269.14     0.005
    -267.85    -0.100
    -266.56    -0.118
    -265.28     0.025
    -263.99    -0.000
    -262.70    -0.006
    -261.41     0.014
    -260.12    -0.009
    -258.83    -0.004
    -257.55    -0.047
    -256.26    -0.015
    -254.97     0.017
    -253.68    -0.004
    -252.39    -0.144
    -251.10    -0.159
    -249.82     0.003
    -248.53     0.056
    -247.24     0.048
    -245.95     0.142
    -244.66     0.012
    -243.38    -0.038
    -242.09     0.002
    -240.80    -0.011
    -239.51    -0.135
    -238.22    -0.026
    -236.93     0.033
    -235.65    -0.028
    -234.36    -0.034
    -233.07     0.006
    -231.78     0.079
    -230.49     0.029
    -229.20     0.097
    -227.92    -0.020
    -226.63    -0.064
    -225.34    -0.078
    -224.05    -0.008
    -222.76     0.032
    -221.48    -0.016
    -220.19     0.011
    -218.90    -0.029
    -217.61     0.056
    -216.32     0.112
    -215.03    -0.068
    -213.75    -0.046
    -212.46    -0.081
    -211.17     0.075
    -209.88     0.049
    -208.59     0.024
    -207.30     0.008
    -206.02     0.102
    -204.73     0.051
    -203.44    -0.019
    -202.15     0.035
    -200.86     0.064
    -199.58     0.045
    -198.29    -0.032
    -197.00     0.041
    -195.71     0.014
    -194.42    -0.058
    -193.13    -0.011
    -191.85     0.035
    -190.56    -0.047
    -189.27    -0.017
    -187.98     0.010
    -186.69    -0.053
    -185.40     0.072
    -184.12    -0.020
    -182.83     0.028
    -181.54     0.022
    -180.25     0.099
    -178.96    -0.032
    -177.68    -0.105
    -176.39    -0.077
    -175.10    -0.046
    -173.81    -0.016
    -172.52     0.044
    -171.23     0.085
    -169.95     0.038
    -168.66    -0.087
    -167.37     0.012
    -166.08     0.073
    -164.79     0.053
    -163.50     0.014
    -162.22    -0.032
    -160.93     0.026
    -159.64    -0.075
    -158.35    -0.052
    -157.06     0.090
    -155.78     0.092
    -154.49     0.046
    -153.20     0.069
    -151.91     0.005
    -150.62    -0.038
    -149.33     0.071
    -148.05     0.063
    -146.76     0.036
    -145.47     0.044
    -144.18     0.069
    -142.89     0.097
    -141.60     0.194
    -140.32     0.182
    -139.03     0.153
    -137.74     0.230
    -136.45     0.196
    -135.16     0.305
    -133.88     0.350
    -132.59     0.237
    -131.30     0.391
    -130.01     0.395
    -128.72     0.426
    -127.43     0.482
    -126.15     0.584
    -124.86     0.605
    -123.57     0.703
    -122.28     1.609
    -120.99     1.085
    -119.70     1.182
    -118.42     1.336
    -117.13     1.840
    -115.84     2.238
    -114.55     2.929
    -113.26     4.070
    -111.98     6.043
    -110.69     7.173
    -109.40     7.178
    -108.11     5.745
    -106.82     4.249
    -105.53     3.348
    -104.25     3.044
    -102.96     3.281
    -101.67     3.521
    -100.38     3.462
     -99.09     3.601
     -97.80     3.577
     -96.52     3.681
     -95.23     3.635
     -93.94     3.617
     -92.65     3.594
     -91.36     3.504
     -90.08     3.242
     -88.79     2.968
     -87.50     2.820
     -86.21     2.643
     -84.92     2.739
     -83.63     2.574
     -82.35     2.470
     -81.06     2.415
     -79.77     2.393
     -78.48     2.403
     -77.19     2.461
     -75.90     2.466
     -74.62     2.494
     -73.33     2.534
     -72.04     2.542
     -70.75     2.511
     -69.46     2.485
     -68.18     2.328
     -66.89     2.447
     -65.60     2.261
     -64.31     2.204
     -63.02     2.199
     -61.73     2.150
     -60.45     2.099
     -59.16     1.879
     -57.87     1.875
     -56.58     1.966
     -55.29     1.966
     -54.00     1.947
     -52.72     1.963
     -51.43     2.087
     -50.14     2.416
     -48.85     2.699
     -47.56     2.823
     -46.28     3.137
     -44.99     3.278
     -43.70     3.629
     -42.41     3.893
     -41.12     3.895
     -39.83     4.219
     -38.55     4.622
     -37.26     4.581
     -35.97     4.625
     -34.68     4.599
     -33.39     4.485
     -32.10     4.459
     -30.82     4.546
     -29.53     4.885
     -28.24     5.128
     -26.95     5.307
     -25.66     5.474
     -24.38     5.556
     -23.09     6.007
     -21.80     6.389
     -20.51     7.307
     -19.22     8.532
     -17.93     9.391
     -16.65    10.844
     -15.36    12.823
     -14.07    14.780
     -12.78    17.253
     -11.49    20.081
     -10.20    22.433
      -8.92    27.086
      -7.63    33.730
      -6.34    37.033
      -5.05    37.160
      -3.76    37.421
      -2.48    38.801
      -1.19    40.597
       0.10    44.663
       1.39    52.201
       2.68    61.427
       3.97    65.218
       5.25    73.339
       6.54    81.210
       7.83    84.458
       9.12    85.737
      10.41    84.102
      11.70    78.718
      12.98    69.524
      14.27    56.296
      15.56    44.150
      16.85    35.335
      18.14    28.425
      19.42    22.620
      20.71    16.881
      22.00    12.012
      23.29     8.597
      24.58     6.396
      25.87     4.608
      27.15     3.546
      28.44     2.696
      29.73     1.950
      31.02     1.599
      32.31     1.207
      33.60     0.957
      34.88     0.711
      36.17     0.353
      37.46     0.424
      38.75     0.496
      40.04     0.299
      41.32     0.353
      42.61     0.206
      43.90     0.247
      45.19     0.201
      46.48     0.087
      47.77     0.203
      49.05     0.167
      50.34     0.175
      51.63     0.144
      52.92     0.176
      54.21     0.023
      55.50     0.069
      56.78     0.119
      58.07     0.113
      59.36     0.135
      60.65     0.063
      61.94     0.081
      63.22     0.193
      64.51     0.192
      65.80     0.096
      67.09     0.041
      68.38     0.143
      69.67     0.057
      70.95     0.017
      72.24    -0.064
      73.53    -0.033
      74.82     0.102
      76.11     0.084
      77.40     0.011
      78.68     0.062
      79.97     0.118
      81.26    -0.042
      82.55    -0.047
      83.84    -0.113
      85.12    -0.013
      86.41     0.037
      87.70    -0.083
      88.99     0.013
      90.28     0.015
      91.57    -0.013
      92.85     0.024
      94.14     0.041
      95.43    -0.073
      96.72    -0.108
      98.01    -0.061
      99.30    -0.101
     100.58     0.014
     101.87    -0.062
     103.16    -0.007
     104.45    -0.003
     105.74    -0.014
     107.02    -0.104
     108.31    -0.097
     109.60     0.003
     110.89     0.004
     112.18    -0.008
     113.47     0.070
     114.75     0.096
     116.04    -0.076
     117.33     0.010
     118.62     0.120
     119.91    -0.013
     121.20    -0.030
     122.48     0.022
     123.77     0.054
     125.06     0.060
     126.35    -0.013
     127.64    -0.006
     128.92     0.016
     130.21    -0.072
     131.50    -0.041
     132.79     0.057
     134.08    -0.026
     135.37     0.014
     136.65     0.077
     137.94     0.142
     139.23    -0.054
     140.52    -0.002
     141.81     0.004
     143.09    -0.080
     144.38     0.043
     145.67    -0.024
     146.96     0.061
     148.25    -0.039
     149.54     0.040
     150.82     0.121
     152.11     0.009
     153.40     0.048
     154.69    -0.028
     155.98    -0.101
     157.27    -0.012
     158.55    -0.009
     159.84     0.097
     161.13    -0.013
     162.42    -0.019
     163.71     0.001
     164.99    -0.029
     166.28    -0.070
     167.57    -0.088
     168.86    -0.043
     170.15     0.032
     171.44     0.111
     172.72    -0.058
     174.01     0.054
     175.30    -0.002
     176.59    -0.033
     177.88    -0.039
     179.17    -0.020
     180.45    -0.121
     181.74    -0.176
     183.03     0.017
     184.32    -0.047
     185.61    -0.076
     186.89     0.087
     188.18     0.091
     189.47     0.005
     190.76    -0.013
     192.05     0.024
     193.34     0.006
     194.62     0.024
     195.91    -0.051
     197.20    -0.014
     198.49     0.074
     199.78     0.073
     201.07     0.038
     202.35    -0.006
     203.64    -0.061
     204.93    -0.014
     206.22    -0.007
     207.51    -0.037
     208.79     0.010
     210.08    -0.043
     211.37     0.035
     212.66     0.005
     213.95     0.028
     215.24     0.044
     216.52    -0.023
     217.81    -0.044
     219.10     0.005
     220.39    -0.035
     221.68     0.046
     222.97    -0.069
     224.25    -0.030
     225.54     0.048
     226.83     0.039
     228.12    -0.144
     229.41    -0.108
     230.69    -0.032
     231.98     0.087
     233.27     0.067
     234.56     0.044
     235.85    -0.080
     237.14     0.053
     238.42     0.027
     239.71     0.082
     241.00    -0.007
     242.29     0.039
     243.58     0.060
     244.87    -0.028
     246.15    -0.026
     247.44    -0.051
     248.73     0.027
     250.02     0.012
     251.31    -0.005
     252.59    -0.054
     253.88    -0.020
     255.17    -0.043
     256.46    -0.053
     257.75     0.028
     259.04     0.054
     260.32    -0.014
     261.61     0.070
     262.90     0.068
     264.19    -0.060
     265.48    -0.084
     266.77     0.021
     268.05     0.054
     269.34     0.056
     270.63     0.033
     271.92     0.021
     273.21     0.031
     274.49    -0.017
     275.78     0.055
     277.07     0.005
     278.36     0.063
     279.65    -0.099
     280.94    -0.062
     282.22    -0.019
     283.51     0.022
     284.80    -0.024
     286.09     0.118
     287.38     0.099
     288.67    -0.034
     289.95     0.071
     291.24     0.081
     292.53     0.100
     293.82     0.023
     295.11     0.056
     296.39     0.105
     297.68     0.080
     298.97     0.041
     300.26     0.086
     301.55     0.042
     302.84    -0.023
     304.12    -0.017
     305.41    -0.138
     306.70    -0.064
     307.99     0.022
     309.28     0.066
     310.57     0.002
     311.85    -0.011
     313.14    -0.094
     314.43    -0.051
     315.72    -0.050
     317.01    -0.096
     318.29    -0.071
     319.58    -0.013
     320.87    -0.021
     322.16    -0.053
     323.45     0.008
     324.74     0.041
     326.02     0.003
     327.31     0.092
     328.60    -0.047
     329.89    -0.080
     331.18     0.036
     332.47    -0.049
     333.75     0.050
     335.04     0.044
     336.33     0.064
     337.62    -0.024
     338.91    -0.025
     340.19    -0.047
     341.48    -0.133
     342.77    -0.018
     344.06    -0.010
     345.35     0.093
     346.64     0.121
     347.92    -0.029
     349.21    -0.084
     350.50     0.007
     351.79    -0.024
     353.08    -0.004
     354.37     0.030
     355.65    -0.062
     356.94     0.015
     358.23    -0.008
     359.52     0.124
     360.81     0.086
     362.09    -0.097
     363.38    -0.008
     364.67     0.007
     365.96     0.055
     367.25     0.055
     368.54     0.038
     369.82     0.052
     371.11     0.087
     372.40    -0.183
     373.69     0.000
     374.98    -0.030
     376.27    -0.079
     377.55    -0.012
     378.84    -0.096
     380.13    -0.005
     381.42    -0.019
     382.71    -0.050
     383.99    -0.054
     385.28    -0.003
     386.57     0.020
     387.86    -0.007
     389.15     0.022
     390.44     0.014
     391.72     0.046
     393.01    -0.009
     394.30     0.051
     395.59     0.026
     396.88    -0.028
     398.17     0.008
     399.45     0.025
%%GASS      0  datapoints: v_lsr [km/s] and T_B [K]
%%LAB     777  datapoints: v_lsr [km/s] and T_B [K]
    -399.83     0.101
    -398.80    -0.149
    -397.77     0.084
    -396.74    -0.156
    -395.71     0.107
    -394.68     0.094
    -393.65     0.125
    -392.62    -0.032
    -391.59    -0.023
    -390.56    -0.049
    -389.53     0.177
    -388.50    -0.134
    -387.47     0.018
    -386.44     0.030
    -385.41     0.014
    -384.38    -0.057
    -383.34     0.061
    -382.31    -0.007
    -381.28    -0.052
    -380.25    -0.050
    -379.22     0.015
    -378.19     0.037
    -377.16     0.062
    -376.13     0.115
    -375.10     0.147
    -374.07    -0.048
    -373.04    -0.011
    -372.01    -0.199
    -370.98    -0.009
    -369.95     0.007
    -368.92    -0.054
    -367.89    -0.125
    -366.86    -0.060
    -365.83    -0.118
    -364.80     0.043
    -363.77     0.032
    -362.73    -0.020
    -361.70     0.172
    -360.67    -0.064
    -359.64    -0.041
    -358.61     0.065
    -357.58     0.011
    -356.55    -0.052
    -355.52    -0.078
    -354.49     0.087
    -353.46    -0.034
    -352.43     0.033
    -351.40    -0.174
    -350.37     0.012
    -349.34    -0.093
    -348.31    -0.031
    -347.28     0.047
    -346.25    -0.150
    -345.22    -0.070
    -344.19    -0.032
    -343.16     0.102
    -342.12     0.022
    -341.09    -0.113
    -340.06    -0.002
    -339.03     0.007
    -338.00     0.231
    -336.97     0.108
    -335.94    -0.036
    -334.91    -0.070
    -333.88     0.050
    -332.85     0.123
    -331.82    -0.054
    -330.79    -0.153
    -329.76     0.020
    -328.73     0.108
    -327.70     0.055
    -326.67     0.014
    -325.64     0.132
    -324.61     0.025
    -323.58    -0.017
    -322.55     0.127
    -321.51     0.075
    -320.48     0.027
    -319.45    -0.045
    -318.42    -0.114
    -317.39    -0.066
    -316.36    -0.091
    -315.33    -0.042
    -314.30    -0.038
    -313.27     0.066
    -312.24     0.004
    -311.21    -0.035
    -310.18     0.083
    -309.15     0.111
    -308.12    -0.060
    -307.09     0.061
    -306.06    -0.079
    -305.03     0.002
    -304.00     0.065
    -302.97     0.064
    -301.94    -0.042
    -300.90     0.019
    -299.87    -0.143
    -298.84    -0.002
    -297.81     0.040
    -296.78    -0.036
    -295.75     0.015
    -294.72    -0.063
    -293.69    -0.070
    -292.66     0.019
    -291.63    -0.088
    -290.60     0.027
    -289.57     0.084
    -288.54    -0.048
    -287.51     0.041
    -286.48     0.057
    -285.45    -0.003
    -284.42     0.183
    -283.39     0.043
    -282.36     0.018
    -281.33     0.105
    -280.29     0.101
    -279.26    -0.099
    -278.23    -0.077
    -277.20     0.089
    -276.17    -0.188
    -275.14    -0.009
    -274.11     0.141
    -273.08    -0.020
    -272.05     0.077
    -271.02     0.055
    -269.99     0.005
    -268.96    -0.174
    -267.93    -0.052
    -266.90    -0.050
    -265.87    -0.032
    -264.84    -0.050
    -263.81     0.036
    -262.78    -0.106
    -261.75    -0.122
    -260.72    -0.028
    -259.69     0.045
    -258.65     0.072
    -257.62     0.133
    -256.59     0.029
    -255.56     0.122
    -254.53     0.044
    -253.50    -0.000
    -252.47     0.008
    -251.44     0.069
    -250.41     0.107
    -249.38     0.039
    -248.35    -0.096
    -247.32    -0.054
    -246.29     0.047
    -245.26     0.051
    -244.23    -0.064
    -243.20    -0.135
    -242.17    -0.110
    -241.14    -0.054
    -240.11     0.012
    -239.08     0.162
    -238.04    -0.024
    -237.01     0.176
    -235.98    -0.060
    -234.95    -0.039
    -233.92     0.072
    -232.89     0.070
    -231.86     0.033
    -230.83     0.089
    -229.80     0.018
    -228.77    -0.163
    -227.74     0.066
    -226.71     0.076
    -225.68    -0.125
    -224.65     0.082
    -223.62    -0.120
    -222.59    -0.128
    -221.56    -0.045
    -220.53     0.032
    -219.50     0.059
    -218.47     0.129
    -217.43    -0.046
    -216.40     0.120
    -215.37    -0.156
    -214.34     0.002
    -213.31     0.004
    -212.28    -0.013
    -211.25     0.262
    -210.22    -0.103
    -209.19    -0.113
    -208.16    -0.041
    -207.13     0.058
    -206.10     0.048
    -205.07     0.209
    -204.04     0.047
    -203.01     0.130
    -201.98     0.018
    -200.95     0.047
    -199.92    -0.043
    -198.89    -0.038
    -197.86    -0.038
    -196.82    -0.089
    -195.79    -0.078
    -194.76    -0.186
    -193.73    -0.039
    -192.70    -0.009
    -191.67     0.269
    -190.64    -0.036
    -189.61    -0.013
    -188.58    -0.043
    -187.55     0.158
    -186.52     0.032
    -185.49    -0.018
    -184.46    -0.029
    -183.43     0.080
    -182.40    -0.017
    -181.37     0.044
    -180.34     0.190
    -179.31     0.126
    -178.28     0.015
    -177.25    -0.018
    -176.21     0.018
    -175.18     0.012
    -174.15     0.015
    -173.12     0.123
    -172.09    -0.082
    -171.06    -0.014
    -170.03    -0.048
    -169.00     0.012
    -167.97    -0.149
    -166.94     0.159
    -165.91     0.034
    -164.88     0.073
    -163.85     0.034
    -162.82     0.025
    -161.79    -0.182
    -160.76     0.052
    -159.73     0.047
    -158.70     0.054
    -157.67     0.052
    -156.64    -0.163
    -155.60    -0.027
    -154.57     0.083
    -153.54    -0.023
    -152.51     0.022
    -151.48    -0.082
    -150.45     0.183
    -149.42     0.205
    -148.39     0.226
    -147.36    -0.049
    -146.33    -0.021
    -145.30     0.179
    -144.27     0.158
    -143.24     0.029
    -142.21     0.175
    -141.18     0.158
    -140.15     0.132
    -139.12     0.248
    -138.09     0.297
    -137.06     0.212
    -136.03     0.313
    -134.99     0.298
    -133.96     0.175
    -132.93     0.329
    -131.90     0.218
    -130.87     0.394
    -129.84     0.368
    -128.81     0.508
    -127.78     0.509
    -126.75     0.698
    -125.72     0.742
    -124.69     0.642
    -123.66     0.827
    -122.63     1.013
    -121.60     1.148
    -120.57     1.123
    -119.54     1.400
    -118.51     1.733
    -117.48     2.007
    -116.45     2.312
    -115.42     2.997
    -114.39     3.537
    -113.35     4.364
    -112.32     5.276
    -111.29     6.244
    -110.26     6.797
    -109.23     6.925
    -108.20     6.412
    -107.17     5.183
    -106.14     4.303
    -105.11     3.781
    -104.08     3.548
    -103.05     3.544
    -102.02     3.538
    -100.99     3.582
     -99.96     3.603
     -98.93     3.531
     -97.90     3.657
     -96.87     3.481
     -95.84     3.648
     -94.81     3.541
     -93.78     3.552
     -92.74     3.352
     -91.71     3.163
     -90.68     3.262
     -89.65     3.029
     -88.62     2.873
     -87.59     2.797
     -86.56     2.641
     -85.53     2.490
     -84.50     2.559
     -83.47     2.390
     -82.44     2.536
     -81.41     2.354
     -80.38     2.315
     -79.35     2.401
     -78.32     2.462
     -77.29     2.454
     -76.26     2.351
     -75.23     2.286
     -74.20     2.253
     -73.17     2.348
     -72.13     2.346
     -71.10     2.432
     -70.07     2.504
     -69.04     2.157
     -68.01     2.154
     -66.98     2.226
     -65.95     2.117
     -64.92     2.144
     -63.89     2.194
     -62.86     2.057
     -61.83     2.032
     -60.80     2.037
     -59.77     1.826
     -58.74     1.825
     -57.71     1.978
     -56.68     1.897
     -55.65     1.893
     -54.62     1.846
     -53.59     2.060
     -52.56     2.248
     -51.52     2.423
     -50.49     2.626
     -49.46     2.834
     -48.43     3.119
     -47.40     3.605
     -46.37     3.817
     -45.34     3.943
     -44.31     3.992
     -43.28     4.186
     -42.25     4.215
     -41.22     4.392
     -40.19     4.588
     -39.16     4.966
     -38.13     4.901
     -37.10     4.958
     -36.07     5.086
     -35.04     5.062
     -34.01     4.955
     -32.98     5.059
     -31.95     5.054
     -30.91     5.189
     -29.88     5.370
     -28.85     5.558
     -27.82     5.697
     -26.79     5.880
     -25.76     6.076
     -24.73     6.191
     -23.70     6.528
     -22.67     6.972
     -21.64     7.340
     -20.61     8.097
     -19.58     9.006
     -18.55    10.129
     -17.52    11.187
     -16.49    12.488
     -15.46    13.659
     -14.43    15.229
     -13.40    16.805
     -12.37    18.289
     -11.34    19.875
     -10.30    21.624
      -9.27    23.647
      -8.24    27.613
      -7.21    33.165
      -6.18    36.350
      -5.15    36.342
      -4.12    35.871
      -3.09    36.948
      -2.06    38.302
      -1.03    41.465
       0.00    45.881
       1.03    52.364
       2.06    60.362
       3.09    67.107
       4.12    68.358
       5.15    74.190
       6.18    85.108
       7.21    89.261
       8.24    90.738
       9.27    89.847
      10.30    87.914
      11.34    83.397
      12.37    76.970
      13.40    68.073
      14.43    58.730
      15.46    48.935
      16.49    40.573
      17.52    33.331
      18.55    26.970
      19.58    21.845
      20.61    17.839
      21.64    14.083
      22.67    11.063
      23.70     8.620
      24.73     6.939
      25.76     5.651
      26.79     4.091
      27.82     3.391
      28.85     2.927
      29.88     1.881
      30.91     1.883
      31.95     1.259
      32.98     1.171
      34.01     0.810
      35.04     0.680
      36.07     0.635
      37.10     0.434
      38.13     0.234
      39.16     0.334
      40.19     0.141
      41.22     0.190
      42.25     0.259
      43.28     0.012
      44.31     0.058
      45.34     0.208
      46.37     0.116
      47.40     0.113
      48.43     0.151
      49.46     0.238
      50.49     0.020
      51.52    -0.000
      52.56     0.026
      53.59    -0.003
      54.62    -0.014
      55.65     0.091
      56.68     0.047
      57.71     0.077
      58.74    -0.060
      59.77    -0.013
      60.80     0.215
      61.83     0.195
      62.86    -0.106
      63.89     0.144
      64.92    -0.028
      65.95     0.129
      66.98     0.040
      68.01    -0.009
      69.04     0.057
      70.07     0.107
      71.10    -0.099
      72.13     0.100
      73.17    -0.096
      74.20     0.132
      75.23    -0.067
      76.26     0.011
      77.29    -0.000
      78.32     0.073
      79.35     0.012
      80.38     0.283
      81.41     0.084
      82.44     0.050
      83.47     0.040
      84.50     0.073
      85.53     0.012
      86.56    -0.102
      87.59     0.040
      88.62    -0.082
      89.65    -0.109
      90.68     0.109
      91.71    -0.082
      92.74     0.095
      93.78     0.126
      94.81     0.130
      95.84    -0.043
      96.87    -0.066
      97.90     0.059
      98.93     0.025
      99.96    -0.142
     100.99     0.151
     102.02     0.020
     103.05    -0.106
     104.08    -0.234
     105.11     0.109
     106.14    -0.185
     107.17     0.243
     108.20     0.126
     109.23     0.008
     110.26    -0.061
     111.29     0.075
     112.32    -0.002
     113.35    -0.143
     114.39     0.188
     115.42     0.094
     116.45     0.020
     117.48    -0.103
     118.51    -0.046
     119.54    -0.088
     120.57     0.112
     121.60     0.059
     122.63     0.061
     123.66     0.090
     124.69    -0.021
     125.72     0.123
     126.75     0.041
     127.78    -0.046
     128.81     0.054
     129.84     0.150
     130.87    -0.060
     131.90     0.045
     132.93    -0.034
     133.96    -0.057
     134.99     0.066
     136.03     0.150
     137.06    -0.052
     138.09     0.034
     139.12    -0.118
     140.15    -0.057
     141.18    -0.061
     142.21    -0.034
     143.24    -0.003
     144.27     0.025
     145.30     0.116
     146.33     0.138
     147.36    -0.031
     148.39    -0.088
     149.42    -0.204
     150.45    -0.053
     151.48    -0.178
     152.51    -0.028
     153.54     0.029
     154.57    -0.096
     155.60    -0.096
     156.64    -0.000
     157.67    -0.021
     158.70     0.058
     159.73     0.020
     160.76     0.044
     161.79     0.102
     162.82     0.043
     163.85     0.002
     164.88    -0.149
     165.91    -0.004
     166.94    -0.053
     167.97    -0.104
     169.00     0.111
     170.03     0.065
     171.06     0.072
     172.09    -0.056
     173.12    -0.048
     174.15    -0.073
     175.18     0.011
     176.21     0.086
     177.25    -0.091
     178.28    -0.048
     179.31     0.130
     180.34    -0.064
     181.37    -0.067
     182.40    -0.089
     183.43     0.172
     184.46    -0.018
     185.49    -0.036
     186.52     0.083
     187.55     0.023
     188.58    -0.041
     189.61    -0.161
     190.64    -0.014
     191.67    -0.036
     192.70    -0.077
     193.73    -0.202
     194.76     0.064
     195.79    -0.006
     196.82     0.055
     197.86    -0.091
     198.89    -0.125
     199.92     0.155
     200.95    -0.018
     201.98     0.022
     203.01     0.061
     204.04    -0.048
     205.07     0.029
     206.10     0.072
     207.13     0.002
     208.16    -0.061
     209.19     0.023
     210.22     0.133
     211.25     0.068
     212.28    -0.018
     213.31    -0.045
     214.34    -0.036
     215.37    -0.059
     216.40     0.070
     217.43     0.122
     218.47     0.055
     219.50     0.020
     220.53     0.093
     221.56    -0.009
     222.59    -0.079
     223.62    -0.000
     224.65     0.104
     225.68     0.075
     226.71     0.044
     227.74    -0.018
     228.77     0.190
     229.80    -0.220
     230.83     0.040
     231.86     0.037
     232.89    -0.089
     233.92    -0.021
     234.95     0.043
     235.98    -0.003
     237.01     0.066
     238.04     0.116
     239.08    -0.134
     240.11    -0.154
     241.14     0.029
     242.17    -0.084
     243.20     0.040
     244.23     0.073
     245.26     0.073
     246.29    -0.000
     247.32    -0.038
     248.35     0.212
     249.38     0.043
     250.41     0.186
     251.44     0.061
     252.47     0.034
     253.50     0.020
     254.53     0.043
     255.56    -0.006
     256.59    -0.025
     257.62    -0.043
     258.65     0.014
     259.68    -0.041
     260.72     0.120
     261.75    -0.000
     262.78    -0.068
     263.81     0.062
     264.84    -0.215
     265.87    -0.067
     266.90    -0.003
     267.93    -0.145
     268.96     0.084
     269.99     0.041
     271.02    -0.020
     272.05    -0.057
     273.08    -0.125
     274.11     0.034
     275.14     0.084
     276.17     0.091
     277.20     0.037
     278.23     0.015
     279.26     0.087
     280.29     0.072
     281.33     0.005
     282.36     0.108
     283.39    -0.068
     284.42    -0.013
     285.45    -0.100
     286.48    -0.077
     287.51    -0.039
     288.54    -0.089
     289.57    -0.174
     290.60     0.198
     291.63    -0.003
     292.66     0.064
     293.69     0.057
     294.72     0.141
     295.75     0.047
     296.78    -0.029
     297.81    -0.095
     298.84    -0.011
     299.87     0.020
     300.90     0.075
     301.94    -0.111
     302.97     0.061
     304.00     0.090
     305.03     0.173
     306.06    -0.038
     307.09    -0.011
     308.12     0.018
     309.15     0.054
     310.18     0.048
     311.21    -0.046
     312.24    -0.066
     313.27    -0.000
     314.30    -0.099
     315.33     0.187
     316.36     0.058
     317.39     0.193
     318.42    -0.070
     319.45     0.032
     320.48    -0.102
     321.51     0.019
     322.55     0.030
     323.58    -0.134
     324.61    -0.038
     325.64     0.070
     326.67    -0.074
     327.70    -0.048
     328.73     0.027
     329.76    -0.016
     330.79    -0.204
     331.82    -0.109
     332.85    -0.128
     333.88     0.183
     334.91     0.113
     335.94     0.032
     336.97    -0.016
     338.00     0.008
     339.03    -0.104
     340.06    -0.124
     341.09    -0.150
     342.12     0.048
     343.16    -0.039
     344.19    -0.002
     345.22    -0.139
     346.25    -0.088
     347.28    -0.028
     348.31     0.030
     349.34    -0.014
     350.37    -0.195
     351.40    -0.003
     352.43    -0.088
     353.46     0.030
     354.49     0.054
     355.52    -0.128
     356.55    -0.031
     357.58    -0.086
     358.61     0.052
     359.64     0.022
     360.67     0.001
     361.70    -0.077
     362.73     0.205
     363.77    -0.177
     364.80    -0.007
     365.83     0.054
     366.86    -0.073
     367.89     0.101
     368.92     0.101
     369.95    -0.103
     370.98     0.016
     372.01     0.029
     373.04     0.076
     374.07     0.011
     375.10     0.173
     376.13     0.075
     377.16     0.176
     378.19     0.019
     379.22    -0.043
     380.25    -0.124
     381.28    -0.163
     382.31     0.007
     383.34     0.022
     384.38     0.105
     385.41     0.161
     386.44    -0.002
     387.47     0.062
     388.50    -0.106
     389.53    -0.052
     390.56    -0.067
     391.59     0.220
     392.62    -0.029
     393.65     0.143
     394.68     0.187
     395.71     0.059
     396.74    -0.110
     397.77     0.011
     398.80     0.091
     399.83     0.051
