%%   90.00000 -12.50000    0   0.20000
% LAB  survey ------------------
% wanted position:  l, b, RA, DEC, and interpolated  NH
% 90.00 ; -12.50 ; 329.71 ;  39.09 ;  0.138E+22
% nearest position: l, b, RA, DEC, and observed NH
% 90.00 ; -12.50 ; 329.71 ;  39.09 ;  0.138E+22
% GASS III survey --------------
% NH - median within 6 arcmin radius   0.00    
% NH - mean within specified beam      0.00    
% EBHIS survey -----------------
% NH  within specified beam           0.127E+22
%%EBHIS   621  datapoints: v_lsr [km/s] and T_B [K]
    -399.25    -0.032
    -397.96    -0.093
    -396.68     0.022
    -395.39     0.053
    -394.10    -0.033
    -392.81    -0.022
    -391.52     0.006
    -390.23    -0.000
    -388.95    -0.033
    -387.66     0.018
    -386.37     0.003
    -385.08     0.063
    -383.79     0.103
    -382.50     0.083
    -381.22    -0.020
    -379.93     0.035
    -378.64     0.067
    -377.35    -0.011
    -376.06     0.006
    -374.78    -0.020
    -373.49     0.022
    -372.20     0.046
    -370.91    -0.014
    -369.62     0.055
    -368.33    -0.019
    -367.05    -0.070
    -365.76    -0.085
    -364.47     0.036
    -363.18    -0.011
    -361.89     0.046
    -360.60     0.031
    -359.32    -0.073
    -358.03    -0.082
    -356.74    -0.051
    -355.45    -0.019
    -354.16     0.019
    -352.88     0.000
    -351.59     0.023
    -350.30     0.067
    -349.01     0.089
    -347.72     0.100
    -346.43     0.067
    -345.15     0.029
    -343.86     0.077
    -342.57    -0.021
    -341.28     0.042
    -339.99     0.093
    -338.70     0.068
    -337.42     0.048
    -336.13    -0.052
    -334.84    -0.013
    -333.55     0.038
    -332.26    -0.042
    -330.98    -0.094
    -329.69    -0.042
    -328.40     0.007
    -327.11    -0.051
    -325.82     0.022
    -324.53    -0.016
    -323.25     0.026
    -321.96     0.042
    -320.67     0.000
    -319.38     0.046
    -318.09     0.008
    -316.80    -0.058
    -315.52    -0.027
    -314.23    -0.066
    -312.94     0.007
    -311.65     0.080
    -310.36    -0.030
    -309.08    -0.043
    -307.79    -0.034
    -306.50    -0.007
    -305.21     0.012
    -303.92     0.065
    -302.63     0.122
    -301.35     0.106
    -300.06     0.018
    -298.77     0.037
    -297.48    -0.030
    -296.19    -0.000
    -294.90     0.007
    -293.62     0.002
    -292.33     0.001
    -291.04     0.004
    -289.75    -0.021
    -288.46    -0.061
    -287.18    -0.045
    -285.89     0.095
    -284.60     0.003
    -283.31    -0.020
    -282.02     0.004
    -280.73     0.033
    -279.45     0.014
    -278.16    -0.057
    -276.87    -0.030
    -275.58     0.046
    -274.29     0.063
    -273.00     0.055
    -271.72     0.023
    -270.43    -0.067
    -269.14    -0.028
    -267.85     0.038
    -266.56    -0.032
    -265.28    -0.022
    -263.99    -0.069
    -262.70    -0.019
    -261.41    -0.014
    -260.12    -0.021
    -258.83     0.008
    -257.55    -0.029
    -256.26    -0.039
    -254.97     0.023
    -253.68    -0.022
    -252.39    -0.034
    -251.10     0.001
    -249.82    -0.033
    -248.53     0.056
    -247.24     0.017
    -245.95     0.007
    -244.66    -0.065
    -243.38    -0.009
    -242.09     0.029
    -240.80     0.044
    -239.51    -0.033
    -238.22    -0.072
    -236.93     0.034
    -235.65    -0.027
    -234.36     0.058
    -233.07     0.099
    -231.78     0.033
    -230.49     0.016
    -229.20    -0.036
    -227.92    -0.059
    -226.63    -0.001
    -225.34     0.072
    -224.05     0.059
    -222.76     0.058
    -221.48    -0.020
    -220.19    -0.038
    -218.90     0.014
    -217.61    -0.013
    -216.32     0.036
    -215.03     0.050
    -213.75     0.043
    -212.46     0.063
    -211.17     0.048
    -209.88     0.014
    -208.59     0.009
    -207.30     0.022
    -206.02     0.012
    -204.73    -0.056
    -203.44     0.005
    -202.15    -0.060
    -200.86     0.021
    -199.58     0.044
    -198.29     0.006
    -197.00     0.013
    -195.71    -0.034
    -194.42     0.010
    -193.13     0.037
    -191.85     0.010
    -190.56     0.029
    -189.27     0.109
    -187.98     0.001
    -186.69     0.023
    -185.40     0.109
    -184.12     0.021
    -182.83     0.018
    -181.54     0.012
    -180.25    -0.078
    -178.96    -0.023
    -177.68     0.004
    -176.39     0.060
    -175.10     0.066
    -173.81     0.027
    -172.52     0.004
    -171.23    -0.001
    -169.95    -0.025
    -168.66     0.023
    -167.37    -0.034
    -166.08    -0.081
    -164.79    -0.063
    -163.50     0.031
    -162.22     0.055
    -160.93    -0.008
    -159.64    -0.023
    -158.35    -0.012
    -157.06     0.040
    -155.78     0.065
    -154.49     0.079
    -153.20    -0.017
    -151.91     0.000
    -150.62     0.011
    -149.33    -0.005
    -148.05     0.051
    -146.76     0.047
    -145.47    -0.004
    -144.18     0.051
    -142.89     0.065
    -141.60     0.046
    -140.32    -0.037
    -139.03     0.012
    -137.74    -0.028
    -136.45    -0.012
    -135.16     0.051
    -133.88     0.044
    -132.59     0.012
    -131.30     0.042
    -130.01    -0.020
    -128.72     0.042
    -127.43    -0.034
    -126.15     0.026
    -124.86     0.001
    -123.57     0.041
    -122.28     0.019
    -120.99     0.015
    -119.70     0.084
    -118.42     0.033
    -117.13     0.157
    -115.84     0.109
    -114.55     0.178
    -113.26     0.260
    -111.98     0.195
    -110.69     0.154
    -109.40     0.182
    -108.11     0.255
    -106.82     0.236
    -105.53     0.087
    -104.25     0.098
    -102.96     0.288
    -101.67     0.314
    -100.38     0.269
     -99.09     0.258
     -97.80     0.341
     -96.52     0.389
     -95.23     0.295
     -93.94     0.225
     -92.65     0.242
     -91.36     0.327
     -90.08     0.391
     -88.79     0.445
     -87.50     0.339
     -86.21     0.367
     -84.92     0.341
     -83.63     0.491
     -82.35     0.578
     -81.06     0.593
     -79.77     0.553
     -78.48     0.609
     -77.19     0.569
     -75.90     0.751
     -74.62     0.704
     -73.33     0.685
     -72.04     0.738
     -70.75     0.779
     -69.46     0.743
     -68.18     0.866
     -66.89     0.897
     -65.60     0.912
     -64.31     0.879
     -63.02     0.828
     -61.73     0.903
     -60.45     0.839
     -59.16     0.834
     -57.87     0.837
     -56.58     0.776
     -55.29     0.756
     -54.00     0.755
     -52.72     0.780
     -51.43     0.737
     -50.14     0.803
     -48.85     0.732
     -47.56     0.675
     -46.28     0.685
     -44.99     0.671
     -43.70     0.683
     -42.41     0.730
     -41.12     0.677
     -39.83     0.771
     -38.55     0.735
     -37.26     0.775
     -35.97     0.830
     -34.68     0.980
     -33.39     1.097
     -32.10     1.516
     -30.82     2.060
     -29.53     3.272
     -28.24     4.711
     -26.95     5.106
     -25.66     4.526
     -24.38     4.307
     -23.09     4.652
     -21.80     5.051
     -20.51     4.927
     -19.22     4.608
     -17.93     4.363
     -16.65     4.382
     -15.36     4.871
     -14.07     5.284
     -12.78     5.685
     -11.49     6.352
     -10.20     7.319
      -8.92     9.189
      -7.63    12.266
      -6.34    17.058
      -5.05    23.490
      -3.76    30.598
      -2.48    35.821
      -1.19    37.136
       0.10    34.468
       1.39    31.898
       2.68    31.590
       3.97    31.878
       5.25    30.078
       6.54    24.524
       7.83    18.061
       9.12    13.170
      10.41     9.531
      11.70     6.988
      12.98     5.399
      14.27     4.261
      15.56     3.485
      16.85     2.678
      18.14     2.035
      19.42     1.470
      20.71     1.009
      22.00     0.738
      23.29     0.519
      24.58     0.490
      25.87     0.330
      27.15     0.201
      28.44     0.210
      29.73     0.199
      31.02     0.177
      32.31     0.134
      33.60     0.096
      34.88    -0.061
      36.17     0.036
      37.46     0.071
      38.75     0.097
      40.04     0.013
      41.32    -0.055
      42.61    -0.055
      43.90    -0.024
      45.19     0.037
      46.48     0.024
      47.77     0.005
      49.05     0.036
      50.34     0.008
      51.63     0.039
      52.92     0.053
      54.21    -0.015
      55.50     0.003
      56.78    -0.036
      58.07    -0.110
      59.36    -0.034
      60.65    -0.012
      61.94     0.037
      63.22    -0.020
      64.51    -0.012
      65.80     0.004
      67.09     0.055
      68.38    -0.020
      69.67    -0.053
      70.95    -0.049
      72.24    -0.038
      73.53    -0.030
      74.82    -0.072
      76.11    -0.034
      77.40    -0.115
      78.68    -0.071
      79.97    -0.081
      81.26     0.001
      82.55     0.028
      83.84    -0.047
      85.12    -0.046
      86.41    -0.030
      87.70     0.016
      88.99     0.019
      90.28    -0.018
      91.57     0.021
      92.85     0.011
      94.14    -0.084
      95.43    -0.055
      96.72    -0.013
      98.01     0.038
      99.30    -0.018
     100.58    -0.057
     101.87     0.064
     103.16     0.033
     104.45    -0.015
     105.74    -0.004
     107.02    -0.015
     108.31    -0.079
     109.60    -0.101
     110.89    -0.078
     112.18     0.023
     113.47     0.042
     114.75     0.010
     116.04    -0.018
     117.33    -0.048
     118.62     0.079
     119.91     0.119
     121.20     0.082
     122.48     0.055
     123.77     0.064
     125.06     0.062
     126.35     0.069
     127.64    -0.069
     128.92    -0.026
     130.21     0.001
     131.50    -0.037
     132.79    -0.028
     134.08     0.043
     135.37    -0.049
     136.65     0.044
     137.94    -0.011
     139.23     0.038
     140.52    -0.031
     141.81    -0.082
     143.09     0.106
     144.38     0.046
     145.67     0.026
     146.96    -0.052
     148.25    -0.015
     149.54    -0.094
     150.82    -0.118
     152.11     0.028
     153.40     0.048
     154.69     0.084
     155.98     0.072
     157.27    -0.038
     158.55     0.009
     159.84    -0.008
     161.13    -0.069
     162.42    -0.048
     163.71     0.055
     164.99     0.021
     166.28    -0.001
     167.57    -0.049
     168.86    -0.004
     170.15     0.067
     171.44    -0.020
     172.72    -0.105
     174.01    -0.025
     175.30    -0.008
     176.59     0.050
     177.88     0.085
     179.17     0.104
     180.45     0.057
     181.74     0.007
     183.03    -0.062
     184.32    -0.056
     185.61    -0.010
     186.89    -0.013
     188.18     0.021
     189.47    -0.024
     190.76    -0.061
     192.05     0.006
     193.34    -0.004
     194.62     0.014
     195.91     0.039
     197.20    -0.026
     198.49    -0.061
     199.78    -0.003
     201.07    -0.044
     202.35    -0.013
     203.64     0.099
     204.93     0.100
     206.22    -0.055
     207.51    -0.055
     208.79    -0.117
     210.08    -0.038
     211.37     0.026
     212.66    -0.038
     213.95     0.042
     215.24     0.011
     216.52    -0.042
     217.81     0.085
     219.10     0.037
     220.39    -0.019
     221.68    -0.024
     222.97     0.016
     224.25    -0.038
     225.54    -0.007
     226.83    -0.001
     228.12     0.100
     229.41     0.068
     230.69     0.036
     231.98     0.037
     233.27     0.034
     234.56    -0.048
     235.85    -0.010
     237.14     0.062
     238.42     0.045
     239.71     0.077
     241.00     0.002
     242.29    -0.037
     243.58     0.053
     244.87     0.090
     246.15     0.076
     247.44     0.006
     248.73     0.007
     250.02    -0.081
     251.31    -0.070
     252.59     0.008
     253.88     0.046
     255.17     0.029
     256.46    -0.019
     257.75    -0.062
     259.04    -0.067
     260.32    -0.008
     261.61     0.085
     262.90     0.008
     264.19     0.074
     265.48    -0.009
     266.77    -0.080
     268.05     0.036
     269.34    -0.022
     270.63    -0.023
     271.92    -0.004
     273.21     0.039
     274.49    -0.040
     275.78    -0.044
     277.07    -0.070
     278.36    -0.018
     279.65    -0.009
     280.94    -0.019
     282.22    -0.043
     283.51    -0.015
     284.80    -0.009
     286.09     0.052
     287.38     0.019
     288.67     0.056
     289.95     0.000
     291.24    -0.052
     292.53     0.008
     293.82     0.042
     295.11     0.086
     296.39     0.126
     297.68     0.007
     298.97    -0.059
     300.26    -0.004
     301.55    -0.012
     302.84     0.020
     304.12    -0.005
     305.41    -0.018
     306.70     0.005
     307.99     0.052
     309.28     0.073
     310.57     0.014
     311.85    -0.011
     313.14    -0.073
     314.43     0.027
     315.72     0.118
     317.01    -0.009
     318.29    -0.041
     319.58     0.058
     320.87    -0.011
     322.16    -0.094
     323.45    -0.041
     324.74     0.018
     326.02    -0.036
     327.31    -0.081
     328.60    -0.080
     329.89     0.038
     331.18    -0.033
     332.47     0.029
     333.75     0.066
     335.04    -0.020
     336.33    -0.058
     337.62    -0.080
     338.91    -0.053
     340.19    -0.033
     341.48    -0.085
     342.77     0.017
     344.06    -0.006
     345.35    -0.015
     346.64     0.015
     347.92    -0.007
     349.21     0.044
     350.50     0.043
     351.79     0.023
     353.08     0.088
     354.37    -0.048
     355.65    -0.038
     356.94    -0.024
     358.23    -0.052
     359.52    -0.049
     360.81     0.004
     362.09     0.036
     363.38     0.004
     364.67    -0.053
     365.96    -0.025
     367.25     0.021
     368.54    -0.058
     369.82    -0.003
     371.11    -0.014
     372.40    -0.039
     373.69     0.087
     374.98     0.078
     376.27     0.055
     377.55     0.036
     378.84    -0.040
     380.13     0.011
     381.42     0.049
     382.71     0.067
     383.99     0.022
     385.28    -0.041
     386.57     0.052
     387.86    -0.031
     389.15     0.001
     390.44    -0.021
     391.72    -0.029
     393.01     0.014
     394.30     0.037
     395.59     0.036
     396.88     0.078
     398.17    -0.012
     399.45    -0.031
%%GASS      0  datapoints: v_lsr [km/s] and T_B [K]
%%LAB     777  datapoints: v_lsr [km/s] and T_B [K]
    -399.87     0.069
    -398.84     0.003
    -397.81     0.058
    -396.78    -0.122
    -395.75     0.177
    -394.72    -0.116
    -393.69     0.050
    -392.66    -0.100
    -391.62    -0.045
    -390.59     0.039
    -389.56     0.020
    -388.53    -0.065
    -387.50    -0.106
    -386.47    -0.073
    -385.44    -0.082
    -384.41     0.081
    -383.38     0.008
    -382.35     0.027
    -381.32     0.036
    -380.29     0.005
    -379.26    -0.072
    -378.23    -0.133
    -377.20    -0.009
    -376.17    -0.070
    -375.14     0.085
    -374.10     0.012
    -373.07     0.011
    -372.04     0.006
    -371.01     0.036
    -369.98     0.016
    -368.95     0.041
    -367.92    -0.026
    -366.89     0.170
    -365.86    -0.097
    -364.83     0.041
    -363.80     0.086
    -362.77    -0.013
    -361.74    -0.039
    -360.71    -0.009
    -359.68     0.016
    -358.65    -0.036
    -357.62    -0.002
    -356.58    -0.025
    -355.55    -0.044
    -354.52     0.041
    -353.49    -0.028
    -352.46     0.026
    -351.43    -0.097
    -350.40    -0.015
    -349.37     0.019
    -348.34    -0.063
    -347.31    -0.078
    -346.28     0.053
    -345.25    -0.099
    -344.22    -0.088
    -343.19    -0.054
    -342.16     0.125
    -341.13    -0.179
    -340.10    -0.125
    -339.06     0.035
    -338.03     0.023
    -337.00     0.003
    -335.97     0.051
    -334.94    -0.089
    -333.91    -0.004
    -332.88     0.008
    -331.85     0.107
    -330.82    -0.068
    -329.79     0.099
    -328.76     0.009
    -327.73    -0.024
    -326.70    -0.064
    -325.67    -0.091
    -324.64     0.062
    -323.61    -0.087
    -322.58    -0.052
    -321.54     0.030
    -320.51    -0.007
    -319.48    -0.020
    -318.45    -0.083
    -317.42     0.056
    -316.39    -0.023
    -315.36     0.042
    -314.33     0.034
    -313.30     0.289
    -312.27     0.116
    -311.24    -0.105
    -310.21     0.158
    -309.18     0.047
    -308.15    -0.000
    -307.12    -0.016
    -306.09     0.128
    -305.05     0.122
    -304.02     0.010
    -302.99     0.030
    -301.96     0.143
    -300.93     0.135
    -299.90     0.066
    -298.87    -0.028
    -297.84    -0.013
    -296.81    -0.048
    -295.78    -0.046
    -294.75    -0.005
    -293.72    -0.001
    -292.69     0.113
    -291.66     0.117
    -290.63    -0.053
    -289.60    -0.007
    -288.57    -0.018
    -287.53     0.110
    -286.50    -0.014
    -285.47     0.114
    -284.44     0.118
    -283.41    -0.082
    -282.38     0.179
    -281.35     0.010
    -280.32    -0.052
    -279.29    -0.065
    -278.26     0.013
    -277.23     0.005
    -276.20    -0.007
    -275.17     0.007
    -274.14     0.039
    -273.11    -0.010
    -272.08    -0.116
    -271.05     0.019
    -270.01     0.094
    -268.98    -0.114
    -267.95    -0.008
    -266.92     0.133
    -265.89    -0.005
    -264.86    -0.044
    -263.83     0.056
    -262.80     0.041
    -261.77    -0.079
    -260.74     0.084
    -259.71     0.071
    -258.68    -0.085
    -257.65     0.142
    -256.62     0.105
    -255.59     0.024
    -254.56    -0.042
    -253.53    -0.031
    -252.49     0.051
    -251.46     0.039
    -250.43    -0.022
    -249.40     0.026
    -248.37    -0.169
    -247.34    -0.063
    -246.31    -0.149
    -245.28     0.015
    -244.25    -0.074
    -243.22    -0.025
    -242.19    -0.079
    -241.16     0.124
    -240.13    -0.012
    -239.10     0.059
    -238.07    -0.017
    -237.04     0.036
    -236.01    -0.037
    -234.97    -0.139
    -233.94    -0.029
    -232.91     0.132
    -231.88    -0.046
    -230.85    -0.069
    -229.82     0.069
    -228.79    -0.037
    -227.76    -0.124
    -226.73     0.133
    -225.70     0.037
    -224.67     0.010
    -223.64    -0.166
    -222.61     0.175
    -221.58     0.053
    -220.55     0.026
    -219.52    -0.128
    -218.49    -0.003
    -217.45    -0.020
    -216.42    -0.133
    -215.39    -0.068
    -214.36     0.011
    -213.33    -0.094
    -212.30     0.021
    -211.27    -0.076
    -210.24     0.020
    -209.21     0.029
    -208.18     0.025
    -207.15    -0.143
    -206.12    -0.010
    -205.09     0.064
    -204.06     0.045
    -203.03     0.034
    -202.00    -0.038
    -200.97     0.034
    -199.93     0.090
    -198.90     0.062
    -197.87    -0.020
    -196.84    -0.020
    -195.81     0.057
    -194.78    -0.101
    -193.75    -0.042
    -192.72    -0.134
    -191.69     0.065
    -190.66     0.036
    -189.63     0.124
    -188.60     0.082
    -187.57     0.125
    -186.54     0.087
    -185.51     0.115
    -184.48    -0.078
    -183.45    -0.049
    -182.41     0.066
    -181.38    -0.104
    -180.35    -0.054
    -179.32     0.051
    -178.29    -0.119
    -177.26     0.049
    -176.23     0.004
    -175.20     0.028
    -174.17     0.091
    -173.14     0.111
    -172.11     0.022
    -171.08     0.118
    -170.05    -0.051
    -169.02    -0.034
    -167.99    -0.031
    -166.96    -0.040
    -165.93    -0.075
    -164.89     0.111
    -163.86     0.056
    -162.83     0.059
    -161.80     0.029
    -160.77     0.071
    -159.74    -0.068
    -158.71     0.006
    -157.68    -0.075
    -156.65     0.090
    -155.62    -0.048
    -154.59     0.009
    -153.56    -0.015
    -152.53    -0.042
    -151.50    -0.094
    -150.47    -0.012
    -149.44    -0.218
    -148.41     0.107
    -147.37    -0.086
    -146.34     0.040
    -145.31     0.007
    -144.28    -0.034
    -143.25    -0.029
    -142.22     0.173
    -141.19    -0.052
    -140.16     0.136
    -139.13    -0.057
    -138.10    -0.028
    -137.07    -0.085
    -136.04    -0.020
    -135.01     0.003
    -133.98     0.142
    -132.95    -0.008
    -131.92     0.139
    -130.89     0.086
    -129.85     0.036
    -128.82     0.084
    -127.79     0.068
    -126.76     0.199
    -125.73    -0.104
    -124.70     0.021
    -123.67     0.039
    -122.64     0.101
    -121.61     0.111
    -120.58    -0.191
    -119.55    -0.040
    -118.52     0.105
    -117.49     0.093
    -116.46     0.116
    -115.43     0.144
    -114.40     0.098
    -113.37     0.107
    -112.33     0.048
    -111.30     0.136
    -110.27     0.138
    -109.24     0.070
    -108.21     0.094
    -107.18     0.044
    -106.15     0.019
    -105.12     0.134
    -104.09     0.132
    -103.06     0.246
    -102.03     0.141
    -101.00     0.197
     -99.97     0.178
     -98.94     0.323
     -97.91     0.381
     -96.88     0.334
     -95.85     0.278
     -94.81     0.237
     -93.78     0.321
     -92.75     0.265
     -91.72     0.421
     -90.69     0.361
     -89.66     0.375
     -88.63     0.295
     -87.60     0.330
     -86.57     0.383
     -85.54     0.420
     -84.51     0.460
     -83.48     0.549
     -82.45     0.565
     -81.42     0.555
     -80.39     0.473
     -79.36     0.629
     -78.32     0.750
     -77.29     0.757
     -76.26     0.826
     -75.23     0.770
     -74.20     0.868
     -73.17     0.789
     -72.14     0.864
     -71.11     0.852
     -70.08     0.878
     -69.05     0.690
     -68.02     0.926
     -66.99     0.790
     -65.96     0.976
     -64.93     0.906
     -63.90     0.856
     -62.87     0.750
     -61.84     0.974
     -60.80     0.727
     -59.77     0.923
     -58.74     0.852
     -57.71     0.967
     -56.68     0.830
     -55.65     0.840
     -54.62     0.770
     -53.59     0.798
     -52.56     0.699
     -51.53     0.647
     -50.50     0.633
     -49.47     0.618
     -48.44     0.571
     -47.41     0.698
     -46.38     0.545
     -45.35     0.594
     -44.32     0.529
     -43.28     0.589
     -42.25     0.654
     -41.22     0.608
     -40.19     0.732
     -39.16     0.880
     -38.13     0.664
     -37.10     0.888
     -36.07     0.773
     -35.04     0.928
     -34.01     1.118
     -32.98     1.550
     -31.95     1.849
     -30.92     2.453
     -29.89     2.754
     -28.86     3.709
     -27.83     4.463
     -26.80     4.972
     -25.76     5.132
     -24.73     5.208
     -23.70     5.417
     -22.67     5.616
     -21.64     5.785
     -20.61     5.563
     -19.58     5.318
     -18.55     5.185
     -17.52     4.977
     -16.49     5.273
     -15.46     5.501
     -14.43     5.814
     -13.40     6.017
     -12.37     6.578
     -11.34     7.427
     -10.31     8.816
      -9.28    10.915
      -8.24    13.628
      -7.21    17.705
      -6.18    21.850
      -5.15    27.566
      -4.12    32.913
      -3.09    36.990
      -2.06    39.579
      -1.03    39.320
       0.00    37.530
       1.03    34.985
       2.06    34.100
       3.09    34.683
       4.12    34.877
       5.15    33.419
       6.18    28.537
       7.21    21.707
       8.24    15.907
       9.28    12.036
      10.31     9.180
      11.34     7.046
      12.37     5.406
      13.40     4.529
      14.43     3.536
      15.46     3.076
      16.49     2.338
      17.52     1.812
      18.55     1.447
      19.58     1.160
      20.61     1.105
      21.64     0.730
      22.67     0.743
      23.70     0.334
      24.73     0.277
      25.76     0.149
      26.80     0.287
      27.83     0.298
      28.86     0.177
      29.89     0.059
      30.92     0.084
      31.95     0.146
      32.98     0.232
      34.01    -0.045
      35.04     0.127
      36.07     0.186
      37.10     0.015
      38.13    -0.022
      39.16    -0.125
      40.19    -0.010
      41.22     0.091
      42.25    -0.107
      43.28    -0.046
      44.32    -0.102
      45.35    -0.039
      46.38    -0.124
      47.41    -0.063
      48.44     0.193
      49.47     0.122
      50.50    -0.151
      51.53     0.083
      52.56     0.101
      53.59     0.101
      54.62    -0.024
      55.65    -0.086
      56.68    -0.032
      57.71     0.109
      58.74    -0.046
      59.77     0.011
      60.80     0.014
      61.84     0.096
      62.87    -0.064
      63.90    -0.012
      64.93     0.138
      65.96    -0.098
      66.99     0.085
      68.02    -0.080
      69.05    -0.063
      70.08     0.064
      71.11    -0.011
      72.14     0.029
      73.17    -0.091
      74.20     0.116
      75.23     0.084
      76.26    -0.085
      77.29     0.094
      78.32     0.096
      79.36    -0.003
      80.39    -0.034
      81.42     0.050
      82.45    -0.007
      83.48    -0.147
      84.51     0.022
      85.54     0.258
      86.57     0.040
      87.60     0.087
      88.63     0.197
      89.66     0.217
      90.69     0.105
      91.72    -0.090
      92.75     0.051
      93.78    -0.032
      94.81     0.053
      95.84     0.011
      96.88    -0.003
      97.91     0.170
      98.94    -0.049
      99.97    -0.099
     101.00     0.009
     102.03    -0.093
     103.06     0.212
     104.09    -0.049
     105.12     0.078
     106.15    -0.164
     107.18     0.054
     108.21    -0.183
     109.24     0.022
     110.27     0.014
     111.30    -0.035
     112.33     0.011
     113.37    -0.078
     114.40     0.224
     115.43     0.006
     116.46     0.106
     117.49    -0.002
     118.52    -0.021
     119.55     0.113
     120.58    -0.099
     121.61     0.053
     122.64    -0.091
     123.67    -0.034
     124.70     0.028
     125.73     0.051
     126.76     0.076
     127.79     0.152
     128.82     0.033
     129.85    -0.148
     130.89    -0.035
     131.92    -0.069
     132.95     0.029
     133.98     0.091
     135.01    -0.049
     136.04     0.101
     137.07     0.017
     138.10     0.119
     139.13     0.026
     140.16    -0.014
     141.19    -0.085
     142.22     0.023
     143.25    -0.127
     144.28     0.008
     145.31     0.027
     146.34     0.002
     147.37     0.170
     148.41     0.167
     149.44     0.020
     150.47     0.078
     151.50     0.081
     152.53    -0.078
     153.56    -0.147
     154.59     0.052
     155.62    -0.002
     156.65    -0.040
     157.68    -0.045
     158.71     0.067
     159.74    -0.183
     160.77     0.065
     161.80     0.044
     162.83    -0.092
     163.86    -0.158
     164.89     0.167
     165.93     0.017
     166.96    -0.051
     167.99    -0.177
     169.02    -0.031
     170.05     0.026
     171.08    -0.031
     172.11    -0.090
     173.14     0.211
     174.17    -0.035
     175.20    -0.088
     176.23     0.108
     177.26    -0.135
     178.29    -0.037
     179.32     0.028
     180.35    -0.092
     181.38    -0.113
     182.41    -0.054
     183.45    -0.052
     184.48     0.068
     185.51     0.089
     186.54    -0.030
     187.57     0.124
     188.60    -0.084
     189.63    -0.019
     190.66     0.044
     191.69     0.059
     192.72    -0.090
     193.75     0.067
     194.78     0.142
     195.81     0.008
     196.84     0.243
     197.87    -0.055
     198.90     0.081
     199.93     0.156
     200.97    -0.031
     202.00     0.081
     203.03    -0.100
     204.06     0.057
     205.09     0.023
     206.12    -0.159
     207.15     0.047
     208.18    -0.178
     209.21     0.044
     210.24     0.187
     211.27     0.121
     212.30     0.018
     213.33    -0.054
     214.36     0.026
     215.39    -0.039
     216.42    -0.020
     217.45    -0.172
     218.49     0.033
     219.52     0.010
     220.55    -0.007
     221.58    -0.011
     222.61     0.004
     223.64     0.030
     224.67     0.088
     225.70    -0.029
     226.73     0.051
     227.76    -0.016
     228.79     0.009
     229.82     0.037
     230.85     0.100
     231.88    -0.127
     232.91     0.109
     233.94     0.075
     234.97     0.026
     236.01     0.057
     237.04    -0.033
     238.07    -0.131
     239.10    -0.093
     240.13    -0.105
     241.16    -0.015
     242.19     0.094
     243.22     0.079
     244.25    -0.164
     245.28    -0.024
     246.31    -0.022
     247.34     0.029
     248.37     0.043
     249.40     0.159
     250.43     0.018
     251.46     0.145
     252.49    -0.051
     253.53     0.034
     254.56     0.040
     255.59    -0.183
     256.62    -0.052
     257.65     0.029
     258.68    -0.084
     259.71    -0.000
     260.74     0.019
     261.77     0.246
     262.80    -0.028
     263.83    -0.009
     264.86    -0.066
     265.89     0.053
     266.92    -0.015
     267.95    -0.102
     268.98    -0.131
     270.01     0.136
     271.05     0.074
     272.08    -0.156
     273.11    -0.069
     274.14    -0.038
     275.17    -0.105
     276.20     0.164
     277.23     0.056
     278.26    -0.110
     279.29     0.008
     280.32    -0.045
     281.35    -0.022
     282.38    -0.017
     283.41    -0.014
     284.44     0.025
     285.47    -0.024
     286.50    -0.015
     287.53    -0.046
     288.57     0.010
     289.60     0.106
     290.63     0.099
     291.66     0.068
     292.69    -0.039
     293.72    -0.151
     294.75     0.130
     295.78     0.037
     296.81     0.004
     297.84     0.280
     298.87     0.117
     299.90     0.002
     300.93    -0.082
     301.96     0.008
     302.99     0.116
     304.02    -0.114
     305.05     0.059
     306.09    -0.014
     307.12    -0.136
     308.15    -0.065
     309.18     0.074
     310.21    -0.006
     311.24    -0.038
     312.27    -0.054
     313.30    -0.014
     314.33     0.058
     315.36     0.031
     316.39     0.018
     317.42     0.042
     318.45    -0.057
     319.48     0.096
     320.51    -0.017
     321.54    -0.006
     322.58    -0.151
     323.61    -0.134
     324.64    -0.013
     325.67     0.091
     326.70     0.039
     327.73    -0.015
     328.76     0.088
     329.79     0.116
     330.82     0.085
     331.85    -0.052
     332.88    -0.102
     333.91     0.114
     334.94    -0.012
     335.97     0.310
     337.00    -0.009
     338.03    -0.049
     339.06    -0.049
     340.10     0.095
     341.13    -0.142
     342.16    -0.114
     343.19    -0.026
     344.22     0.033
     345.25     0.024
     346.28     0.007
     347.31     0.035
     348.34    -0.008
     349.37    -0.152
     350.40     0.105
     351.43     0.057
     352.46     0.096
     353.49    -0.060
     354.52    -0.178
     355.55     0.011
     356.58    -0.014
     357.62    -0.136
     358.65    -0.103
     359.68    -0.025
     360.71     0.052
     361.74     0.186
     362.77    -0.057
     363.80     0.067
     364.83    -0.135
     365.86    -0.023
     366.89    -0.077
     367.92     0.101
     368.95     0.086
     369.98     0.037
     371.01     0.127
     372.04    -0.108
     373.07     0.084
     374.10    -0.158
     375.14    -0.006
     376.17     0.113
     377.20    -0.037
     378.23     0.056
     379.26     0.052
     380.29    -0.018
     381.32    -0.079
     382.35     0.096
     383.38    -0.042
     384.41     0.057
     385.44     0.053
     386.47     0.073
     387.50     0.033
     388.53     0.015
     389.56     0.050
     390.59     0.030
     391.62     0.139
     392.66     0.073
     393.69     0.107
     394.72    -0.046
     395.75     0.039
     396.78     0.007
     397.81    -0.012
     398.84    -0.071
     399.87     0.099
