%%   72.50000  20.00000    0   0.20000
% LAB  survey ------------------
% wanted position:  l, b, RA, DEC, and interpolated  NH
% 72.50 ;  20.00 ; 280.37 ;  43.53 ;  0.604E+21
% nearest position: l, b, RA, DEC, and observed NH
% 72.50 ;  20.00 ; 280.37 ;  43.53 ;  0.604E+21
% GASS III survey --------------
% NH - median within 6 arcmin radius   0.00    
% NH - mean within specified beam      0.00    
% EBHIS survey -----------------
% NH  within specified beam           0.621E+21
%%EBHIS   621  datapoints: v_lsr [km/s] and T_B [K]
    -399.25     0.009
    -397.96     0.159
    -396.68     0.015
    -395.39    -0.034
    -394.10    -0.046
    -392.81    -0.044
    -391.52    -0.004
    -390.23    -0.017
    -388.95     0.076
    -387.66     0.054
    -386.37     0.036
    -385.08    -0.083
    -383.79    -0.138
    -382.50    -0.047
    -381.22     0.010
    -379.93    -0.019
    -378.64    -0.070
    -377.35    -0.107
    -376.06    -0.070
    -374.78    -0.010
    -373.49     0.001
    -372.20     0.003
    -370.91     0.084
    -369.62     0.132
    -368.33    -0.007
    -367.05     0.088
    -365.76     0.166
    -364.47    -0.040
    -363.18    -0.036
    -361.89    -0.086
    -360.60    -0.082
    -359.32     0.022
    -358.03     0.141
    -356.74     0.059
    -355.45     0.028
    -354.16    -0.013
    -352.88     0.103
    -351.59     0.067
    -350.30     0.076
    -349.01     0.091
    -347.72     0.093
    -346.43     0.147
    -345.15     0.063
    -343.86    -0.035
    -342.57    -0.102
    -341.28    -0.071
    -339.99    -0.027
    -338.70    -0.162
    -337.42    -0.100
    -336.13     0.016
    -334.84     0.007
    -333.55     0.056
    -332.26     0.038
    -330.98    -0.032
    -329.69    -0.021
    -328.40    -0.028
    -327.11    -0.022
    -325.82     0.054
    -324.53    -0.017
    -323.25     0.009
    -321.96     0.104
    -320.67    -0.004
    -319.38     0.097
    -318.09     0.087
    -316.80     0.029
    -315.52     0.031
    -314.23     0.063
    -312.94     0.011
    -311.65    -0.102
    -310.36     0.036
    -309.08     0.091
    -307.79    -0.039
    -306.50     0.012
    -305.21    -0.004
    -303.92    -0.058
    -302.63     0.054
    -301.35    -0.030
    -300.06     0.001
    -298.77    -0.036
    -297.48    -0.030
    -296.19    -0.081
    -294.90    -0.026
    -293.62     0.040
    -292.33     0.095
    -291.04     0.065
    -289.75     0.011
    -288.46    -0.072
    -287.18     0.080
    -285.89     0.082
    -284.60    -0.012
    -283.31     0.024
    -282.02     0.006
    -280.73    -0.048
    -279.45    -0.131
    -278.16    -0.051
    -276.87    -0.000
    -275.58     0.043
    -274.29     0.044
    -273.00    -0.004
    -271.72    -0.052
    -270.43     0.020
    -269.14     0.041
    -267.85    -0.163
    -266.56    -0.065
    -265.28    -0.068
    -263.99     0.043
    -262.70     0.030
    -261.41    -0.091
    -260.12    -0.071
    -258.83    -0.047
    -257.55    -0.079
    -256.26     0.030
    -254.97    -0.074
    -253.68    -0.003
    -252.39     0.061
    -251.10     0.089
    -249.82     0.079
    -248.53     0.143
    -247.24    -0.026
    -245.95    -0.032
    -244.66    -0.138
    -243.38    -0.001
    -242.09     0.009
    -240.80     0.026
    -239.51     0.098
    -238.22    -0.062
    -236.93    -0.030
    -235.65    -0.049
    -234.36    -0.006
    -233.07     0.044
    -231.78     0.061
    -230.49     0.110
    -229.20     0.012
    -227.92    -0.058
    -226.63    -0.016
    -225.34    -0.098
    -224.05    -0.011
    -222.76     0.047
    -221.48     0.103
    -220.19    -0.078
    -218.90    -0.002
    -217.61    -0.104
    -216.32     0.011
    -215.03     0.063
    -213.75     0.087
    -212.46    -0.047
    -211.17    -0.004
    -209.88     0.015
    -208.59     0.057
    -207.30     0.028
    -206.02     0.018
    -204.73    -0.003
    -203.44    -0.038
    -202.15     0.019
    -200.86     0.035
    -199.58     0.090
    -198.29     0.006
    -197.00     0.160
    -195.71     0.097
    -194.42    -0.050
    -193.13    -0.026
    -191.85    -0.102
    -190.56    -0.015
    -189.27     0.012
    -187.98     0.071
    -186.69     0.030
    -185.40    -0.046
    -184.12     0.014
    -182.83     0.043
    -181.54     0.004
    -180.25    -0.018
    -178.96    -0.065
    -177.68    -0.016
    -176.39    -0.086
    -175.10    -0.040
    -173.81    -0.067
    -172.52     0.013
    -171.23     0.082
    -169.95    -0.092
    -168.66    -0.113
    -167.37    -0.048
    -166.08    -0.026
    -164.79    -0.012
    -163.50    -0.054
    -162.22    -0.064
    -160.93     0.056
    -159.64    -0.001
    -158.35    -0.108
    -157.06    -0.046
    -155.78     0.023
    -154.49     0.007
    -153.20    -0.027
    -151.91     0.009
    -150.62     0.051
    -149.33     0.107
    -148.05     0.087
    -146.76     0.005
    -145.47    -0.066
    -144.18    -0.130
    -142.89    -0.004
    -141.60     0.045
    -140.32    -0.048
    -139.03    -0.001
    -137.74     0.030
    -136.45    -0.043
    -135.16     0.028
    -133.88     0.041
    -132.59     0.083
    -131.30     0.059
    -130.01    -0.019
    -128.72     0.021
    -127.43     0.040
    -126.15     0.068
    -124.86     0.185
    -123.57     0.092
    -122.28     0.143
    -120.99     0.176
    -119.70     0.241
    -118.42     0.258
    -117.13     0.279
    -115.84     0.316
    -114.55     0.511
    -113.26     0.544
    -111.98     0.660
    -110.69     0.595
    -109.40     0.684
    -108.11     0.862
    -106.82     0.883
    -105.53     1.109
    -104.25     1.263
    -102.96     1.265
    -101.67     1.309
    -100.38     1.601
     -99.09     1.613
     -97.80     1.634
     -96.52     1.526
     -95.23     1.669
     -93.94     1.577
     -92.65     1.557
     -91.36     1.732
     -90.08     1.641
     -88.79     1.564
     -87.50     1.495
     -86.21     1.491
     -84.92     1.345
     -83.63     1.074
     -82.35     0.866
     -81.06     0.739
     -79.77     0.591
     -78.48     0.483
     -77.19     0.389
     -75.90     0.312
     -74.62     0.267
     -73.33     0.216
     -72.04     0.103
     -70.75     0.096
     -69.46     0.140
     -68.18     0.257
     -66.89     0.070
     -65.60     0.086
     -64.31     0.035
     -63.02     0.023
     -61.73    -0.043
     -60.45     0.118
     -59.16     0.025
     -57.87     0.167
     -56.58     0.170
     -55.29     0.094
     -54.00    -0.003
     -52.72    -0.035
     -51.43     0.012
     -50.14     0.028
     -48.85     0.054
     -47.56     0.044
     -46.28    -0.054
     -44.99     0.029
     -43.70     0.112
     -42.41    -0.027
     -41.12     0.062
     -39.83     0.146
     -38.55     0.063
     -37.26     0.042
     -35.97     0.187
     -34.68     0.243
     -33.39     0.231
     -32.10     0.368
     -30.82     0.336
     -29.53     0.186
     -28.24     0.381
     -26.95     0.491
     -25.66     0.302
     -24.38     0.357
     -23.09     0.515
     -21.80     0.533
     -20.51     0.672
     -19.22     0.857
     -17.93     0.995
     -16.65     1.272
     -15.36     1.472
     -14.07     1.907
     -12.78     2.421
     -11.49     3.014
     -10.20     3.840
      -8.92     4.857
      -7.63     6.268
      -6.34     7.636
      -5.05     8.446
      -3.76     8.862
      -2.48     9.485
      -1.19    10.236
       0.10    11.315
       1.39    13.286
       2.68    14.839
       3.97    15.274
       5.25    14.312
       6.54    12.592
       7.83    10.814
       9.12     9.243
      10.41     7.854
      11.70     6.457
      12.98     5.339
      14.27     4.509
      15.56     3.910
      16.85     3.386
      18.14     2.885
      19.42     2.387
      20.71     2.003
      22.00     1.666
      23.29     1.216
      24.58     1.099
      25.87     0.976
      27.15     0.701
      28.44     0.657
      29.73     0.526
      31.02     0.422
      32.31     0.362
      33.60     0.296
      34.88     0.121
      36.17     0.064
      37.46     0.083
      38.75     0.120
      40.04     0.080
      41.32    -0.011
      42.61     0.038
      43.90     0.011
      45.19    -0.060
      46.48    -0.041
      47.77     0.083
      49.05     0.012
      50.34     0.009
      51.63    -0.028
      52.92    -0.048
      54.21    -0.017
      55.50     0.045
      56.78     0.048
      58.07     0.146
      59.36     0.026
      60.65    -0.051
      61.94     0.079
      63.22     0.006
      64.51    -0.123
      65.80    -0.033
      67.09     0.058
      68.38     0.043
      69.67     0.028
      70.95     0.074
      72.24     0.002
      73.53    -0.031
      74.82    -0.049
      76.11    -0.088
      77.40    -0.019
      78.68     0.017
      79.97    -0.017
      81.26     0.052
      82.55     0.063
      83.84     0.040
      85.12    -0.037
      86.41    -0.016
      87.70     0.015
      88.99     0.022
      90.28     0.102
      91.57     0.043
      92.85    -0.016
      94.14    -0.032
      95.43    -0.089
      96.72     0.058
      98.01     0.037
      99.30     0.025
     100.58     0.037
     101.87     0.003
     103.16    -0.054
     104.45     0.014
     105.74    -0.072
     107.02    -0.068
     108.31    -0.024
     109.60    -0.013
     110.89     0.113
     112.18    -0.060
     113.47     0.074
     114.75     0.096
     116.04    -0.001
     117.33     0.023
     118.62     0.038
     119.91    -0.066
     121.20     0.058
     122.48     0.164
     123.77     0.068
     125.06    -0.025
     126.35     0.021
     127.64     0.010
     128.92     0.043
     130.21    -0.047
     131.50    -0.071
     132.79    -0.051
     134.08    -0.060
     135.37    -0.046
     136.65    -0.031
     137.94    -0.063
     139.23     0.055
     140.52    -0.047
     141.81    -0.053
     143.09     0.107
     144.38     0.105
     145.67    -0.007
     146.96    -0.051
     148.25     0.005
     149.54    -0.104
     150.82    -0.093
     152.11     0.038
     153.40    -0.021
     154.69    -0.085
     155.98    -0.112
     157.27    -0.041
     158.55    -0.097
     159.84    -0.072
     161.13     0.006
     162.42     0.022
     163.71    -0.013
     164.99    -0.111
     166.28     0.003
     167.57    -0.005
     168.86     0.059
     170.15     0.011
     171.44    -0.071
     172.72    -0.103
     174.01    -0.005
     175.30     0.020
     176.59    -0.010
     177.88     0.006
     179.17    -0.044
     180.45     0.000
     181.74     0.053
     183.03     0.067
     184.32    -0.065
     185.61     0.099
     186.89     0.064
     188.18    -0.071
     189.47    -0.003
     190.76     0.106
     192.05     0.042
     193.34    -0.043
     194.62     0.009
     195.91    -0.071
     197.20    -0.042
     198.49     0.073
     199.78    -0.035
     201.07    -0.077
     202.35    -0.005
     203.64     0.028
     204.93    -0.052
     206.22     0.013
     207.51     0.065
     208.79    -0.015
     210.08    -0.054
     211.37     0.019
     212.66     0.006
     213.95    -0.026
     215.24     0.028
     216.52     0.038
     217.81     0.040
     219.10     0.044
     220.39     0.003
     221.68     0.006
     222.97     0.043
     224.25     0.038
     225.54     0.053
     226.83    -0.005
     228.12     0.029
     229.41    -0.021
     230.69    -0.011
     231.98     0.023
     233.27     0.034
     234.56    -0.151
     235.85    -0.240
     237.14    -0.117
     238.42    -0.084
     239.71     0.004
     241.00    -0.099
     242.29    -0.143
     243.58    -0.061
     244.87     0.045
     246.15     0.051
     247.44     0.114
     248.73     0.100
     250.02     0.038
     251.31     0.011
     252.59    -0.022
     253.88    -0.105
     255.17    -0.081
     256.46    -0.072
     257.75     0.084
     259.04    -0.039
     260.32    -0.154
     261.61    -0.144
     262.90    -0.065
     264.19     0.009
     265.48     0.134
     266.77     0.103
     268.05     0.047
     269.34    -0.108
     270.63    -0.016
     271.92     0.046
     273.21     0.067
     274.49     0.225
     275.78     0.047
     277.07     0.045
     278.36     0.009
     279.65     0.014
     280.94    -0.058
     282.22    -0.010
     283.51     0.046
     284.80     0.016
     286.09     0.054
     287.38     0.104
     288.67     0.068
     289.95     0.050
     291.24     0.048
     292.53     0.021
     293.82     0.032
     295.11    -0.009
     296.39     0.147
     297.68     0.057
     298.97     0.079
     300.26    -0.010
     301.55     0.006
     302.84    -0.015
     304.12    -0.061
     305.41    -0.031
     306.70    -0.037
     307.99     0.068
     309.28     0.048
     310.57    -0.022
     311.85    -0.072
     313.14     0.010
     314.43    -0.013
     315.72     0.046
     317.01     0.023
     318.29     0.134
     319.58     0.034
     320.87    -0.057
     322.16    -0.038
     323.45    -0.000
     324.74     0.174
     326.02     0.117
     327.31    -0.050
     328.60     0.093
     329.89    -0.023
     331.18    -0.105
     332.47    -0.010
     333.75    -0.084
     335.04     0.074
     336.33    -0.065
     337.62    -0.034
     338.91     0.017
     340.19     0.008
     341.48     0.007
     342.77    -0.078
     344.06    -0.042
     345.35     0.032
     346.64     0.103
     347.92     0.062
     349.21    -0.076
     350.50    -0.070
     351.79    -0.021
     353.08    -0.050
     354.37     0.006
     355.65     0.006
     356.94     0.055
     358.23     0.134
     359.52    -0.052
     360.81    -0.025
     362.09     0.015
     363.38     0.004
     364.67     0.037
     365.96    -0.070
     367.25     0.072
     368.54     0.031
     369.82    -0.026
     371.11     0.067
     372.40     0.061
     373.69    -0.027
     374.98    -0.002
     376.27     0.074
     377.55     0.051
     378.84    -0.033
     380.13    -0.002
     381.42    -0.036
     382.71    -0.061
     383.99    -0.145
     385.28     0.032
     386.57    -0.047
     387.86    -0.033
     389.15     0.011
     390.44     0.017
     391.72    -0.087
     393.01    -0.053
     394.30    -0.051
     395.59    -0.011
     396.88    -0.052
     398.17     0.026
     399.45     0.057
%%GASS      0  datapoints: v_lsr [km/s] and T_B [K]
%%LAB     777  datapoints: v_lsr [km/s] and T_B [K]
    -399.82     0.014
    -398.79     0.025
    -397.76    -0.081
    -396.73     0.084
    -395.70    -0.043
    -394.67    -0.224
    -393.64     0.124
    -392.61     0.045
    -391.58     0.049
    -390.55    -0.057
    -389.52    -0.006
    -388.49    -0.035
    -387.46     0.005
    -386.43    -0.048
    -385.40     0.056
    -384.37    -0.121
    -383.33    -0.013
    -382.30    -0.137
    -381.27     0.161
    -380.24    -0.039
    -379.21    -0.043
    -378.18     0.050
    -377.15    -0.027
    -376.12     0.035
    -375.09     0.023
    -374.06     0.096
    -373.03    -0.038
    -372.00     0.105
    -370.97    -0.138
    -369.94    -0.119
    -368.91    -0.080
    -367.88     0.035
    -366.85    -0.119
    -365.82    -0.272
    -364.79     0.048
    -363.76     0.104
    -362.73     0.040
    -361.69     0.002
    -360.66    -0.069
    -359.63    -0.134
    -358.60    -0.112
    -357.57    -0.025
    -356.54    -0.025
    -355.51    -0.010
    -354.48    -0.019
    -353.45     0.149
    -352.42    -0.082
    -351.39    -0.087
    -350.36     0.041
    -349.33     0.118
    -348.30    -0.023
    -347.27     0.013
    -346.24    -0.082
    -345.21    -0.033
    -344.18     0.120
    -343.15     0.082
    -342.12     0.032
    -341.09    -0.088
    -340.06     0.050
    -339.02     0.024
    -337.99     0.119
    -336.96    -0.092
    -335.93     0.028
    -334.90    -0.101
    -333.87    -0.021
    -332.84     0.026
    -331.81     0.002
    -330.78    -0.111
    -329.75    -0.087
    -328.72    -0.017
    -327.69     0.009
    -326.66    -0.041
    -325.63     0.012
    -324.60     0.056
    -323.57     0.108
    -322.54    -0.094
    -321.51    -0.042
    -320.48     0.131
    -319.45     0.001
    -318.42     0.006
    -317.38     0.028
    -316.35    -0.138
    -315.32     0.166
    -314.29    -0.074
    -313.26     0.047
    -312.23    -0.027
    -311.20     0.066
    -310.17     0.002
    -309.14    -0.017
    -308.11     0.070
    -307.08     0.060
    -306.05    -0.097
    -305.02     0.116
    -303.99    -0.034
    -302.96    -0.022
    -301.93    -0.168
    -300.90    -0.011
    -299.87    -0.064
    -298.84     0.038
    -297.81    -0.020
    -296.78     0.004
    -295.74    -0.052
    -294.71    -0.084
    -293.68     0.076
    -292.65     0.111
    -291.62    -0.008
    -290.59     0.115
    -289.56     0.041
    -288.53    -0.044
    -287.50    -0.143
    -286.47     0.043
    -285.44    -0.023
    -284.41     0.040
    -283.38    -0.126
    -282.35    -0.007
    -281.32    -0.108
    -280.29     0.188
    -279.26    -0.058
    -278.23     0.125
    -277.20     0.025
    -276.17     0.028
    -275.14    -0.091
    -274.10    -0.011
    -273.07     0.130
    -272.04    -0.169
    -271.01    -0.063
    -269.98    -0.058
    -268.95     0.097
    -267.92     0.070
    -266.89    -0.049
    -265.86     0.059
    -264.83    -0.038
    -263.80     0.021
    -262.77    -0.008
    -261.74     0.009
    -260.71    -0.042
    -259.68     0.035
    -258.65    -0.002
    -257.62     0.072
    -256.59    -0.092
    -255.56     0.086
    -254.53     0.099
    -253.50     0.070
    -252.47    -0.059
    -251.43     0.041
    -250.40    -0.106
    -249.37     0.005
    -248.34    -0.187
    -247.31     0.006
    -246.28    -0.200
    -245.25    -0.047
    -244.22     0.134
    -243.19     0.185
    -242.16    -0.041
    -241.13     0.020
    -240.10    -0.097
    -239.07     0.157
    -238.04    -0.033
    -237.01     0.217
    -235.98     0.026
    -234.95     0.031
    -233.92    -0.025
    -232.89     0.076
    -231.86    -0.111
    -230.83     0.238
    -229.79    -0.092
    -228.76     0.012
    -227.73    -0.020
    -226.70    -0.066
    -225.67     0.011
    -224.64    -0.006
    -223.61    -0.082
    -222.58    -0.047
    -221.55     0.043
    -220.52    -0.007
    -219.49     0.063
    -218.46     0.139
    -217.43     0.137
    -216.40    -0.086
    -215.37     0.077
    -214.34    -0.006
    -213.31    -0.013
    -212.28     0.094
    -211.25     0.080
    -210.22    -0.141
    -209.19    -0.073
    -208.15     0.007
    -207.12     0.018
    -206.09    -0.059
    -205.06    -0.025
    -204.03     0.070
    -203.00    -0.027
    -201.97     0.140
    -200.94     0.074
    -199.91    -0.183
    -198.88     0.047
    -197.85    -0.041
    -196.82    -0.038
    -195.79     0.105
    -194.76    -0.189
    -193.73     0.060
    -192.70     0.064
    -191.67     0.170
    -190.64    -0.081
    -189.61     0.156
    -188.58     0.089
    -187.55    -0.089
    -186.52    -0.040
    -185.48     0.141
    -184.45     0.021
    -183.42    -0.106
    -182.39     0.021
    -181.36    -0.100
    -180.33     0.078
    -179.30    -0.001
    -178.27    -0.025
    -177.24     0.112
    -176.21     0.014
    -175.18     0.083
    -174.15     0.019
    -173.12     0.081
    -172.09     0.176
    -171.06     0.079
    -170.03    -0.112
    -169.00     0.145
    -167.97     0.035
    -166.94    -0.056
    -165.91    -0.060
    -164.88    -0.020
    -163.84     0.082
    -162.81     0.070
    -161.78     0.019
    -160.75     0.082
    -159.72    -0.035
    -158.69    -0.066
    -157.66    -0.108
    -156.63    -0.130
    -155.60    -0.115
    -154.57    -0.020
    -153.54    -0.011
    -152.51    -0.002
    -151.48    -0.014
    -150.45    -0.131
    -149.42     0.006
    -148.39     0.098
    -147.36     0.172
    -146.33     0.024
    -145.30    -0.067
    -144.27     0.036
    -143.24     0.028
    -142.20    -0.080
    -141.17    -0.109
    -140.14     0.043
    -139.11    -0.145
    -138.08    -0.005
    -137.05    -0.029
    -136.02    -0.061
    -134.99    -0.080
    -133.96     0.013
    -132.93     0.033
    -131.90    -0.050
    -130.87     0.015
    -129.84     0.058
    -128.81     0.161
    -127.78    -0.133
    -126.75     0.053
    -125.72     0.159
    -124.69     0.120
    -123.66     0.132
    -122.63     0.213
    -121.60     0.273
    -120.56     0.060
    -119.53     0.229
    -118.50     0.219
    -117.47     0.319
    -116.44     0.233
    -115.41     0.298
    -114.38     0.453
    -113.35     0.531
    -112.32     0.717
    -111.29     0.729
    -110.26     0.619
    -109.23     0.778
    -108.20     0.929
    -107.17     0.860
    -106.14     0.969
    -105.11     1.207
    -104.08     1.052
    -103.05     1.278
    -102.02     1.319
    -100.99     1.457
     -99.96     1.572
     -98.93     1.667
     -97.89     1.655
     -96.86     1.628
     -95.83     1.600
     -94.80     1.542
     -93.77     1.658
     -92.74     1.741
     -91.71     1.316
     -90.68     1.455
     -89.65     1.531
     -88.62     1.387
     -87.59     1.433
     -86.56     1.368
     -85.53     1.096
     -84.50     1.055
     -83.47     1.186
     -82.44     0.846
     -81.41     0.550
     -80.38     0.602
     -79.35     0.459
     -78.32     0.367
     -77.29     0.390
     -76.25     0.374
     -75.22     0.103
     -74.19     0.133
     -73.16     0.200
     -72.13     0.221
     -71.10     0.127
     -70.07    -0.010
     -69.04    -0.043
     -68.01    -0.047
     -66.98     0.001
     -65.95    -0.124
     -64.92    -0.012
     -63.89     0.135
     -62.86    -0.086
     -61.83     0.123
     -60.80    -0.094
     -59.77    -0.077
     -58.74     0.218
     -57.71     0.097
     -56.68     0.018
     -55.65     0.181
     -54.61     0.028
     -53.58    -0.082
     -52.55    -0.054
     -51.52    -0.142
     -50.49    -0.005
     -49.46     0.037
     -48.43    -0.052
     -47.40     0.095
     -46.37     0.048
     -45.34    -0.046
     -44.31     0.068
     -43.28     0.041
     -42.25    -0.045
     -41.22    -0.050
     -40.19     0.011
     -39.16     0.213
     -38.13    -0.071
     -37.10     0.038
     -36.07    -0.017
     -35.04     0.040
     -34.01     0.052
     -32.98     0.092
     -31.94     0.078
     -30.91     0.069
     -29.88     0.224
     -28.85     0.237
     -27.82     0.224
     -26.79     0.133
     -25.76     0.210
     -24.73     0.330
     -23.70     0.413
     -22.67     0.494
     -21.64     0.404
     -20.61     0.787
     -19.58     0.706
     -18.55     0.842
     -17.52     0.855
     -16.49     1.082
     -15.46     1.292
     -14.43     1.560
     -13.40     1.820
     -12.37     2.311
     -11.34     2.794
     -10.30     3.500
      -9.27     4.243
      -8.24     5.402
      -7.21     6.214
      -6.18     7.179
      -5.15     7.997
      -4.12     8.653
      -3.09     9.432
      -2.06     9.817
      -1.03    10.405
       0.00    11.078
       1.03    11.808
       2.06    13.182
       3.09    14.165
       4.12    14.907
       5.15    14.170
       6.18    13.072
       7.21    11.819
       8.24    10.572
       9.27     9.565
      10.30     8.293
      11.34     6.956
      12.37     6.044
      13.40     5.391
      14.43     4.678
      15.46     4.243
      16.49     3.634
      17.52     3.046
      18.55     2.788
      19.58     2.482
      20.61     1.976
      21.64     1.874
      22.67     1.369
      23.70     1.335
      24.73     1.080
      25.76     1.032
      26.79     0.774
      27.82     0.564
      28.85     0.550
      29.88     0.400
      30.91     0.239
      31.94     0.371
      32.98     0.149
      34.01     0.045
      35.04     0.194
      36.07     0.003
      37.10     0.025
      38.13     0.179
      39.16    -0.034
      40.19    -0.150
      41.22     0.098
      42.25    -0.174
      43.28     0.032
      44.31    -0.033
      45.34     0.046
      46.37    -0.047
      47.40     0.102
      48.43     0.158
      49.46     0.136
      50.49     0.102
      51.52     0.043
      52.55     0.152
      53.58    -0.046
      54.61     0.066
      55.65    -0.072
      56.68     0.021
      57.71     0.273
      58.74     0.011
      59.77     0.064
      60.80     0.034
      61.83     0.068
      62.86    -0.091
      63.89     0.113
      64.92    -0.042
      65.95     0.136
      66.98    -0.003
      68.01     0.023
      69.04    -0.061
      70.07    -0.075
      71.10     0.179
      72.13    -0.049
      73.16    -0.015
      74.19    -0.022
      75.22     0.094
      76.25     0.019
      77.29    -0.016
      78.32     0.020
      79.35    -0.202
      80.38     0.144
      81.41    -0.060
      82.44     0.051
      83.47    -0.145
      84.50    -0.100
      85.53    -0.039
      86.56    -0.057
      87.59     0.033
      88.62     0.088
      89.65    -0.090
      90.68     0.105
      91.71     0.057
      92.74    -0.112
      93.77    -0.081
      94.80     0.134
      95.83     0.027
      96.86     0.009
      97.89    -0.046
      98.93     0.029
      99.96    -0.064
     100.99    -0.086
     102.02    -0.223
     103.05    -0.224
     104.08     0.091
     105.11     0.110
     106.14    -0.067
     107.17    -0.102
     108.20     0.040
     109.23     0.095
     110.26    -0.018
     111.29     0.049
     112.32    -0.049
     113.35     0.220
     114.38    -0.181
     115.41    -0.022
     116.44    -0.113
     117.47    -0.095
     118.50     0.077
     119.53     0.049
     120.57    -0.045
     121.60     0.020
     122.63    -0.048
     123.66     0.054
     124.69     0.051
     125.72    -0.030
     126.75    -0.104
     127.78    -0.007
     128.81     0.070
     129.84     0.028
     130.87     0.222
     131.90     0.115
     132.93    -0.096
     133.96    -0.022
     134.99    -0.094
     136.02     0.096
     137.05     0.090
     138.08     0.006
     139.11     0.026
     140.14     0.152
     141.17     0.003
     142.20     0.054
     143.24    -0.060
     144.27    -0.022
     145.30    -0.005
     146.33     0.095
     147.36    -0.055
     148.39     0.115
     149.42     0.122
     150.45    -0.176
     151.48     0.029
     152.51    -0.087
     153.54     0.063
     154.57     0.191
     155.60     0.057
     156.63    -0.046
     157.66     0.012
     158.69     0.070
     159.72    -0.170
     160.75    -0.087
     161.78    -0.041
     162.81     0.041
     163.84     0.129
     164.88    -0.057
     165.91     0.053
     166.94     0.014
     167.97     0.060
     169.00    -0.102
     170.03    -0.116
     171.06    -0.058
     172.09    -0.082
     173.12     0.000
     174.15    -0.099
     175.18     0.054
     176.21     0.018
     177.24     0.127
     178.27     0.017
     179.30    -0.054
     180.33    -0.083
     181.36     0.052
     182.39    -0.010
     183.42     0.025
     184.45     0.008
     185.48     0.034
     186.52     0.023
     187.55     0.109
     188.58    -0.119
     189.61     0.035
     190.64     0.054
     191.67     0.062
     192.70    -0.110
     193.73     0.231
     194.76     0.030
     195.79    -0.050
     196.82     0.067
     197.85    -0.039
     198.88     0.026
     199.91     0.090
     200.94     0.072
     201.97     0.034
     203.00     0.040
     204.03    -0.012
     205.06     0.057
     206.09     0.139
     207.12     0.056
     208.15     0.069
     209.19    -0.083
     210.22    -0.069
     211.25    -0.188
     212.28     0.065
     213.31    -0.114
     214.34     0.120
     215.37    -0.044
     216.40     0.073
     217.43     0.062
     218.46     0.049
     219.49     0.163
     220.52    -0.022
     221.55    -0.067
     222.58     0.066
     223.61    -0.029
     224.64     0.094
     225.67     0.150
     226.70     0.049
     227.73     0.007
     228.76     0.063
     229.79     0.082
     230.83     0.104
     231.86     0.083
     232.89    -0.290
     233.92     0.002
     234.95    -0.246
     235.98    -0.125
     237.01    -0.001
     238.04    -0.286
     239.07    -0.175
     240.10     0.060
     241.13     0.042
     242.16    -0.145
     243.19    -0.151
     244.22    -0.060
     245.25    -0.119
     246.28    -0.141
     247.31     0.130
     248.34     0.047
     249.37     0.092
     250.40    -0.000
     251.43     0.005
     252.47    -0.020
     253.50    -0.010
     254.53     0.017
     255.56    -0.043
     256.59    -0.201
     257.62     0.009
     258.65     0.135
     259.68    -0.034
     260.71     0.048
     261.74    -0.072
     262.77     0.047
     263.80    -0.191
     264.83    -0.062
     265.86     0.056
     266.89     0.092
     267.92     0.130
     268.95     0.017
     269.98     0.043
     271.01     0.079
     272.04    -0.015
     273.07     0.118
     274.10     0.037
     275.14     0.139
     276.17     0.121
     277.20    -0.131
     278.23    -0.135
     279.26     0.169
     280.29     0.097
     281.32     0.066
     282.35    -0.009
     283.38     0.015
     284.41    -0.017
     285.44     0.036
     286.47     0.049
     287.50     0.028
     288.53     0.018
     289.56    -0.045
     290.59     0.141
     291.62    -0.128
     292.65    -0.040
     293.68     0.029
     294.71     0.146
     295.74    -0.054
     296.78     0.043
     297.81    -0.088
     298.84     0.123
     299.87    -0.006
     300.90     0.049
     301.93    -0.081
     302.96    -0.011
     303.99    -0.021
     305.02    -0.010
     306.05     0.027
     307.08     0.069
     308.11     0.001
     309.14    -0.160
     310.17    -0.094
     311.20     0.039
     312.23    -0.002
     313.26    -0.207
     314.29    -0.040
     315.32     0.109
     316.35    -0.019
     317.38    -0.010
     318.42     0.013
     319.45     0.141
     320.48    -0.011
     321.51     0.009
     322.54     0.099
     323.57     0.143
     324.60     0.087
     325.63    -0.025
     326.66    -0.068
     327.69     0.081
     328.72     0.011
     329.75    -0.126
     330.78    -0.056
     331.81    -0.072
     332.84    -0.021
     333.87    -0.186
     334.90     0.013
     335.93    -0.084
     336.96    -0.142
     337.99     0.029
     339.02     0.094
     340.06    -0.142
     341.09    -0.144
     342.12     0.118
     343.15    -0.112
     344.18     0.036
     345.21     0.063
     346.24     0.156
     347.27     0.015
     348.30    -0.007
     349.33    -0.059
     350.36    -0.093
     351.39    -0.049
     352.42     0.209
     353.45     0.071
     354.48    -0.082
     355.51    -0.095
     356.54     0.061
     357.57    -0.127
     358.60    -0.008
     359.63     0.130
     360.66     0.045
     361.69    -0.117
     362.73    -0.107
     363.76    -0.050
     364.79     0.153
     365.82    -0.097
     366.85    -0.064
     367.88     0.010
     368.91    -0.026
     369.94     0.091
     370.97     0.066
     372.00    -0.005
     373.03     0.144
     374.06    -0.076
     375.09    -0.047
     376.12     0.037
     377.15     0.205
     378.18    -0.137
     379.21     0.002
     380.24     0.064
     381.27     0.054
     382.30     0.068
     383.33    -0.113
     384.37    -0.012
     385.40     0.079
     386.43    -0.195
     387.46     0.010
     388.49     0.066
     389.52     0.233
     390.55    -0.049
     391.58     0.195
     392.61     0.237
     393.64     0.243
     394.67     0.142
     395.70     0.179
     396.73     0.076
     397.76     0.283
     398.79     0.006
     399.82     0.069
