%%   90.00000  15.00000    0   0.20000
% LAB  survey ------------------
% wanted position:  l, b, RA, DEC, and interpolated  NH
% 90.00 ;  15.00 ; 297.72 ;  57.09 ;  0.114E+22
% nearest position: l, b, RA, DEC, and observed NH
% 90.00 ;  15.00 ; 297.72 ;  57.09 ;  0.114E+22
% GASS III survey --------------
% NH - median within 6 arcmin radius   0.00    
% NH - mean within specified beam      0.00    
% EBHIS survey -----------------
% NH  within specified beam           0.110E+22
%%EBHIS   621  datapoints: v_lsr [km/s] and T_B [K]
    -399.25    -0.076
    -397.96     0.082
    -396.68     0.076
    -395.39     0.053
    -394.10    -0.054
    -392.81     0.063
    -391.52     0.037
    -390.23    -0.029
    -388.95     0.048
    -387.66    -0.090
    -386.37    -0.053
    -385.08    -0.032
    -383.79     0.001
    -382.50    -0.006
    -381.22     0.009
    -379.93    -0.008
    -378.64    -0.043
    -377.35    -0.017
    -376.06     0.037
    -374.78     0.021
    -373.49     0.060
    -372.20     0.134
    -370.91     0.040
    -369.62    -0.039
    -368.33     0.007
    -367.05    -0.018
    -365.76    -0.033
    -364.47     0.033
    -363.18     0.010
    -361.89     0.015
    -360.60     0.023
    -359.32    -0.011
    -358.03     0.004
    -356.74     0.000
    -355.45     0.021
    -354.16     0.019
    -352.88     0.064
    -351.59     0.004
    -350.30    -0.003
    -349.01    -0.067
    -347.72    -0.100
    -346.43    -0.088
    -345.15    -0.011
    -343.86     0.038
    -342.57     0.022
    -341.28    -0.008
    -339.99    -0.015
    -338.70    -0.038
    -337.42    -0.050
    -336.13    -0.009
    -334.84     0.037
    -333.55     0.044
    -332.26     0.067
    -330.98     0.054
    -329.69    -0.037
    -328.40     0.003
    -327.11    -0.064
    -325.82    -0.097
    -324.53     0.022
    -323.25     0.011
    -321.96     0.045
    -320.67     0.018
    -319.38     0.053
    -318.09     0.087
    -316.80     0.090
    -315.52    -0.008
    -314.23    -0.012
    -312.94     0.044
    -311.65     0.025
    -310.36    -0.033
    -309.08    -0.090
    -307.79    -0.096
    -306.50    -0.076
    -305.21    -0.011
    -303.92    -0.021
    -302.63    -0.020
    -301.35     0.043
    -300.06     0.030
    -298.77     0.020
    -297.48     0.041
    -296.19    -0.042
    -294.90    -0.052
    -293.62     0.004
    -292.33     0.068
    -291.04     0.031
    -289.75     0.009
    -288.46     0.046
    -287.18    -0.016
    -285.89    -0.062
    -284.60    -0.024
    -283.31     0.005
    -282.02    -0.031
    -280.73     0.013
    -279.45    -0.031
    -278.16     0.001
    -276.87     0.021
    -275.58    -0.034
    -274.29    -0.023
    -273.00    -0.092
    -271.72    -0.010
    -270.43    -0.053
    -269.14    -0.128
    -267.85    -0.009
    -266.56    -0.071
    -265.28     0.046
    -263.99     0.044
    -262.70    -0.006
    -261.41    -0.022
    -260.12    -0.080
    -258.83    -0.104
    -257.55    -0.031
    -256.26     0.065
    -254.97     0.012
    -253.68    -0.064
    -252.39     0.020
    -251.10    -0.051
    -249.82    -0.044
    -248.53    -0.044
    -247.24    -0.066
    -245.95     0.044
    -244.66    -0.002
    -243.38     0.007
    -242.09    -0.000
    -240.80    -0.005
    -239.51    -0.063
    -238.22    -0.027
    -236.93    -0.015
    -235.65     0.033
    -234.36     0.024
    -233.07    -0.024
    -231.78    -0.047
    -230.49    -0.100
    -229.20    -0.007
    -227.92     0.042
    -226.63    -0.002
    -225.34     0.009
    -224.05     0.016
    -222.76    -0.031
    -221.48    -0.068
    -220.19    -0.009
    -218.90     0.090
    -217.61    -0.027
    -216.32    -0.073
    -215.03    -0.030
    -213.75     0.001
    -212.46     0.081
    -211.17     0.024
    -209.88     0.128
    -208.59    -0.066
    -207.30    -0.067
    -206.02    -0.040
    -204.73    -0.009
    -203.44     0.085
    -202.15     0.077
    -200.86    -0.036
    -199.58    -0.013
    -198.29     0.062
    -197.00     0.145
    -195.71     0.037
    -194.42    -0.062
    -193.13     0.029
    -191.85     0.009
    -190.56    -0.033
    -189.27    -0.029
    -187.98     0.006
    -186.69     0.062
    -185.40     0.003
    -184.12     0.035
    -182.83     0.081
    -181.54     0.057
    -180.25    -0.037
    -178.96    -0.045
    -177.68     0.006
    -176.39    -0.005
    -175.10    -0.026
    -173.81     0.030
    -172.52     0.061
    -171.23    -0.010
    -169.95    -0.007
    -168.66     0.023
    -167.37     0.039
    -166.08     0.056
    -164.79    -0.011
    -163.50    -0.043
    -162.22     0.007
    -160.93     0.063
    -159.64     0.136
    -158.35     0.223
    -157.06     0.147
    -155.78     0.082
    -154.49     0.133
    -153.20     0.242
    -151.91     0.367
    -150.62     0.421
    -149.33     0.558
    -148.05     0.644
    -146.76     0.632
    -145.47     0.939
    -144.18     1.092
    -142.89     1.336
    -141.60     1.449
    -140.32     1.454
    -139.03     1.307
    -137.74     1.226
    -136.45     1.102
    -135.16     1.022
    -133.88     0.950
    -132.59     0.974
    -131.30     0.929
    -130.01     0.884
    -128.72     0.789
    -127.43     0.767
    -126.15     0.714
    -124.86     0.757
    -123.57     0.602
    -122.28     0.578
    -120.99     0.604
    -119.70     0.628
    -118.42     0.696
    -117.13     0.586
    -115.84     0.595
    -114.55     0.498
    -113.26     0.406
    -111.98     0.523
    -110.69     0.457
    -109.40     0.425
    -108.11     0.364
    -106.82     0.403
    -105.53     0.346
    -104.25     0.321
    -102.96     0.325
    -101.67     0.382
    -100.38     0.315
     -99.09     0.370
     -97.80     0.424
     -96.52     0.473
     -95.23     0.463
     -93.94     0.439
     -92.65     0.560
     -91.36     0.577
     -90.08     0.628
     -88.79     0.667
     -87.50     0.828
     -86.21     0.864
     -84.92     0.894
     -83.63     0.857
     -82.35     0.960
     -81.06     0.874
     -79.77     0.995
     -78.48     1.190
     -77.19     1.234
     -75.90     1.253
     -74.62     1.345
     -73.33     1.350
     -72.04     1.368
     -70.75     1.250
     -69.46     1.298
     -68.18     1.165
     -66.89     1.212
     -65.60     1.144
     -64.31     0.999
     -63.02     0.861
     -61.73     0.775
     -60.45     0.727
     -59.16     0.598
     -57.87     0.575
     -56.58     0.557
     -55.29     0.575
     -54.00     0.545
     -52.72     0.537
     -51.43     0.548
     -50.14     0.676
     -48.85     0.699
     -47.56     0.736
     -46.28     0.865
     -44.99     0.933
     -43.70     1.119
     -42.41     1.267
     -41.12     1.466
     -39.83     1.847
     -38.55     2.323
     -37.26     2.555
     -35.97     3.157
     -34.68     3.837
     -33.39     4.361
     -32.10     4.741
     -30.82     5.314
     -29.53     5.987
     -28.24     6.811
     -26.95     7.625
     -25.66     8.028
     -24.38     7.695
     -23.09     6.980
     -21.80     6.668
     -20.51     6.687
     -19.22     6.889
     -17.93     7.079
     -16.65     7.550
     -15.36     8.016
     -14.07     8.563
     -12.78     9.333
     -11.49    10.008
     -10.20    10.807
      -8.92    11.584
      -7.63    12.396
      -6.34    13.325
      -5.05    14.337
      -3.76    15.306
      -2.48    15.944
      -1.19    15.345
       0.10    13.748
       1.39    12.780
       2.68    12.097
       3.97    11.768
       5.25    11.854
       6.54    11.933
       7.83    11.652
       9.12    10.857
      10.41     9.613
      11.70     8.362
      12.98     7.038
      14.27     5.627
      15.56     4.286
      16.85     3.185
      18.14     2.412
      19.42     1.643
      20.71     1.320
      22.00     0.974
      23.29     0.627
      24.58     0.458
      25.87     0.335
      27.15     0.254
      28.44     0.197
      29.73     0.165
      31.02     0.169
      32.31     0.115
      33.60     0.042
      34.88     0.124
      36.17     0.117
      37.46     0.029
      38.75     0.069
      40.04     0.153
      41.32     0.115
      42.61    -0.015
      43.90     0.018
      45.19     0.037
      46.48     0.007
      47.77    -0.001
      49.05     0.073
      50.34     0.058
      51.63     0.124
      52.92     0.027
      54.21     0.055
      55.50     0.076
      56.78     0.087
      58.07     0.029
      59.36     0.017
      60.65     0.024
      61.94     0.146
      63.22     0.048
      64.51     0.073
      65.80     0.043
      67.09     0.030
      68.38    -0.018
      69.67    -0.059
      70.95     0.041
      72.24    -0.005
      73.53     0.100
      74.82     0.087
      76.11     0.075
      77.40     0.011
      78.68    -0.033
      79.97    -0.063
      81.26    -0.063
      82.55    -0.032
      83.84    -0.039
      85.12     0.060
      86.41     0.105
      87.70    -0.015
      88.99    -0.051
      90.28     0.008
      91.57    -0.034
      92.85    -0.044
      94.14    -0.062
      95.43     0.050
      96.72     0.024
      98.01    -0.040
      99.30    -0.048
     100.58    -0.071
     101.87     0.003
     103.16    -0.040
     104.45     0.016
     105.74     0.003
     107.02    -0.005
     108.31    -0.018
     109.60     0.000
     110.89     0.084
     112.18     0.064
     113.47    -0.030
     114.75    -0.062
     116.04    -0.001
     117.33    -0.065
     118.62    -0.054
     119.91    -0.072
     121.20     0.001
     122.48    -0.002
     123.77    -0.097
     125.06    -0.056
     126.35     0.010
     127.64    -0.054
     128.92     0.064
     130.21    -0.080
     131.50     0.023
     132.79    -0.052
     134.08     0.010
     135.37    -0.026
     136.65     0.040
     137.94     0.079
     139.23     0.036
     140.52     0.019
     141.81     0.073
     143.09     0.042
     144.38    -0.022
     145.67    -0.012
     146.96    -0.073
     148.25    -0.038
     149.54     0.008
     150.82     0.015
     152.11     0.047
     153.40    -0.016
     154.69    -0.023
     155.98     0.032
     157.27     0.013
     158.55    -0.033
     159.84    -0.107
     161.13    -0.120
     162.42    -0.036
     163.71     0.014
     164.99     0.059
     166.28     0.026
     167.57     0.058
     168.86    -0.055
     170.15    -0.014
     171.44    -0.021
     172.72    -0.004
     174.01    -0.023
     175.30    -0.046
     176.59     0.003
     177.88     0.051
     179.17     0.177
     180.45     0.106
     181.74     0.092
     183.03     0.059
     184.32     0.023
     185.61    -0.043
     186.89     0.044
     188.18     0.043
     189.47    -0.054
     190.76     0.025
     192.05    -0.050
     193.34    -0.030
     194.62    -0.036
     195.91    -0.069
     197.20     0.061
     198.49     0.102
     199.78    -0.022
     201.07     0.063
     202.35     0.084
     203.64     0.061
     204.93    -0.020
     206.22    -0.015
     207.51     0.055
     208.79     0.015
     210.08    -0.046
     211.37    -0.019
     212.66    -0.003
     213.95    -0.062
     215.24    -0.002
     216.52     0.002
     217.81    -0.056
     219.10    -0.032
     220.39    -0.015
     221.68    -0.057
     222.97     0.108
     224.25     0.009
     225.54     0.010
     226.83    -0.015
     228.12     0.014
     229.41     0.024
     230.69     0.049
     231.98     0.021
     233.27    -0.019
     234.56     0.030
     235.85     0.000
     237.14    -0.015
     238.42     0.074
     239.71     0.051
     241.00     0.006
     242.29     0.032
     243.58    -0.016
     244.87    -0.039
     246.15     0.057
     247.44     0.116
     248.73     0.028
     250.02    -0.123
     251.31    -0.080
     252.59    -0.029
     253.88     0.053
     255.17    -0.007
     256.46     0.032
     257.75     0.085
     259.04     0.112
     260.32     0.029
     261.61     0.024
     262.90    -0.032
     264.19     0.022
     265.48     0.030
     266.77     0.092
     268.05     0.009
     269.34    -0.018
     270.63     0.088
     271.92     0.022
     273.21     0.027
     274.49     0.046
     275.78    -0.009
     277.07    -0.063
     278.36    -0.005
     279.65     0.018
     280.94    -0.031
     282.22    -0.052
     283.51     0.018
     284.80     0.042
     286.09     0.001
     287.38    -0.109
     288.67    -0.112
     289.95     0.018
     291.24    -0.003
     292.53     0.027
     293.82    -0.025
     295.11    -0.048
     296.39    -0.019
     297.68     0.003
     298.97    -0.075
     300.26    -0.011
     301.55     0.021
     302.84    -0.053
     304.12    -0.067
     305.41    -0.032
     306.70    -0.008
     307.99    -0.014
     309.28     0.023
     310.57     0.025
     311.85    -0.033
     313.14    -0.038
     314.43    -0.004
     315.72     0.047
     317.01    -0.044
     318.29     0.098
     319.58     0.086
     320.87    -0.084
     322.16    -0.001
     323.45     0.042
     324.74     0.006
     326.02     0.050
     327.31    -0.041
     328.60    -0.096
     329.89    -0.019
     331.18     0.043
     332.47    -0.055
     333.75    -0.054
     335.04    -0.047
     336.33     0.029
     337.62    -0.018
     338.91     0.052
     340.19    -0.044
     341.48     0.006
     342.77     0.021
     344.06     0.035
     345.35     0.030
     346.64    -0.048
     347.92    -0.053
     349.21    -0.071
     350.50    -0.061
     351.79    -0.038
     353.08     0.061
     354.37     0.015
     355.65    -0.125
     356.94    -0.102
     358.23    -0.023
     359.52     0.074
     360.81     0.091
     362.09     0.060
     363.38     0.046
     364.67    -0.013
     365.96    -0.022
     367.25     0.054
     368.54     0.052
     369.82     0.076
     371.11     0.041
     372.40    -0.035
     373.69    -0.029
     374.98     0.031
     376.27    -0.017
     377.55    -0.076
     378.84     0.038
     380.13     0.130
     381.42     0.113
     382.71     0.018
     383.99    -0.052
     385.28     0.034
     386.57    -0.017
     387.86    -0.047
     389.15    -0.015
     390.44     0.010
     391.72     0.058
     393.01    -0.035
     394.30    -0.030
     395.59    -0.000
     396.88     0.002
     398.17     0.050
     399.45    -0.036
%%GASS      0  datapoints: v_lsr [km/s] and T_B [K]
%%LAB     777  datapoints: v_lsr [km/s] and T_B [K]
    -399.83     0.034
    -398.80     0.039
    -397.77     0.009
    -396.74     0.069
    -395.71    -0.010
    -394.68    -0.086
    -393.65    -0.039
    -392.62     0.077
    -391.59     0.007
    -390.56    -0.031
    -389.53    -0.134
    -388.49    -0.236
    -387.46     0.032
    -386.43    -0.059
    -385.40     0.049
    -384.37    -0.039
    -383.34    -0.018
    -382.31     0.053
    -381.28    -0.026
    -380.25     0.112
    -379.22     0.127
    -378.19    -0.105
    -377.16     0.016
    -376.13     0.017
    -375.10    -0.068
    -374.07    -0.039
    -373.04     0.122
    -372.01     0.047
    -370.98     0.030
    -369.95    -0.057
    -368.92     0.021
    -367.89     0.031
    -366.85     0.025
    -365.82    -0.017
    -364.79     0.073
    -363.76     0.052
    -362.73     0.053
    -361.70     0.008
    -360.67     0.125
    -359.64     0.078
    -358.61    -0.027
    -357.58    -0.027
    -356.55    -0.020
    -355.52     0.054
    -354.49     0.100
    -353.46    -0.043
    -352.43     0.085
    -351.40     0.031
    -350.37     0.124
    -349.34     0.002
    -348.31    -0.084
    -347.28    -0.049
    -346.24    -0.076
    -345.21    -0.012
    -344.18    -0.123
    -343.15     0.049
    -342.12     0.091
    -341.09     0.024
    -340.06    -0.028
    -339.03    -0.130
    -338.00     0.051
    -336.97     0.053
    -335.94    -0.108
    -334.91    -0.098
    -333.88     0.038
    -332.85     0.132
    -331.82     0.143
    -330.79    -0.198
    -329.76     0.064
    -328.73    -0.009
    -327.70     0.024
    -326.67    -0.098
    -325.64    -0.010
    -324.60     0.089
    -323.57     0.066
    -322.54    -0.083
    -321.51    -0.113
    -320.48     0.017
    -319.45     0.027
    -318.42     0.047
    -317.39     0.009
    -316.36     0.138
    -315.33    -0.029
    -314.30    -0.047
    -313.27    -0.090
    -312.24    -0.131
    -311.21     0.132
    -310.18     0.035
    -309.15     0.106
    -308.12     0.076
    -307.09     0.152
    -306.06    -0.026
    -305.03    -0.125
    -303.99     0.036
    -302.96     0.050
    -301.93    -0.058
    -300.90     0.034
    -299.87    -0.132
    -298.84     0.072
    -297.81    -0.147
    -296.78    -0.035
    -295.75     0.047
    -294.72     0.026
    -293.69    -0.170
    -292.66    -0.012
    -291.63    -0.003
    -290.60     0.112
    -289.57    -0.031
    -288.54     0.034
    -287.51     0.110
    -286.48    -0.146
    -285.45    -0.026
    -284.42     0.112
    -283.38     0.004
    -282.35     0.033
    -281.32    -0.067
    -280.29    -0.035
    -279.26     0.063
    -278.23    -0.044
    -277.20     0.021
    -276.17    -0.005
    -275.14    -0.009
    -274.11     0.289
    -273.08    -0.053
    -272.05     0.017
    -271.02    -0.054
    -269.99    -0.094
    -268.96     0.110
    -267.93    -0.121
    -266.90    -0.113
    -265.87     0.011
    -264.84    -0.025
    -263.81     0.151
    -262.78     0.008
    -261.74     0.187
    -260.71     0.038
    -259.68     0.069
    -258.65     0.055
    -257.62     0.081
    -256.59     0.100
    -255.56     0.176
    -254.53    -0.020
    -253.50     0.138
    -252.47    -0.025
    -251.44     0.129
    -250.41    -0.031
    -249.38     0.068
    -248.35     0.103
    -247.32    -0.113
    -246.29    -0.053
    -245.26    -0.056
    -244.23    -0.019
    -243.20     0.088
    -242.17     0.059
    -241.13     0.020
    -240.10    -0.019
    -239.07     0.058
    -238.04     0.036
    -237.01    -0.007
    -235.98     0.043
    -234.95     0.012
    -233.92     0.009
    -232.89    -0.041
    -231.86     0.205
    -230.83    -0.028
    -229.80     0.002
    -228.77     0.050
    -227.74    -0.085
    -226.71    -0.026
    -225.68    -0.027
    -224.65     0.051
    -223.62    -0.116
    -222.59    -0.080
    -221.56    -0.008
    -220.52     0.104
    -219.49    -0.036
    -218.46     0.065
    -217.43     0.089
    -216.40     0.026
    -215.37    -0.052
    -214.34    -0.062
    -213.31    -0.074
    -212.28    -0.025
    -211.25     0.024
    -210.22     0.201
    -209.19     0.111
    -208.16     0.019
    -207.13     0.079
    -206.10     0.120
    -205.07    -0.005
    -204.04     0.049
    -203.01    -0.083
    -201.98    -0.086
    -200.95    -0.002
    -199.92    -0.020
    -198.88     0.075
    -197.85    -0.067
    -196.82     0.125
    -195.79     0.138
    -194.76     0.042
    -193.73    -0.142
    -192.70    -0.135
    -191.67     0.087
    -190.64     0.040
    -189.61     0.064
    -188.58     0.004
    -187.55    -0.110
    -186.52     0.058
    -185.49     0.122
    -184.46    -0.023
    -183.43     0.060
    -182.40    -0.149
    -181.37     0.038
    -180.34    -0.029
    -179.31     0.036
    -178.27    -0.030
    -177.24    -0.007
    -176.21     0.023
    -175.18     0.080
    -174.15    -0.020
    -173.12    -0.146
    -172.09     0.003
    -171.06     0.066
    -170.03     0.089
    -169.00    -0.013
    -167.97    -0.005
    -166.94    -0.025
    -165.91    -0.097
    -164.88    -0.009
    -163.85     0.069
    -162.82     0.058
    -161.79     0.060
    -160.76     0.094
    -159.73     0.072
    -158.70     0.179
    -157.67     0.148
    -156.63     0.188
    -155.60     0.171
    -154.57     0.252
    -153.54     0.104
    -152.51     0.219
    -151.48     0.395
    -150.45     0.319
    -149.42     0.520
    -148.39     0.383
    -147.36     0.535
    -146.33     0.595
    -145.30     0.747
    -144.27     0.873
    -143.24     0.923
    -142.21     1.101
    -141.18     1.274
    -140.15     1.398
    -139.12     1.272
    -138.09     1.160
    -137.06     1.186
    -136.02     1.161
    -134.99     0.885
    -133.96     1.086
    -132.93     0.996
    -131.90     0.995
    -130.87     0.918
    -129.84     0.996
    -128.81     0.991
    -127.78     0.827
    -126.75     0.860
    -125.72     0.762
    -124.69     0.548
    -123.66     0.783
    -122.63     0.690
    -121.60     0.746
    -120.57     0.469
    -119.54     0.594
    -118.51     0.539
    -117.48     0.628
    -116.45     0.595
    -115.41     0.435
    -114.38     0.540
    -113.35     0.486
    -112.32     0.397
    -111.29     0.505
    -110.26     0.501
    -109.23     0.667
    -108.20     0.305
    -107.17     0.384
    -106.14     0.360
    -105.11     0.381
    -104.08     0.344
    -103.05     0.537
    -102.02     0.432
    -100.99     0.390
     -99.96     0.523
     -98.93     0.441
     -97.90     0.427
     -96.87     0.441
     -95.84     0.509
     -94.81     0.633
     -93.77     0.473
     -92.74     0.607
     -91.71     0.568
     -90.68     0.688
     -89.65     0.676
     -88.62     0.768
     -87.59     0.640
     -86.56     0.882
     -85.53     0.903
     -84.50     0.904
     -83.47     1.060
     -82.44     1.104
     -81.41     1.170
     -80.38     1.127
     -79.35     1.298
     -78.32     1.352
     -77.29     1.378
     -76.26     1.260
     -75.23     1.517
     -74.20     1.414
     -73.16     1.394
     -72.13     1.317
     -71.10     1.418
     -70.07     1.300
     -69.04     1.123
     -68.01     1.183
     -66.98     1.012
     -65.95     1.093
     -64.92     0.880
     -63.89     0.946
     -62.86     0.976
     -61.83     0.818
     -60.80     0.668
     -59.77     0.615
     -58.74     0.865
     -57.71     0.644
     -56.68     0.601
     -55.65     0.587
     -54.62     0.666
     -53.59     0.771
     -52.56     0.773
     -51.52     0.778
     -50.49     0.891
     -49.46     0.932
     -48.43     0.940
     -47.40     1.109
     -46.37     1.000
     -45.34     1.099
     -44.31     1.074
     -43.28     1.160
     -42.25     1.330
     -41.22     1.270
     -40.19     1.472
     -39.16     1.684
     -38.13     1.813
     -37.10     2.093
     -36.07     2.690
     -35.04     3.265
     -34.01     3.800
     -32.98     4.387
     -31.95     4.654
     -30.91     5.088
     -29.88     5.230
     -28.85     5.855
     -27.82     6.032
     -26.79     6.441
     -25.76     6.580
     -24.73     6.862
     -23.70     6.982
     -22.67     6.985
     -21.64     7.258
     -20.61     7.590
     -19.58     7.846
     -18.55     8.043
     -17.52     8.365
     -16.49     8.633
     -15.46     9.223
     -14.43     9.664
     -13.40    10.367
     -12.37    10.608
     -11.34    11.510
     -10.30    11.964
      -9.27    12.629
      -8.24    13.426
      -7.21    14.217
      -6.18    15.007
      -5.15    16.012
      -4.12    16.825
      -3.09    17.037
      -2.06    17.083
      -1.03    16.299
       0.00    15.172
       1.03    14.107
       2.06    13.165
       3.09    12.950
       4.12    12.679
       5.15    12.385
       6.18    12.069
       7.21    11.518
       8.24    10.996
       9.27     9.960
      10.30     8.841
      11.34     7.914
      12.37     6.726
      13.40     5.853
      14.43     5.026
      15.46     3.800
      16.49     3.177
      17.52     2.561
      18.55     1.943
      19.58     1.507
      20.61     1.360
      21.64     0.860
      22.67     0.899
      23.70     0.604
      24.73     0.564
      25.76     0.320
      26.79     0.290
      27.82     0.328
      28.85     0.322
      29.88     0.221
      30.91     0.149
      31.95     0.326
      32.98     0.107
      34.01     0.077
      35.04    -0.038
      36.07    -0.180
      37.10     0.059
      38.13     0.007
      39.16    -0.029
      40.19    -0.038
      41.22     0.074
      42.25    -0.031
      43.28     0.261
      44.31     0.045
      45.34     0.133
      46.37     0.012
      47.40    -0.013
      48.43     0.084
      49.46     0.178
      50.49     0.034
      51.52    -0.022
      52.55    -0.017
      53.59     0.174
      54.62    -0.001
      55.65    -0.014
      56.68     0.048
      57.71     0.158
      58.74     0.015
      59.77     0.086
      60.80     0.092
      61.83     0.059
      62.86    -0.159
      63.89     0.035
      64.92     0.008
      65.95    -0.058
      66.98     0.041
      68.01     0.013
      69.04    -0.020
      70.07     0.054
      71.10    -0.062
      72.13     0.082
      73.16     0.038
      74.20     0.029
      75.23    -0.007
      76.26     0.072
      77.29     0.100
      78.32    -0.104
      79.35     0.038
      80.38     0.215
      81.41     0.009
      82.44     0.116
      83.47     0.164
      84.50    -0.027
      85.53    -0.077
      86.56     0.083
      87.59    -0.091
      88.62    -0.020
      89.65    -0.222
      90.68    -0.058
      91.71     0.000
      92.74    -0.020
      93.77     0.005
      94.81     0.099
      95.84    -0.209
      96.87     0.123
      97.90    -0.108
      98.93     0.046
      99.96     0.033
     100.99     0.207
     102.02    -0.158
     103.05    -0.072
     104.08     0.015
     105.11     0.174
     106.14    -0.003
     107.17     0.053
     108.20    -0.087
     109.23     0.391
     110.26     0.119
     111.29    -0.149
     112.32     0.085
     113.35    -0.030
     114.38     0.057
     115.41     0.108
     116.45    -0.101
     117.48    -0.087
     118.51     0.065
     119.54    -0.066
     120.57     0.015
     121.60    -0.020
     122.63     0.126
     123.66     0.178
     124.69    -0.133
     125.72     0.071
     126.75    -0.166
     127.78     0.013
     128.81     0.062
     129.84     0.002
     130.87     0.096
     131.90    -0.142
     132.93     0.113
     133.96     0.039
     134.99     0.025
     136.02     0.032
     137.06     0.098
     138.09     0.032
     139.12     0.291
     140.15     0.040
     141.18     0.049
     142.21    -0.004
     143.24    -0.137
     144.27    -0.019
     145.30    -0.051
     146.33    -0.066
     147.36     0.143
     148.39    -0.031
     149.42     0.112
     150.45     0.082
     151.48     0.027
     152.51     0.002
     153.54     0.067
     154.57    -0.095
     155.60     0.129
     156.63     0.151
     157.67    -0.028
     158.70    -0.033
     159.73     0.103
     160.76     0.046
     161.79    -0.042
     162.82    -0.026
     163.85    -0.003
     164.88     0.067
     165.91     0.030
     166.94    -0.105
     167.97    -0.047
     169.00     0.064
     170.03    -0.052
     171.06    -0.034
     172.09     0.118
     173.12    -0.019
     174.15     0.157
     175.18    -0.032
     176.21    -0.030
     177.24     0.021
     178.27    -0.112
     179.31    -0.061
     180.34    -0.073
     181.37     0.088
     182.40     0.015
     183.43    -0.036
     184.46    -0.129
     185.49     0.025
     186.52    -0.025
     187.55     0.157
     188.58    -0.167
     189.61     0.065
     190.64    -0.073
     191.67     0.090
     192.70    -0.030
     193.73     0.114
     194.76    -0.082
     195.79     0.019
     196.82    -0.025
     197.85     0.029
     198.88     0.061
     199.92    -0.075
     200.95     0.064
     201.98     0.008
     203.01    -0.204
     204.04    -0.063
     205.07     0.054
     206.10    -0.049
     207.13    -0.086
     208.16    -0.085
     209.19    -0.023
     210.22    -0.042
     211.25    -0.138
     212.28     0.104
     213.31    -0.157
     214.34     0.089
     215.37     0.040
     216.40     0.084
     217.43    -0.093
     218.46     0.151
     219.49    -0.047
     220.52     0.051
     221.56     0.100
     222.59     0.024
     223.62     0.026
     224.65    -0.120
     225.68     0.119
     226.71     0.135
     227.74    -0.131
     228.77     0.006
     229.80     0.171
     230.83     0.012
     231.86     0.082
     232.89     0.120
     233.92    -0.010
     234.95    -0.006
     235.98    -0.032
     237.01    -0.047
     238.04    -0.022
     239.07    -0.024
     240.10    -0.010
     241.13    -0.013
     242.17    -0.076
     243.20     0.105
     244.23    -0.079
     245.26    -0.004
     246.29    -0.029
     247.32    -0.139
     248.35    -0.108
     249.38     0.011
     250.41    -0.131
     251.44    -0.054
     252.47    -0.134
     253.50    -0.001
     254.53     0.067
     255.56     0.087
     256.59     0.091
     257.62     0.079
     258.65     0.012
     259.68     0.010
     260.71     0.090
     261.74    -0.002
     262.78    -0.048
     263.81     0.001
     264.84     0.134
     265.87     0.053
     266.90    -0.052
     267.93    -0.031
     268.96    -0.111
     269.99     0.113
     271.02     0.004
     272.05    -0.154
     273.08     0.075
     274.11     0.032
     275.14    -0.017
     276.17    -0.024
     277.20    -0.015
     278.23     0.015
     279.26     0.015
     280.29     0.102
     281.32    -0.070
     282.35     0.045
     283.38    -0.059
     284.42     0.046
     285.45    -0.157
     286.48    -0.014
     287.51    -0.075
     288.54     0.034
     289.57    -0.098
     290.60     0.052
     291.63     0.010
     292.66     0.017
     293.69    -0.062
     294.72     0.023
     295.75     0.037
     296.78    -0.109
     297.81     0.068
     298.84     0.017
     299.87    -0.020
     300.90     0.089
     301.93     0.214
     302.96    -0.092
     303.99    -0.089
     305.03     0.110
     306.06    -0.206
     307.09    -0.026
     308.12    -0.072
     309.15     0.222
     310.18    -0.010
     311.21     0.065
     312.24    -0.043
     313.27     0.002
     314.30    -0.036
     315.33     0.052
     316.36    -0.034
     317.39     0.041
     318.42    -0.101
     319.45    -0.150
     320.48     0.043
     321.51     0.002
     322.54    -0.006
     323.57    -0.120
     324.60     0.048
     325.64    -0.008
     326.67     0.009
     327.70     0.120
     328.73    -0.006
     329.76    -0.007
     330.79    -0.101
     331.82    -0.013
     332.85    -0.006
     333.88    -0.129
     334.91     0.009
     335.94     0.032
     336.97     0.132
     338.00    -0.001
     339.03    -0.096
     340.06    -0.067
     341.09    -0.009
     342.12    -0.013
     343.15    -0.006
     344.18    -0.086
     345.21    -0.000
     346.24    -0.090
     347.28     0.049
     348.31    -0.042
     349.34    -0.168
     350.37     0.061
     351.40     0.131
     352.43     0.056
     353.46    -0.036
     354.49     0.134
     355.52    -0.105
     356.55     0.136
     357.58    -0.116
     358.61     0.160
     359.64    -0.028
     360.67    -0.096
     361.70     0.012
     362.73     0.006
     363.76     0.011
     364.79     0.025
     365.82     0.026
     366.85    -0.072
     367.89     0.091
     368.92     0.109
     369.95    -0.034
     370.98     0.063
     372.01    -0.104
     373.04     0.202
     374.07    -0.019
     375.10     0.038
     376.13    -0.155
     377.16    -0.100
     378.19     0.234
     379.22    -0.014
     380.25     0.003
     381.28    -0.058
     382.31     0.044
     383.34    -0.080
     384.37     0.127
     385.40     0.163
     386.43     0.020
     387.46     0.014
     388.49    -0.042
     389.53     0.147
     390.56    -0.048
     391.59    -0.052
     392.62    -0.068
     393.65    -0.143
     394.68    -0.115
     395.71     0.020
     396.74    -0.107
     397.77     0.076
     398.80     0.041
     399.83     0.283
