%%   82.50000   0.00000    0   0.20000
% LAB  survey ------------------
% wanted position:  l, b, RA, DEC, and interpolated  NH
% 82.50 ;   0.00 ; 311.01 ;  42.64 ;  0.991E+22
% nearest position: l, b, RA, DEC, and observed NH
% 82.50 ;   0.00 ; 311.01 ;  42.64 ;  0.991E+22
% GASS III survey --------------
% NH - median within 6 arcmin radius   0.00    
% NH - mean within specified beam      0.00    
% EBHIS survey -----------------
% NH  within specified beam           0.100E+23
%%EBHIS   621  datapoints: v_lsr [km/s] and T_B [K]
    -399.25    -0.014
    -397.96    -0.143
    -396.68    -0.107
    -395.39     0.075
    -394.10    -0.047
    -392.81     0.029
    -391.52    -0.037
    -390.23     0.079
    -388.95    -0.064
    -387.66    -0.049
    -386.37    -0.033
    -385.08    -0.036
    -383.79     0.119
    -382.50     0.142
    -381.22     0.033
    -379.93     0.067
    -378.64     0.108
    -377.35    -0.001
    -376.06     0.012
    -374.78    -0.032
    -373.49    -0.060
    -372.20    -0.009
    -370.91    -0.101
    -369.62    -0.088
    -368.33     0.072
    -367.05     0.178
    -365.76    -0.077
    -364.47     0.023
    -363.18     0.114
    -361.89     0.044
    -360.60    -0.070
    -359.32    -0.183
    -358.03    -0.076
    -356.74    -0.209
    -355.45    -0.035
    -354.16    -0.007
    -352.88     0.086
    -351.59     0.009
    -350.30    -0.114
    -349.01    -0.010
    -347.72    -0.031
    -346.43     0.106
    -345.15     0.091
    -343.86     0.064
    -342.57     0.033
    -341.28     0.092
    -339.99    -0.029
    -338.70    -0.038
    -337.42    -0.338
    -336.13    -0.097
    -334.84    -0.088
    -333.55    -0.009
    -332.26     0.002
    -330.98    -0.089
    -329.69     0.022
    -328.40     0.004
    -327.11    -0.023
    -325.82    -0.112
    -324.53     0.036
    -323.25     0.012
    -321.96    -0.011
    -320.67     0.132
    -319.38     0.058
    -318.09     0.112
    -316.80     0.094
    -315.52     0.143
    -314.23    -0.086
    -312.94     0.027
    -311.65     0.133
    -310.36     0.052
    -309.08     0.079
    -307.79    -0.022
    -306.50    -0.069
    -305.21     0.014
    -303.92    -0.111
    -302.63    -0.125
    -301.35    -0.062
    -300.06    -0.021
    -298.77     0.065
    -297.48     0.016
    -296.19     0.084
    -294.90    -0.059
    -293.62    -0.073
    -292.33    -0.081
    -291.04    -0.010
    -289.75     0.133
    -288.46     0.035
    -287.18    -0.235
    -285.89    -0.137
    -284.60     0.041
    -283.31    -0.057
    -282.02     0.019
    -280.73     0.001
    -279.45    -0.096
    -278.16    -0.055
    -276.87     0.090
    -275.58    -0.000
    -274.29    -0.002
    -273.00     0.023
    -271.72     0.163
    -270.43    -0.044
    -269.14    -0.095
    -267.85     0.018
    -266.56    -0.074
    -265.28    -0.001
    -263.99    -0.078
    -262.70     0.024
    -261.41    -0.079
    -260.12     0.117
    -258.83    -0.094
    -257.55    -0.026
    -256.26     0.153
    -254.97     0.064
    -253.68     0.157
    -252.39     0.077
    -251.10     0.020
    -249.82     0.079
    -248.53     0.127
    -247.24     0.033
    -245.95    -0.104
    -244.66    -0.070
    -243.38    -0.009
    -242.09    -0.034
    -240.80    -0.079
    -239.51     0.072
    -238.22    -0.049
    -236.93    -0.088
    -235.65    -0.109
    -234.36    -0.079
    -233.07    -0.021
    -231.78     0.001
    -230.49    -0.143
    -229.20     0.071
    -227.92     0.051
    -226.63     0.060
    -225.34    -0.069
    -224.05     0.069
    -222.76     0.162
    -221.48    -0.022
    -220.19    -0.006
    -218.90     0.148
    -217.61     0.069
    -216.32     0.057
    -215.03     0.034
    -213.75    -0.038
    -212.46     0.069
    -211.17    -0.038
    -209.88     0.232
    -208.59     0.033
    -207.30     0.158
    -206.02     0.124
    -204.73     0.082
    -203.44     0.069
    -202.15    -0.188
    -200.86     0.020
    -199.58    -0.143
    -198.29    -0.023
    -197.00     0.050
    -195.71    -0.075
    -194.42    -0.009
    -193.13     0.051
    -191.85    -0.045
    -190.56     0.066
    -189.27     0.137
    -187.98     0.049
    -186.69     0.167
    -185.40    -0.075
    -184.12     0.077
    -182.83    -0.038
    -181.54    -0.037
    -180.25     0.021
    -178.96     0.038
    -177.68    -0.036
    -176.39    -0.067
    -175.10    -0.061
    -173.81    -0.073
    -172.52    -0.051
    -171.23    -0.040
    -169.95    -0.207
    -168.66     0.004
    -167.37     0.135
    -166.08     0.028
    -164.79     0.131
    -163.50    -0.044
    -162.22     0.059
    -160.93     0.008
    -159.64    -0.031
    -158.35    -0.050
    -157.06     0.058
    -155.78    -0.044
    -154.49     0.122
    -153.20     0.075
    -151.91     0.187
    -150.62    -0.041
    -149.33     0.268
    -148.05     0.239
    -146.76     0.096
    -145.47     0.210
    -144.18     0.367
    -142.89     0.371
    -141.60     0.258
    -140.32     0.347
    -139.03     0.310
    -137.74     0.518
    -136.45     0.497
    -135.16     0.371
    -133.88     0.505
    -132.59     0.576
    -131.30     0.492
    -130.01     0.258
    -128.72     0.334
    -127.43     0.405
    -126.15     0.335
    -124.86     0.361
    -123.57     0.250
    -122.28     0.301
    -120.99     0.401
    -119.70     0.468
    -118.42     0.468
    -117.13     0.332
    -115.84     0.537
    -114.55     0.564
    -113.26     0.671
    -111.98     0.608
    -110.69     0.664
    -109.40     0.823
    -108.11     0.974
    -106.82     1.222
    -105.53     1.453
    -104.25     1.679
    -102.96     1.932
    -101.67     2.122
    -100.38     2.471
     -99.09     2.823
     -97.80     3.229
     -96.52     3.349
     -95.23     3.843
     -93.94     4.205
     -92.65     4.927
     -91.36     5.687
     -90.08     6.558
     -88.79     7.508
     -87.50     8.450
     -86.21     9.203
     -84.92    10.260
     -83.63    11.182
     -82.35    12.572
     -81.06    14.108
     -79.77    16.031
     -78.48    17.802
     -77.19    20.565
     -75.90    24.064
     -74.62    28.186
     -73.33    32.334
     -72.04    35.599
     -70.75    40.694
     -69.46    45.596
     -68.18    47.546
     -66.89    44.726
     -65.60    38.273
     -64.31    30.782
     -63.02    23.243
     -61.73    17.649
     -60.45    15.163
     -59.16    13.994
     -57.87    15.238
     -56.58    18.092
     -55.29    23.915
     -54.00    32.072
     -52.72    41.644
     -51.43    52.849
     -50.14    62.228
     -48.85    68.228
     -47.56    71.660
     -46.28    74.900
     -44.99    76.315
     -43.70    76.296
     -42.41    73.839
     -41.12    70.995
     -39.83    66.883
     -38.55    64.215
     -37.26    60.689
     -35.97    55.081
     -34.68    47.875
     -33.39    39.903
     -32.10    33.111
     -30.82    27.550
     -29.53    23.906
     -28.24    22.741
     -26.95    21.973
     -25.66    20.462
     -24.38    18.128
     -23.09    15.027
     -21.80    12.773
     -20.51    12.479
     -19.22    13.815
     -17.93    16.317
     -16.65    20.776
     -15.36    26.279
     -14.07    33.239
     -12.78    43.218
     -11.49    54.771
     -10.20    65.779
      -8.92    74.393
      -7.63    78.841
      -6.34    79.885
      -5.05    80.206
      -3.76    79.590
      -2.48    80.933
      -1.19    83.867
       0.10    85.415
       1.39    90.462
       2.68    97.568
       3.97   105.607
       5.25   104.826
       6.54   102.886
       7.83   109.663
       9.12   112.185
      10.41   113.727
      11.70   110.340
      12.98   105.406
      14.27    90.687
      15.56    67.489
      16.85    47.599
      18.14    33.966
      19.42    25.248
      20.71    19.362
      22.00    15.490
      23.29    13.038
      24.58    11.389
      25.87    10.178
      27.15     8.876
      28.44     7.683
      29.73     6.770
      31.02     5.598
      32.31     4.413
      33.60     3.459
      34.88     2.330
      36.17     1.761
      37.46     1.308
      38.75     0.924
      40.04     0.643
      41.32     0.371
      42.61     0.266
      43.90     0.156
      45.19    -0.019
      46.48    -0.039
      47.77    -0.039
      49.05    -0.158
      50.34     0.170
      51.63    -0.069
      52.92    -0.081
      54.21    -0.062
      55.50     0.005
      56.78     0.093
      58.07    -0.112
      59.36    -0.051
      60.65    -0.095
      61.94    -0.005
      63.22     0.033
      64.51    -0.013
      65.80    -0.110
      67.09    -0.027
      68.38    -0.154
      69.67    -0.140
      70.95     0.025
      72.24     0.020
      73.53    -0.042
      74.82     0.049
      76.11     0.015
      77.40    -0.098
      78.68    -0.124
      79.97    -0.031
      81.26    -0.029
      82.55     0.049
      83.84     0.037
      85.12     0.075
      86.41     0.108
      87.70    -0.100
      88.99    -0.049
      90.28     0.137
      91.57     0.213
      92.85     0.124
      94.14     0.230
      95.43     0.068
      96.72     0.117
      98.01     0.105
      99.30    -0.040
     100.58     0.123
     101.87    -0.021
     103.16    -0.002
     104.45     0.104
     105.74    -0.019
     107.02    -0.090
     108.31    -0.171
     109.60    -0.109
     110.89     0.046
     112.18    -0.008
     113.47    -0.103
     114.75    -0.184
     116.04     0.059
     117.33     0.006
     118.62     0.123
     119.91    -0.003
     121.20     0.059
     122.48     0.041
     123.77    -0.071
     125.06    -0.043
     126.35     0.050
     127.64    -0.016
     128.92     0.190
     130.21     0.052
     131.50    -0.009
     132.79     0.046
     134.08     0.022
     135.37    -0.025
     136.65     0.031
     137.94    -0.075
     139.23     0.016
     140.52    -0.017
     141.81     0.063
     143.09     0.045
     144.38     0.066
     145.67     0.125
     146.96     0.076
     148.25    -0.007
     149.54     0.053
     150.82    -0.102
     152.11    -0.115
     153.40     0.163
     154.69    -0.135
     155.98     0.041
     157.27     0.121
     158.55    -0.055
     159.84    -0.167
     161.13    -0.033
     162.42     0.114
     163.71    -0.027
     164.99    -0.114
     166.28    -0.114
     167.57     0.042
     168.86     0.048
     170.15    -0.030
     171.44     0.149
     172.72     0.114
     174.01    -0.029
     175.30    -0.099
     176.59    -0.123
     177.88    -0.019
     179.17     0.062
     180.45     0.068
     181.74    -0.004
     183.03     0.103
     184.32     0.041
     185.61    -0.071
     186.89    -0.157
     188.18    -0.072
     189.47     0.067
     190.76     0.139
     192.05    -0.111
     193.34     0.143
     194.62    -0.103
     195.91    -0.047
     197.20    -0.104
     198.49     0.027
     199.78     0.055
     201.07     0.000
     202.35    -0.020
     203.64    -0.133
     204.93    -0.012
     206.22     0.042
     207.51    -0.039
     208.79    -0.011
     210.08    -0.042
     211.37    -0.026
     212.66     0.163
     213.95    -0.005
     215.24     0.006
     216.52    -0.101
     217.81    -0.069
     219.10    -0.112
     220.39     0.034
     221.68    -0.036
     222.97     0.030
     224.25     0.019
     225.54    -0.030
     226.83     0.071
     228.12    -0.208
     229.41    -0.102
     230.69    -0.049
     231.98    -0.070
     233.27     0.016
     234.56     0.086
     235.85     0.083
     237.14     0.074
     238.42    -0.072
     239.71     0.071
     241.00     0.054
     242.29     0.079
     243.58     0.100
     244.87     0.004
     246.15    -0.038
     247.44     0.001
     248.73     0.095
     250.02    -0.081
     251.31     0.033
     252.59    -0.135
     253.88    -0.009
     255.17     0.084
     256.46     0.016
     257.75     0.022
     259.04    -0.013
     260.32    -0.016
     261.61    -0.177
     262.90    -0.050
     264.19     0.013
     265.48    -0.025
     266.77    -0.029
     268.05    -0.053
     269.34     0.073
     270.63    -0.115
     271.92     0.001
     273.21     0.049
     274.49     0.079
     275.78     0.075
     277.07     0.075
     278.36     0.084
     279.65     0.061
     280.94    -0.024
     282.22    -0.071
     283.51    -0.014
     284.80     0.009
     286.09     0.055
     287.38    -0.047
     288.67     0.041
     289.95     0.022
     291.24    -0.116
     292.53     0.185
     293.82     0.026
     295.11    -0.040
     296.39    -0.075
     297.68    -0.067
     298.97     0.057
     300.26     0.324
     301.55     0.124
     302.84     0.041
     304.12     0.039
     305.41    -0.065
     306.70    -0.042
     307.99     0.037
     309.28    -0.058
     310.57     0.075
     311.85    -0.042
     313.14    -0.031
     314.43     0.186
     315.72    -0.005
     317.01    -0.002
     318.29    -0.005
     319.58    -0.030
     320.87     0.002
     322.16     0.112
     323.45     0.035
     324.74    -0.034
     326.02     0.140
     327.31     0.159
     328.60     0.107
     329.89    -0.047
     331.18     0.077
     332.47     0.062
     333.75    -0.097
     335.04    -0.005
     336.33    -0.030
     337.62    -0.136
     338.91     0.087
     340.19     0.137
     341.48    -0.007
     342.77    -0.255
     344.06    -0.060
     345.35     0.111
     346.64     0.063
     347.92     0.168
     349.21     0.001
     350.50    -0.072
     351.79    -0.117
     353.08     0.122
     354.37    -0.098
     355.65     0.035
     356.94    -0.006
     358.23     0.238
     359.52    -0.080
     360.81    -0.030
     362.09    -0.041
     363.38    -0.034
     364.67    -0.022
     365.96     0.069
     367.25    -0.094
     368.54     0.028
     369.82     0.038
     371.11     0.067
     372.40    -0.060
     373.69     0.148
     374.98     0.076
     376.27     0.007
     377.55    -0.112
     378.84     0.009
     380.13    -0.092
     381.42    -0.004
     382.71     0.147
     383.99    -0.046
     385.28    -0.084
     386.57    -0.044
     387.86     0.025
     389.15     0.018
     390.44    -0.149
     391.72     0.105
     393.01    -0.112
     394.30    -0.129
     395.59    -0.119
     396.88     0.077
     398.17    -0.097
     399.45    -0.046
%%GASS      0  datapoints: v_lsr [km/s] and T_B [K]
%%LAB     777  datapoints: v_lsr [km/s] and T_B [K]
    -399.84    -0.131
    -398.81     0.108
    -397.78    -0.079
    -396.75     0.019
    -395.72     0.046
    -394.69    -0.054
    -393.65    -0.029
    -392.62    -0.055
    -391.59    -0.047
    -390.56     0.115
    -389.53     0.146
    -388.50     0.033
    -387.47     0.119
    -386.44    -0.050
    -385.41     0.007
    -384.38     0.067
    -383.35     0.010
    -382.32     0.036
    -381.29    -0.004
    -380.26     0.058
    -379.23    -0.202
    -378.20     0.162
    -377.17    -0.103
    -376.14     0.117
    -375.11    -0.038
    -374.07    -0.183
    -373.04    -0.116
    -372.01    -0.091
    -370.98    -0.023
    -369.95     0.120
    -368.92    -0.078
    -367.89    -0.190
    -366.86     0.045
    -365.83    -0.091
    -364.80    -0.062
    -363.77     0.038
    -362.74     0.027
    -361.71    -0.043
    -360.68     0.022
    -359.65     0.105
    -358.62    -0.081
    -357.59    -0.109
    -356.56    -0.016
    -355.53     0.067
    -354.50     0.010
    -353.46    -0.160
    -352.43     0.038
    -351.40    -0.078
    -350.37     0.029
    -349.34    -0.033
    -348.31     0.129
    -347.28    -0.002
    -346.25     0.186
    -345.22     0.014
    -344.19    -0.009
    -343.16     0.143
    -342.13    -0.040
    -341.10    -0.102
    -340.07     0.077
    -339.04     0.172
    -338.01     0.005
    -336.98     0.127
    -335.95     0.027
    -334.92     0.007
    -333.89     0.186
    -332.85    -0.100
    -331.82     0.088
    -330.79    -0.121
    -329.76     0.012
    -328.73    -0.045
    -327.70    -0.129
    -326.67     0.057
    -325.64     0.079
    -324.61    -0.186
    -323.58    -0.005
    -322.55    -0.198
    -321.52     0.089
    -320.49     0.127
    -319.46     0.052
    -318.43    -0.097
    -317.40     0.017
    -316.37     0.010
    -315.34     0.105
    -314.31     0.012
    -313.27     0.157
    -312.24     0.067
    -311.21    -0.081
    -310.18    -0.000
    -309.15    -0.095
    -308.12     0.008
    -307.09     0.076
    -306.06     0.150
    -305.03    -0.052
    -304.00     0.105
    -302.97    -0.093
    -301.94     0.145
    -300.91     0.038
    -299.88    -0.109
    -298.85     0.203
    -297.82    -0.095
    -296.79     0.108
    -295.76    -0.107
    -294.73    -0.009
    -293.70     0.069
    -292.66     0.041
    -291.63    -0.059
    -290.60     0.120
    -289.57    -0.083
    -288.54    -0.174
    -287.51     0.008
    -286.48    -0.041
    -285.45    -0.117
    -284.42     0.103
    -283.39    -0.052
    -282.36     0.048
    -281.33     0.127
    -280.30    -0.050
    -279.27     0.029
    -278.24    -0.041
    -277.21    -0.105
    -276.18    -0.023
    -275.15    -0.028
    -274.12    -0.048
    -273.09    -0.012
    -272.05    -0.088
    -271.02    -0.040
    -269.99     0.114
    -268.96    -0.121
    -267.93     0.033
    -266.90     0.095
    -265.87     0.050
    -264.84     0.017
    -263.81     0.076
    -262.78     0.002
    -261.75    -0.178
    -260.72    -0.021
    -259.69    -0.023
    -258.66     0.062
    -257.63     0.108
    -256.60     0.024
    -255.57    -0.078
    -254.54    -0.005
    -253.51     0.184
    -252.47    -0.060
    -251.44     0.184
    -250.41    -0.041
    -249.38     0.019
    -248.35    -0.009
    -247.32    -0.035
    -246.29     0.046
    -245.26    -0.004
    -244.23     0.172
    -243.20    -0.019
    -242.17    -0.088
    -241.14     0.079
    -240.11    -0.153
    -239.08    -0.155
    -238.05    -0.041
    -237.02     0.057
    -235.99    -0.112
    -234.96     0.108
    -233.93    -0.167
    -232.90    -0.035
    -231.86    -0.116
    -230.83     0.117
    -229.80     0.095
    -228.77    -0.005
    -227.74     0.038
    -226.71    -0.054
    -225.68    -0.076
    -224.65    -0.052
    -223.62     0.184
    -222.59     0.036
    -221.56    -0.072
    -220.53     0.003
    -219.50    -0.110
    -218.47     0.219
    -217.44     0.017
    -216.41     0.083
    -215.38    -0.083
    -214.35    -0.062
    -213.32     0.019
    -212.28     0.205
    -211.25    -0.184
    -210.22    -0.122
    -209.19    -0.005
    -208.16     0.033
    -207.13     0.041
    -206.10     0.062
    -205.07    -0.067
    -204.04    -0.074
    -203.01    -0.129
    -201.98     0.026
    -200.95     0.229
    -199.92    -0.083
    -198.89     0.010
    -197.86     0.150
    -196.83    -0.005
    -195.80    -0.078
    -194.77     0.169
    -193.74    -0.116
    -192.71    -0.064
    -191.67    -0.036
    -190.64    -0.012
    -189.61    -0.086
    -188.58     0.064
    -187.55     0.031
    -186.52    -0.088
    -185.49    -0.009
    -184.46    -0.038
    -183.43    -0.043
    -182.40     0.036
    -181.37     0.060
    -180.34     0.088
    -179.31    -0.016
    -178.28    -0.029
    -177.25     0.120
    -176.22     0.115
    -175.19     0.008
    -174.16     0.039
    -173.13     0.105
    -172.10    -0.021
    -171.06     0.115
    -170.03     0.103
    -169.00     0.086
    -167.97     0.058
    -166.94     0.086
    -165.91    -0.054
    -164.88     0.165
    -163.85     0.096
    -162.82     0.038
    -161.79     0.050
    -160.76     0.088
    -159.73    -0.050
    -158.70     0.081
    -157.67     0.145
    -156.64     0.048
    -155.61     0.132
    -154.58    -0.066
    -153.55     0.079
    -152.52     0.256
    -151.48     0.098
    -150.45     0.179
    -149.42     0.026
    -148.39     0.122
    -147.36     0.256
    -146.33     0.084
    -145.30     0.379
    -144.27     0.377
    -143.24     0.260
    -142.21     0.274
    -141.18     0.374
    -140.15     0.188
    -139.12     0.344
    -138.09     0.477
    -137.06     0.377
    -136.03     0.515
    -135.00     0.356
    -133.97     0.537
    -132.94     0.675
    -131.91     0.401
    -130.87     0.630
    -129.84     0.517
    -128.81     0.575
    -127.78     0.658
    -126.75     0.473
    -125.72     0.696
    -124.69     0.603
    -123.66     0.632
    -122.63     0.549
    -121.60     0.558
    -120.57     0.331
    -119.54     0.434
    -118.51     0.396
    -117.48     0.546
    -116.45     0.482
    -115.42     0.570
    -114.39     0.451
    -113.36     0.589
    -112.33     0.604
    -111.30     0.897
    -110.26     0.763
    -109.23     0.825
    -108.20     1.001
    -107.17     1.057
    -106.14     1.004
    -105.11     1.176
    -104.08     1.323
    -103.05     1.636
    -102.02     1.648
    -100.99     1.982
     -99.96     2.079
     -98.93     2.311
     -97.90     2.373
     -96.87     2.759
     -95.84     3.143
     -94.81     3.672
     -93.78     3.739
     -92.75     4.225
     -91.72     4.745
     -90.68     5.153
     -89.65     5.987
     -88.62     6.603
     -87.59     7.519
     -86.56     8.349
     -85.53     9.185
     -84.50     9.927
     -83.47    10.781
     -82.44    11.710
     -81.41    12.591
     -80.38    13.716
     -79.35    14.770
     -78.32    16.356
     -77.29    17.798
     -76.26    20.257
     -75.23    23.256
     -74.20    26.552
     -73.17    30.414
     -72.14    34.304
     -71.11    38.309
     -70.07    42.702
     -69.04    45.442
     -68.01    46.245
     -66.98    44.197
     -65.95    40.007
     -64.92    34.382
     -63.89    27.675
     -62.86    21.819
     -61.83    17.522
     -60.80    14.849
     -59.77    13.647
     -58.74    13.646
     -57.71    14.910
     -56.68    16.914
     -55.65    20.092
     -54.62    24.296
     -53.59    29.664
     -52.56    34.962
     -51.53    41.729
     -50.49    49.435
     -49.46    56.697
     -48.43    63.115
     -47.40    68.666
     -46.37    72.866
     -45.34    76.233
     -44.31    78.612
     -43.28    79.845
     -42.25    80.105
     -41.22    78.834
     -40.19    75.878
     -39.16    72.537
     -38.13    67.565
     -37.10    62.002
     -36.07    54.794
     -35.04    47.707
     -34.01    40.987
     -32.98    35.017
     -31.95    30.112
     -30.92    26.456
     -29.88    23.929
     -28.85    22.186
     -27.82    21.229
     -26.79    20.195
     -25.76    19.016
     -24.73    17.596
     -23.70    15.712
     -22.67    13.871
     -21.64    13.101
     -20.61    12.547
     -19.58    13.530
     -18.55    14.949
     -17.52    17.602
     -16.49    20.641
     -15.46    25.223
     -14.43    31.254
     -13.40    39.082
     -12.37    48.244
     -11.34    58.239
     -10.31    66.637
      -9.27    73.011
      -8.24    77.306
      -7.21    79.247
      -6.18    80.005
      -5.15    80.027
      -4.12    79.376
      -3.09    79.848
      -2.06    82.378
      -1.03    84.908
       0.00    86.185
       1.03    86.913
       2.06    88.670
       3.09    93.565
       4.12   100.845
       5.15   105.285
       6.18   104.563
       7.21   106.962
       8.24   110.422
       9.27   111.881
      10.31   112.580
      11.34   110.519
      12.37   105.526
      13.40    97.388
      14.43    85.361
      15.46    69.745
      16.49    56.040
      17.52    45.620
      18.55    37.981
      19.58    31.039
      20.61    25.309
      21.64    20.316
      22.67    17.180
      23.70    14.178
      24.73    12.233
      25.76    10.223
      26.79     8.801
      27.82     7.335
      28.85     6.235
      29.88     4.976
      30.92     4.219
      31.95     3.429
      32.98     2.835
      34.01     2.201
      35.04     1.631
      36.07     1.181
      37.10     1.102
      38.13     0.877
      39.16     0.706
      40.19     0.503
      41.22     0.403
      42.25     0.434
      43.28     0.215
      44.31     0.084
      45.34     0.260
      46.37     0.029
      47.40     0.172
      48.43     0.081
      49.46     0.313
      50.49    -0.078
      51.53     0.239
      52.56     0.043
      53.59     0.158
      54.62     0.167
      55.65     0.064
      56.68     0.005
      57.71    -0.029
      58.74    -0.057
      59.77    -0.004
      60.80     0.010
      61.83     0.253
      62.86    -0.038
      63.89    -0.005
      64.92     0.034
      65.95     0.148
      66.98     0.138
      68.01    -0.048
      69.04     0.027
      70.07     0.239
      71.11     0.050
      72.14     0.026
      73.17     0.005
      74.20     0.029
      75.23    -0.160
      76.26     0.007
      77.29     0.027
      78.32     0.057
      79.35    -0.048
      80.38     0.115
      81.41     0.136
      82.44     0.177
      83.47    -0.019
      84.50    -0.126
      85.53    -0.088
      86.56    -0.036
      87.59    -0.103
      88.62     0.093
      89.65    -0.234
      90.68     0.050
      91.72    -0.079
      92.75    -0.103
      93.78     0.027
      94.81     0.157
      95.84     0.065
      96.87     0.331
      97.90    -0.074
      98.93    -0.007
      99.96     0.005
     100.99     0.086
     102.02     0.088
     103.05     0.050
     104.08     0.079
     105.11    -0.054
     106.14     0.122
     107.17     0.005
     108.20     0.003
     109.23     0.046
     110.26     0.215
     111.30     0.024
     112.33    -0.071
     113.36     0.110
     114.39     0.038
     115.42    -0.160
     116.45    -0.014
     117.48    -0.081
     118.51    -0.057
     119.54    -0.009
     120.57     0.105
     121.60     0.201
     122.63    -0.086
     123.66    -0.119
     124.69     0.079
     125.72    -0.017
     126.75    -0.041
     127.78    -0.131
     128.81     0.103
     129.84    -0.031
     130.87    -0.167
     131.91     0.058
     132.94    -0.088
     133.97    -0.023
     135.00    -0.265
     136.03    -0.050
     137.06    -0.076
     138.09     0.038
     139.12    -0.122
     140.15     0.110
     141.18    -0.038
     142.21    -0.190
     143.24    -0.091
     144.27    -0.086
     145.30     0.058
     146.33    -0.005
     147.36    -0.012
     148.39     0.005
     149.42     0.038
     150.45     0.114
     151.48     0.019
     152.52     0.034
     153.55    -0.047
     154.58     0.207
     155.61    -0.071
     156.64    -0.031
     157.67    -0.012
     158.70    -0.023
     159.73    -0.119
     160.76     0.008
     161.79    -0.153
     162.82     0.096
     163.85    -0.128
     164.88     0.086
     165.91    -0.066
     166.94     0.046
     167.97    -0.012
     169.00     0.212
     170.03    -0.200
     171.06    -0.186
     172.10     0.012
     173.13     0.136
     174.16     0.015
     175.19     0.046
     176.22     0.070
     177.25     0.034
     178.28    -0.029
     179.31     0.062
     180.34     0.033
     181.37    -0.007
     182.40     0.007
     183.43     0.031
     184.46    -0.052
     185.49     0.064
     186.52    -0.069
     187.55    -0.124
     188.58    -0.114
     189.61    -0.038
     190.64    -0.057
     191.67     0.086
     192.71     0.034
     193.74    -0.103
     194.77     0.167
     195.80    -0.021
     196.83     0.088
     197.86     0.048
     198.89     0.062
     199.92     0.081
     200.95    -0.014
     201.98     0.088
     203.01     0.036
     204.04     0.239
     205.07     0.207
     206.10    -0.085
     207.13    -0.029
     208.16    -0.036
     209.19    -0.009
     210.22     0.019
     211.25    -0.028
     212.28     0.010
     213.32     0.160
     214.35    -0.067
     215.38    -0.014
     216.41     0.189
     217.44    -0.019
     218.47     0.189
     219.50     0.074
     220.53    -0.121
     221.56     0.072
     222.59     0.008
     223.62    -0.088
     224.65    -0.057
     225.68    -0.088
     226.71    -0.081
     227.74    -0.155
     228.77    -0.119
     229.80    -0.085
     230.83    -0.186
     231.86    -0.288
     232.90    -0.090
     233.93     0.076
     234.96     0.069
     235.99     0.091
     237.02    -0.024
     238.05     0.046
     239.08     0.095
     240.11    -0.074
     241.14     0.122
     242.17    -0.031
     243.20    -0.026
     244.23     0.069
     245.26     0.052
     246.29     0.136
     247.32     0.048
     248.35     0.224
     249.38     0.103
     250.41    -0.133
     251.44    -0.055
     252.47    -0.005
     253.51    -0.067
     254.54    -0.093
     255.57    -0.028
     256.60    -0.076
     257.63    -0.045
     258.66    -0.045
     259.69     0.081
     260.72    -0.054
     261.75     0.194
     262.78    -0.072
     263.81     0.070
     264.84     0.039
     265.87    -0.126
     266.90    -0.031
     267.93     0.027
     268.96    -0.081
     269.99    -0.024
     271.02    -0.071
     272.05     0.010
     273.09     0.095
     274.12     0.110
     275.15    -0.019
     276.18     0.086
     277.21    -0.214
     278.24     0.002
     279.27     0.003
     280.30     0.036
     281.33    -0.038
     282.36     0.139
     283.39     0.012
     284.42     0.224
     285.45    -0.090
     286.48    -0.002
     287.51     0.169
     288.54     0.138
     289.57     0.107
     290.60     0.177
     291.63     0.083
     292.66    -0.129
     293.70    -0.038
     294.73     0.222
     295.76     0.021
     296.79     0.055
     297.82     0.034
     298.85     0.169
     299.88    -0.179
     300.91     0.127
     301.94     0.088
     302.97    -0.078
     304.00     0.050
     305.03     0.138
     306.06    -0.071
     307.09     0.088
     308.12     0.039
     309.15     0.055
     310.18    -0.212
     311.21     0.007
     312.24     0.014
     313.27    -0.016
     314.31     0.064
     315.34    -0.010
     316.37    -0.071
     317.40     0.038
     318.43    -0.031
     319.46    -0.105
     320.49     0.107
     321.52     0.112
     322.55    -0.124
     323.58    -0.186
     324.61     0.019
     325.64     0.074
     326.67    -0.033
     327.70    -0.028
     328.73    -0.140
     329.76    -0.033
     330.79    -0.023
     331.82    -0.074
     332.85     0.029
     333.89    -0.078
     334.92    -0.171
     335.95     0.027
     336.98    -0.128
     338.01     0.084
     339.04    -0.159
     340.07     0.091
     341.10    -0.041
     342.13     0.052
     343.16    -0.041
     344.19    -0.072
     345.22     0.043
     346.25    -0.093
     347.28     0.093
     348.31     0.089
     349.34    -0.010
     350.37     0.060
     351.40    -0.198
     352.43    -0.040
     353.46    -0.126
     354.50     0.026
     355.53     0.089
     356.56     0.322
     357.59     0.010
     358.62     0.012
     359.65    -0.004
     360.68    -0.052
     361.71     0.115
     362.74     0.126
     363.77    -0.069
     364.80     0.101
     365.83    -0.079
     366.86     0.022
     367.89     0.091
     368.92     0.012
     369.95    -0.036
     370.98    -0.064
     372.01    -0.045
     373.04    -0.012
     374.07    -0.038
     375.11    -0.028
     376.14    -0.059
     377.17     0.193
     378.20    -0.016
     379.23    -0.066
     380.26    -0.043
     381.29     0.093
     382.32     0.045
     383.35    -0.134
     384.38    -0.167
     385.41     0.017
     386.44    -0.116
     387.47    -0.005
     388.50     0.039
     389.53     0.039
     390.56    -0.153
     391.59    -0.010
     392.62     0.083
     393.65     0.126
     394.69    -0.136
     395.72     0.096
     396.75     0.122
     397.78     0.129
     398.81     0.148
     399.84     0.098
