%%   75.00000   0.00000    0   0.20000
% LAB  survey ------------------
% wanted position:  l, b, RA, DEC, and interpolated  NH
% 75.00 ;   0.00 ; 305.23 ;  36.61 ;  0.922E+22
% nearest position: l, b, RA, DEC, and observed NH
% 75.00 ;   0.00 ; 305.23 ;  36.61 ;  0.922E+22
% GASS III survey --------------
% NH - median within 6 arcmin radius   0.00    
% NH - mean within specified beam      0.00    
% EBHIS survey -----------------
% NH  within specified beam           0.965E+22
%%EBHIS   621  datapoints: v_lsr [km/s] and T_B [K]
    -399.25     0.042
    -397.96     0.029
    -396.68    -0.037
    -395.39    -0.038
    -394.10     0.035
    -392.81     0.007
    -391.52     0.045
    -390.23     0.065
    -388.95     0.114
    -387.66     0.161
    -386.37     0.068
    -385.08    -0.016
    -383.79     0.016
    -382.50    -0.015
    -381.22    -0.066
    -379.93     0.032
    -378.64    -0.063
    -377.35    -0.032
    -376.06    -0.068
    -374.78     0.049
    -373.49    -0.020
    -372.20    -0.008
    -370.91     0.046
    -369.62     0.047
    -368.33    -0.033
    -367.05     0.055
    -365.76     0.027
    -364.47    -0.010
    -363.18    -0.067
    -361.89     0.033
    -360.60     0.191
    -359.32    -0.013
    -358.03    -0.038
    -356.74    -0.081
    -355.45    -0.155
    -354.16    -0.032
    -352.88     0.150
    -351.59    -0.020
    -350.30    -0.059
    -349.01    -0.069
    -347.72     0.012
    -346.43     0.134
    -345.15     0.066
    -343.86     0.074
    -342.57     0.119
    -341.28    -0.039
    -339.99     0.084
    -338.70     0.045
    -337.42    -0.035
    -336.13     0.010
    -334.84     0.045
    -333.55     0.002
    -332.26     0.004
    -330.98    -0.020
    -329.69    -0.037
    -328.40    -0.024
    -327.11     0.112
    -325.82    -0.021
    -324.53    -0.042
    -323.25    -0.084
    -321.96     0.059
    -320.67    -0.071
    -319.38     0.121
    -318.09     0.011
    -316.80    -0.040
    -315.52    -0.031
    -314.23     0.027
    -312.94     0.157
    -311.65     0.071
    -310.36     0.023
    -309.08     0.177
    -307.79    -0.010
    -306.50    -0.052
    -305.21    -0.022
    -303.92     0.124
    -302.63    -0.025
    -301.35    -0.087
    -300.06     0.018
    -298.77     0.048
    -297.48     0.178
    -296.19     0.006
    -294.90    -0.019
    -293.62    -0.077
    -292.33     0.105
    -291.04     0.042
    -289.75    -0.014
    -288.46    -0.036
    -287.18    -0.047
    -285.89    -0.071
    -284.60     0.031
    -283.31    -0.104
    -282.02    -0.013
    -280.73     0.021
    -279.45     0.076
    -278.16     0.026
    -276.87    -0.117
    -275.58     0.015
    -274.29    -0.051
    -273.00     0.062
    -271.72    -0.028
    -270.43    -0.002
    -269.14    -0.108
    -267.85    -0.044
    -266.56     0.021
    -265.28     0.077
    -263.99     0.035
    -262.70    -0.005
    -261.41     0.111
    -260.12    -0.079
    -258.83     0.041
    -257.55     0.036
    -256.26    -0.047
    -254.97    -0.050
    -253.68    -0.020
    -252.39    -0.038
    -251.10     0.115
    -249.82     0.016
    -248.53    -0.041
    -247.24    -0.159
    -245.95     0.032
    -244.66     0.115
    -243.38    -0.041
    -242.09    -0.111
    -240.80     0.014
    -239.51    -0.066
    -238.22     0.089
    -236.93     0.087
    -235.65    -0.014
    -234.36     0.031
    -233.07     0.024
    -231.78    -0.008
    -230.49     0.061
    -229.20     0.030
    -227.92    -0.006
    -226.63     0.025
    -225.34    -0.030
    -224.05    -0.077
    -222.76    -0.092
    -221.48    -0.088
    -220.19     0.116
    -218.90     0.003
    -217.61    -0.058
    -216.32     0.009
    -215.03     0.167
    -213.75    -0.007
    -212.46    -0.039
    -211.17     0.026
    -209.88    -0.023
    -208.59     0.010
    -207.30    -0.008
    -206.02     0.100
    -204.73    -0.118
    -203.44     0.070
    -202.15     0.030
    -200.86    -0.101
    -199.58    -0.052
    -198.29     0.076
    -197.00     0.009
    -195.71     0.031
    -194.42    -0.018
    -193.13    -0.136
    -191.85    -0.047
    -190.56    -0.016
    -189.27    -0.134
    -187.98    -0.044
    -186.69    -0.054
    -185.40    -0.036
    -184.12     0.053
    -182.83     0.105
    -181.54     0.010
    -180.25     0.038
    -178.96     0.008
    -177.68     0.024
    -176.39     0.072
    -175.10    -0.011
    -173.81    -0.034
    -172.52    -0.019
    -171.23    -0.017
    -169.95     0.053
    -168.66    -0.072
    -167.37    -0.129
    -166.08    -0.077
    -164.79     0.051
    -163.50     0.068
    -162.22    -0.121
    -160.93    -0.121
    -159.64    -0.009
    -158.35     0.063
    -157.06    -0.082
    -155.78     0.164
    -154.49     0.064
    -153.20     0.008
    -151.91     0.095
    -150.62     0.124
    -149.33     0.104
    -148.05    -0.012
    -146.76     0.011
    -145.47     0.185
    -144.18     0.169
    -142.89     0.204
    -141.60     0.243
    -140.32     0.302
    -139.03     0.301
    -137.74     0.357
    -136.45     0.422
    -135.16     0.571
    -133.88     0.838
    -132.59     0.956
    -131.30     1.126
    -130.01     1.203
    -128.72     1.210
    -127.43     1.228
    -126.15     1.101
    -124.86     1.126
    -123.57     0.965
    -122.28     0.722
    -120.99     0.610
    -119.70     0.712
    -118.42     0.788
    -117.13     0.683
    -115.84     0.650
    -114.55     0.557
    -113.26     0.549
    -111.98     0.482
    -110.69     0.539
    -109.40     0.520
    -108.11     0.511
    -106.82     0.602
    -105.53     0.775
    -104.25     0.666
    -102.96     0.884
    -101.67     1.035
    -100.38     1.275
     -99.09     1.635
     -97.80     1.994
     -96.52     2.440
     -95.23     2.648
     -93.94     3.365
     -92.65     4.208
     -91.36     5.099
     -90.08     5.995
     -88.79     6.954
     -87.50     8.120
     -86.21     9.391
     -84.92    10.836
     -83.63    12.128
     -82.35    13.876
     -81.06    15.914
     -79.77    18.609
     -78.48    22.246
     -77.19    25.221
     -75.90    28.026
     -74.62    29.311
     -73.33    29.167
     -72.04    30.264
     -70.75    32.193
     -69.46    33.479
     -68.18    35.568
     -66.89    37.223
     -65.60    38.132
     -64.31    39.067
     -63.02    41.064
     -61.73    42.278
     -60.45    40.952
     -59.16    37.845
     -57.87    33.575
     -56.58    30.668
     -55.29    28.251
     -54.00    24.996
     -52.72    21.414
     -51.43    18.249
     -50.14    16.795
     -48.85    16.850
     -47.56    18.971
     -46.28    22.934
     -44.99    26.859
     -43.70    30.051
     -42.41    32.569
     -41.12    33.569
     -39.83    33.138
     -38.55    31.169
     -37.26    26.923
     -35.97    23.244
     -34.68    22.854
     -33.39    25.452
     -32.10    28.789
     -30.82    32.641
     -29.53    38.074
     -28.24    45.817
     -26.95    53.531
     -25.66    57.234
     -24.38    55.206
     -23.09    54.383
     -21.80    59.354
     -20.51    63.899
     -19.22    62.484
     -17.93    57.506
     -16.65    53.494
     -15.36    51.902
     -14.07    53.775
     -12.78    59.377
     -11.49    67.805
     -10.20    74.948
      -8.92    75.270
      -7.63    73.885
      -6.34    81.900
      -5.05    95.664
      -3.76   108.958
      -2.48   116.548
      -1.19   121.850
       0.10   125.357
       1.39   120.658
       2.68   116.847
       3.97   116.773
       5.25   113.864
       6.54   106.486
       7.83   102.436
       9.12    92.494
      10.41    78.203
      11.70    65.672
      12.98    54.587
      14.27    42.304
      15.56    30.563
      16.85    21.737
      18.14    15.531
      19.42    11.082
      20.71     8.294
      22.00     6.071
      23.29     4.711
      24.58     3.630
      25.87     2.788
      27.15     2.269
      28.44     1.965
      29.73     1.570
      31.02     1.054
      32.31     0.808
      33.60     0.802
      34.88     0.698
      36.17     0.490
      37.46     0.352
      38.75     0.354
      40.04     0.308
      41.32     0.182
      42.61     0.170
      43.90     0.155
      45.19     0.205
      46.48     0.084
      47.77     0.176
      49.05     0.074
      50.34     0.177
      51.63     0.167
      52.92     0.157
      54.21     0.017
      55.50     0.065
      56.78    -0.014
      58.07    -0.003
      59.36     0.098
      60.65     0.072
      61.94     0.032
      63.22    -0.072
      64.51    -0.036
      65.80     0.074
      67.09     0.091
      68.38     0.026
      69.67    -0.009
      70.95    -0.040
      72.24     0.211
      73.53     0.097
      74.82     0.015
      76.11    -0.001
      77.40    -0.059
      78.68     0.067
      79.97     0.186
      81.26    -0.047
      82.55    -0.023
      83.84     0.069
      85.12    -0.071
      86.41    -0.088
      87.70    -0.073
      88.99    -0.133
      90.28    -0.205
      91.57     0.037
      92.85     0.102
      94.14     0.078
      95.43     0.026
      96.72     0.070
      98.01    -0.111
      99.30     0.015
     100.58     0.040
     101.87     0.013
     103.16     0.017
     104.45    -0.090
     105.74     0.019
     107.02    -0.080
     108.31    -0.062
     109.60     0.026
     110.89     0.105
     112.18     0.028
     113.47    -0.064
     114.75    -0.072
     116.04     0.144
     117.33    -0.013
     118.62     0.015
     119.91     0.108
     121.20    -0.078
     122.48    -0.057
     123.77    -0.023
     125.06     0.089
     126.35     0.106
     127.64    -0.007
     128.92     0.051
     130.21     0.222
     131.50     0.030
     132.79    -0.001
     134.08    -0.083
     135.37     0.059
     136.65    -0.059
     137.94     0.112
     139.23     0.105
     140.52    -0.029
     141.81     0.146
     143.09     0.130
     144.38     0.054
     145.67    -0.090
     146.96     0.028
     148.25     0.038
     149.54     0.193
     150.82     0.093
     152.11     0.040
     153.40     0.063
     154.69     0.085
     155.98     0.062
     157.27     0.086
     158.55     0.016
     159.84    -0.051
     161.13    -0.037
     162.42     0.039
     163.71     0.075
     164.99    -0.009
     166.28     0.088
     167.57     0.012
     168.86     0.021
     170.15    -0.079
     171.44    -0.108
     172.72    -0.045
     174.01     0.057
     175.30    -0.006
     176.59     0.028
     177.88    -0.028
     179.17    -0.115
     180.45    -0.090
     181.74    -0.078
     183.03    -0.006
     184.32    -0.048
     185.61    -0.074
     186.89    -0.043
     188.18    -0.047
     189.47    -0.022
     190.76    -0.051
     192.05    -0.043
     193.34    -0.073
     194.62     0.004
     195.91    -0.005
     197.20    -0.019
     198.49    -0.072
     199.78    -0.034
     201.07     0.047
     202.35     0.094
     203.64    -0.054
     204.93     0.020
     206.22     0.004
     207.51    -0.058
     208.79    -0.031
     210.08     0.015
     211.37     0.158
     212.66     0.056
     213.95     0.141
     215.24    -0.074
     216.52     0.021
     217.81    -0.074
     219.10    -0.119
     220.39    -0.004
     221.68     0.048
     222.97     0.060
     224.25     0.065
     225.54    -0.042
     226.83    -0.057
     228.12    -0.056
     229.41     0.050
     230.69    -0.048
     231.98     0.014
     233.27     0.134
     234.56     0.027
     235.85     0.126
     237.14     0.061
     238.42     0.076
     239.71    -0.031
     241.00     0.028
     242.29    -0.082
     243.58     0.142
     244.87     0.012
     246.15    -0.050
     247.44     0.038
     248.73     0.017
     250.02    -0.017
     251.31    -0.057
     252.59    -0.016
     253.88    -0.046
     255.17    -0.036
     256.46     0.022
     257.75     0.056
     259.04    -0.004
     260.32     0.018
     261.61    -0.117
     262.90    -0.020
     264.19     0.093
     265.48     0.047
     266.77     0.007
     268.05     0.036
     269.34     0.056
     270.63    -0.088
     271.92     0.014
     273.21     0.137
     274.49    -0.008
     275.78     0.047
     277.07     0.005
     278.36    -0.009
     279.65    -0.163
     280.94    -0.082
     282.22     0.058
     283.51     0.091
     284.80     0.090
     286.09     0.055
     287.38     0.014
     288.67    -0.129
     289.95     0.095
     291.24     0.082
     292.53    -0.003
     293.82    -0.116
     295.11    -0.014
     296.39    -0.033
     297.68    -0.008
     298.97    -0.145
     300.26    -0.081
     301.55    -0.005
     302.84    -0.063
     304.12    -0.076
     305.41     0.104
     306.70    -0.009
     307.99    -0.005
     309.28     0.046
     310.57    -0.004
     311.85    -0.128
     313.14    -0.000
     314.43     0.037
     315.72     0.046
     317.01     0.022
     318.29     0.088
     319.58     0.121
     320.87    -0.085
     322.16    -0.042
     323.45     0.005
     324.74     0.109
     326.02    -0.109
     327.31    -0.081
     328.60    -0.005
     329.89     0.029
     331.18     0.021
     332.47    -0.009
     333.75    -0.134
     335.04     0.061
     336.33     0.057
     337.62    -0.006
     338.91    -0.073
     340.19     0.059
     341.48    -0.004
     342.77     0.060
     344.06    -0.015
     345.35     0.037
     346.64     0.083
     347.92    -0.006
     349.21    -0.049
     350.50     0.001
     351.79     0.098
     353.08    -0.033
     354.37     0.032
     355.65    -0.070
     356.94    -0.027
     358.23     0.070
     359.52     0.041
     360.81    -0.028
     362.09     0.123
     363.38    -0.074
     364.67     0.071
     365.96     0.144
     367.25    -0.056
     368.54    -0.129
     369.82    -0.006
     371.11    -0.073
     372.40     0.001
     373.69     0.035
     374.98    -0.075
     376.27     0.015
     377.55     0.004
     378.84    -0.025
     380.13    -0.025
     381.42    -0.196
     382.71     0.086
     383.99     0.195
     385.28     0.095
     386.57    -0.106
     387.86    -0.038
     389.15    -0.039
     390.44    -0.102
     391.72    -0.152
     393.01    -0.029
     394.30     0.046
     395.59     0.038
     396.88     0.096
     398.17     0.125
     399.45    -0.039
%%GASS      0  datapoints: v_lsr [km/s] and T_B [K]
%%LAB     777  datapoints: v_lsr [km/s] and T_B [K]
    -399.82    -0.078
    -398.79    -0.117
    -397.76    -0.080
    -396.73    -0.002
    -395.70     0.051
    -394.67     0.206
    -393.64     0.172
    -392.61     0.190
    -391.58     0.015
    -390.55     0.179
    -389.52    -0.034
    -388.49    -0.098
    -387.46    -0.096
    -386.43    -0.115
    -385.40    -0.096
    -384.36     0.028
    -383.33    -0.051
    -382.30     0.146
    -381.27     0.051
    -380.24     0.101
    -379.21    -0.003
    -378.18     0.031
    -377.15     0.121
    -376.12     0.044
    -375.09     0.049
    -374.06    -0.078
    -373.03     0.168
    -372.00    -0.180
    -370.97    -0.104
    -369.94    -0.009
    -368.91     0.031
    -367.88    -0.122
    -366.85     0.099
    -365.82    -0.036
    -364.79     0.168
    -363.76    -0.078
    -362.73    -0.086
    -361.69    -0.055
    -360.66    -0.084
    -359.63    -0.095
    -358.60     0.020
    -357.57     0.168
    -356.54     0.124
    -355.51     0.048
    -354.48     0.088
    -353.45     0.020
    -352.42     0.101
    -351.39    -0.144
    -350.36     0.101
    -349.33     0.017
    -348.30     0.033
    -347.27    -0.042
    -346.24    -0.034
    -345.21    -0.102
    -344.18    -0.087
    -343.15     0.155
    -342.12     0.059
    -341.09    -0.199
    -340.05     0.004
    -339.02    -0.107
    -337.99     0.070
    -336.96    -0.157
    -335.93    -0.003
    -334.90    -0.211
    -333.87     0.059
    -332.84    -0.075
    -331.81     0.175
    -330.78     0.000
    -329.75     0.102
    -328.72    -0.018
    -327.69     0.059
    -326.66     0.059
    -325.63    -0.011
    -324.60     0.040
    -323.57     0.059
    -322.54     0.026
    -321.51    -0.058
    -320.48    -0.049
    -319.45    -0.162
    -318.41     0.040
    -317.38     0.106
    -316.35     0.130
    -315.32    -0.031
    -314.29     0.099
    -313.26     0.079
    -312.23     0.020
    -311.20     0.115
    -310.17     0.071
    -309.14     0.007
    -308.11    -0.020
    -307.08    -0.031
    -306.05    -0.002
    -305.02     0.040
    -303.99     0.071
    -302.96     0.011
    -301.93     0.002
    -300.90    -0.148
    -299.87    -0.031
    -298.84    -0.069
    -297.81    -0.204
    -296.78     0.117
    -295.74     0.011
    -294.71    -0.011
    -293.68    -0.069
    -292.65    -0.142
    -291.62    -0.053
    -290.59    -0.044
    -289.56    -0.049
    -288.53    -0.018
    -287.50    -0.029
    -286.47     0.157
    -285.44     0.033
    -284.41    -0.033
    -283.38     0.179
    -282.35     0.029
    -281.32    -0.067
    -280.29     0.097
    -279.26     0.130
    -278.23    -0.044
    -277.20    -0.098
    -276.17     0.042
    -275.14    -0.067
    -274.10    -0.025
    -273.07    -0.067
    -272.04    -0.042
    -271.01     0.042
    -269.98    -0.180
    -268.95     0.088
    -267.92     0.179
    -266.89     0.002
    -265.86     0.090
    -264.83     0.163
    -263.80     0.029
    -262.77     0.142
    -261.74     0.079
    -260.71    -0.049
    -259.68    -0.034
    -258.65    -0.014
    -257.62    -0.044
    -256.59     0.086
    -255.56     0.015
    -254.53     0.013
    -253.50     0.048
    -252.46     0.082
    -251.43     0.119
    -250.40    -0.060
    -249.37     0.077
    -248.34    -0.027
    -247.31     0.122
    -246.28    -0.014
    -245.25    -0.018
    -244.22    -0.148
    -243.19    -0.095
    -242.16    -0.045
    -241.13     0.101
    -240.10     0.048
    -239.07    -0.080
    -238.04     0.073
    -237.01     0.000
    -235.98    -0.078
    -234.95    -0.106
    -233.92     0.055
    -232.89    -0.033
    -231.86    -0.056
    -230.83     0.110
    -229.79     0.015
    -228.76    -0.217
    -227.73    -0.034
    -226.70    -0.129
    -225.67    -0.071
    -224.64     0.046
    -223.61    -0.062
    -222.58     0.051
    -221.55    -0.027
    -220.52    -0.106
    -219.49    -0.087
    -218.46     0.068
    -217.43     0.093
    -216.40    -0.058
    -215.37     0.090
    -214.34     0.002
    -213.31     0.097
    -212.28     0.080
    -211.25     0.017
    -210.22    -0.020
    -209.19     0.106
    -208.15     0.075
    -207.12     0.006
    -206.09     0.037
    -205.06    -0.065
    -204.03    -0.031
    -203.00     0.084
    -201.97     0.184
    -200.94    -0.053
    -199.91     0.093
    -198.88     0.070
    -197.85     0.135
    -196.82    -0.084
    -195.79    -0.031
    -194.76    -0.031
    -193.73    -0.062
    -192.70    -0.064
    -191.67     0.070
    -190.64     0.020
    -189.61     0.068
    -188.58     0.126
    -187.55    -0.120
    -186.51    -0.086
    -185.48     0.031
    -184.45    -0.003
    -183.42    -0.018
    -182.39     0.028
    -181.36     0.031
    -180.33    -0.022
    -179.30     0.029
    -178.27     0.172
    -177.24    -0.148
    -176.21     0.079
    -175.18    -0.109
    -174.15    -0.042
    -173.12     0.115
    -172.09    -0.065
    -171.06    -0.064
    -170.03    -0.022
    -169.00     0.009
    -167.97     0.117
    -166.94     0.086
    -165.91     0.108
    -164.88     0.031
    -163.84     0.015
    -162.81    -0.007
    -161.78    -0.031
    -160.75    -0.044
    -159.72     0.113
    -158.69     0.070
    -157.66     0.011
    -156.63     0.022
    -155.60    -0.029
    -154.57     0.051
    -153.54     0.024
    -152.51     0.146
    -151.48     0.013
    -150.45     0.122
    -149.42     0.068
    -148.39     0.070
    -147.36     0.168
    -146.33     0.082
    -145.30     0.179
    -144.27     0.241
    -143.24     0.183
    -142.20     0.473
    -141.17     0.316
    -140.14     0.493
    -139.11     0.354
    -138.08     0.662
    -137.05     0.659
    -136.02     0.961
    -134.99     1.177
    -133.96     1.321
    -132.93     1.580
    -131.90     1.914
    -130.87     1.952
    -129.84     2.074
    -128.81     2.050
    -127.78     1.972
    -126.75     1.950
    -125.72     1.735
    -124.69     1.277
    -123.66     1.058
    -122.63     0.772
    -121.60     0.797
    -120.56     0.715
    -119.53     0.639
    -118.50     0.611
    -117.47     0.414
    -116.44     0.467
    -115.41     0.456
    -114.38     0.496
    -113.35     0.463
    -112.32     0.591
    -111.29     0.533
    -110.26     0.307
    -109.23     0.580
    -108.20     0.544
    -107.17     0.666
    -106.14     0.571
    -105.11     0.823
    -104.08     0.763
    -103.05     0.907
    -102.02     0.876
    -100.99     1.197
     -99.96     1.251
     -98.93     1.638
     -97.89     1.764
     -96.86     2.402
     -95.83     2.676
     -94.80     3.373
     -93.77     3.973
     -92.74     4.480
     -91.71     5.468
     -90.68     6.601
     -89.65     7.502
     -88.62     8.733
     -87.59     9.729
     -86.56    11.418
     -85.53    12.784
     -84.50    14.098
     -83.47    15.796
     -82.44    17.618
     -81.41    19.427
     -80.38    22.085
     -79.35    24.443
     -78.32    27.249
     -77.29    30.291
     -76.25    32.733
     -75.22    33.880
     -74.19    34.342
     -73.16    33.753
     -72.13    33.547
     -71.10    32.314
     -70.07    31.799
     -69.04    31.020
     -68.01    29.946
     -66.98    29.592
     -65.95    29.339
     -64.92    29.426
     -63.89    30.439
     -62.86    31.808
     -61.83    32.854
     -60.80    33.652
     -59.77    33.428
     -58.74    32.128
     -57.71    30.444
     -56.68    28.461
     -55.65    26.471
     -54.61    24.071
     -53.58    21.890
     -52.55    19.095
     -51.52    17.040
     -50.49    15.533
     -49.46    14.979
     -48.43    15.090
     -47.40    16.409
     -46.37    18.701
     -45.34    21.031
     -44.31    22.977
     -43.28    23.940
     -42.25    24.660
     -41.22    25.344
     -40.19    24.941
     -39.16    23.861
     -38.13    21.654
     -37.10    19.608
     -36.07    17.698
     -35.04    17.959
     -34.01    19.608
     -32.98    22.577
     -31.94    27.141
     -30.91    31.752
     -29.88    37.339
     -28.85    43.093
     -27.82    48.525
     -26.79    52.689
     -25.76    54.334
     -24.73    53.293
     -23.70    51.527
     -22.67    50.750
     -21.64    53.008
     -20.61    56.202
     -19.58    58.398
     -18.55    58.121
     -17.52    56.082
     -16.49    52.934
     -15.46    50.013
     -14.43    48.219
     -13.40    48.669
     -12.37    52.633
     -11.34    58.588
     -10.30    65.776
      -9.27    70.743
      -8.24    73.265
      -7.21    77.114
      -6.18    84.162
      -5.15    93.420
      -4.12   101.896
      -3.09   108.191
      -2.06   112.413
      -1.03   115.397
       0.00   117.789
       1.03   119.255
       2.06   117.601
       3.09   114.910
       4.12   113.249
       5.15   112.751
       6.18   109.490
       7.21   107.552
       8.24   103.784
       9.27    93.528
      10.30    80.510
      11.34    67.868
      12.37    58.333
      13.40    48.905
      14.43    39.383
      15.46    30.789
      16.49    23.969
      17.52    18.273
      18.55    13.965
      19.58    10.909
      20.61     8.525
      21.64     6.862
      22.67     5.631
      23.70     4.476
      24.73     3.754
      25.76     2.826
      26.79     2.689
      27.82     2.112
      28.85     1.748
      29.88     1.551
      30.91     1.180
      31.94     1.124
      32.98     1.115
      34.01     0.712
      35.04     0.795
      36.07     0.660
      37.10     0.578
      38.13     0.425
      39.16     0.602
      40.19     0.535
      41.22     0.474
      42.25     0.396
      43.28     0.374
      44.31     0.168
      45.34     0.254
      46.37     0.117
      47.40     0.121
      48.43     0.126
      49.46     0.073
      50.49     0.080
      51.52     0.166
      52.55     0.048
      53.58     0.088
      54.61     0.022
      55.65    -0.040
      56.68     0.048
      57.71     0.137
      58.74     0.026
      59.77     0.064
      60.80     0.017
      61.83     0.042
      62.86     0.106
      63.89     0.181
      64.92     0.060
      65.95     0.225
      66.98    -0.055
      68.01     0.057
      69.04    -0.045
      70.07     0.022
      71.10     0.113
      72.13    -0.025
      73.16    -0.036
      74.19     0.002
      75.22     0.026
      76.25     0.022
      77.29     0.099
      78.32     0.093
      79.35     0.013
      80.38    -0.029
      81.41    -0.086
      82.44    -0.080
      83.47     0.013
      84.50     0.070
      85.53    -0.024
      86.56    -0.005
      87.59    -0.029
      88.62     0.073
      89.65    -0.169
      90.68    -0.058
      91.71     0.062
      92.74    -0.093
      93.77    -0.034
      94.80     0.053
      95.83    -0.045
      96.86     0.155
      97.89     0.033
      98.93     0.018
      99.96    -0.047
     100.99    -0.034
     102.02    -0.049
     103.05     0.093
     104.08    -0.049
     105.11     0.077
     106.14    -0.022
     107.17     0.070
     108.20    -0.053
     109.23     0.082
     110.26     0.020
     111.29    -0.036
     112.32    -0.166
     113.35     0.044
     114.38     0.009
     115.41     0.119
     116.44     0.022
     117.47     0.137
     118.50    -0.118
     119.53     0.004
     120.56     0.000
     121.60     0.070
     122.63     0.097
     123.66    -0.120
     124.69     0.024
     125.72    -0.033
     126.75    -0.095
     127.78     0.101
     128.81    -0.086
     129.84    -0.029
     130.87     0.203
     131.90     0.007
     132.93    -0.075
     133.96    -0.036
     134.99     0.017
     136.02    -0.027
     137.05    -0.016
     138.08     0.011
     139.11    -0.033
     140.14     0.256
     141.17    -0.199
     142.20    -0.086
     143.24    -0.053
     144.27    -0.018
     145.30    -0.031
     146.33     0.064
     147.36    -0.084
     148.39    -0.034
     149.42    -0.007
     150.45    -0.053
     151.48    -0.096
     152.51    -0.100
     153.54     0.095
     154.57    -0.002
     155.60     0.048
     156.63    -0.018
     157.66    -0.106
     158.69     0.015
     159.72    -0.095
     160.75     0.128
     161.78    -0.109
     162.81     0.075
     163.84     0.060
     164.88    -0.062
     165.91     0.084
     166.94     0.079
     167.97    -0.069
     169.00     0.161
     170.03    -0.033
     171.06     0.018
     172.09     0.075
     173.12     0.031
     174.15     0.037
     175.18     0.234
     176.21    -0.084
     177.24    -0.109
     178.27     0.088
     179.30     0.137
     180.33     0.146
     181.36     0.015
     182.39    -0.095
     183.42     0.024
     184.45    -0.138
     185.48     0.088
     186.51     0.006
     187.55     0.068
     188.58     0.031
     189.61    -0.036
     190.64    -0.016
     191.67    -0.053
     192.70     0.048
     193.73     0.002
     194.76    -0.151
     195.79    -0.064
     196.82    -0.003
     197.85     0.015
     198.88     0.018
     199.91     0.075
     200.94     0.101
     201.97     0.077
     203.00     0.051
     204.03     0.070
     205.06     0.055
     206.09    -0.064
     207.12    -0.086
     208.15     0.159
     209.19     0.122
     210.22     0.088
     211.25    -0.137
     212.28     0.006
     213.31     0.007
     214.34     0.064
     215.37     0.051
     216.40     0.091
     217.43    -0.009
     218.46    -0.107
     219.49     0.133
     220.52     0.099
     221.55    -0.244
     222.58     0.048
     223.61     0.091
     224.64     0.115
     225.67    -0.016
     226.70    -0.078
     227.73    -0.076
     228.76     0.062
     229.79     0.011
     230.83    -0.016
     231.86     0.075
     232.89    -0.053
     233.92    -0.117
     234.95    -0.025
     235.98    -0.018
     237.01    -0.053
     238.04    -0.277
     239.07    -0.137
     240.10     0.004
     241.13     0.024
     242.16     0.046
     243.19     0.068
     244.22     0.006
     245.25     0.011
     246.28     0.031
     247.31     0.194
     248.34     0.011
     249.37    -0.069
     250.40    -0.042
     251.43    -0.031
     252.46     0.015
     253.50     0.075
     254.53    -0.009
     255.56     0.035
     256.59    -0.113
     257.62    -0.036
     258.65    -0.080
     259.68     0.084
     260.71    -0.058
     261.74     0.157
     262.77    -0.020
     263.80     0.055
     264.83    -0.033
     265.86     0.108
     266.89     0.006
     267.92     0.033
     268.95    -0.040
     269.98     0.002
     271.01     0.073
     272.04    -0.076
     273.07    -0.078
     274.10    -0.131
     275.14     0.122
     276.17     0.102
     277.20     0.017
     278.23    -0.040
     279.26     0.093
     280.29     0.117
     281.32     0.002
     282.35    -0.073
     283.38    -0.107
     284.41    -0.027
     285.44     0.015
     286.47     0.017
     287.50     0.037
     288.53    -0.055
     289.56     0.040
     290.59     0.117
     291.62    -0.076
     292.65    -0.124
     293.68    -0.149
     294.71    -0.036
     295.74    -0.100
     296.78     0.183
     297.81     0.039
     298.84     0.051
     299.87     0.133
     300.90     0.028
     301.93    -0.009
     302.96    -0.040
     303.99     0.122
     305.02     0.049
     306.05    -0.058
     307.08    -0.034
     308.11    -0.060
     309.14    -0.080
     310.17    -0.118
     311.20    -0.044
     312.23    -0.047
     313.26     0.037
     314.29    -0.100
     315.32    -0.169
     316.35    -0.193
     317.38     0.059
     318.41     0.017
     319.45     0.055
     320.48    -0.149
     321.51    -0.117
     322.54     0.183
     323.57    -0.025
     324.60    -0.199
     325.63     0.009
     326.66    -0.115
     327.69     0.046
     328.72     0.093
     329.75    -0.022
     330.78     0.046
     331.81    -0.065
     332.84     0.062
     333.87     0.073
     334.90    -0.036
     335.93    -0.080
     336.96    -0.038
     337.99    -0.005
     339.02    -0.051
     340.05     0.060
     341.09    -0.144
     342.12    -0.089
     343.15     0.055
     344.18     0.035
     345.21    -0.025
     346.24     0.046
     347.27     0.221
     348.30     0.121
     349.33     0.002
     350.36    -0.020
     351.39     0.101
     352.42     0.040
     353.45     0.104
     354.48     0.161
     355.51    -0.115
     356.54     0.029
     357.57    -0.127
     358.60     0.049
     359.63     0.007
     360.66     0.022
     361.69    -0.016
     362.73    -0.115
     363.76     0.048
     364.79    -0.091
     365.82     0.237
     366.85     0.044
     367.88    -0.091
     368.91    -0.027
     369.94    -0.080
     370.97     0.033
     372.00    -0.075
     373.03     0.132
     374.06     0.059
     375.09    -0.064
     376.12     0.011
     377.15     0.066
     378.18    -0.140
     379.21     0.073
     380.24     0.106
     381.27     0.163
     382.30    -0.003
     383.33     0.221
     384.36     0.068
     385.40     0.064
     386.43    -0.093
     387.46    -0.053
     388.49    -0.069
     389.52    -0.115
     390.55     0.172
     391.58    -0.025
     392.61    -0.042
     393.64     0.152
     394.67     0.013
     395.70    -0.038
     396.73    -0.069
     397.76     0.071
     398.79    -0.031
     399.82     0.157
