%%   75.00000   7.50000    0   0.20000
% LAB  survey ------------------
% wanted position:  l, b, RA, DEC, and interpolated  NH
% 75.00 ;   7.50 ; 297.10 ;  40.60 ;  0.302E+22
% nearest position: l, b, RA, DEC, and observed NH
% 75.00 ;   7.50 ; 297.10 ;  40.60 ;  0.302E+22
% GASS III survey --------------
% NH - median within 6 arcmin radius   0.00    
% NH - mean within specified beam      0.00    
% EBHIS survey -----------------
% NH  within specified beam           0.291E+22
%%EBHIS   621  datapoints: v_lsr [km/s] and T_B [K]
    -399.25     0.162
    -397.96     0.046
    -396.68     0.001
    -395.39    -0.043
    -394.10     0.015
    -392.81     0.037
    -391.52     0.003
    -390.23     0.048
    -388.95    -0.037
    -387.66    -0.153
    -386.37     0.027
    -385.08    -0.023
    -383.79    -0.056
    -382.50    -0.130
    -381.22     0.010
    -379.93     0.137
    -378.64    -0.044
    -377.35     0.001
    -376.06    -0.051
    -374.78     0.010
    -373.49    -0.081
    -372.20    -0.028
    -370.91     0.127
    -369.62    -0.020
    -368.33    -0.049
    -367.05    -0.004
    -365.76     0.010
    -364.47    -0.082
    -363.18     0.126
    -361.89     0.106
    -360.60    -0.077
    -359.32    -0.005
    -358.03    -0.028
    -356.74    -0.007
    -355.45     0.009
    -354.16    -0.083
    -352.88     0.015
    -351.59     0.093
    -350.30    -0.054
    -349.01     0.028
    -347.72     0.041
    -346.43     0.060
    -345.15    -0.035
    -343.86     0.013
    -342.57     0.028
    -341.28     0.033
    -339.99    -0.070
    -338.70    -0.007
    -337.42    -0.033
    -336.13    -0.039
    -334.84     0.046
    -333.55     0.004
    -332.26     0.043
    -330.98     0.038
    -329.69     0.032
    -328.40     0.032
    -327.11    -0.027
    -325.82    -0.052
    -324.53     0.091
    -323.25     0.174
    -321.96     0.092
    -320.67     0.067
    -319.38    -0.014
    -318.09     0.103
    -316.80     0.035
    -315.52    -0.081
    -314.23    -0.007
    -312.94     0.014
    -311.65     0.018
    -310.36     0.071
    -309.08     0.218
    -307.79     0.019
    -306.50     0.023
    -305.21     0.080
    -303.92     0.100
    -302.63     0.083
    -301.35     0.014
    -300.06     0.114
    -298.77    -0.015
    -297.48    -0.055
    -296.19     0.085
    -294.90     0.059
    -293.62    -0.160
    -292.33    -0.022
    -291.04    -0.033
    -289.75    -0.125
    -288.46     0.053
    -287.18     0.120
    -285.89     0.012
    -284.60     0.070
    -283.31    -0.031
    -282.02     0.082
    -280.73     0.011
    -279.45    -0.019
    -278.16    -0.097
    -276.87     0.035
    -275.58     0.095
    -274.29     0.172
    -273.00    -0.015
    -271.72     0.024
    -270.43    -0.097
    -269.14    -0.079
    -267.85     0.102
    -266.56    -0.014
    -265.28    -0.164
    -263.99    -0.177
    -262.70    -0.119
    -261.41    -0.003
    -260.12     0.030
    -258.83     0.096
    -257.55     0.064
    -256.26    -0.013
    -254.97    -0.101
    -253.68    -0.067
    -252.39     0.010
    -251.10     0.008
    -249.82    -0.135
    -248.53     0.112
    -247.24     0.058
    -245.95     0.030
    -244.66    -0.029
    -243.38     0.003
    -242.09     0.001
    -240.80     0.005
    -239.51     0.034
    -238.22    -0.013
    -236.93     0.051
    -235.65    -0.031
    -234.36    -0.061
    -233.07    -0.027
    -231.78    -0.050
    -230.49     0.019
    -229.20    -0.035
    -227.92    -0.170
    -226.63    -0.079
    -225.34     0.028
    -224.05     0.038
    -222.76    -0.024
    -221.48    -0.107
    -220.19    -0.060
    -218.90    -0.073
    -217.61    -0.038
    -216.32    -0.007
    -215.03     0.078
    -213.75     0.006
    -212.46    -0.039
    -211.17    -0.174
    -209.88    -0.027
    -208.59    -0.032
    -207.30    -0.064
    -206.02    -0.021
    -204.73     0.010
    -203.44     0.132
    -202.15    -0.007
    -200.86    -0.046
    -199.58    -0.051
    -198.29    -0.174
    -197.00     0.008
    -195.71    -0.114
    -194.42    -0.118
    -193.13    -0.060
    -191.85     0.119
    -190.56     0.024
    -189.27    -0.065
    -187.98    -0.011
    -186.69     0.001
    -185.40    -0.020
    -184.12     0.091
    -182.83     0.189
    -181.54     0.129
    -180.25     0.014
    -178.96     0.019
    -177.68    -0.080
    -176.39    -0.026
    -175.10     0.005
    -173.81     0.009
    -172.52    -0.021
    -171.23     0.016
    -169.95    -0.041
    -168.66     0.060
    -167.37     0.130
    -166.08     0.148
    -164.79     0.136
    -163.50     0.106
    -162.22     0.030
    -160.93    -0.079
    -159.64     0.099
    -158.35     0.060
    -157.06     0.115
    -155.78    -0.058
    -154.49    -0.045
    -153.20    -0.058
    -151.91     0.128
    -150.62    -0.052
    -149.33    -0.105
    -148.05     0.100
    -146.76     0.021
    -145.47    -0.132
    -144.18    -0.015
    -142.89     0.153
    -141.60    -0.021
    -140.32     0.126
    -139.03    -0.088
    -137.74     0.160
    -136.45    -0.063
    -135.16    -0.105
    -133.88     0.095
    -132.59     0.018
    -131.30     0.003
    -130.01     0.072
    -128.72     0.236
    -127.43     0.271
    -126.15     0.429
    -124.86     0.493
    -123.57     0.538
    -122.28     0.625
    -120.99     0.891
    -119.70     1.051
    -118.42     1.586
    -117.13     2.535
    -115.84     4.906
    -114.55     9.061
    -113.26    12.353
    -111.98    13.807
    -110.69    12.964
    -109.40     9.820
    -108.11     7.013
    -106.82     5.537
    -105.53     5.167
    -104.25     4.662
    -102.96     4.373
    -101.67     4.415
    -100.38     4.148
     -99.09     4.274
     -97.80     4.258
     -96.52     4.814
     -95.23     5.201
     -93.94     5.453
     -92.65     5.639
     -91.36     5.642
     -90.08     5.691
     -88.79     5.594
     -87.50     5.436
     -86.21     5.017
     -84.92     4.240
     -83.63     3.803
     -82.35     3.239
     -81.06     2.783
     -79.77     2.582
     -78.48     2.180
     -77.19     2.094
     -75.90     1.917
     -74.62     2.133
     -73.33     1.991
     -72.04     1.756
     -70.75     1.595
     -69.46     1.663
     -68.18     1.697
     -66.89     1.648
     -65.60     1.631
     -64.31     1.457
     -63.02     1.562
     -61.73     1.651
     -60.45     1.542
     -59.16     1.532
     -57.87     1.365
     -56.58     1.403
     -55.29     1.437
     -54.00     1.312
     -52.72     1.284
     -51.43     1.292
     -50.14     1.176
     -48.85     1.072
     -47.56     1.078
     -46.28     1.032
     -44.99     1.202
     -43.70     1.208
     -42.41     1.110
     -41.12     1.220
     -39.83     1.316
     -38.55     1.493
     -37.26     1.448
     -35.97     1.556
     -34.68     1.525
     -33.39     1.846
     -32.10     1.883
     -30.82     2.015
     -29.53     2.124
     -28.24     2.380
     -26.95     2.619
     -25.66     2.890
     -24.38     3.257
     -23.09     3.751
     -21.80     4.182
     -20.51     5.225
     -19.22     6.232
     -17.93     7.739
     -16.65     9.592
     -15.36    11.953
     -14.07    14.395
     -12.78    16.720
     -11.49    19.513
     -10.20    22.782
      -8.92    26.494
      -7.63    30.227
      -6.34    35.263
      -5.05    39.981
      -3.76    42.491
      -2.48    44.402
      -1.19    46.441
       0.10    49.078
       1.39    54.061
       2.68    59.899
       3.97    61.674
       5.25    59.244
       6.54    55.168
       7.83    49.004
       9.12    41.083
      10.41    32.873
      11.70    25.150
      12.98    19.342
      14.27    15.532
      15.56    13.059
      16.85    11.884
      18.14    11.484
      19.42     9.667
      20.71     7.311
      22.00     5.591
      23.29     4.406
      24.58     3.536
      25.87     2.661
      27.15     2.103
      28.44     1.603
      29.73     1.190
      31.02     0.985
      32.31     0.742
      33.60     0.531
      34.88     0.448
      36.17     0.245
      37.46     0.200
      38.75     0.169
      40.04     0.031
      41.32     0.007
      42.61     0.005
      43.90     0.044
      45.19     0.038
      46.48    -0.026
      47.77    -0.062
      49.05    -0.121
      50.34    -0.174
      51.63    -0.051
      52.92    -0.020
      54.21    -0.113
      55.50    -0.025
      56.78    -0.188
      58.07     0.012
      59.36    -0.005
      60.65    -0.013
      61.94     0.092
      63.22     0.064
      64.51    -0.014
      65.80    -0.022
      67.09     0.149
      68.38    -0.059
      69.67    -0.032
      70.95    -0.082
      72.24     0.025
      73.53    -0.127
      74.82    -0.062
      76.11     0.100
      77.40    -0.029
      78.68     0.010
      79.97     0.133
      81.26     0.064
      82.55     0.049
      83.84    -0.141
      85.12    -0.199
      86.41     0.055
      87.70     0.033
      88.99    -0.098
      90.28     0.040
      91.57     0.100
      92.85     0.156
      94.14     0.074
      95.43     0.126
      96.72     0.033
      98.01    -0.063
      99.30    -0.140
     100.58    -0.032
     101.87    -0.033
     103.16    -0.115
     104.45    -0.127
     105.74     0.095
     107.02    -0.119
     108.31    -0.090
     109.60    -0.228
     110.89    -0.002
     112.18    -0.065
     113.47     0.135
     114.75    -0.016
     116.04    -0.043
     117.33    -0.069
     118.62    -0.226
     119.91    -0.095
     121.20    -0.070
     122.48    -0.026
     123.77    -0.027
     125.06    -0.096
     126.35    -0.111
     127.64     0.009
     128.92     0.030
     130.21     0.001
     131.50    -0.071
     132.79    -0.004
     134.08    -0.026
     135.37    -0.038
     136.65     0.096
     137.94    -0.048
     139.23     0.033
     140.52     0.092
     141.81     0.045
     143.09    -0.077
     144.38    -0.020
     145.67    -0.119
     146.96    -0.009
     148.25    -0.061
     149.54    -0.009
     150.82    -0.032
     152.11     0.064
     153.40    -0.058
     154.69    -0.038
     155.98    -0.048
     157.27     0.006
     158.55    -0.071
     159.84    -0.005
     161.13    -0.123
     162.42     0.107
     163.71     0.052
     164.99    -0.007
     166.28    -0.114
     167.57    -0.006
     168.86    -0.050
     170.15     0.072
     171.44     0.127
     172.72     0.043
     174.01     0.076
     175.30    -0.035
     176.59     0.043
     177.88    -0.031
     179.17    -0.049
     180.45    -0.165
     181.74    -0.079
     183.03    -0.083
     184.32    -0.022
     185.61     0.023
     186.89     0.034
     188.18     0.162
     189.47    -0.027
     190.76    -0.011
     192.05    -0.083
     193.34    -0.039
     194.62    -0.091
     195.91    -0.000
     197.20     0.035
     198.49    -0.093
     199.78     0.036
     201.07     0.089
     202.35    -0.090
     203.64     0.065
     204.93    -0.123
     206.22     0.087
     207.51     0.219
     208.79     0.023
     210.08    -0.069
     211.37     0.027
     212.66     0.120
     213.95     0.024
     215.24    -0.083
     216.52    -0.044
     217.81     0.013
     219.10    -0.031
     220.39     0.010
     221.68    -0.009
     222.97     0.027
     224.25    -0.005
     225.54     0.052
     226.83     0.034
     228.12     0.136
     229.41     0.068
     230.69    -0.058
     231.98     0.076
     233.27     0.044
     234.56     0.100
     235.85    -0.042
     237.14    -0.012
     238.42    -0.005
     239.71    -0.061
     241.00    -0.061
     242.29    -0.010
     243.58    -0.022
     244.87     0.033
     246.15    -0.060
     247.44     0.090
     248.73    -0.074
     250.02     0.183
     251.31    -0.045
     252.59     0.034
     253.88     0.038
     255.17    -0.052
     256.46     0.048
     257.75     0.022
     259.04    -0.012
     260.32    -0.070
     261.61    -0.111
     262.90     0.174
     264.19     0.063
     265.48    -0.048
     266.77     0.005
     268.05     0.072
     269.34     0.192
     270.63     0.027
     271.92     0.024
     273.21    -0.034
     274.49    -0.021
     275.78     0.025
     277.07    -0.090
     278.36     0.145
     279.65     0.036
     280.94     0.009
     282.22    -0.024
     283.51     0.050
     284.80    -0.035
     286.09    -0.088
     287.38    -0.031
     288.67     0.010
     289.95    -0.074
     291.24     0.010
     292.53     0.109
     293.82    -0.068
     295.11     0.015
     296.39     0.056
     297.68     0.066
     298.97     0.051
     300.26    -0.047
     301.55    -0.098
     302.84    -0.010
     304.12    -0.024
     305.41    -0.142
     306.70     0.082
     307.99    -0.096
     309.28    -0.129
     310.57     0.101
     311.85    -0.040
     313.14     0.068
     314.43     0.104
     315.72    -0.115
     317.01    -0.020
     318.29    -0.038
     319.58     0.068
     320.87     0.014
     322.16     0.033
     323.45     0.041
     324.74    -0.115
     326.02     0.069
     327.31     0.143
     328.60     0.189
     329.89     0.143
     331.18    -0.007
     332.47     0.043
     333.75    -0.099
     335.04    -0.044
     336.33    -0.102
     337.62    -0.017
     338.91    -0.119
     340.19    -0.186
     341.48    -0.029
     342.77     0.116
     344.06     0.088
     345.35    -0.061
     346.64     0.070
     347.92    -0.034
     349.21     0.041
     350.50     0.041
     351.79     0.063
     353.08     0.024
     354.37    -0.018
     355.65    -0.017
     356.94    -0.015
     358.23     0.015
     359.52     0.095
     360.81     0.085
     362.09     0.126
     363.38     0.116
     364.67     0.093
     365.96     0.073
     367.25     0.062
     368.54     0.064
     369.82     0.130
     371.11     0.018
     372.40     0.080
     373.69     0.002
     374.98    -0.038
     376.27     0.018
     377.55    -0.064
     378.84     0.082
     380.13     0.053
     381.42     0.030
     382.71    -0.024
     383.99     0.068
     385.28     0.056
     386.57     0.018
     387.86    -0.022
     389.15     0.064
     390.44     0.044
     391.72    -0.034
     393.01     0.048
     394.30    -0.084
     395.59    -0.036
     396.88    -0.119
     398.17     0.076
     399.45    -0.062
%%GASS      0  datapoints: v_lsr [km/s] and T_B [K]
%%LAB     777  datapoints: v_lsr [km/s] and T_B [K]
    -399.83     0.074
    -398.80     0.008
    -397.77     0.082
    -396.74    -0.232
    -395.71    -0.149
    -394.68    -0.107
    -393.65     0.101
    -392.62     0.064
    -391.58     0.076
    -390.55    -0.039
    -389.52     0.090
    -388.49     0.167
    -387.46    -0.080
    -386.43    -0.025
    -385.40    -0.010
    -384.37     0.058
    -383.34     0.282
    -382.31    -0.042
    -381.28     0.079
    -380.25     0.052
    -379.22    -0.018
    -378.19     0.043
    -377.16     0.045
    -376.13    -0.096
    -375.10     0.013
    -374.07    -0.010
    -373.04     0.018
    -372.01    -0.030
    -370.98    -0.004
    -369.94    -0.063
    -368.91    -0.003
    -367.88    -0.082
    -366.85    -0.061
    -365.82     0.057
    -364.79     0.187
    -363.76    -0.038
    -362.73    -0.103
    -361.70    -0.127
    -360.67     0.037
    -359.64    -0.172
    -358.61    -0.038
    -357.58    -0.025
    -356.55     0.089
    -355.52     0.056
    -354.49    -0.001
    -353.46     0.021
    -352.43     0.011
    -351.40     0.078
    -350.37    -0.040
    -349.33     0.123
    -348.30    -0.114
    -347.27    -0.088
    -346.24     0.069
    -345.21     0.009
    -344.18     0.023
    -343.15     0.003
    -342.12    -0.027
    -341.09     0.002
    -340.06     0.042
    -339.03    -0.034
    -338.00    -0.190
    -336.97     0.069
    -335.94    -0.045
    -334.91    -0.169
    -333.88    -0.015
    -332.85     0.055
    -331.82     0.013
    -330.79     0.136
    -329.76    -0.002
    -328.73    -0.094
    -327.69     0.013
    -326.66     0.024
    -325.63    -0.076
    -324.60    -0.177
    -323.57     0.114
    -322.54    -0.162
    -321.51    -0.055
    -320.48    -0.064
    -319.45     0.015
    -318.42     0.114
    -317.39     0.027
    -316.36     0.003
    -315.33     0.001
    -314.30    -0.008
    -313.27     0.060
    -312.24    -0.023
    -311.21     0.131
    -310.18     0.028
    -309.15     0.061
    -308.12    -0.109
    -307.09     0.029
    -306.05    -0.040
    -305.02     0.173
    -303.99     0.004
    -302.96    -0.022
    -301.93     0.078
    -300.90     0.049
    -299.87    -0.066
    -298.84     0.074
    -297.81     0.017
    -296.78     0.082
    -295.75     0.107
    -294.72    -0.037
    -293.69    -0.037
    -292.66     0.069
    -291.63    -0.067
    -290.60    -0.030
    -289.57    -0.101
    -288.54    -0.001
    -287.51    -0.069
    -286.48    -0.083
    -285.44    -0.049
    -284.41    -0.069
    -283.38    -0.055
    -282.35     0.079
    -281.32    -0.008
    -280.29     0.080
    -279.26     0.039
    -278.23    -0.096
    -277.20    -0.008
    -276.17     0.065
    -275.14    -0.017
    -274.11     0.030
    -273.08     0.067
    -272.05     0.007
    -271.02     0.008
    -269.99     0.077
    -268.96    -0.084
    -267.93    -0.047
    -266.90    -0.028
    -265.87    -0.011
    -264.84     0.009
    -263.80    -0.027
    -262.77    -0.012
    -261.74    -0.010
    -260.71     0.097
    -259.68     0.065
    -258.65    -0.055
    -257.62     0.170
    -256.59    -0.083
    -255.56     0.028
    -254.53     0.148
    -253.50     0.037
    -252.47    -0.127
    -251.44    -0.034
    -250.41     0.043
    -249.38     0.121
    -248.35     0.104
    -247.32     0.040
    -246.29     0.078
    -245.26    -0.083
    -244.23     0.037
    -243.19    -0.041
    -242.16    -0.025
    -241.13     0.065
    -240.10    -0.036
    -239.07    -0.048
    -238.04    -0.033
    -237.01    -0.023
    -235.98     0.163
    -234.95    -0.052
    -233.92    -0.002
    -232.89     0.034
    -231.86     0.191
    -230.83     0.082
    -229.80    -0.070
    -228.77     0.026
    -227.74    -0.055
    -226.71    -0.023
    -225.68    -0.005
    -224.65     0.067
    -223.62     0.065
    -222.59     0.004
    -221.55     0.012
    -220.52    -0.116
    -219.49     0.045
    -218.46     0.080
    -217.43     0.075
    -216.40     0.044
    -215.37    -0.046
    -214.34     0.004
    -213.31    -0.027
    -212.28     0.273
    -211.25     0.032
    -210.22     0.018
    -209.19     0.035
    -208.16    -0.094
    -207.13    -0.046
    -206.10    -0.032
    -205.07    -0.050
    -204.04     0.147
    -203.01     0.065
    -201.98    -0.001
    -200.94    -0.047
    -199.91    -0.083
    -198.88     0.101
    -197.85     0.092
    -196.82    -0.009
    -195.79     0.060
    -194.76     0.024
    -193.73    -0.060
    -192.70    -0.142
    -191.67     0.149
    -190.64     0.154
    -189.61     0.007
    -188.58    -0.059
    -187.55     0.022
    -186.52     0.029
    -185.49    -0.037
    -184.46    -0.018
    -183.43    -0.019
    -182.40     0.109
    -181.37     0.089
    -180.34    -0.140
    -179.30     0.083
    -178.27    -0.031
    -177.24     0.011
    -176.21    -0.018
    -175.18    -0.044
    -174.15     0.052
    -173.12     0.068
    -172.09    -0.022
    -171.06    -0.053
    -170.03     0.021
    -169.00     0.036
    -167.97    -0.024
    -166.94    -0.204
    -165.91    -0.114
    -164.88    -0.018
    -163.85    -0.094
    -162.82    -0.078
    -161.79     0.017
    -160.76    -0.004
    -159.73     0.066
    -158.69     0.015
    -157.66    -0.087
    -156.63     0.038
    -155.60     0.054
    -154.57    -0.041
    -153.54     0.142
    -152.51    -0.077
    -151.48     0.106
    -150.45     0.085
    -149.42     0.128
    -148.39     0.137
    -147.36     0.048
    -146.33    -0.135
    -145.30     0.052
    -144.27     0.010
    -143.24    -0.018
    -142.21     0.094
    -141.18    -0.071
    -140.15    -0.054
    -139.12     0.105
    -138.09    -0.052
    -137.05    -0.017
    -136.02     0.025
    -134.99     0.126
    -133.96     0.175
    -132.93     0.085
    -131.90     0.055
    -130.87     0.174
    -129.84     0.149
    -128.81     0.133
    -127.78     0.259
    -126.75     0.311
    -125.72     0.535
    -124.69     0.572
    -123.66     0.625
    -122.63     0.729
    -121.60     0.884
    -120.57     0.938
    -119.54     1.232
    -118.51     1.468
    -117.48     1.920
    -116.45     2.627
    -115.41     3.883
    -114.38     5.545
    -113.35     7.136
    -112.32     8.105
    -111.29     8.953
    -110.26     8.610
    -109.23     7.685
    -108.20     6.332
    -107.17     5.758
    -106.14     5.666
    -105.11     5.629
    -104.08     5.408
    -103.05     5.304
    -102.02     5.118
    -100.99     5.013
     -99.96     4.789
     -98.93     5.112
     -97.90     5.132
     -96.87     5.592
     -95.84     6.005
     -94.80     6.288
     -93.77     6.170
     -92.74     6.396
     -91.71     6.307
     -90.68     6.409
     -89.65     6.179
     -88.62     6.097
     -87.59     5.897
     -86.56     5.570
     -85.53     4.954
     -84.50     4.752
     -83.47     4.230
     -82.44     3.944
     -81.41     3.666
     -80.38     3.345
     -79.35     3.040
     -78.32     2.742
     -77.29     2.602
     -76.26     2.494
     -75.23     2.405
     -74.20     2.269
     -73.16     2.128
     -72.13     2.183
     -71.10     2.305
     -70.07     2.253
     -69.04     1.998
     -68.01     2.092
     -66.98     2.081
     -65.95     2.035
     -64.92     1.990
     -63.89     2.157
     -62.86     2.160
     -61.83     1.881
     -60.80     1.803
     -59.77     1.987
     -58.74     1.811
     -57.71     1.848
     -56.68     1.655
     -55.65     1.753
     -54.62     1.649
     -53.59     1.517
     -52.55     1.529
     -51.52     1.584
     -50.49     1.409
     -49.46     1.445
     -48.43     1.321
     -47.40     1.303
     -46.37     1.476
     -45.34     1.467
     -44.31     1.291
     -43.28     1.377
     -42.25     1.534
     -41.22     1.518
     -40.19     1.492
     -39.16     1.635
     -38.13     1.681
     -37.10     1.711
     -36.07     1.760
     -35.04     1.805
     -34.01     2.023
     -32.98     2.077
     -31.95     2.072
     -30.91     2.364
     -29.88     2.638
     -28.85     2.999
     -27.82     3.182
     -26.79     3.579
     -25.76     3.852
     -24.73     4.147
     -23.70     4.476
     -22.67     5.204
     -21.64     5.809
     -20.61     6.242
     -19.58     7.052
     -18.55     7.884
     -17.52     9.119
     -16.49    10.622
     -15.46    12.221
     -14.43    14.202
     -13.40    15.999
     -12.37    18.239
     -11.34    20.335
     -10.30    22.856
      -9.27    24.587
      -8.24    26.697
      -7.21    29.556
      -6.18    32.844
      -5.15    35.790
      -4.12    38.321
      -3.09    40.460
      -2.06    43.089
      -1.03    45.491
       0.00    48.582
       1.03    52.424
       2.06    56.647
       3.09    60.927
       4.12    63.081
       5.15    63.284
       6.18    61.202
       7.21    57.860
       8.24    52.835
       9.27    46.756
      10.30    40.037
      11.34    33.382
      12.37    26.600
      13.40    20.876
      14.43    16.864
      15.46    13.743
      16.49    12.199
      17.52    11.186
      18.55    10.751
      19.58     9.433
      20.61     7.672
      21.64     6.350
      22.67     5.024
      23.70     3.983
      24.73     3.257
      25.76     2.605
      26.79     2.094
      27.82     1.715
      28.85     1.395
      29.88     1.006
      30.91     0.979
      31.95     0.790
      32.98     0.560
      34.01     0.591
      35.04     0.378
      36.07     0.448
      37.10     0.505
      38.13     0.163
      39.16     0.172
      40.19     0.228
      41.22     0.020
      42.25     0.073
      43.28     0.149
      44.31     0.008
      45.34     0.161
      46.37     0.123
      47.40     0.104
      48.43     0.166
      49.46     0.073
      50.49     0.183
      51.52     0.133
      52.55     0.127
      53.59     0.257
      54.62     0.031
      55.65     0.046
      56.68     0.056
      57.71     0.108
      58.74     0.126
      59.77     0.094
      60.80     0.114
      61.83     0.063
      62.86     0.015
      63.89    -0.069
      64.92     0.106
      65.95     0.093
      66.98     0.014
      68.01     0.063
      69.04    -0.099
      70.07     0.129
      71.10     0.026
      72.13    -0.182
      73.16    -0.077
      74.20     0.103
      75.23     0.011
      76.26     0.066
      77.29     0.023
      78.32     0.126
      79.35    -0.230
      80.38    -0.083
      81.41     0.068
      82.44     0.247
      83.47    -0.006
      84.50    -0.073
      85.53    -0.094
      86.56    -0.093
      87.59    -0.112
      88.62     0.093
      89.65     0.036
      90.68     0.064
      91.71     0.011
      92.74     0.106
      93.77     0.041
      94.80     0.191
      95.84    -0.029
      96.87     0.037
      97.90     0.042
      98.93     0.089
      99.96    -0.088
     100.99     0.088
     102.02    -0.083
     103.05    -0.006
     104.08    -0.031
     105.11     0.069
     106.14     0.034
     107.17    -0.054
     108.20    -0.048
     109.23     0.145
     110.26     0.018
     111.29     0.109
     112.32    -0.001
     113.35    -0.032
     114.38     0.022
     115.41     0.074
     116.45    -0.008
     117.48    -0.002
     118.51    -0.078
     119.54     0.090
     120.57    -0.067
     121.60     0.074
     122.63     0.043
     123.66     0.068
     124.69    -0.041
     125.72     0.187
     126.75     0.060
     127.78     0.188
     128.81     0.020
     129.84     0.100
     130.87     0.082
     131.90     0.185
     132.93    -0.011
     133.96     0.161
     134.99     0.049
     136.02    -0.089
     137.05     0.038
     138.09     0.069
     139.12     0.059
     140.15     0.040
     141.18    -0.174
     142.21     0.117
     143.24    -0.054
     144.27     0.067
     145.30     0.092
     146.33     0.052
     147.36    -0.024
     148.39     0.097
     149.42    -0.121
     150.45     0.095
     151.48     0.085
     152.51     0.209
     153.54    -0.058
     154.57    -0.127
     155.60    -0.013
     156.63    -0.019
     157.66    -0.062
     158.69    -0.035
     159.73    -0.096
     160.76     0.069
     161.79    -0.116
     162.82     0.058
     163.85    -0.216
     164.88    -0.098
     165.91    -0.148
     166.94     0.026
     167.97    -0.102
     169.00    -0.054
     170.03    -0.059
     171.06    -0.086
     172.09    -0.093
     173.12     0.005
     174.15    -0.093
     175.18     0.083
     176.21    -0.037
     177.24     0.100
     178.27    -0.051
     179.30     0.181
     180.34     0.112
     181.37    -0.021
     182.40     0.069
     183.43    -0.033
     184.46    -0.033
     185.49     0.129
     186.52    -0.117
     187.55    -0.009
     188.58    -0.137
     189.61    -0.027
     190.64    -0.028
     191.67     0.074
     192.70    -0.094
     193.73    -0.057
     194.76    -0.101
     195.79     0.030
     196.82    -0.144
     197.85     0.056
     198.88    -0.087
     199.91     0.125
     200.94     0.074
     201.98     0.127
     203.01     0.011
     204.04     0.029
     205.07     0.022
     206.10     0.000
     207.13     0.141
     208.16    -0.046
     209.19    -0.038
     210.22    -0.102
     211.25    -0.123
     212.28     0.042
     213.31    -0.008
     214.34    -0.006
     215.37     0.004
     216.40    -0.093
     217.43     0.019
     218.46     0.037
     219.49     0.174
     220.52    -0.024
     221.55     0.127
     222.59     0.096
     223.62    -0.069
     224.65    -0.023
     225.68    -0.010
     226.71     0.100
     227.74     0.028
     228.77    -0.008
     229.80    -0.068
     230.83     0.031
     231.86     0.005
     232.89     0.029
     233.92     0.114
     234.95    -0.062
     235.98     0.103
     237.01    -0.060
     238.04     0.052
     239.07     0.066
     240.10    -0.020
     241.13     0.049
     242.16     0.066
     243.19    -0.085
     244.23    -0.050
     245.26    -0.022
     246.29    -0.008
     247.32    -0.027
     248.35    -0.061
     249.38     0.010
     250.41     0.009
     251.44    -0.069
     252.47     0.006
     253.50     0.022
     254.53    -0.222
     255.56     0.001
     256.59    -0.104
     257.62     0.047
     258.65     0.009
     259.68     0.028
     260.71     0.026
     261.74    -0.051
     262.77    -0.036
     263.80    -0.086
     264.84     0.023
     265.87     0.121
     266.90     0.089
     267.93     0.125
     268.96    -0.034
     269.99     0.064
     271.02    -0.012
     272.05    -0.068
     273.08     0.119
     274.11     0.059
     275.14     0.096
     276.17    -0.038
     277.20    -0.071
     278.23     0.091
     279.26     0.083
     280.29    -0.069
     281.32    -0.100
     282.35    -0.018
     283.38    -0.078
     284.41    -0.022
     285.44     0.084
     286.48    -0.074
     287.51    -0.041
     288.54     0.115
     289.57     0.062
     290.60    -0.124
     291.63    -0.046
     292.66     0.153
     293.69     0.052
     294.72     0.079
     295.75    -0.031
     296.78     0.121
     297.81    -0.095
     298.84     0.121
     299.87    -0.141
     300.90    -0.008
     301.93     0.048
     302.96    -0.102
     303.99    -0.082
     305.02     0.010
     306.05    -0.007
     307.09    -0.058
     308.12     0.149
     309.15    -0.035
     310.18     0.071
     311.21     0.031
     312.24     0.095
     313.27     0.080
     314.30    -0.026
     315.33    -0.061
     316.36    -0.095
     317.39     0.022
     318.42     0.038
     319.45     0.134
     320.48    -0.009
     321.51     0.105
     322.54     0.005
     323.57     0.087
     324.60    -0.023
     325.63    -0.116
     326.66    -0.248
     327.69     0.113
     328.73    -0.084
     329.76     0.031
     330.79    -0.024
     331.82    -0.008
     332.85    -0.068
     333.88    -0.073
     334.91     0.055
     335.94     0.078
     336.97    -0.029
     338.00    -0.007
     339.03    -0.054
     340.06     0.058
     341.09     0.013
     342.12     0.003
     343.15    -0.078
     344.18     0.153
     345.21    -0.022
     346.24     0.102
     347.27    -0.224
     348.30    -0.030
     349.34     0.013
     350.37    -0.104
     351.40    -0.020
     352.43     0.135
     353.46     0.012
     354.49     0.006
     355.52     0.063
     356.55    -0.009
     357.58    -0.126
     358.61     0.106
     359.64     0.041
     360.67     0.062
     361.70    -0.002
     362.73    -0.086
     363.76    -0.009
     364.79     0.119
     365.82     0.002
     366.85    -0.020
     367.88    -0.032
     368.91     0.103
     369.94     0.059
     370.98    -0.092
     372.01    -0.026
     373.04    -0.076
     374.07     0.094
     375.10    -0.052
     376.13    -0.039
     377.16    -0.037
     378.19    -0.081
     379.22    -0.014
     380.25    -0.036
     381.28     0.038
     382.31    -0.042
     383.34    -0.073
     384.37    -0.042
     385.40     0.011
     386.43    -0.007
     387.46    -0.081
     388.49     0.008
     389.52     0.112
     390.55    -0.121
     391.58     0.132
     392.62     0.001
     393.65    -0.092
     394.68     0.005
     395.71     0.051
     396.74    -0.159
     397.77     0.016
     398.80    -0.131
     399.83     0.187
