%%   82.50000  12.50000    0   0.20000
% LAB  survey ------------------
% wanted position:  l, b, RA, DEC, and interpolated  NH
% 82.50 ;  12.50 ; 295.86 ;  49.47 ;  0.101E+22
% nearest position: l, b, RA, DEC, and observed NH
% 82.50 ;  12.50 ; 295.86 ;  49.47 ;  0.101E+22
% GASS III survey --------------
% NH - median within 6 arcmin radius   0.00    
% NH - mean within specified beam      0.00    
% EBHIS survey -----------------
% NH  within specified beam           0.102E+22
%%EBHIS   621  datapoints: v_lsr [km/s] and T_B [K]
    -399.25     0.026
    -397.96     0.039
    -396.68     0.051
    -395.39    -0.095
    -394.10    -0.074
    -392.81    -0.045
    -391.52     0.118
    -390.23     0.101
    -388.95    -0.004
    -387.66    -0.110
    -386.37    -0.003
    -385.08     0.025
    -383.79     0.032
    -382.50    -0.089
    -381.22    -0.051
    -379.93    -0.110
    -378.64     0.055
    -377.35     0.119
    -376.06     0.041
    -374.78    -0.031
    -373.49     0.006
    -372.20     0.111
    -370.91     0.056
    -369.62     0.044
    -368.33    -0.108
    -367.05    -0.019
    -365.76    -0.029
    -364.47    -0.026
    -363.18    -0.035
    -361.89     0.001
    -360.60    -0.020
    -359.32    -0.042
    -358.03     0.071
    -356.74     0.092
    -355.45     0.058
    -354.16    -0.020
    -352.88    -0.034
    -351.59    -0.056
    -350.30    -0.038
    -349.01    -0.072
    -347.72    -0.108
    -346.43    -0.010
    -345.15     0.023
    -343.86    -0.013
    -342.57     0.006
    -341.28    -0.031
    -339.99    -0.029
    -338.70     0.001
    -337.42    -0.012
    -336.13    -0.014
    -334.84    -0.031
    -333.55     0.018
    -332.26    -0.005
    -330.98     0.097
    -329.69    -0.014
    -328.40    -0.028
    -327.11    -0.011
    -325.82     0.019
    -324.53     0.034
    -323.25     0.049
    -321.96     0.060
    -320.67     0.090
    -319.38    -0.058
    -318.09    -0.057
    -316.80     0.045
    -315.52     0.088
    -314.23    -0.050
    -312.94    -0.022
    -311.65    -0.067
    -310.36     0.015
    -309.08     0.046
    -307.79     0.009
    -306.50     0.031
    -305.21     0.038
    -303.92    -0.019
    -302.63     0.156
    -301.35     0.111
    -300.06     0.120
    -298.77     0.062
    -297.48     0.060
    -296.19     0.042
    -294.90    -0.012
    -293.62    -0.047
    -292.33    -0.009
    -291.04     0.015
    -289.75    -0.077
    -288.46     0.080
    -287.18     0.141
    -285.89     0.121
    -284.60     0.034
    -283.31    -0.001
    -282.02     0.018
    -280.73     0.115
    -279.45     0.059
    -278.16    -0.085
    -276.87    -0.031
    -275.58     0.058
    -274.29     0.070
    -273.00    -0.020
    -271.72     0.030
    -270.43    -0.008
    -269.14     0.022
    -267.85    -0.032
    -266.56     0.040
    -265.28     0.011
    -263.99     0.070
    -262.70     0.043
    -261.41     0.027
    -260.12    -0.032
    -258.83     0.019
    -257.55     0.013
    -256.26    -0.006
    -254.97    -0.054
    -253.68    -0.025
    -252.39     0.008
    -251.10    -0.069
    -249.82    -0.039
    -248.53     0.037
    -247.24    -0.037
    -245.95     0.030
    -244.66     0.153
    -243.38     0.084
    -242.09     0.003
    -240.80     0.000
    -239.51     0.006
    -238.22     0.014
    -236.93     0.005
    -235.65     0.125
    -234.36    -0.027
    -233.07    -0.046
    -231.78     0.069
    -230.49     0.078
    -229.20     0.010
    -227.92    -0.044
    -226.63    -0.092
    -225.34    -0.134
    -224.05    -0.020
    -222.76    -0.130
    -221.48     0.079
    -220.19     0.072
    -218.90    -0.068
    -217.61    -0.096
    -216.32     0.071
    -215.03    -0.031
    -213.75    -0.078
    -212.46     0.037
    -211.17     0.020
    -209.88    -0.025
    -208.59     0.034
    -207.30    -0.080
    -206.02    -0.057
    -204.73    -0.045
    -203.44     0.056
    -202.15    -0.009
    -200.86    -0.010
    -199.58     0.007
    -198.29     0.006
    -197.00    -0.012
    -195.71    -0.147
    -194.42    -0.003
    -193.13     0.112
    -191.85     0.075
    -190.56     0.137
    -189.27     0.130
    -187.98     0.027
    -186.69    -0.079
    -185.40    -0.065
    -184.12    -0.100
    -182.83     0.076
    -181.54     0.074
    -180.25     0.051
    -178.96     0.073
    -177.68     0.001
    -176.39    -0.034
    -175.10    -0.035
    -173.81    -0.012
    -172.52     0.045
    -171.23     0.008
    -169.95    -0.029
    -168.66     0.043
    -167.37     0.011
    -166.08    -0.023
    -164.79     0.008
    -163.50     0.073
    -162.22     0.021
    -160.93     0.006
    -159.64    -0.061
    -158.35     0.026
    -157.06     0.057
    -155.78     0.110
    -154.49    -0.076
    -153.20    -0.074
    -151.91    -0.046
    -150.62    -0.110
    -149.33    -0.053
    -148.05     0.030
    -146.76     0.008
    -145.47     0.055
    -144.18    -0.013
    -142.89    -0.028
    -141.60    -0.029
    -140.32     0.010
    -139.03     0.246
    -137.74     0.243
    -136.45     0.239
    -135.16     0.355
    -133.88     0.473
    -132.59     0.618
    -131.30     0.690
    -130.01     0.813
    -128.72     0.919
    -127.43     0.998
    -126.15     1.245
    -124.86     1.389
    -123.57     1.480
    -122.28     1.632
    -120.99     1.698
    -119.70     1.606
    -118.42     1.562
    -117.13     1.555
    -115.84     1.611
    -114.55     1.467
    -113.26     1.248
    -111.98     0.981
    -110.69     0.901
    -109.40     0.810
    -108.11     0.713
    -106.82     0.642
    -105.53     0.503
    -104.25     0.480
    -102.96     0.406
    -101.67     0.388
    -100.38     0.379
     -99.09     0.272
     -97.80     0.325
     -96.52     0.300
     -95.23     0.276
     -93.94     0.294
     -92.65     0.445
     -91.36     0.483
     -90.08     0.624
     -88.79     0.736
     -87.50     1.009
     -86.21     1.035
     -84.92     1.022
     -83.63     0.912
     -82.35     0.832
     -81.06     0.861
     -79.77     0.780
     -78.48     0.747
     -77.19     0.852
     -75.90     0.880
     -74.62     1.010
     -73.33     1.024
     -72.04     1.114
     -70.75     1.321
     -69.46     1.352
     -68.18     1.518
     -66.89     1.703
     -65.60     1.806
     -64.31     1.960
     -63.02     2.187
     -61.73     2.237
     -60.45     2.337
     -59.16     2.403
     -57.87     2.396
     -56.58     2.333
     -55.29     2.325
     -54.00     2.239
     -52.72     2.188
     -51.43     2.060
     -50.14     1.919
     -48.85     1.745
     -47.56     1.626
     -46.28     1.577
     -44.99     1.509
     -43.70     1.232
     -42.41     1.216
     -41.12     1.241
     -39.83     1.222
     -38.55     1.262
     -37.26     1.345
     -35.97     1.481
     -34.68     1.578
     -33.39     1.844
     -32.10     2.157
     -30.82     2.500
     -29.53     2.681
     -28.24     2.984
     -26.95     3.344
     -25.66     3.392
     -24.38     3.470
     -23.09     3.558
     -21.80     3.733
     -20.51     3.872
     -19.22     4.606
     -17.93     5.702
     -16.65     5.967
     -15.36     5.774
     -14.07     5.963
     -12.78     6.640
     -11.49     7.525
     -10.20     8.570
      -8.92     9.459
      -7.63    10.147
      -6.34    10.410
      -5.05    11.295
      -3.76    12.280
      -2.48    13.937
      -1.19    15.752
       0.10    17.622
       1.39    18.738
       2.68    18.181
       3.97    15.970
       5.25    13.374
       6.54    11.691
       7.83    10.253
       9.12     8.711
      10.41     7.229
      11.70     6.023
      12.98     5.250
      14.27     4.820
      15.56     4.323
      16.85     4.118
      18.14     3.863
      19.42     3.440
      20.71     2.968
      22.00     2.375
      23.29     1.802
      24.58     1.591
      25.87     1.221
      27.15     1.043
      28.44     0.983
      29.73     0.689
      31.02     0.681
      32.31     0.565
      33.60     0.425
      34.88     0.327
      36.17     0.241
      37.46     0.259
      38.75     0.218
      40.04     0.170
      41.32     0.148
      42.61     0.186
      43.90     0.138
      45.19     0.159
      46.48     0.126
      47.77     0.113
      49.05     0.051
      50.34     0.093
      51.63     0.091
      52.92     0.087
      54.21     0.054
      55.50     0.040
      56.78    -0.020
      58.07    -0.014
      59.36     0.032
      60.65    -0.038
      61.94    -0.039
      63.22    -0.056
      64.51     0.084
      65.80     0.017
      67.09     0.131
      68.38     0.054
      69.67     0.031
      70.95     0.014
      72.24     0.030
      73.53     0.010
      74.82     0.031
      76.11    -0.054
      77.40    -0.036
      78.68    -0.091
      79.97    -0.053
      81.26    -0.072
      82.55    -0.039
      83.84    -0.002
      85.12    -0.028
      86.41     0.162
      87.70     0.108
      88.99     0.061
      90.28     0.075
      91.57    -0.011
      92.85    -0.016
      94.14    -0.012
      95.43    -0.019
      96.72    -0.086
      98.01    -0.038
      99.30    -0.110
     100.58    -0.044
     101.87    -0.030
     103.16     0.012
     104.45    -0.053
     105.74    -0.112
     107.02    -0.098
     108.31    -0.063
     109.60     0.010
     110.89     0.018
     112.18    -0.033
     113.47    -0.112
     114.75    -0.081
     116.04    -0.031
     117.33     0.032
     118.62    -0.065
     119.91    -0.038
     121.20    -0.068
     122.48     0.011
     123.77     0.072
     125.06     0.015
     126.35    -0.013
     127.64    -0.117
     128.92    -0.097
     130.21    -0.113
     131.50    -0.039
     132.79     0.015
     134.08     0.020
     135.37     0.023
     136.65     0.067
     137.94     0.026
     139.23     0.070
     140.52    -0.027
     141.81    -0.066
     143.09     0.040
     144.38    -0.006
     145.67    -0.034
     146.96    -0.139
     148.25     0.115
     149.54     0.061
     150.82    -0.062
     152.11    -0.023
     153.40     0.075
     154.69     0.028
     155.98    -0.009
     157.27     0.061
     158.55    -0.000
     159.84    -0.003
     161.13    -0.039
     162.42     0.020
     163.71     0.009
     164.99     0.029
     166.28    -0.018
     167.57     0.029
     168.86    -0.018
     170.15    -0.034
     171.44    -0.065
     172.72    -0.094
     174.01    -0.112
     175.30    -0.056
     176.59     0.060
     177.88     0.140
     179.17     0.134
     180.45     0.104
     181.74    -0.033
     183.03     0.018
     184.32     0.032
     185.61     0.010
     186.89     0.093
     188.18     0.020
     189.47    -0.071
     190.76     0.004
     192.05     0.004
     193.34     0.001
     194.62    -0.021
     195.91     0.005
     197.20     0.042
     198.49    -0.036
     199.78    -0.043
     201.07     0.035
     202.35     0.038
     203.64    -0.069
     204.93    -0.076
     206.22    -0.059
     207.51    -0.077
     208.79     0.051
     210.08     0.030
     211.37    -0.103
     212.66     0.039
     213.95     0.016
     215.24    -0.049
     216.52    -0.013
     217.81     0.026
     219.10     0.026
     220.39    -0.051
     221.68    -0.074
     222.97    -0.006
     224.25    -0.088
     225.54     0.056
     226.83     0.056
     228.12     0.055
     229.41    -0.062
     230.69     0.079
     231.98     0.022
     233.27     0.123
     234.56     0.024
     235.85     0.062
     237.14    -0.018
     238.42     0.050
     239.71     0.037
     241.00    -0.022
     242.29     0.026
     243.58    -0.051
     244.87     0.068
     246.15    -0.001
     247.44     0.025
     248.73    -0.025
     250.02    -0.021
     251.31    -0.021
     252.59    -0.042
     253.88     0.064
     255.17     0.097
     256.46     0.046
     257.75    -0.011
     259.04    -0.105
     260.32    -0.154
     261.61    -0.129
     262.90    -0.100
     264.19    -0.051
     265.48     0.002
     266.77     0.113
     268.05     0.066
     269.34    -0.109
     270.63    -0.030
     271.92     0.023
     273.21    -0.102
     274.49    -0.049
     275.78    -0.040
     277.07    -0.018
     278.36    -0.066
     279.65    -0.061
     280.94     0.008
     282.22     0.042
     283.51     0.062
     284.80    -0.048
     286.09     0.002
     287.38    -0.061
     288.67    -0.018
     289.95    -0.010
     291.24     0.056
     292.53     0.115
     293.82     0.097
     295.11     0.044
     296.39     0.029
     297.68     0.099
     298.97     0.061
     300.26     0.009
     301.55    -0.023
     302.84     0.021
     304.12    -0.019
     305.41     0.069
     306.70     0.027
     307.99    -0.046
     309.28     0.009
     310.57     0.027
     311.85    -0.007
     313.14    -0.045
     314.43     0.006
     315.72    -0.053
     317.01    -0.118
     318.29    -0.009
     319.58     0.053
     320.87     0.003
     322.16     0.009
     323.45    -0.130
     324.74    -0.101
     326.02     0.073
     327.31     0.073
     328.60    -0.080
     329.89    -0.098
     331.18     0.014
     332.47     0.118
     333.75     0.053
     335.04     0.052
     336.33     0.002
     337.62     0.048
     338.91    -0.005
     340.19     0.032
     341.48    -0.034
     342.77    -0.025
     344.06     0.018
     345.35     0.024
     346.64    -0.013
     347.92     0.076
     349.21     0.023
     350.50     0.021
     351.79    -0.056
     353.08     0.024
     354.37    -0.064
     355.65    -0.037
     356.94     0.061
     358.23     0.137
     359.52     0.065
     360.81    -0.014
     362.09     0.033
     363.38     0.115
     364.67     0.095
     365.96     0.001
     367.25     0.043
     368.54    -0.049
     369.82     0.038
     371.11     0.059
     372.40     0.077
     373.69     0.082
     374.98     0.027
     376.27     0.069
     377.55     0.015
     378.84    -0.065
     380.13    -0.033
     381.42     0.059
     382.71     0.084
     383.99     0.010
     385.28     0.009
     386.57    -0.013
     387.86     0.049
     389.15     0.051
     390.44     0.063
     391.72     0.038
     393.01     0.059
     394.30     0.092
     395.59     0.041
     396.88     0.005
     398.17     0.009
     399.45    -0.016
%%GASS      0  datapoints: v_lsr [km/s] and T_B [K]
%%LAB     777  datapoints: v_lsr [km/s] and T_B [K]
    -399.82    -0.101
    -398.79    -0.017
    -397.76     0.056
    -396.73     0.112
    -395.70    -0.114
    -394.67     0.224
    -393.64     0.049
    -392.61     0.065
    -391.58     0.077
    -390.55    -0.088
    -389.52    -0.034
    -388.49    -0.060
    -387.46    -0.190
    -386.43     0.029
    -385.40    -0.031
    -384.37    -0.039
    -383.34    -0.021
    -382.31    -0.123
    -381.28     0.013
    -380.25     0.040
    -379.22     0.001
    -378.18    -0.078
    -377.15     0.091
    -376.12    -0.044
    -375.09    -0.025
    -374.06    -0.063
    -373.03     0.146
    -372.00     0.011
    -370.97     0.091
    -369.94    -0.159
    -368.91     0.028
    -367.88    -0.062
    -366.85     0.075
    -365.82    -0.191
    -364.79     0.069
    -363.76    -0.039
    -362.73    -0.095
    -361.70     0.112
    -360.67    -0.067
    -359.64    -0.109
    -358.61    -0.058
    -357.58    -0.034
    -356.54    -0.074
    -355.51    -0.109
    -354.48     0.012
    -353.45     0.064
    -352.42     0.038
    -351.39     0.107
    -350.36    -0.016
    -349.33    -0.034
    -348.30    -0.089
    -347.27    -0.149
    -346.24    -0.010
    -345.21     0.001
    -344.18     0.059
    -343.15    -0.159
    -342.12     0.087
    -341.09     0.031
    -340.06    -0.119
    -339.03     0.066
    -338.00     0.119
    -336.97    -0.005
    -335.94    -0.080
    -334.90     0.028
    -333.87     0.004
    -332.84    -0.006
    -331.81     0.009
    -330.78    -0.072
    -329.75     0.041
    -328.72    -0.067
    -327.69     0.204
    -326.66     0.255
    -325.63    -0.006
    -324.60    -0.105
    -323.57     0.111
    -322.54    -0.120
    -321.51     0.014
    -320.48     0.006
    -319.45    -0.005
    -318.42    -0.102
    -317.39    -0.009
    -316.36     0.061
    -315.33    -0.062
    -314.30    -0.011
    -313.26     0.207
    -312.23    -0.009
    -311.20    -0.140
    -310.17    -0.055
    -309.14    -0.034
    -308.11     0.147
    -307.08     0.055
    -306.05    -0.082
    -305.02    -0.002
    -303.99    -0.160
    -302.96     0.206
    -301.93    -0.024
    -300.90     0.089
    -299.87     0.053
    -298.84     0.013
    -297.81    -0.050
    -296.78     0.066
    -295.75     0.033
    -294.72     0.066
    -293.69     0.137
    -292.66     0.069
    -291.62    -0.058
    -290.59     0.136
    -289.56     0.030
    -288.53     0.025
    -287.50     0.093
    -286.47     0.050
    -285.44    -0.052
    -284.41    -0.109
    -283.38     0.182
    -282.35    -0.026
    -281.32    -0.049
    -280.29    -0.148
    -279.26    -0.029
    -278.23     0.135
    -277.20     0.075
    -276.17     0.007
    -275.14     0.104
    -274.11    -0.085
    -273.08     0.073
    -272.05     0.060
    -271.02    -0.040
    -269.98     0.065
    -268.95    -0.085
    -267.92    -0.083
    -266.89     0.036
    -265.86     0.010
    -264.83     0.182
    -263.80     0.074
    -262.77    -0.038
    -261.74    -0.002
    -260.71     0.123
    -259.68     0.024
    -258.65    -0.036
    -257.62    -0.009
    -256.59    -0.023
    -255.56     0.116
    -254.53    -0.017
    -253.50    -0.028
    -252.47    -0.203
    -251.44     0.073
    -250.41     0.066
    -249.38     0.001
    -248.34     0.108
    -247.31     0.019
    -246.28    -0.061
    -245.25    -0.120
    -244.22    -0.043
    -243.19     0.072
    -242.16    -0.007
    -241.13     0.033
    -240.10     0.069
    -239.07    -0.008
    -238.04    -0.124
    -237.01    -0.128
    -235.98    -0.051
    -234.95     0.002
    -233.92    -0.195
    -232.89    -0.001
    -231.86     0.038
    -230.83     0.003
    -229.80    -0.084
    -228.77     0.139
    -227.74     0.027
    -226.70    -0.111
    -225.67     0.107
    -224.64    -0.008
    -223.61     0.041
    -222.58     0.082
    -221.55    -0.037
    -220.52     0.051
    -219.49     0.094
    -218.46     0.220
    -217.43    -0.158
    -216.40    -0.033
    -215.37    -0.066
    -214.34    -0.130
    -213.31    -0.023
    -212.28     0.030
    -211.25    -0.028
    -210.22    -0.002
    -209.19     0.037
    -208.16    -0.001
    -207.13     0.135
    -206.10     0.080
    -205.06     0.186
    -204.03     0.032
    -203.00     0.238
    -201.97    -0.103
    -200.94     0.015
    -199.91    -0.159
    -198.88     0.087
    -197.85    -0.064
    -196.82     0.090
    -195.79     0.161
    -194.76    -0.058
    -193.73    -0.055
    -192.70     0.156
    -191.67    -0.165
    -190.64    -0.038
    -189.61     0.082
    -188.58     0.058
    -187.55     0.118
    -186.52     0.048
    -185.49     0.063
    -184.46    -0.059
    -183.42     0.034
    -182.39     0.100
    -181.36     0.013
    -180.33    -0.041
    -179.30    -0.024
    -178.27     0.092
    -177.24    -0.131
    -176.21    -0.108
    -175.18     0.089
    -174.15    -0.068
    -173.12     0.047
    -172.09    -0.095
    -171.06     0.063
    -170.03     0.103
    -169.00     0.063
    -167.97    -0.085
    -166.94     0.031
    -165.91    -0.026
    -164.88     0.092
    -163.85     0.007
    -162.82     0.043
    -161.78    -0.004
    -160.75    -0.012
    -159.72    -0.035
    -158.69     0.086
    -157.66    -0.136
    -156.63     0.039
    -155.60     0.091
    -154.57    -0.004
    -153.54    -0.145
    -152.51     0.014
    -151.48     0.005
    -150.45    -0.009
    -149.42    -0.005
    -148.39     0.129
    -147.36    -0.051
    -146.33     0.093
    -145.30     0.014
    -144.27     0.083
    -143.24     0.038
    -142.21     0.091
    -141.18     0.182
    -140.14     0.239
    -139.11     0.246
    -138.08     0.169
    -137.05     0.255
    -136.02     0.235
    -134.99     0.272
    -133.96     0.387
    -132.93     0.551
    -131.90     0.534
    -130.87     0.613
    -129.84     0.817
    -128.81     0.850
    -127.78     1.015
    -126.75     0.929
    -125.72     1.422
    -124.69     1.166
    -123.66     1.545
    -122.63     1.430
    -121.60     1.552
    -120.57     1.428
    -119.54     1.562
    -118.50     1.631
    -117.47     1.581
    -116.44     1.514
    -115.41     1.534
    -114.38     1.329
    -113.35     1.346
    -112.32     1.249
    -111.29     1.179
    -110.26     0.934
    -109.23     0.971
    -108.20     0.790
    -107.17     0.434
    -106.14     0.619
    -105.11     0.515
    -104.08     0.459
    -103.05     0.439
    -102.02     0.417
    -100.99     0.419
     -99.96     0.276
     -98.93     0.574
     -97.90     0.323
     -96.86     0.480
     -95.83     0.314
     -94.80     0.436
     -93.77     0.304
     -92.74     0.387
     -91.71     0.289
     -90.68     0.372
     -89.65     0.461
     -88.62     0.623
     -87.59     0.510
     -86.56     0.604
     -85.53     0.758
     -84.50     0.661
     -83.47     0.747
     -82.44     0.760
     -81.41     0.765
     -80.38     0.836
     -79.35     0.746
     -78.32     0.852
     -77.29     0.871
     -76.26     0.830
     -75.22     0.850
     -74.19     1.106
     -73.16     1.059
     -72.13     1.187
     -71.10     1.316
     -70.07     1.321
     -69.04     1.319
     -68.01     1.548
     -66.98     1.584
     -65.95     1.776
     -64.92     1.755
     -63.89     2.091
     -62.86     2.135
     -61.83     2.337
     -60.80     2.350
     -59.77     2.372
     -58.74     2.332
     -57.71     2.385
     -56.68     2.425
     -55.65     2.376
     -54.62     2.313
     -53.58     2.272
     -52.55     2.279
     -51.52     2.179
     -50.49     1.923
     -49.46     1.904
     -48.43     1.708
     -47.40     1.837
     -46.37     1.711
     -45.34     1.556
     -44.31     1.211
     -43.28     1.512
     -42.25     1.485
     -41.22     1.284
     -40.19     1.266
     -39.16     1.333
     -38.13     1.274
     -37.10     1.540
     -36.07     1.510
     -35.04     1.734
     -34.01     1.860
     -32.98     1.989
     -31.94     2.132
     -30.91     2.366
     -29.88     2.548
     -28.85     2.811
     -27.82     3.133
     -26.79     3.409
     -25.76     3.370
     -24.73     3.736
     -23.70     3.530
     -22.67     3.870
     -21.64     3.729
     -20.61     4.083
     -19.58     4.189
     -18.55     4.446
     -17.52     5.254
     -16.49     5.617
     -15.46     5.968
     -14.43     6.365
     -13.40     7.171
     -12.37     7.974
     -11.34     8.699
     -10.30     9.365
      -9.27     9.779
      -8.24    10.319
      -7.21    10.763
      -6.18    11.333
      -5.15    11.566
      -4.12    12.041
      -3.09    12.651
      -2.06    13.556
      -1.03    14.211
       0.00    15.225
       1.03    15.373
       2.06    15.827
       3.09    15.154
       4.12    14.398
       5.15    12.940
       6.18    12.080
       7.21    11.228
       8.24    10.128
       9.27     8.823
      10.30     7.648
      11.34     6.699
      12.37     6.030
      13.40     5.267
      14.43     4.757
      15.46     4.542
      16.49     4.254
      17.52     3.910
      18.55     3.641
      19.58     3.179
      20.61     2.848
      21.64     2.393
      22.67     2.370
      23.70     1.942
      24.73     1.584
      25.76     1.341
      26.79     1.161
      27.82     0.883
      28.85     0.878
      29.88     0.692
      30.91     0.698
      31.94     0.566
      32.98     0.340
      34.01     0.461
      35.04     0.297
      36.07     0.156
      37.10     0.234
      38.13     0.087
      39.16     0.268
      40.19     0.188
      41.22     0.287
      42.25     0.180
      43.28     0.220
      44.31     0.067
      45.34     0.155
      46.37    -0.031
      47.40     0.128
      48.43    -0.057
      49.46     0.202
      50.49     0.064
      51.52     0.181
      52.55     0.001
      53.58     0.031
      54.62    -0.002
      55.65    -0.019
      56.68    -0.037
      57.71     0.121
      58.74    -0.044
      59.77     0.189
      60.80     0.099
      61.83    -0.139
      62.86     0.000
      63.89     0.125
      64.92    -0.014
      65.95    -0.014
      66.98    -0.017
      68.01     0.218
      69.04     0.035
      70.07     0.048
      71.10     0.148
      72.13     0.040
      73.16    -0.099
      74.19     0.060
      75.22    -0.118
      76.26     0.009
      77.29    -0.215
      78.32    -0.022
      79.35     0.092
      80.38    -0.066
      81.41     0.056
      82.44     0.104
      83.47     0.037
      84.50    -0.008
      85.53     0.146
      86.56    -0.067
      87.59     0.006
      88.62    -0.041
      89.65    -0.021
      90.68    -0.017
      91.71     0.016
      92.74     0.064
      93.77     0.018
      94.80     0.049
      95.83     0.023
      96.86     0.044
      97.90     0.072
      98.93     0.026
      99.96    -0.088
     100.99     0.163
     102.02    -0.062
     103.05     0.147
     104.08    -0.018
     105.11     0.105
     106.14    -0.079
     107.17     0.046
     108.20     0.026
     109.23    -0.006
     110.26    -0.083
     111.29    -0.040
     112.32    -0.136
     113.35     0.113
     114.38     0.238
     115.41     0.105
     116.44     0.155
     117.47    -0.180
     118.50     0.063
     119.54    -0.003
     120.57     0.064
     121.60    -0.007
     122.63    -0.079
     123.66    -0.059
     124.69    -0.165
     125.72    -0.018
     126.75    -0.054
     127.78    -0.056
     128.81    -0.008
     129.84     0.105
     130.87     0.045
     131.90     0.051
     132.93    -0.008
     133.96     0.048
     134.99     0.132
     136.02    -0.010
     137.05     0.047
     138.08     0.049
     139.11     0.078
     140.14     0.023
     141.18    -0.010
     142.21     0.006
     143.24    -0.009
     144.27    -0.073
     145.30    -0.209
     146.33     0.116
     147.36     0.012
     148.39     0.008
     149.42     0.052
     150.45    -0.011
     151.48     0.126
     152.51     0.065
     153.54    -0.177
     154.57     0.020
     155.60    -0.120
     156.63     0.108
     157.66     0.032
     158.69     0.111
     159.72    -0.109
     160.75    -0.020
     161.78    -0.105
     162.82     0.041
     163.85     0.003
     164.88    -0.018
     165.91    -0.045
     166.94    -0.075
     167.97    -0.043
     169.00     0.020
     170.03     0.040
     171.06     0.110
     172.09     0.068
     173.12     0.006
     174.15     0.001
     175.18     0.093
     176.21    -0.046
     177.24     0.161
     178.27     0.042
     179.30     0.068
     180.33     0.014
     181.36    -0.122
     182.39     0.006
     183.42     0.135
     184.46    -0.091
     185.49     0.043
     186.52    -0.188
     187.55    -0.036
     188.58     0.013
     189.61    -0.113
     190.64     0.103
     191.67    -0.036
     192.70    -0.045
     193.73    -0.079
     194.76     0.019
     195.79    -0.094
     196.82     0.109
     197.85     0.032
     198.88     0.123
     199.91     0.055
     200.94    -0.080
     201.97    -0.118
     203.00     0.027
     204.03    -0.025
     205.06    -0.115
     206.10    -0.045
     207.13     0.020
     208.16    -0.049
     209.19    -0.029
     210.22     0.028
     211.25    -0.079
     212.28     0.095
     213.31     0.077
     214.34     0.105
     215.37    -0.092
     216.40     0.029
     217.43     0.051
     218.46    -0.012
     219.49     0.111
     220.52     0.107
     221.55    -0.060
     222.58    -0.060
     223.61     0.103
     224.64    -0.079
     225.67    -0.002
     226.70    -0.104
     227.74     0.039
     228.77     0.054
     229.80    -0.098
     230.83     0.029
     231.86     0.012
     232.89    -0.057
     233.92     0.222
     234.95    -0.048
     235.98    -0.043
     237.01    -0.087
     238.04    -0.063
     239.07     0.071
     240.10     0.030
     241.13     0.003
     242.16     0.063
     243.19     0.004
     244.22    -0.083
     245.25    -0.024
     246.28    -0.231
     247.31    -0.054
     248.34     0.027
     249.38     0.096
     250.41    -0.114
     251.44     0.193
     252.47    -0.081
     253.50     0.089
     254.53     0.071
     255.56     0.045
     256.59     0.024
     257.62    -0.019
     258.65    -0.032
     259.68    -0.102
     260.71     0.016
     261.74     0.104
     262.77     0.016
     263.80     0.193
     264.83    -0.043
     265.86    -0.039
     266.89     0.028
     267.92    -0.111
     268.95     0.212
     269.98     0.016
     271.02    -0.005
     272.05    -0.130
     273.08     0.053
     274.11    -0.055
     275.14    -0.025
     276.17     0.075
     277.20    -0.236
     278.23    -0.044
     279.26     0.002
     280.29    -0.011
     281.32    -0.121
     282.35    -0.057
     283.38     0.038
     284.41    -0.085
     285.44    -0.010
     286.47    -0.011
     287.50     0.015
     288.53     0.037
     289.56    -0.003
     290.59     0.152
     291.62    -0.013
     292.66    -0.039
     293.69    -0.208
     294.72    -0.021
     295.75     0.085
     296.78     0.057
     297.81     0.011
     298.84    -0.057
     299.87     0.055
     300.90     0.058
     301.93     0.108
     302.96     0.016
     303.99    -0.046
     305.02     0.061
     306.05     0.073
     307.08     0.056
     308.11    -0.193
     309.14     0.157
     310.17    -0.149
     311.20     0.087
     312.23    -0.042
     313.26     0.009
     314.30     0.090
     315.33     0.000
     316.36    -0.121
     317.39     0.003
     318.42     0.139
     319.45     0.034
     320.48     0.120
     321.51    -0.035
     322.54    -0.003
     323.57    -0.095
     324.60    -0.000
     325.63    -0.013
     326.66    -0.053
     327.69     0.006
     328.72    -0.067
     329.75    -0.081
     330.78    -0.056
     331.81     0.136
     332.84    -0.114
     333.87    -0.078
     334.90     0.076
     335.94     0.076
     336.97     0.031
     338.00     0.083
     339.03    -0.011
     340.06    -0.011
     341.09     0.034
     342.12    -0.070
     343.15     0.033
     344.18     0.067
     345.21    -0.010
     346.24     0.144
     347.27     0.010
     348.30    -0.015
     349.33     0.064
     350.36    -0.095
     351.39     0.036
     352.42     0.065
     353.45    -0.162
     354.48    -0.169
     355.51    -0.010
     356.54     0.038
     357.58     0.038
     358.61    -0.026
     359.64     0.215
     360.67    -0.025
     361.70     0.075
     362.73     0.056
     363.76    -0.014
     364.79    -0.060
     365.82     0.021
     366.85    -0.114
     367.88    -0.134
     368.91    -0.050
     369.94    -0.119
     370.97    -0.072
     372.00    -0.003
     373.03     0.026
     374.06     0.136
     375.09    -0.101
     376.12    -0.010
     377.15     0.022
     378.18     0.056
     379.22     0.099
     380.25    -0.044
     381.28    -0.025
     382.31     0.036
     383.34     0.051
     384.37    -0.035
     385.40     0.093
     386.43    -0.000
     387.46    -0.007
     388.49    -0.145
     389.52     0.045
     390.55     0.042
     391.58    -0.003
     392.61     0.048
     393.64     0.116
     394.67     0.056
     395.70     0.090
     396.73    -0.144
     397.76     0.141
     398.79     0.086
     399.82    -0.064
