%%   70.00000  17.50000    0   0.20000
% LAB  survey ------------------
% wanted position:  l, b, RA, DEC, and interpolated  NH
% 70.00 ;  17.50 ; 282.45 ;  40.45 ;  0.725E+21
% nearest position: l, b, RA, DEC, and observed NH
% 70.00 ;  17.50 ; 282.45 ;  40.45 ;  0.725E+21
% GASS III survey --------------
% NH - median within 6 arcmin radius   0.00    
% NH - mean within specified beam      0.00    
% EBHIS survey -----------------
% NH  within specified beam           0.750E+21
%%EBHIS   621  datapoints: v_lsr [km/s] and T_B [K]
    -399.25    -0.079
    -397.96    -0.008
    -396.68    -0.129
    -395.39     0.053
    -394.10    -0.072
    -392.81    -0.088
    -391.52     0.064
    -390.23     0.101
    -388.95     0.197
    -387.66    -0.002
    -386.37    -0.101
    -385.08     0.034
    -383.79     0.243
    -382.50     0.069
    -381.22    -0.056
    -379.93     0.095
    -378.64     0.133
    -377.35    -0.167
    -376.06     0.015
    -374.78     0.129
    -373.49     0.030
    -372.20     0.053
    -370.91     0.014
    -369.62    -0.094
    -368.33    -0.087
    -367.05     0.031
    -365.76     0.052
    -364.47    -0.158
    -363.18     0.069
    -361.89     0.075
    -360.60     0.047
    -359.32    -0.008
    -358.03    -0.090
    -356.74    -0.077
    -355.45    -0.039
    -354.16    -0.069
    -352.88    -0.046
    -351.59    -0.125
    -350.30     0.070
    -349.01     0.026
    -347.72     0.021
    -346.43    -0.054
    -345.15     0.006
    -343.86    -0.089
    -342.57    -0.124
    -341.28     0.046
    -339.99     0.149
    -338.70    -0.043
    -337.42    -0.027
    -336.13    -0.138
    -334.84    -0.123
    -333.55     0.024
    -332.26     0.040
    -330.98     0.068
    -329.69     0.054
    -328.40    -0.040
    -327.11    -0.017
    -325.82     0.072
    -324.53     0.026
    -323.25     0.022
    -321.96    -0.093
    -320.67     0.060
    -319.38     0.078
    -318.09     0.112
    -316.80    -0.121
    -315.52    -0.022
    -314.23     0.110
    -312.94     0.149
    -311.65     0.089
    -310.36     0.107
    -309.08    -0.075
    -307.79    -0.074
    -306.50    -0.105
    -305.21    -0.074
    -303.92    -0.009
    -302.63     0.034
    -301.35     0.127
    -300.06     0.027
    -298.77    -0.135
    -297.48     0.085
    -296.19     0.048
    -294.90     0.046
    -293.62    -0.051
    -292.33     0.042
    -291.04     0.031
    -289.75     0.006
    -288.46     0.191
    -287.18     0.062
    -285.89    -0.043
    -284.60    -0.031
    -283.31     0.005
    -282.02    -0.083
    -280.73     0.123
    -279.45    -0.013
    -278.16     0.074
    -276.87     0.152
    -275.58    -0.009
    -274.29     0.044
    -273.00     0.141
    -271.72     0.138
    -270.43     0.147
    -269.14     0.107
    -267.85     0.043
    -266.56     0.096
    -265.28     0.027
    -263.99     0.045
    -262.70    -0.027
    -261.41     0.002
    -260.12    -0.016
    -258.83    -0.026
    -257.55     0.092
    -256.26    -0.124
    -254.97    -0.093
    -253.68     0.001
    -252.39    -0.108
    -251.10    -0.102
    -249.82     0.007
    -248.53    -0.003
    -247.24    -0.013
    -245.95    -0.031
    -244.66    -0.116
    -243.38    -0.049
    -242.09     0.028
    -240.80     0.105
    -239.51    -0.011
    -238.22    -0.081
    -236.93    -0.092
    -235.65    -0.018
    -234.36    -0.078
    -233.07    -0.064
    -231.78     0.036
    -230.49     0.010
    -229.20     0.001
    -227.92    -0.029
    -226.63     0.137
    -225.34     0.111
    -224.05    -0.010
    -222.76    -0.133
    -221.48    -0.048
    -220.19    -0.071
    -218.90     0.021
    -217.61     0.026
    -216.32    -0.107
    -215.03    -0.007
    -213.75     0.002
    -212.46     0.005
    -211.17    -0.018
    -209.88    -0.017
    -208.59    -0.051
    -207.30    -0.117
    -206.02    -0.137
    -204.73    -0.023
    -203.44     0.023
    -202.15     0.117
    -200.86     0.032
    -199.58     0.024
    -198.29    -0.120
    -197.00    -0.054
    -195.71     0.023
    -194.42    -0.072
    -193.13    -0.043
    -191.85     0.091
    -190.56    -0.018
    -189.27     0.004
    -187.98     0.050
    -186.69     0.032
    -185.40    -0.020
    -184.12     0.023
    -182.83     0.084
    -181.54     0.003
    -180.25    -0.151
    -178.96     0.047
    -177.68     0.012
    -176.39     0.019
    -175.10     0.005
    -173.81    -0.046
    -172.52     0.065
    -171.23     0.057
    -169.95     0.133
    -168.66     0.033
    -167.37     0.088
    -166.08    -0.047
    -164.79    -0.114
    -163.50     0.042
    -162.22     0.117
    -160.93     0.077
    -159.64     0.075
    -158.35    -0.000
    -157.06    -0.080
    -155.78     0.006
    -154.49     0.008
    -153.20    -0.052
    -151.91     0.097
    -150.62     0.139
    -149.33     0.025
    -148.05    -0.073
    -146.76     0.122
    -145.47     0.092
    -144.18    -0.083
    -142.89    -0.071
    -141.60     0.121
    -140.32    -0.010
    -139.03     0.039
    -137.74     0.046
    -136.45     0.049
    -135.16     0.152
    -133.88     0.142
    -132.59     0.164
    -131.30     0.108
    -130.01     0.229
    -128.72     0.229
    -127.43     0.358
    -126.15     0.254
    -124.86     0.248
    -123.57     0.378
    -122.28     0.289
    -120.99     0.424
    -119.70     0.437
    -118.42     0.497
    -117.13     0.603
    -115.84     0.533
    -114.55     0.545
    -113.26     0.488
    -111.98     0.507
    -110.69     0.673
    -109.40     0.587
    -108.11     0.557
    -106.82     0.626
    -105.53     0.692
    -104.25     0.712
    -102.96     0.907
    -101.67     0.811
    -100.38     0.946
     -99.09     0.862
     -97.80     0.937
     -96.52     0.999
     -95.23     1.173
     -93.94     1.134
     -92.65     1.141
     -91.36     1.197
     -90.08     1.025
     -88.79     1.148
     -87.50     1.158
     -86.21     1.059
     -84.92     1.191
     -83.63     1.100
     -82.35     1.083
     -81.06     0.808
     -79.77     0.922
     -78.48     0.857
     -77.19     0.746
     -75.90     0.615
     -74.62     0.454
     -73.33     0.554
     -72.04     0.702
     -70.75     0.606
     -69.46     0.511
     -68.18     0.537
     -66.89     0.201
     -65.60     0.350
     -64.31     0.213
     -63.02     0.069
     -61.73     0.190
     -60.45     0.030
     -59.16    -0.043
     -57.87     0.002
     -56.58     0.117
     -55.29     0.011
     -54.00     0.146
     -52.72     0.094
     -51.43     0.013
     -50.14    -0.066
     -48.85     0.159
     -47.56     0.088
     -46.28     0.051
     -44.99     0.121
     -43.70     0.013
     -42.41     0.106
     -41.12     0.270
     -39.83     0.024
     -38.55     0.216
     -37.26     0.224
     -35.97     0.242
     -34.68     0.250
     -33.39     0.290
     -32.10     0.294
     -30.82     0.565
     -29.53     0.287
     -28.24     0.443
     -26.95     0.773
     -25.66     0.689
     -24.38     0.500
     -23.09     0.728
     -21.80     0.850
     -20.51     1.312
     -19.22     2.315
     -17.93     3.940
     -16.65     6.192
     -15.36     7.136
     -14.07     7.365
     -12.78     7.903
     -11.49     9.534
     -10.20    10.120
      -8.92     9.044
      -7.63     8.199
      -6.34     8.518
      -5.05     9.781
      -3.76    11.598
      -2.48    14.344
      -1.19    18.248
       0.10    20.218
       1.39    20.236
       2.68    17.901
       3.97    13.286
       5.25     9.475
       6.54     7.495
       7.83     6.407
       9.12     5.426
      10.41     4.968
      11.70     4.223
      12.98     3.437
      14.27     3.005
      15.56     2.881
      16.85     2.752
      18.14     2.361
      19.42     2.389
      20.71     2.342
      22.00     1.846
      23.29     1.606
      24.58     1.436
      25.87     1.130
      27.15     0.791
      28.44     0.626
      29.73     0.406
      31.02     0.397
      32.31     0.377
      33.60     0.324
      34.88     0.293
      36.17     0.289
      37.46     0.135
      38.75     0.207
      40.04     0.157
      41.32     0.092
      42.61     0.149
      43.90     0.058
      45.19    -0.019
      46.48     0.061
      47.77    -0.064
      49.05    -0.062
      50.34    -0.072
      51.63    -0.178
      52.92     0.031
      54.21    -0.025
      55.50     0.122
      56.78    -0.013
      58.07    -0.063
      59.36    -0.037
      60.65    -0.060
      61.94     0.077
      63.22    -0.050
      64.51    -0.029
      65.80     0.144
      67.09     0.062
      68.38     0.010
      69.67     0.040
      70.95     0.052
      72.24    -0.058
      73.53    -0.124
      74.82     0.019
      76.11    -0.012
      77.40    -0.068
      78.68     0.026
      79.97    -0.067
      81.26     0.009
      82.55     0.091
      83.84     0.039
      85.12    -0.001
      86.41     0.017
      87.70     0.023
      88.99     0.049
      90.28    -0.032
      91.57    -0.101
      92.85    -0.135
      94.14    -0.066
      95.43    -0.117
      96.72    -0.008
      98.01    -0.094
      99.30    -0.038
     100.58    -0.000
     101.87    -0.098
     103.16     0.082
     104.45    -0.037
     105.74    -0.100
     107.02     0.102
     108.31     0.114
     109.60    -0.007
     110.89     0.003
     112.18    -0.024
     113.47    -0.120
     114.75     0.019
     116.04     0.021
     117.33    -0.172
     118.62    -0.096
     119.91    -0.002
     121.20     0.096
     122.48    -0.060
     123.77    -0.000
     125.06    -0.102
     126.35     0.041
     127.64     0.133
     128.92    -0.011
     130.21    -0.012
     131.50    -0.051
     132.79    -0.057
     134.08    -0.109
     135.37     0.015
     136.65    -0.006
     137.94    -0.049
     139.23     0.134
     140.52     0.104
     141.81     0.013
     143.09     0.075
     144.38     0.014
     145.67     0.095
     146.96     0.036
     148.25    -0.103
     149.54    -0.144
     150.82     0.039
     152.11     0.053
     153.40    -0.098
     154.69     0.052
     155.98     0.036
     157.27    -0.043
     158.55     0.041
     159.84     0.174
     161.13     0.039
     162.42    -0.103
     163.71    -0.004
     164.99     0.054
     166.28    -0.047
     167.57    -0.055
     168.86    -0.015
     170.15    -0.002
     171.44     0.059
     172.72     0.011
     174.01    -0.024
     175.30    -0.079
     176.59    -0.029
     177.88    -0.015
     179.17    -0.042
     180.45     0.038
     181.74     0.187
     183.03     0.109
     184.32     0.039
     185.61     0.011
     186.89     0.001
     188.18     0.009
     189.47     0.027
     190.76     0.055
     192.05     0.099
     193.34     0.025
     194.62     0.114
     195.91     0.164
     197.20     0.094
     198.49     0.054
     199.78     0.078
     201.07    -0.008
     202.35    -0.043
     203.64    -0.086
     204.93    -0.140
     206.22    -0.024
     207.51     0.086
     208.79     0.030
     210.08    -0.005
     211.37     0.100
     212.66    -0.029
     213.95    -0.007
     215.24    -0.046
     216.52     0.090
     217.81     0.031
     219.10     0.032
     220.39     0.036
     221.68    -0.012
     222.97    -0.009
     224.25     0.097
     225.54     0.127
     226.83    -0.059
     228.12    -0.140
     229.41     0.048
     230.69    -0.068
     231.98     0.101
     233.27    -0.077
     234.56    -0.011
     235.85    -0.013
     237.14    -0.158
     238.42     0.072
     239.71     0.011
     241.00    -0.022
     242.29    -0.037
     243.58    -0.008
     244.87     0.002
     246.15    -0.081
     247.44    -0.117
     248.73     0.125
     250.02    -0.109
     251.31    -0.021
     252.59     0.012
     253.88    -0.002
     255.17     0.126
     256.46     0.109
     257.75    -0.122
     259.04     0.025
     260.32     0.054
     261.61     0.030
     262.90    -0.085
     264.19    -0.143
     265.48    -0.118
     266.77     0.077
     268.05     0.101
     269.34     0.028
     270.63    -0.026
     271.92    -0.055
     273.21    -0.029
     274.49    -0.002
     275.78     0.165
     277.07    -0.038
     278.36    -0.115
     279.65     0.014
     280.94     0.048
     282.22     0.120
     283.51    -0.030
     284.80    -0.011
     286.09     0.034
     287.38     0.074
     288.67     0.006
     289.95    -0.152
     291.24    -0.020
     292.53     0.005
     293.82    -0.100
     295.11     0.007
     296.39     0.002
     297.68    -0.086
     298.97     0.027
     300.26    -0.021
     301.55     0.013
     302.84    -0.013
     304.12    -0.096
     305.41    -0.078
     306.70    -0.033
     307.99    -0.033
     309.28    -0.040
     310.57    -0.088
     311.85     0.066
     313.14     0.022
     314.43     0.021
     315.72     0.095
     317.01    -0.004
     318.29    -0.115
     319.58    -0.045
     320.87     0.085
     322.16     0.010
     323.45     0.099
     324.74    -0.091
     326.02     0.043
     327.31     0.085
     328.60     0.026
     329.89    -0.003
     331.18    -0.032
     332.47     0.073
     333.75     0.073
     335.04    -0.018
     336.33    -0.032
     337.62    -0.087
     338.91     0.041
     340.19    -0.109
     341.48    -0.053
     342.77    -0.037
     344.06    -0.040
     345.35     0.105
     346.64     0.062
     347.92    -0.059
     349.21     0.036
     350.50    -0.001
     351.79     0.016
     353.08     0.025
     354.37     0.084
     355.65     0.068
     356.94    -0.026
     358.23    -0.057
     359.52    -0.068
     360.81    -0.018
     362.09     0.007
     363.38    -0.016
     364.67     0.007
     365.96     0.077
     367.25    -0.024
     368.54     0.028
     369.82    -0.041
     371.11    -0.029
     372.40    -0.048
     373.69     0.009
     374.98    -0.062
     376.27    -0.052
     377.55     0.096
     378.84     0.008
     380.13    -0.114
     381.42    -0.086
     382.71    -0.024
     383.99    -0.129
     385.28    -0.164
     386.57    -0.091
     387.86    -0.046
     389.15     0.015
     390.44     0.026
     391.72     0.045
     393.01     0.008
     394.30     0.023
     395.59     0.040
     396.88     0.024
     398.17     0.091
     399.45    -0.003
%%GASS      0  datapoints: v_lsr [km/s] and T_B [K]
%%LAB     777  datapoints: v_lsr [km/s] and T_B [K]
    -399.82     0.063
    -398.79     0.001
    -397.76     0.061
    -396.73    -0.075
    -395.70     0.061
    -394.67    -0.198
    -393.64     0.034
    -392.61    -0.008
    -391.58     0.216
    -390.55     0.068
    -389.52     0.086
    -388.49     0.124
    -387.46     0.187
    -386.43    -0.010
    -385.39    -0.008
    -384.36     0.035
    -383.33     0.043
    -382.30     0.153
    -381.27     0.110
    -380.24     0.056
    -379.21    -0.051
    -378.18     0.097
    -377.15     0.015
    -376.12    -0.045
    -375.09    -0.112
    -374.06     0.131
    -373.03    -0.017
    -372.00     0.024
    -370.97     0.007
    -369.94    -0.094
    -368.91     0.026
    -367.88    -0.068
    -366.85     0.135
    -365.82     0.085
    -364.79    -0.019
    -363.75    -0.109
    -362.72     0.067
    -361.69     0.024
    -360.66    -0.150
    -359.63     0.024
    -358.60    -0.085
    -357.57    -0.056
    -356.54    -0.005
    -355.51     0.003
    -354.48     0.106
    -353.45     0.042
    -352.42     0.116
    -351.39     0.056
    -350.36    -0.061
    -349.33    -0.071
    -348.30     0.159
    -347.27     0.091
    -346.24    -0.011
    -345.21     0.045
    -344.18    -0.092
    -343.15     0.091
    -342.12     0.011
    -341.08     0.119
    -340.05    -0.025
    -339.02    -0.049
    -337.99    -0.021
    -336.96    -0.011
    -335.93    -0.067
    -334.90     0.044
    -333.87     0.153
    -332.84    -0.038
    -331.81     0.079
    -330.78     0.138
    -329.75    -0.032
    -328.72     0.140
    -327.69    -0.077
    -326.66     0.025
    -325.63     0.022
    -324.60    -0.036
    -323.57    -0.040
    -322.54    -0.059
    -321.51    -0.045
    -320.48    -0.064
    -319.44    -0.123
    -318.41    -0.038
    -317.38    -0.047
    -316.35    -0.052
    -315.32    -0.109
    -314.29     0.158
    -313.26    -0.116
    -312.23    -0.072
    -311.20     0.006
    -310.17     0.009
    -309.14    -0.072
    -308.11    -0.081
    -307.08    -0.033
    -306.05     0.015
    -305.02     0.077
    -303.99    -0.029
    -302.96    -0.032
    -301.93    -0.022
    -300.90     0.030
    -299.87     0.060
    -298.84    -0.107
    -297.80     0.047
    -296.77    -0.035
    -295.74     0.016
    -294.71     0.018
    -293.68     0.088
    -292.65     0.108
    -291.62     0.043
    -290.59    -0.059
    -289.56    -0.099
    -288.53     0.106
    -287.50     0.119
    -286.47    -0.006
    -285.44    -0.074
    -284.41    -0.171
    -283.38    -0.191
    -282.35    -0.100
    -281.32     0.030
    -280.29     0.051
    -279.26     0.073
    -278.23     0.157
    -277.20     0.072
    -276.17    -0.047
    -275.13    -0.084
    -274.10     0.072
    -273.07     0.050
    -272.04    -0.088
    -271.01     0.119
    -269.98     0.098
    -268.95     0.044
    -267.92    -0.117
    -266.89     0.071
    -265.86    -0.094
    -264.83     0.008
    -263.80     0.067
    -262.77    -0.067
    -261.74     0.030
    -260.71    -0.092
    -259.68    -0.078
    -258.65     0.016
    -257.62    -0.070
    -256.59     0.007
    -255.56     0.048
    -254.53     0.034
    -253.49    -0.072
    -252.46    -0.014
    -251.43    -0.055
    -250.40     0.005
    -249.37     0.106
    -248.34     0.009
    -247.31     0.113
    -246.28     0.023
    -245.25     0.126
    -244.22     0.028
    -243.19    -0.005
    -242.16    -0.109
    -241.13     0.175
    -240.10     0.119
    -239.07    -0.024
    -238.04     0.164
    -237.01     0.014
    -235.98     0.143
    -234.95    -0.035
    -233.92     0.144
    -232.89     0.180
    -231.86    -0.012
    -230.82     0.090
    -229.79    -0.106
    -228.76     0.000
    -227.73    -0.028
    -226.70     0.081
    -225.67    -0.114
    -224.64    -0.022
    -223.61    -0.017
    -222.58    -0.001
    -221.55    -0.120
    -220.52     0.068
    -219.49    -0.011
    -218.46     0.073
    -217.43    -0.128
    -216.40    -0.212
    -215.37    -0.090
    -214.34     0.017
    -213.31    -0.072
    -212.28     0.041
    -211.25     0.007
    -210.22     0.235
    -209.18    -0.054
    -208.15     0.092
    -207.12    -0.074
    -206.09     0.045
    -205.06     0.050
    -204.03     0.178
    -203.00     0.002
    -201.97     0.005
    -200.94     0.056
    -199.91     0.043
    -198.88     0.077
    -197.85     0.044
    -196.82     0.028
    -195.79     0.049
    -194.76     0.043
    -193.73     0.192
    -192.70    -0.158
    -191.67    -0.157
    -190.64    -0.155
    -189.61     0.123
    -188.58     0.129
    -187.54     0.085
    -186.51     0.122
    -185.48    -0.102
    -184.45    -0.030
    -183.42     0.038
    -182.39     0.021
    -181.36     0.172
    -180.33     0.134
    -179.30     0.019
    -178.27    -0.086
    -177.24     0.134
    -176.21    -0.059
    -175.18     0.013
    -174.15    -0.164
    -173.12    -0.073
    -172.09    -0.059
    -171.06     0.081
    -170.03    -0.088
    -169.00    -0.045
    -167.97    -0.197
    -166.94    -0.028
    -165.91     0.093
    -164.87    -0.008
    -163.84     0.034
    -162.81     0.059
    -161.78    -0.061
    -160.75    -0.164
    -159.72     0.017
    -158.69    -0.168
    -157.66     0.020
    -156.63    -0.016
    -155.60     0.101
    -154.57    -0.007
    -153.54    -0.211
    -152.51     0.034
    -151.48     0.150
    -150.45     0.085
    -149.42    -0.055
    -148.39     0.047
    -147.36    -0.150
    -146.33     0.121
    -145.30    -0.036
    -144.27     0.071
    -143.23    -0.017
    -142.20    -0.156
    -141.17     0.099
    -140.14     0.198
    -139.11     0.075
    -138.08     0.102
    -137.05     0.040
    -136.02     0.161
    -134.99     0.179
    -133.96     0.149
    -132.93     0.123
    -131.90     0.216
    -130.87     0.059
    -129.84     0.262
    -128.81     0.183
    -127.78     0.173
    -126.75     0.306
    -125.72     0.396
    -124.69     0.319
    -123.66     0.343
    -122.63     0.506
    -121.60     0.504
    -120.56     0.334
    -119.53     0.477
    -118.50     0.377
    -117.47     0.533
    -116.44     0.573
    -115.41     0.508
    -114.38     0.557
    -113.35     0.494
    -112.32     0.540
    -111.29     0.700
    -110.26     0.583
    -109.23     0.712
    -108.20     0.821
    -107.17     0.907
    -106.14     0.824
    -105.11     0.809
    -104.08     0.729
    -103.05     0.939
    -102.02     0.875
    -100.99     0.871
     -99.96     0.864
     -98.92     0.903
     -97.89     0.903
     -96.86     0.875
     -95.83     0.844
     -94.80     0.902
     -93.77     1.037
     -92.74     0.944
     -91.71     1.003
     -90.68     0.902
     -89.65     0.923
     -88.62     0.903
     -87.59     1.040
     -86.56     0.911
     -85.53     0.785
     -84.50     0.912
     -83.47     0.882
     -82.44     0.795
     -81.41     0.821
     -80.38     0.702
     -79.35     0.628
     -78.32     0.491
     -77.29     0.591
     -76.25     0.650
     -75.22     0.554
     -74.19     0.381
     -73.16     0.361
     -72.13     0.367
     -71.10     0.249
     -70.07     0.513
     -69.04     0.305
     -68.01     0.172
     -66.98     0.236
     -65.95     0.220
     -64.92     0.252
     -63.89     0.243
     -62.86     0.099
     -61.83     0.236
     -60.80     0.296
     -59.77     0.130
     -58.74     0.009
     -57.71     0.138
     -56.68     0.129
     -55.65     0.094
     -54.61     0.200
     -53.58     0.195
     -52.55     0.047
     -51.52     0.082
     -50.49     0.095
     -49.46     0.074
     -48.43    -0.039
     -47.40     0.187
     -46.37     0.176
     -45.34     0.206
     -44.31    -0.021
     -43.28     0.152
     -42.25     0.054
     -41.22     0.274
     -40.19    -0.031
     -39.16     0.229
     -38.13     0.182
     -37.10     0.109
     -36.07     0.174
     -35.04     0.283
     -34.01     0.230
     -32.97     0.310
     -31.94     0.239
     -30.91     0.174
     -29.88     0.253
     -28.85     0.254
     -27.82     0.272
     -26.79     0.454
     -25.76     0.607
     -24.73     0.636
     -23.70     0.645
     -22.67     0.618
     -21.64     0.907
     -20.61     1.076
     -19.58     1.313
     -18.55     2.048
     -17.52     3.036
     -16.49     4.279
     -15.46     5.171
     -14.43     5.919
     -13.40     6.761
     -12.37     7.969
     -11.34     8.741
     -10.30     9.673
      -9.27     9.630
      -8.24     9.653
      -7.21     9.702
      -6.18    10.091
      -5.15    11.144
      -4.12    12.215
      -3.09    13.188
      -2.06    15.156
      -1.03    17.566
       0.00    19.785
       1.03    20.043
       2.06    19.002
       3.09    16.257
       4.12    12.943
       5.15    10.147
       6.18     8.357
       7.21     6.901
       8.24     6.251
       9.27     5.399
      10.30     5.002
      11.34     4.141
      12.37     3.829
      13.40     3.230
      14.43     2.950
      15.46     2.775
      16.49     2.483
      17.52     2.473
      18.55     2.226
      19.58     2.025
      20.61     1.844
      21.64     1.780
      22.67     1.396
      23.70     1.158
      24.73     0.819
      25.76     0.767
      26.79     0.758
      27.82     0.681
      28.85     0.600
      29.88     0.277
      30.91     0.381
      31.94     0.276
      32.97     0.411
      34.01     0.249
      35.04     0.262
      36.07     0.159
      37.10     0.090
      38.13     0.139
      39.16     0.139
      40.19     0.005
      41.22     0.101
      42.25     0.073
      43.28     0.135
      44.31     0.145
      45.34     0.126
      46.37    -0.009
      47.40     0.228
      48.43    -0.054
      49.46    -0.080
      50.49    -0.091
      51.52     0.122
      52.55    -0.095
      53.58     0.012
      54.61     0.064
      55.65     0.083
      56.68    -0.020
      57.71    -0.129
      58.74     0.035
      59.77    -0.009
      60.80    -0.173
      61.83     0.154
      62.86    -0.126
      63.89    -0.012
      64.92     0.045
      65.95    -0.046
      66.98    -0.229
      68.01    -0.060
      69.04    -0.016
      70.07     0.022
      71.10    -0.067
      72.13     0.078
      73.16     0.112
      74.19    -0.020
      75.22    -0.109
      76.25    -0.026
      77.29    -0.010
      78.32    -0.103
      79.35     0.048
      80.38    -0.056
      81.41     0.012
      82.44    -0.118
      83.47     0.109
      84.50     0.000
      85.53    -0.048
      86.56     0.146
      87.59    -0.031
      88.62     0.088
      89.65     0.111
      90.68     0.058
      91.71    -0.014
      92.74    -0.019
      93.77     0.041
      94.80    -0.028
      95.83    -0.042
      96.86     0.078
      97.89     0.134
      98.92     0.053
      99.96    -0.008
     100.99     0.034
     102.02    -0.023
     103.05     0.114
     104.08     0.009
     105.11     0.089
     106.14    -0.049
     107.17     0.073
     108.20     0.117
     109.23    -0.122
     110.26    -0.032
     111.29     0.098
     112.32     0.021
     113.35     0.030
     114.38     0.053
     115.41     0.061
     116.44     0.371
     117.47    -0.039
     118.50    -0.090
     119.53    -0.026
     120.56    -0.068
     121.60    -0.015
     122.63    -0.052
     123.66    -0.015
     124.69     0.044
     125.72     0.070
     126.75    -0.073
     127.78    -0.081
     128.81     0.123
     129.84     0.225
     130.87     0.025
     131.90    -0.010
     132.93     0.067
     133.96     0.010
     134.99    -0.011
     136.02     0.052
     137.05    -0.033
     138.08    -0.037
     139.11     0.011
     140.14     0.040
     141.17     0.036
     142.20    -0.008
     143.23    -0.016
     144.27     0.003
     145.30    -0.071
     146.33     0.009
     147.36    -0.169
     148.39    -0.041
     149.42    -0.055
     150.45     0.024
     151.48    -0.211
     152.51     0.095
     153.54    -0.032
     154.57    -0.085
     155.60    -0.138
     156.63     0.038
     157.66    -0.028
     158.69    -0.013
     159.72    -0.004
     160.75    -0.048
     161.78     0.013
     162.81     0.127
     163.84    -0.006
     164.87    -0.023
     165.91     0.110
     166.94     0.045
     167.97    -0.052
     169.00     0.036
     170.03    -0.071
     171.06    -0.081
     172.09    -0.117
     173.12     0.084
     174.15     0.056
     175.18     0.096
     176.21    -0.106
     177.24    -0.036
     178.27     0.142
     179.30     0.038
     180.33    -0.069
     181.36     0.079
     182.39    -0.033
     183.42    -0.068
     184.45     0.128
     185.48    -0.014
     186.51    -0.023
     187.54     0.098
     188.58     0.008
     189.61    -0.041
     190.64     0.059
     191.67     0.019
     192.70     0.048
     193.73    -0.006
     194.76    -0.109
     195.79     0.043
     196.82     0.057
     197.85     0.069
     198.88    -0.138
     199.91    -0.095
     200.94    -0.006
     201.97     0.023
     203.00    -0.230
     204.03    -0.145
     205.06    -0.059
     206.09     0.057
     207.12    -0.057
     208.15     0.018
     209.18    -0.036
     210.22     0.039
     211.25    -0.038
     212.28     0.114
     213.31    -0.104
     214.34     0.126
     215.37    -0.075
     216.40     0.119
     217.43    -0.064
     218.46     0.055
     219.49     0.077
     220.52     0.017
     221.55     0.057
     222.58    -0.123
     223.61    -0.005
     224.64     0.061
     225.67     0.068
     226.70     0.059
     227.73     0.166
     228.76     0.096
     229.79    -0.047
     230.82    -0.051
     231.86    -0.057
     232.89     0.163
     233.92    -0.027
     234.95     0.020
     235.98    -0.109
     237.01     0.148
     238.04    -0.024
     239.07     0.009
     240.10     0.033
     241.13     0.001
     242.16    -0.088
     243.19     0.005
     244.22    -0.049
     245.25    -0.014
     246.28    -0.052
     247.31     0.111
     248.34     0.114
     249.37    -0.035
     250.40     0.032
     251.43     0.203
     252.46    -0.085
     253.49     0.038
     254.53    -0.078
     255.56     0.072
     256.59     0.080
     257.62     0.086
     258.65     0.092
     259.68     0.246
     260.71     0.064
     261.74     0.094
     262.77     0.046
     263.80     0.031
     264.83    -0.077
     265.86    -0.017
     266.89    -0.086
     267.92    -0.039
     268.95    -0.137
     269.98    -0.132
     271.01     0.081
     272.04    -0.002
     273.07    -0.172
     274.10     0.021
     275.13    -0.021
     276.17    -0.051
     277.20    -0.101
     278.23     0.038
     279.26    -0.043
     280.29    -0.076
     281.32     0.059
     282.35    -0.036
     283.38     0.030
     284.41    -0.023
     285.44    -0.063
     286.47     0.051
     287.50    -0.047
     288.53     0.003
     289.56    -0.058
     290.59     0.028
     291.62     0.021
     292.65     0.178
     293.68    -0.062
     294.71     0.054
     295.74     0.055
     296.77    -0.023
     297.80    -0.072
     298.84     0.112
     299.87    -0.101
     300.90     0.025
     301.93    -0.110
     302.96     0.011
     303.99     0.084
     305.02     0.060
     306.05    -0.027
     307.08    -0.025
     308.11     0.003
     309.14    -0.087
     310.17    -0.043
     311.20     0.168
     312.23     0.083
     313.26    -0.038
     314.29     0.137
     315.32     0.100
     316.35     0.032
     317.38    -0.102
     318.41    -0.005
     319.44     0.150
     320.48    -0.099
     321.51     0.059
     322.54    -0.035
     323.57     0.068
     324.60     0.010
     325.63     0.015
     326.66    -0.038
     327.69    -0.077
     328.72    -0.059
     329.75    -0.075
     330.78    -0.145
     331.81    -0.075
     332.84    -0.006
     333.87     0.046
     334.90     0.005
     335.93    -0.036
     336.96    -0.013
     337.99     0.077
     339.02    -0.109
     340.05    -0.030
     341.08     0.060
     342.11     0.035
     343.15     0.064
     344.18    -0.073
     345.21    -0.065
     346.24    -0.175
     347.27     0.012
     348.30     0.167
     349.33     0.063
     350.36     0.012
     351.39     0.114
     352.42     0.051
     353.45     0.056
     354.48     0.094
     355.51    -0.082
     356.54     0.117
     357.57    -0.011
     358.60    -0.010
     359.63     0.143
     360.66    -0.036
     361.69    -0.157
     362.72    -0.031
     363.75    -0.121
     364.79    -0.103
     365.82     0.005
     366.85     0.130
     367.88    -0.125
     368.91     0.027
     369.94    -0.053
     370.97    -0.066
     372.00     0.157
     373.03     0.039
     374.06     0.016
     375.09    -0.023
     376.12    -0.163
     377.15     0.003
     378.18    -0.062
     379.21     0.095
     380.24    -0.199
     381.27    -0.080
     382.30    -0.035
     383.33    -0.039
     384.36     0.057
     385.39    -0.211
     386.43    -0.019
     387.46    -0.127
     388.49    -0.052
     389.52     0.004
     390.55    -0.058
     391.58    -0.021
     392.61    -0.079
     393.64     0.002
     394.67    -0.147
     395.70     0.044
     396.73    -0.023
     397.76     0.051
     398.79    -0.128
     399.82    -0.245
