%%   72.50000   5.00000    0   0.20000
% LAB  survey ------------------
% wanted position:  l, b, RA, DEC, and interpolated  NH
% 72.50 ;   5.00 ; 298.28 ;  37.19 ;  0.268E+22
% nearest position: l, b, RA, DEC, and observed NH
% 72.50 ;   5.00 ; 298.28 ;  37.19 ;  0.268E+22
% GASS III survey --------------
% NH - median within 6 arcmin radius   0.00    
% NH - mean within specified beam      0.00    
% EBHIS survey -----------------
% NH  within specified beam           0.257E+22
%%EBHIS   621  datapoints: v_lsr [km/s] and T_B [K]
    -399.25    -0.010
    -397.96    -0.014
    -396.68    -0.111
    -395.39     0.043
    -394.10    -0.033
    -392.81    -0.053
    -391.52    -0.057
    -390.23    -0.283
    -388.95    -0.189
    -387.66    -0.110
    -386.37    -0.048
    -385.08     0.017
    -383.79    -0.039
    -382.50    -0.012
    -381.22    -0.090
    -379.93    -0.187
    -378.64    -0.041
    -377.35     0.109
    -376.06     0.103
    -374.78     0.002
    -373.49    -0.143
    -372.20    -0.117
    -370.91    -0.025
    -369.62     0.016
    -368.33     0.132
    -367.05     0.008
    -365.76    -0.007
    -364.47     0.056
    -363.18     0.028
    -361.89     0.066
    -360.60    -0.104
    -359.32    -0.061
    -358.03     0.029
    -356.74    -0.051
    -355.45     0.000
    -354.16     0.099
    -352.88    -0.023
    -351.59     0.044
    -350.30     0.162
    -349.01     0.100
    -347.72    -0.040
    -346.43     0.013
    -345.15     0.103
    -343.86    -0.003
    -342.57     0.061
    -341.28    -0.046
    -339.99     0.107
    -338.70     0.070
    -337.42     0.033
    -336.13    -0.082
    -334.84    -0.081
    -333.55     0.002
    -332.26     0.113
    -330.98     0.074
    -329.69     0.123
    -328.40     0.111
    -327.11     0.029
    -325.82     0.036
    -324.53    -0.053
    -323.25     0.008
    -321.96     0.053
    -320.67    -0.023
    -319.38    -0.015
    -318.09    -0.043
    -316.80     0.026
    -315.52    -0.063
    -314.23    -0.149
    -312.94     0.061
    -311.65     0.051
    -310.36     0.069
    -309.08    -0.102
    -307.79    -0.124
    -306.50    -0.059
    -305.21    -0.044
    -303.92    -0.075
    -302.63    -0.002
    -301.35     0.043
    -300.06    -0.001
    -298.77     0.030
    -297.48     0.084
    -296.19     0.110
    -294.90     0.037
    -293.62    -0.035
    -292.33    -0.101
    -291.04     0.042
    -289.75     0.006
    -288.46    -0.014
    -287.18    -0.020
    -285.89     0.026
    -284.60    -0.053
    -283.31    -0.054
    -282.02    -0.115
    -280.73    -0.001
    -279.45    -0.067
    -278.16    -0.053
    -276.87    -0.005
    -275.58     0.043
    -274.29     0.053
    -273.00     0.083
    -271.72     0.068
    -270.43     0.029
    -269.14     0.037
    -267.85    -0.021
    -266.56     0.137
    -265.28    -0.006
    -263.99    -0.021
    -262.70    -0.002
    -261.41    -0.008
    -260.12    -0.136
    -258.83     0.062
    -257.55     0.077
    -256.26    -0.001
    -254.97    -0.009
    -253.68     0.106
    -252.39    -0.018
    -251.10    -0.053
    -249.82     0.026
    -248.53    -0.034
    -247.24    -0.059
    -245.95    -0.096
    -244.66    -0.005
    -243.38     0.044
    -242.09    -0.109
    -240.80    -0.047
    -239.51    -0.052
    -238.22    -0.048
    -236.93    -0.074
    -235.65    -0.063
    -234.36    -0.134
    -233.07    -0.065
    -231.78    -0.058
    -230.49    -0.016
    -229.20    -0.039
    -227.92     0.033
    -226.63    -0.061
    -225.34    -0.109
    -224.05     0.090
    -222.76    -0.033
    -221.48     0.088
    -220.19     0.068
    -218.90    -0.077
    -217.61    -0.066
    -216.32    -0.045
    -215.03    -0.016
    -213.75     0.015
    -212.46     0.039
    -211.17     0.041
    -209.88     0.014
    -208.59     0.054
    -207.30    -0.006
    -206.02    -0.096
    -204.73    -0.007
    -203.44     0.140
    -202.15     0.008
    -200.86    -0.003
    -199.58     0.078
    -198.29     0.010
    -197.00     0.097
    -195.71    -0.062
    -194.42    -0.125
    -193.13    -0.007
    -191.85     0.058
    -190.56     0.090
    -189.27     0.013
    -187.98     0.085
    -186.69     0.201
    -185.40     0.116
    -184.12     0.089
    -182.83    -0.040
    -181.54     0.058
    -180.25     0.039
    -178.96     0.059
    -177.68     0.024
    -176.39    -0.181
    -175.10    -0.011
    -173.81     0.026
    -172.52     0.015
    -171.23     0.153
    -169.95     0.004
    -168.66    -0.043
    -167.37     0.077
    -166.08    -0.033
    -164.79     0.051
    -163.50     0.047
    -162.22    -0.119
    -160.93     0.024
    -159.64     0.023
    -158.35     0.054
    -157.06    -0.060
    -155.78    -0.007
    -154.49     0.034
    -153.20    -0.009
    -151.91    -0.007
    -150.62     0.014
    -149.33     0.076
    -148.05     0.091
    -146.76     0.130
    -145.47    -0.037
    -144.18    -0.021
    -142.89    -0.034
    -141.60    -0.018
    -140.32     0.003
    -139.03     0.083
    -137.74    -0.075
    -136.45    -0.048
    -135.16     0.112
    -133.88     0.016
    -132.59     0.176
    -131.30     0.041
    -130.01     0.006
    -128.72     0.113
    -127.43     0.169
    -126.15     0.236
    -124.86     0.287
    -123.57     0.256
    -122.28     0.438
    -120.99     0.555
    -119.70     0.567
    -118.42     0.621
    -117.13     0.846
    -115.84     1.173
    -114.55     1.385
    -113.26     1.836
    -111.98     2.323
    -110.69     3.008
    -109.40     3.723
    -108.11     4.446
    -106.82     5.290
    -105.53     6.342
    -104.25     7.519
    -102.96     8.824
    -101.67     8.137
    -100.38     7.068
     -99.09     5.895
     -97.80     5.006
     -96.52     4.604
     -95.23     4.405
     -93.94     4.431
     -92.65     4.316
     -91.36     4.259
     -90.08     4.409
     -88.79     4.747
     -87.50     5.049
     -86.21     5.693
     -84.92     6.344
     -83.63     7.410
     -82.35     8.138
     -81.06     9.120
     -79.77     9.894
     -78.48    10.319
     -77.19    10.336
     -75.90    10.204
     -74.62    10.263
     -73.33     9.990
     -72.04     9.706
     -70.75     9.063
     -69.46     8.657
     -68.18     8.042
     -66.89     7.590
     -65.60     7.009
     -64.31     6.765
     -63.02     6.370
     -61.73     6.453
     -60.45     6.394
     -59.16     6.428
     -57.87     6.251
     -56.58     6.036
     -55.29     5.964
     -54.00     5.851
     -52.72     5.982
     -51.43     5.872
     -50.14     5.791
     -48.85     5.656
     -47.56     5.745
     -46.28     5.631
     -44.99     5.553
     -43.70     5.570
     -42.41     5.625
     -41.12     5.808
     -39.83     5.780
     -38.55     5.740
     -37.26     5.551
     -35.97     5.484
     -34.68     5.459
     -33.39     5.630
     -32.10     5.837
     -30.82     5.984
     -29.53     5.954
     -28.24     5.706
     -26.95     5.931
     -25.66     5.903
     -24.38     5.854
     -23.09     6.009
     -21.80     6.200
     -20.51     6.435
     -19.22     6.672
     -17.93     6.928
     -16.65     6.999
     -15.36     7.227
     -14.07     7.678
     -12.78     8.243
     -11.49     8.810
     -10.20     9.557
      -8.92    10.567
      -7.63    11.761
      -6.34    12.935
      -5.05    14.706
      -3.76    16.598
      -2.48    18.937
      -1.19    21.310
       0.10    25.851
       1.39    31.716
       2.68    36.915
       3.97    41.827
       5.25    43.196
       6.54    39.717
       7.83    32.974
       9.12    26.586
      10.41    22.496
      11.70    19.467
      12.98    16.501
      14.27    14.633
      15.56    14.555
      16.85    14.866
      18.14    14.951
      19.42    13.958
      20.71    11.417
      22.00     8.531
      23.29     6.102
      24.58     4.578
      25.87     3.546
      27.15     2.696
      28.44     2.051
      29.73     1.701
      31.02     1.157
      32.31     0.919
      33.60     0.757
      34.88     0.653
      36.17     0.289
      37.46     0.281
      38.75     0.389
      40.04     0.386
      41.32     0.304
      42.61     0.281
      43.90     0.301
      45.19     0.242
      46.48     0.129
      47.77     0.021
      49.05     0.046
      50.34     0.091
      51.63     0.127
      52.92     0.058
      54.21    -0.027
      55.50    -0.078
      56.78     0.122
      58.07     0.119
      59.36     0.046
      60.65     0.147
      61.94     0.136
      63.22     0.060
      64.51    -0.095
      65.80    -0.102
      67.09    -0.020
      68.38     0.051
      69.67    -0.037
      70.95    -0.051
      72.24    -0.004
      73.53     0.058
      74.82     0.063
      76.11     0.030
      77.40    -0.005
      78.68     0.006
      79.97    -0.039
      81.26    -0.089
      82.55     0.003
      83.84     0.014
      85.12     0.047
      86.41    -0.001
      87.70     0.014
      88.99    -0.005
      90.28     0.005
      91.57    -0.064
      92.85     0.072
      94.14    -0.001
      95.43     0.102
      96.72    -0.064
      98.01     0.143
      99.30    -0.045
     100.58     0.022
     101.87     0.005
     103.16    -0.066
     104.45     0.072
     105.74     0.098
     107.02     0.099
     108.31     0.014
     109.60    -0.085
     110.89     0.101
     112.18     0.068
     113.47    -0.064
     114.75    -0.041
     116.04     0.011
     117.33    -0.092
     118.62     0.047
     119.91     0.092
     121.20    -0.014
     122.48    -0.033
     123.77     0.051
     125.06     0.010
     126.35    -0.101
     127.64     0.081
     128.92    -0.061
     130.21     0.097
     131.50     0.027
     132.79     0.069
     134.08     0.100
     135.37     0.074
     136.65     0.040
     137.94    -0.041
     139.23    -0.084
     140.52    -0.013
     141.81     0.043
     143.09     0.068
     144.38    -0.067
     145.67    -0.060
     146.96     0.024
     148.25    -0.100
     149.54     0.032
     150.82     0.103
     152.11    -0.150
     153.40     0.013
     154.69     0.017
     155.98    -0.160
     157.27    -0.117
     158.55    -0.057
     159.84    -0.002
     161.13    -0.031
     162.42     0.005
     163.71    -0.033
     164.99     0.066
     166.28    -0.062
     167.57     0.046
     168.86    -0.030
     170.15    -0.068
     171.44     0.014
     172.72    -0.071
     174.01     0.009
     175.30     0.021
     176.59     0.040
     177.88    -0.003
     179.17    -0.136
     180.45    -0.077
     181.74    -0.079
     183.03    -0.075
     184.32    -0.159
     185.61    -0.047
     186.89     0.039
     188.18     0.154
     189.47     0.109
     190.76     0.071
     192.05    -0.007
     193.34     0.044
     194.62    -0.097
     195.91     0.034
     197.20    -0.154
     198.49    -0.035
     199.78    -0.001
     201.07     0.019
     202.35     0.012
     203.64     0.008
     204.93    -0.046
     206.22     0.021
     207.51    -0.147
     208.79     0.053
     210.08     0.014
     211.37     0.131
     212.66     0.105
     213.95     0.014
     215.24    -0.031
     216.52     0.037
     217.81     0.030
     219.10    -0.052
     220.39    -0.040
     221.68     0.156
     222.97     0.094
     224.25     0.013
     225.54    -0.066
     226.83     0.003
     228.12     0.137
     229.41     0.040
     230.69    -0.053
     231.98    -0.085
     233.27    -0.092
     234.56    -0.045
     235.85    -0.042
     237.14    -0.092
     238.42    -0.028
     239.71     0.006
     241.00     0.038
     242.29     0.018
     243.58     0.059
     244.87     0.105
     246.15     0.037
     247.44     0.136
     248.73     0.082
     250.02     0.028
     251.31     0.006
     252.59    -0.103
     253.88    -0.069
     255.17    -0.059
     256.46     0.006
     257.75     0.110
     259.04    -0.068
     260.32     0.035
     261.61    -0.003
     262.90     0.048
     264.19     0.053
     265.48     0.081
     266.77     0.152
     268.05     0.130
     269.34    -0.088
     270.63    -0.051
     271.92    -0.071
     273.21    -0.040
     274.49     0.001
     275.78    -0.126
     277.07    -0.103
     278.36    -0.014
     279.65    -0.141
     280.94    -0.049
     282.22     0.058
     283.51     0.009
     284.80     0.023
     286.09     0.041
     287.38    -0.005
     288.67    -0.050
     289.95     0.078
     291.24    -0.026
     292.53    -0.095
     293.82    -0.089
     295.11     0.040
     296.39     0.025
     297.68    -0.109
     298.97    -0.106
     300.26    -0.039
     301.55     0.063
     302.84    -0.055
     304.12    -0.006
     305.41     0.008
     306.70    -0.109
     307.99    -0.104
     309.28    -0.011
     310.57     0.091
     311.85     0.111
     313.14     0.062
     314.43     0.053
     315.72     0.014
     317.01     0.010
     318.29     0.000
     319.58    -0.051
     320.87    -0.011
     322.16     0.033
     323.45    -0.037
     324.74     0.094
     326.02     0.079
     327.31     0.001
     328.60     0.039
     329.89     0.095
     331.18    -0.031
     332.47     0.080
     333.75     0.049
     335.04    -0.003
     336.33     0.074
     337.62     0.003
     338.91    -0.031
     340.19    -0.072
     341.48    -0.048
     342.77    -0.042
     344.06     0.002
     345.35    -0.056
     346.64     0.146
     347.92    -0.015
     349.21     0.104
     350.50     0.017
     351.79     0.083
     353.08    -0.019
     354.37     0.002
     355.65    -0.056
     356.94    -0.039
     358.23    -0.023
     359.52    -0.008
     360.81     0.102
     362.09    -0.035
     363.38     0.030
     364.67     0.087
     365.96    -0.080
     367.25     0.011
     368.54    -0.065
     369.82    -0.054
     371.11     0.043
     372.40     0.024
     373.69    -0.024
     374.98    -0.033
     376.27     0.045
     377.55     0.133
     378.84     0.038
     380.13    -0.053
     381.42    -0.039
     382.71     0.115
     383.99    -0.069
     385.28    -0.066
     386.57    -0.038
     387.86     0.294
     389.15    -0.030
     390.44    -0.001
     391.72    -0.017
     393.01     0.134
     394.30     0.125
     395.59     0.002
     396.88    -0.219
     398.17    -0.056
     399.45     0.078
%%GASS      0  datapoints: v_lsr [km/s] and T_B [K]
%%LAB     777  datapoints: v_lsr [km/s] and T_B [K]
    -399.83    -0.004
    -398.80    -0.065
    -397.77     0.117
    -396.74     0.035
    -395.71    -0.103
    -394.68    -0.069
    -393.64    -0.018
    -392.61     0.023
    -391.58     0.015
    -390.55     0.025
    -389.52     0.098
    -388.49    -0.052
    -387.46    -0.031
    -386.43     0.042
    -385.40    -0.042
    -384.37     0.081
    -383.34     0.029
    -382.31     0.012
    -381.28    -0.173
    -380.25    -0.065
    -379.22     0.072
    -378.19    -0.007
    -377.16    -0.010
    -376.13    -0.016
    -375.10    -0.048
    -374.07     0.075
    -373.04     0.096
    -372.00    -0.087
    -370.97     0.104
    -369.94     0.101
    -368.91    -0.035
    -367.88    -0.166
    -366.85    -0.017
    -365.82     0.019
    -364.79     0.137
    -363.76    -0.026
    -362.73     0.116
    -361.70    -0.093
    -360.67     0.009
    -359.64    -0.056
    -358.61    -0.094
    -357.58     0.080
    -356.55     0.027
    -355.52     0.022
    -354.49    -0.031
    -353.46    -0.033
    -352.43     0.038
    -351.39    -0.019
    -350.36     0.052
    -349.33    -0.033
    -348.30     0.135
    -347.27    -0.048
    -346.24     0.047
    -345.21    -0.046
    -344.18    -0.061
    -343.15    -0.057
    -342.12     0.129
    -341.09    -0.009
    -340.06    -0.012
    -339.03    -0.118
    -338.00    -0.097
    -336.97    -0.009
    -335.94    -0.003
    -334.91     0.089
    -333.88    -0.023
    -332.85    -0.143
    -331.82     0.038
    -330.79    -0.126
    -329.75    -0.089
    -328.72    -0.020
    -327.69     0.105
    -326.66     0.023
    -325.63     0.124
    -324.60     0.036
    -323.57     0.253
    -322.54     0.101
    -321.51     0.064
    -320.48    -0.085
    -319.45    -0.102
    -318.42    -0.012
    -317.39     0.059
    -316.36    -0.007
    -315.33     0.062
    -314.30    -0.115
    -313.27     0.051
    -312.24    -0.114
    -311.21     0.191
    -310.18    -0.077
    -309.15     0.068
    -308.11     0.142
    -307.08    -0.043
    -306.05    -0.014
    -305.02    -0.055
    -303.99     0.027
    -302.96    -0.019
    -301.93    -0.130
    -300.90     0.021
    -299.87    -0.041
    -298.84    -0.104
    -297.81     0.090
    -296.78    -0.013
    -295.75    -0.096
    -294.72     0.090
    -293.69     0.153
    -292.66    -0.059
    -291.63    -0.058
    -290.60     0.023
    -289.57    -0.021
    -288.54     0.138
    -287.50    -0.052
    -286.47    -0.067
    -285.44    -0.091
    -284.41     0.064
    -283.38    -0.054
    -282.35     0.039
    -281.32     0.053
    -280.29     0.038
    -279.26    -0.054
    -278.23    -0.048
    -277.20     0.067
    -276.17    -0.036
    -275.14    -0.005
    -274.11     0.034
    -273.08    -0.045
    -272.05    -0.069
    -271.02    -0.090
    -269.99     0.057
    -268.96     0.090
    -267.93     0.015
    -266.90     0.079
    -265.86     0.104
    -264.83     0.187
    -263.80     0.008
    -262.77    -0.022
    -261.74     0.064
    -260.71     0.057
    -259.68    -0.027
    -258.65     0.088
    -257.62    -0.106
    -256.59    -0.047
    -255.56    -0.054
    -254.53     0.086
    -253.50     0.016
    -252.47    -0.035
    -251.44    -0.035
    -250.41    -0.135
    -249.38     0.044
    -248.35    -0.056
    -247.32    -0.063
    -246.29    -0.096
    -245.26     0.142
    -244.22    -0.058
    -243.19     0.131
    -242.16     0.057
    -241.13    -0.159
    -240.10    -0.058
    -239.07     0.092
    -238.04     0.069
    -237.01     0.043
    -235.98    -0.021
    -234.95     0.004
    -233.92    -0.220
    -232.89     0.060
    -231.86     0.039
    -230.83    -0.022
    -229.80    -0.194
    -228.77     0.018
    -227.74    -0.116
    -226.71    -0.019
    -225.68     0.091
    -224.65    -0.078
    -223.61    -0.033
    -222.58     0.051
    -221.55     0.105
    -220.52     0.099
    -219.49    -0.098
    -218.46     0.091
    -217.43     0.005
    -216.40    -0.027
    -215.37    -0.025
    -214.34     0.059
    -213.31     0.071
    -212.28    -0.031
    -211.25     0.002
    -210.22     0.100
    -209.19    -0.117
    -208.16     0.047
    -207.13     0.127
    -206.10     0.027
    -205.07    -0.018
    -204.04     0.068
    -203.01    -0.026
    -201.97     0.010
    -200.94    -0.085
    -199.91     0.043
    -198.88    -0.052
    -197.85    -0.026
    -196.82    -0.046
    -195.79     0.136
    -194.76     0.124
    -193.73    -0.027
    -192.70     0.086
    -191.67     0.053
    -190.64    -0.175
    -189.61     0.119
    -188.58     0.004
    -187.55     0.025
    -186.52    -0.134
    -185.49     0.125
    -184.46     0.010
    -183.43    -0.052
    -182.40     0.034
    -181.37     0.144
    -180.33     0.081
    -179.30    -0.030
    -178.27     0.009
    -177.24    -0.107
    -176.21    -0.037
    -175.18     0.114
    -174.15     0.005
    -173.12    -0.020
    -172.09    -0.059
    -171.06     0.064
    -170.03     0.092
    -169.00     0.066
    -167.97     0.148
    -166.94    -0.060
    -165.91     0.098
    -164.88     0.027
    -163.85    -0.014
    -162.82    -0.007
    -161.79    -0.110
    -160.76     0.182
    -159.72    -0.073
    -158.69    -0.103
    -157.66    -0.029
    -156.63     0.174
    -155.60     0.053
    -154.57    -0.019
    -153.54     0.025
    -152.51     0.071
    -151.48     0.024
    -150.45     0.251
    -149.42    -0.067
    -148.39    -0.023
    -147.36    -0.010
    -146.33    -0.013
    -145.30     0.008
    -144.27     0.086
    -143.24    -0.054
    -142.21     0.150
    -141.18    -0.038
    -140.15    -0.023
    -139.12     0.065
    -138.08    -0.077
    -137.05    -0.001
    -136.02     0.086
    -134.99     0.029
    -133.96    -0.103
    -132.93    -0.003
    -131.90    -0.006
    -130.87     0.094
    -129.84     0.081
    -128.81     0.017
    -127.78     0.120
    -126.75    -0.004
    -125.72     0.211
    -124.69     0.249
    -123.66     0.501
    -122.63     0.305
    -121.60     0.327
    -120.57     0.404
    -119.54     0.444
    -118.51     0.626
    -117.48     0.786
    -116.44     0.852
    -115.41     1.101
    -114.38     1.567
    -113.35     1.686
    -112.32     2.309
    -111.29     2.875
    -110.26     3.414
    -109.23     4.368
    -108.20     4.757
    -107.17     5.497
    -106.14     5.681
    -105.11     6.230
    -104.08     6.467
    -103.05     7.330
    -102.02     8.074
    -100.99     7.683
     -99.96     7.024
     -98.93     6.579
     -97.90     5.961
     -96.87     5.585
     -95.83     5.259
     -94.80     5.031
     -93.77     4.963
     -92.74     4.885
     -91.71     4.923
     -90.68     4.962
     -89.65     5.239
     -88.62     5.489
     -87.59     5.605
     -86.56     6.189
     -85.53     6.524
     -84.50     7.332
     -83.47     7.946
     -82.44     8.767
     -81.41     9.642
     -80.38    10.318
     -79.35    10.656
     -78.32    10.783
     -77.29    10.937
     -76.26    11.191
     -75.23    11.340
     -74.19    11.047
     -73.16    11.130
     -72.13    10.936
     -71.10    10.551
     -70.07    10.172
     -69.04     9.603
     -68.01     8.912
     -66.98     8.327
     -65.95     7.845
     -64.92     7.431
     -63.89     6.786
     -62.86     6.520
     -61.83     6.103
     -60.80     6.015
     -59.77     5.874
     -58.74     5.509
     -57.71     5.634
     -56.68     5.556
     -55.65     5.660
     -54.62     5.625
     -53.59     6.037
     -52.55     5.910
     -51.52     6.102
     -50.49     5.899
     -49.46     5.868
     -48.43     5.919
     -47.40     5.877
     -46.37     5.866
     -45.34     5.777
     -44.31     5.703
     -43.28     5.887
     -42.25     5.588
     -41.22     5.640
     -40.19     5.487
     -39.16     5.328
     -38.13     5.380
     -37.10     5.244
     -36.07     5.205
     -35.04     5.251
     -34.01     5.011
     -32.98     5.075
     -31.94     5.092
     -30.91     5.293
     -29.88     5.223
     -28.85     5.507
     -27.82     5.556
     -26.79     5.512
     -25.76     5.746
     -24.73     5.931
     -23.70     5.745
     -22.67     6.099
     -21.64     6.415
     -20.61     6.706
     -19.58     6.624
     -18.55     6.869
     -17.52     7.110
     -16.49     7.001
     -15.46     7.378
     -14.43     7.794
     -13.40     7.901
     -12.37     8.577
     -11.34     9.223
     -10.30    10.075
      -9.27    11.057
      -8.24    11.840
      -7.21    12.788
      -6.18    14.190
      -5.15    15.034
      -4.12    16.661
      -3.09    18.601
      -2.06    20.843
      -1.03    23.582
       0.00    27.658
       1.03    32.364
       2.06    36.774
       3.09    40.044
       4.12    42.037
       5.15    42.381
       6.18    40.472
       7.21    36.671
       8.24    31.856
       9.27    27.837
      10.30    24.386
      11.34    21.821
      12.37    19.573
      13.40    17.837
      14.43    16.595
      15.46    15.921
      16.49    15.379
      17.52    14.950
      18.55    14.190
      19.58    13.391
      20.61    11.324
      21.64     9.770
      22.67     8.412
      23.70     6.833
      24.73     5.440
      25.76     4.413
      26.79     3.774
      27.82     2.759
      28.85     2.210
      29.88     1.913
      30.91     1.545
      31.95     1.330
      32.98     1.003
      34.01     0.762
      35.04     0.719
      36.07     0.525
      37.10     0.577
      38.13     0.366
      39.16     0.210
      40.19     0.266
      41.22     0.141
      42.25     0.088
      43.28     0.090
      44.31     0.051
      45.34    -0.013
      46.37     0.159
      47.40     0.169
      48.43     0.055
      49.46     0.037
      50.49     0.172
      51.52     0.119
      52.55     0.008
      53.59     0.010
      54.62    -0.009
      55.65     0.062
      56.68     0.086
      57.71    -0.061
      58.74     0.027
      59.77     0.242
      60.80     0.102
      61.83    -0.100
      62.86    -0.013
      63.89    -0.050
      64.92    -0.059
      65.95     0.034
      66.98    -0.134
      68.01     0.210
      69.04    -0.097
      70.07     0.098
      71.10    -0.007
      72.13     0.212
      73.16    -0.022
      74.19    -0.067
      75.23     0.012
      76.26     0.151
      77.29     0.061
      78.32    -0.009
      79.35    -0.146
      80.38    -0.024
      81.41     0.061
      82.44     0.116
      83.47     0.025
      84.50    -0.171
      85.53     0.060
      86.56     0.058
      87.59    -0.047
      88.62     0.077
      89.65    -0.051
      90.68     0.066
      91.71    -0.022
      92.74     0.119
      93.77     0.075
      94.80     0.017
      95.83    -0.036
      96.87     0.079
      97.90     0.049
      98.93     0.181
      99.96    -0.093
     100.99    -0.127
     102.02     0.064
     103.05     0.051
     104.08     0.013
     105.11    -0.238
     106.14    -0.057
     107.17    -0.022
     108.20     0.014
     109.23     0.082
     110.26     0.113
     111.29     0.016
     112.32     0.051
     113.35     0.430
     114.38     0.356
     115.41    -0.137
     116.44     0.059
     117.48    -0.064
     118.51     0.097
     119.54     0.086
     120.57    -0.130
     121.60     0.090
     122.63     0.165
     123.66     0.041
     124.69    -0.164
     125.72     0.086
     126.75    -0.057
     127.78     0.072
     128.81    -0.035
     129.84     0.131
     130.87     0.098
     131.90     0.086
     132.93     0.202
     133.96     0.060
     134.99    -0.001
     136.02     0.077
     137.05    -0.031
     138.08     0.141
     139.12     0.034
     140.15     0.044
     141.18     0.021
     142.21     0.051
     143.24    -0.037
     144.27     0.062
     145.30    -0.042
     146.33     0.016
     147.36    -0.069
     148.39    -0.041
     149.42    -0.067
     150.45    -0.184
     151.48    -0.298
     152.51    -0.021
     153.54    -0.086
     154.57    -0.036
     155.60     0.015
     156.63    -0.018
     157.66     0.098
     158.69    -0.005
     159.72    -0.032
     160.76    -0.023
     161.79    -0.100
     162.82    -0.065
     163.85     0.053
     164.88    -0.044
     165.91    -0.046
     166.94    -0.078
     167.97     0.109
     169.00     0.007
     170.03     0.001
     171.06    -0.085
     172.09     0.072
     173.12     0.045
     174.15    -0.072
     175.18    -0.128
     176.21     0.100
     177.24    -0.026
     178.27     0.124
     179.30     0.129
     180.33     0.065
     181.37     0.107
     182.40     0.036
     183.43     0.042
     184.46     0.096
     185.49     0.053
     186.52    -0.041
     187.55    -0.123
     188.58    -0.069
     189.61     0.014
     190.64    -0.078
     191.67     0.073
     192.70     0.199
     193.73     0.155
     194.76     0.095
     195.79     0.008
     196.82     0.084
     197.85     0.015
     198.88     0.042
     199.91     0.037
     200.94    -0.021
     201.97     0.096
     203.01    -0.077
     204.04     0.059
     205.07    -0.012
     206.10     0.048
     207.13     0.002
     208.16    -0.069
     209.19    -0.009
     210.22     0.048
     211.25     0.002
     212.28     0.072
     213.31    -0.186
     214.34     0.150
     215.37    -0.037
     216.40    -0.063
     217.43    -0.085
     218.46    -0.118
     219.49    -0.163
     220.52     0.045
     221.55    -0.012
     222.58    -0.048
     223.61    -0.160
     224.65     0.045
     225.68    -0.013
     226.71     0.008
     227.74     0.021
     228.77     0.116
     229.80    -0.181
     230.83    -0.036
     231.86     0.014
     232.89    -0.034
     233.92     0.048
     234.95     0.026
     235.98    -0.016
     237.01     0.099
     238.04     0.081
     239.07    -0.111
     240.10    -0.038
     241.13     0.005
     242.16     0.097
     243.19    -0.046
     244.22     0.066
     245.26    -0.111
     246.29     0.026
     247.32    -0.055
     248.35    -0.062
     249.38     0.014
     250.41     0.031
     251.44     0.088
     252.47     0.015
     253.50     0.064
     254.53    -0.051
     255.56    -0.039
     256.59    -0.082
     257.62    -0.029
     258.65    -0.054
     259.68    -0.027
     260.71    -0.138
     261.74     0.064
     262.77     0.068
     263.80     0.059
     264.83    -0.105
     265.86    -0.088
     266.90     0.068
     267.93    -0.145
     268.96    -0.069
     269.99    -0.037
     271.02     0.075
     272.05    -0.087
     273.08     0.084
     274.11    -0.050
     275.14     0.118
     276.17     0.016
     277.20    -0.106
     278.23     0.146
     279.26     0.016
     280.29     0.002
     281.32    -0.018
     282.35     0.034
     283.38     0.053
     284.41     0.073
     285.44    -0.030
     286.47     0.139
     287.50    -0.054
     288.54     0.006
     289.57    -0.015
     290.60    -0.019
     291.63     0.004
     292.66    -0.065
     293.69     0.038
     294.72     0.073
     295.75     0.010
     296.78     0.243
     297.81     0.057
     298.84    -0.014
     299.87     0.042
     300.90     0.037
     301.93    -0.145
     302.96    -0.090
     303.99     0.021
     305.02     0.032
     306.05    -0.134
     307.08     0.025
     308.11    -0.057
     309.15     0.021
     310.18    -0.121
     311.21    -0.041
     312.24     0.060
     313.27    -0.094
     314.30     0.041
     315.33     0.074
     316.36    -0.141
     317.39    -0.029
     318.42    -0.077
     319.45    -0.025
     320.48     0.052
     321.51     0.051
     322.54    -0.134
     323.57     0.032
     324.60    -0.034
     325.63    -0.070
     326.66     0.032
     327.69     0.114
     328.72    -0.107
     329.75    -0.117
     330.79     0.001
     331.82    -0.108
     332.85     0.012
     333.88    -0.052
     334.91     0.040
     335.94    -0.007
     336.97     0.105
     338.00     0.148
     339.03     0.002
     340.06     0.042
     341.09     0.040
     342.12    -0.037
     343.15     0.095
     344.18     0.062
     345.21    -0.002
     346.24    -0.003
     347.27     0.166
     348.30     0.168
     349.33     0.012
     350.36    -0.056
     351.39    -0.148
     352.43    -0.067
     353.46     0.146
     354.49    -0.031
     355.52    -0.096
     356.55     0.048
     357.58     0.049
     358.61     0.135
     359.64    -0.041
     360.67    -0.023
     361.70    -0.065
     362.73     0.121
     363.76    -0.113
     364.79    -0.132
     365.82    -0.052
     366.85    -0.042
     367.88    -0.077
     368.91     0.046
     369.94     0.014
     370.97     0.081
     372.00    -0.132
     373.04     0.013
     374.07    -0.044
     375.10    -0.061
     376.13    -0.075
     377.16     0.142
     378.19     0.072
     379.22     0.122
     380.25    -0.052
     381.28    -0.126
     382.31     0.098
     383.34     0.142
     384.37    -0.007
     385.40    -0.016
     386.43    -0.009
     387.46     0.045
     388.49     0.028
     389.52    -0.047
     390.55    -0.029
     391.58     0.096
     392.61     0.083
     393.64     0.039
     394.68     0.017
     395.71     0.012
     396.74     0.157
     397.77     0.025
     398.80    -0.067
     399.83     0.002
