%%   72.50000  -5.00000    0   0.20000
% LAB  survey ------------------
% wanted position:  l, b, RA, DEC, and interpolated  NH
% 72.50 ;  -5.00 ; 308.40 ;  31.67 ;  0.332E+22
% nearest position: l, b, RA, DEC, and observed NH
% 72.50 ;  -5.00 ; 308.40 ;  31.67 ;  0.332E+22
% GASS III survey --------------
% NH - median within 6 arcmin radius   0.00    
% NH - mean within specified beam      0.00    
% EBHIS survey -----------------
% NH  within specified beam           0.326E+22
%%EBHIS   621  datapoints: v_lsr [km/s] and T_B [K]
    -399.25    -0.046
    -397.96    -0.027
    -396.68     0.032
    -395.39     0.000
    -394.10    -0.043
    -392.81    -0.040
    -391.52    -0.038
    -390.23     0.135
    -388.95     0.117
    -387.66     0.024
    -386.37    -0.003
    -385.08     0.087
    -383.79    -0.087
    -382.50    -0.021
    -381.22     0.007
    -379.93     0.007
    -378.64     0.092
    -377.35    -0.237
    -376.06    -0.042
    -374.78     0.107
    -373.49     0.129
    -372.20     0.077
    -370.91     0.079
    -369.62     0.033
    -368.33     0.040
    -367.05    -0.024
    -365.76    -0.072
    -364.47    -0.094
    -363.18     0.065
    -361.89     0.084
    -360.60     0.033
    -359.32    -0.099
    -358.03    -0.050
    -356.74     0.025
    -355.45     0.081
    -354.16     0.197
    -352.88     0.010
    -351.59     0.044
    -350.30    -0.105
    -349.01    -0.076
    -347.72     0.081
    -346.43     0.111
    -345.15     0.150
    -343.86     0.052
    -342.57    -0.007
    -341.28    -0.108
    -339.99     0.011
    -338.70     0.048
    -337.42    -0.010
    -336.13    -0.046
    -334.84     0.058
    -333.55    -0.061
    -332.26     0.028
    -330.98     0.044
    -329.69    -0.015
    -328.40    -0.085
    -327.11     0.005
    -325.82    -0.023
    -324.53    -0.045
    -323.25     0.067
    -321.96     0.090
    -320.67    -0.105
    -319.38    -0.046
    -318.09     0.107
    -316.80     0.018
    -315.52    -0.006
    -314.23    -0.015
    -312.94     0.059
    -311.65     0.037
    -310.36    -0.004
    -309.08     0.056
    -307.79     0.039
    -306.50    -0.027
    -305.21     0.083
    -303.92     0.023
    -302.63     0.019
    -301.35     0.122
    -300.06    -0.162
    -298.77    -0.010
    -297.48    -0.015
    -296.19     0.189
    -294.90     0.034
    -293.62    -0.009
    -292.33    -0.066
    -291.04    -0.112
    -289.75    -0.042
    -288.46     0.076
    -287.18     0.041
    -285.89    -0.027
    -284.60    -0.009
    -283.31     0.133
    -282.02     0.172
    -280.73     0.108
    -279.45     0.017
    -278.16    -0.073
    -276.87    -0.049
    -275.58     0.040
    -274.29     0.064
    -273.00    -0.056
    -271.72     0.012
    -270.43     0.107
    -269.14     0.156
    -267.85     0.199
    -266.56     0.104
    -265.28     0.054
    -263.99     0.144
    -262.70     0.063
    -261.41     0.025
    -260.12     0.052
    -258.83     0.031
    -257.55     0.069
    -256.26    -0.059
    -254.97    -0.073
    -253.68    -0.035
    -252.39    -0.114
    -251.10     0.013
    -249.82    -0.020
    -248.53    -0.084
    -247.24     0.036
    -245.95    -0.062
    -244.66    -0.008
    -243.38     0.113
    -242.09     0.092
    -240.80     0.112
    -239.51     0.040
    -238.22    -0.069
    -236.93    -0.175
    -235.65     0.035
    -234.36    -0.002
    -233.07     0.072
    -231.78     0.045
    -230.49    -0.026
    -229.20     0.080
    -227.92    -0.013
    -226.63    -0.070
    -225.34    -0.062
    -224.05    -0.055
    -222.76     0.022
    -221.48     0.129
    -220.19     0.169
    -218.90     0.044
    -217.61     0.078
    -216.32     0.045
    -215.03     0.043
    -213.75     0.032
    -212.46     0.117
    -211.17    -0.073
    -209.88    -0.008
    -208.59     0.061
    -207.30     0.021
    -206.02    -0.032
    -204.73     0.116
    -203.44     0.152
    -202.15     0.041
    -200.86     0.022
    -199.58     0.031
    -198.29     0.042
    -197.00     0.007
    -195.71    -0.064
    -194.42    -0.040
    -193.13     0.044
    -191.85     0.152
    -190.56     0.074
    -189.27     0.045
    -187.98     0.050
    -186.69     0.059
    -185.40    -0.076
    -184.12    -0.013
    -182.83    -0.041
    -181.54    -0.108
    -180.25    -0.093
    -178.96    -0.102
    -177.68    -0.106
    -176.39     0.030
    -175.10     0.004
    -173.81    -0.061
    -172.52    -0.088
    -171.23     0.020
    -169.95     0.048
    -168.66    -0.011
    -167.37     0.026
    -166.08     0.018
    -164.79     0.009
    -163.50    -0.030
    -162.22    -0.010
    -160.93    -0.000
    -159.64     0.054
    -158.35     0.138
    -157.06     0.048
    -155.78    -0.058
    -154.49    -0.114
    -153.20    -0.073
    -151.91    -0.030
    -150.62    -0.105
    -149.33    -0.124
    -148.05    -0.036
    -146.76    -0.014
    -145.47    -0.034
    -144.18    -0.100
    -142.89     0.006
    -141.60     0.011
    -140.32     0.091
    -139.03    -0.021
    -137.74     0.038
    -136.45     0.002
    -135.16    -0.029
    -133.88     0.022
    -132.59     0.052
    -131.30     0.023
    -130.01    -0.011
    -128.72     0.104
    -127.43    -0.051
    -126.15     0.021
    -124.86     0.033
    -123.57     0.053
    -122.28     0.116
    -120.99     0.025
    -119.70     0.071
    -118.42     0.103
    -117.13     0.233
    -115.84     0.225
    -114.55     0.320
    -113.26     0.383
    -111.98     0.286
    -110.69     0.317
    -109.40     0.510
    -108.11     0.521
    -106.82     0.619
    -105.53     0.665
    -104.25     0.682
    -102.96     0.838
    -101.67     0.932
    -100.38     1.043
     -99.09     1.367
     -97.80     1.645
     -96.52     1.937
     -95.23     2.426
     -93.94     3.281
     -92.65     4.097
     -91.36     4.772
     -90.08     4.804
     -88.79     4.207
     -87.50     3.349
     -86.21     2.910
     -84.92     2.830
     -83.63     3.148
     -82.35     3.290
     -81.06     3.642
     -79.77     4.060
     -78.48     4.466
     -77.19     4.822
     -75.90     5.007
     -74.62     5.405
     -73.33     5.574
     -72.04     5.708
     -70.75     5.557
     -69.46     5.419
     -68.18     5.449
     -66.89     5.463
     -65.60     4.912
     -64.31     4.441
     -63.02     3.933
     -61.73     3.628
     -60.45     3.378
     -59.16     3.251
     -57.87     3.086
     -56.58     2.965
     -55.29     3.242
     -54.00     3.564
     -52.72     3.985
     -51.43     4.680
     -50.14     5.482
     -48.85     6.415
     -47.56     6.905
     -46.28     7.103
     -44.99     6.870
     -43.70     6.821
     -42.41     7.086
     -41.12     6.679
     -39.83     6.298
     -38.55     5.785
     -37.26     5.282
     -35.97     5.143
     -34.68     5.140
     -33.39     5.111
     -32.10     5.438
     -30.82     5.691
     -29.53     6.044
     -28.24     6.684
     -26.95     7.437
     -25.66     8.104
     -24.38     8.624
     -23.09     8.892
     -21.80     8.352
     -20.51     6.597
     -19.22     5.874
     -17.93     5.707
     -16.65     6.096
     -15.36     6.696
     -14.07     7.521
     -12.78     8.967
     -11.49    10.412
     -10.20    12.389
      -8.92    14.337
      -7.63    16.125
      -6.34    17.749
      -5.05    20.049
      -3.76    24.196
      -2.48    30.929
      -1.19    37.397
       0.10    43.485
       1.39    47.206
       2.68    50.437
       3.97    55.453
       5.25    60.703
       6.54    64.312
       7.83    65.473
       9.12    65.182
      10.41    62.684
      11.70    56.852
      12.98    49.107
      14.27    42.575
      15.56    35.631
      16.85    28.212
      18.14    22.668
      19.42    18.041
      20.71    14.336
      22.00    11.812
      23.29     9.877
      24.58     8.240
      25.87     6.747
      27.15     5.544
      28.44     4.554
      29.73     3.711
      31.02     2.864
      32.31     2.330
      33.60     1.633
      34.88     1.284
      36.17     1.036
      37.46     0.831
      38.75     0.505
      40.04     0.527
      41.32     0.450
      42.61     0.230
      43.90     0.194
      45.19     0.212
      46.48     0.315
      47.77     0.208
      49.05     0.223
      50.34     0.169
      51.63     0.133
      52.92     0.117
      54.21     0.081
      55.50     0.059
      56.78     0.072
      58.07     0.060
      59.36     0.099
      60.65    -0.022
      61.94    -0.009
      63.22    -0.015
      64.51    -0.049
      65.80    -0.012
      67.09     0.033
      68.38    -0.051
      69.67     0.034
      70.95     0.078
      72.24     0.149
      73.53     0.084
      74.82     0.035
      76.11     0.005
      77.40     0.111
      78.68    -0.033
      79.97    -0.002
      81.26    -0.124
      82.55    -0.177
      83.84    -0.085
      85.12     0.049
      86.41    -0.076
      87.70    -0.004
      88.99     0.010
      90.28     0.034
      91.57    -0.067
      92.85     0.043
      94.14     0.068
      95.43     0.009
      96.72     0.046
      98.01     0.072
      99.30     0.035
     100.58     0.041
     101.87     0.038
     103.16     0.007
     104.45     0.029
     105.74    -0.064
     107.02     0.062
     108.31     0.047
     109.60     0.092
     110.89     0.181
     112.18     0.155
     113.47     0.122
     114.75     0.078
     116.04     0.021
     117.33    -0.073
     118.62    -0.020
     119.91     0.097
     121.20    -0.037
     122.48    -0.115
     123.77    -0.079
     125.06    -0.105
     126.35    -0.146
     127.64     0.008
     128.92     0.032
     130.21     0.084
     131.50    -0.013
     132.79     0.004
     134.08     0.004
     135.37    -0.065
     136.65    -0.113
     137.94    -0.048
     139.23    -0.032
     140.52     0.007
     141.81     0.049
     143.09    -0.090
     144.38    -0.064
     145.67    -0.103
     146.96    -0.026
     148.25    -0.226
     149.54     0.049
     150.82    -0.006
     152.11    -0.101
     153.40    -0.075
     154.69     0.088
     155.98     0.066
     157.27     0.001
     158.55    -0.047
     159.84    -0.022
     161.13    -0.008
     162.42     0.079
     163.71     0.049
     164.99    -0.087
     166.28     0.024
     167.57    -0.125
     168.86    -0.211
     170.15    -0.070
     171.44     0.134
     172.72     0.019
     174.01    -0.066
     175.30    -0.102
     176.59    -0.005
     177.88     0.078
     179.17     0.084
     180.45     0.036
     181.74    -0.000
     183.03     0.017
     184.32    -0.015
     185.61    -0.083
     186.89    -0.055
     188.18     0.013
     189.47     0.055
     190.76    -0.017
     192.05    -0.118
     193.34     0.006
     194.62     0.063
     195.91    -0.080
     197.20    -0.100
     198.49    -0.128
     199.78     0.070
     201.07    -0.034
     202.35    -0.054
     203.64     0.010
     204.93     0.117
     206.22    -0.016
     207.51     0.055
     208.79    -0.009
     210.08     0.068
     211.37     0.093
     212.66    -0.079
     213.95    -0.053
     215.24    -0.049
     216.52     0.007
     217.81    -0.010
     219.10     0.105
     220.39     0.014
     221.68    -0.030
     222.97    -0.073
     224.25    -0.000
     225.54    -0.129
     226.83     0.003
     228.12    -0.001
     229.41    -0.109
     230.69     0.039
     231.98     0.070
     233.27     0.026
     234.56    -0.039
     235.85     0.064
     237.14     0.032
     238.42     0.060
     239.71     0.005
     241.00     0.053
     242.29     0.031
     243.58     0.013
     244.87     0.011
     246.15    -0.108
     247.44    -0.078
     248.73    -0.017
     250.02    -0.005
     251.31    -0.098
     252.59     0.033
     253.88    -0.008
     255.17     0.001
     256.46    -0.067
     257.75    -0.210
     259.04     0.046
     260.32    -0.018
     261.61    -0.106
     262.90    -0.012
     264.19    -0.001
     265.48    -0.129
     266.77    -0.027
     268.05     0.017
     269.34    -0.094
     270.63     0.039
     271.92     0.037
     273.21    -0.092
     274.49    -0.249
     275.78    -0.077
     277.07    -0.082
     278.36    -0.143
     279.65    -0.102
     280.94     0.046
     282.22     0.046
     283.51    -0.051
     284.80     0.053
     286.09     0.063
     287.38    -0.077
     288.67     0.052
     289.95     0.049
     291.24     0.045
     292.53    -0.126
     293.82    -0.061
     295.11    -0.109
     296.39    -0.055
     297.68    -0.078
     298.97     0.045
     300.26     0.031
     301.55    -0.082
     302.84     0.048
     304.12     0.082
     305.41     0.044
     306.70     0.051
     307.99     0.083
     309.28     0.001
     310.57    -0.005
     311.85     0.026
     313.14     0.031
     314.43     0.059
     315.72     0.003
     317.01     0.063
     318.29    -0.029
     319.58    -0.043
     320.87    -0.098
     322.16    -0.146
     323.45     0.063
     324.74     0.020
     326.02     0.020
     327.31     0.196
     328.60    -0.093
     329.89     0.024
     331.18    -0.028
     332.47     0.012
     333.75     0.029
     335.04    -0.011
     336.33    -0.060
     337.62    -0.143
     338.91    -0.044
     340.19     0.007
     341.48     0.173
     342.77     0.157
     344.06     0.004
     345.35     0.061
     346.64     0.048
     347.92    -0.023
     349.21     0.026
     350.50    -0.055
     351.79     0.070
     353.08    -0.103
     354.37    -0.031
     355.65    -0.030
     356.94    -0.068
     358.23     0.054
     359.52    -0.047
     360.81     0.030
     362.09     0.116
     363.38     0.049
     364.67    -0.011
     365.96    -0.118
     367.25    -0.020
     368.54    -0.061
     369.82     0.018
     371.11     0.164
     372.40     0.098
     373.69    -0.004
     374.98     0.075
     376.27    -0.003
     377.55    -0.046
     378.84    -0.102
     380.13    -0.006
     381.42     0.058
     382.71    -0.047
     383.99    -0.070
     385.28     0.016
     386.57    -0.084
     387.86    -0.031
     389.15     0.035
     390.44    -0.067
     391.72     0.097
     393.01    -0.014
     394.30    -0.048
     395.59     0.043
     396.88    -0.050
     398.17     0.002
     399.45     0.001
%%GASS      0  datapoints: v_lsr [km/s] and T_B [K]
%%LAB     777  datapoints: v_lsr [km/s] and T_B [K]
    -399.81    -0.047
    -398.78     0.006
    -397.75    -0.095
    -396.72    -0.139
    -395.69     0.012
    -394.66     0.054
    -393.63    -0.166
    -392.60    -0.089
    -391.57     0.052
    -390.54    -0.084
    -389.51     0.093
    -388.48     0.019
    -387.45     0.083
    -386.42    -0.189
    -385.39     0.007
    -384.36     0.027
    -383.33     0.027
    -382.30     0.020
    -381.27     0.049
    -380.24    -0.038
    -379.21     0.016
    -378.18    -0.038
    -377.15    -0.121
    -376.11    -0.003
    -375.08    -0.031
    -374.05    -0.146
    -373.02    -0.146
    -371.99     0.202
    -370.96    -0.017
    -369.93     0.040
    -368.90     0.105
    -367.87    -0.055
    -366.84     0.014
    -365.81     0.090
    -364.78     0.185
    -363.75     0.041
    -362.72     0.044
    -361.69     0.038
    -360.66     0.022
    -359.63     0.094
    -358.60     0.098
    -357.57    -0.039
    -356.54    -0.007
    -355.51     0.006
    -354.48    -0.042
    -353.44     0.012
    -352.41     0.161
    -351.38     0.027
    -350.35    -0.084
    -349.32     0.104
    -348.29    -0.047
    -347.26    -0.104
    -346.23    -0.031
    -345.20    -0.054
    -344.17     0.072
    -343.14     0.045
    -342.11     0.070
    -341.08    -0.083
    -340.05     0.039
    -339.02     0.031
    -337.99    -0.020
    -336.96    -0.076
    -335.93     0.066
    -334.90    -0.072
    -333.87     0.105
    -332.84    -0.052
    -331.81    -0.082
    -330.77     0.047
    -329.74    -0.061
    -328.71     0.047
    -327.68     0.065
    -326.65     0.012
    -325.62    -0.064
    -324.59    -0.090
    -323.56    -0.022
    -322.53    -0.031
    -321.50    -0.045
    -320.47     0.101
    -319.44    -0.070
    -318.41     0.040
    -317.38     0.032
    -316.35     0.027
    -315.32     0.128
    -314.29    -0.083
    -313.26     0.046
    -312.23    -0.070
    -311.20    -0.005
    -310.17    -0.052
    -309.14    -0.014
    -308.10     0.114
    -307.07     0.066
    -306.04     0.020
    -305.01    -0.032
    -303.98    -0.157
    -302.95     0.103
    -301.92     0.011
    -300.89    -0.032
    -299.86    -0.086
    -298.83     0.168
    -297.80    -0.118
    -296.77    -0.042
    -295.74    -0.088
    -294.71     0.003
    -293.68    -0.080
    -292.65     0.145
    -291.62     0.229
    -290.59    -0.026
    -289.56    -0.025
    -288.53     0.083
    -287.50    -0.031
    -286.47    -0.020
    -285.43     0.015
    -284.40    -0.004
    -283.37     0.044
    -282.34     0.093
    -281.31     0.083
    -280.28     0.095
    -279.25     0.197
    -278.22    -0.111
    -277.19    -0.052
    -276.16     0.013
    -275.13    -0.014
    -274.10    -0.090
    -273.07    -0.176
    -272.04     0.066
    -271.01    -0.085
    -269.98     0.081
    -268.95     0.001
    -267.92     0.014
    -266.89    -0.013
    -265.86     0.180
    -264.83    -0.030
    -263.80     0.073
    -262.76    -0.029
    -261.73     0.012
    -260.70     0.134
    -259.67    -0.053
    -258.64    -0.010
    -257.61    -0.007
    -256.58     0.053
    -255.55     0.093
    -254.52     0.022
    -253.49    -0.111
    -252.46    -0.038
    -251.43     0.073
    -250.40    -0.067
    -249.37     0.061
    -248.34    -0.020
    -247.31     0.071
    -246.28     0.103
    -245.25     0.074
    -244.22     0.012
    -243.19    -0.113
    -242.16    -0.195
    -241.13    -0.188
    -240.10    -0.178
    -239.06    -0.063
    -238.03    -0.080
    -237.00    -0.098
    -235.97    -0.128
    -234.94     0.072
    -233.91     0.016
    -232.88     0.052
    -231.85    -0.025
    -230.82    -0.145
    -229.79    -0.064
    -228.76     0.110
    -227.73    -0.094
    -226.70     0.126
    -225.67    -0.045
    -224.64     0.050
    -223.61     0.109
    -222.58     0.038
    -221.55     0.127
    -220.52     0.027
    -219.49    -0.136
    -218.46     0.092
    -217.43    -0.153
    -216.39     0.137
    -215.36     0.001
    -214.33     0.051
    -213.30     0.086
    -212.27     0.116
    -211.24    -0.112
    -210.21     0.015
    -209.18     0.149
    -208.15     0.042
    -207.12     0.005
    -206.09    -0.101
    -205.06     0.051
    -204.03     0.056
    -203.00     0.001
    -201.97    -0.008
    -200.94    -0.067
    -199.91    -0.058
    -198.88    -0.013
    -197.85     0.137
    -196.82     0.049
    -195.79    -0.069
    -194.76    -0.123
    -193.72    -0.022
    -192.69    -0.048
    -191.66    -0.078
    -190.63    -0.126
    -189.60     0.038
    -188.57     0.023
    -187.54     0.056
    -186.51    -0.018
    -185.48     0.070
    -184.45     0.067
    -183.42     0.117
    -182.39     0.020
    -181.36    -0.031
    -180.33     0.064
    -179.30    -0.139
    -178.27     0.103
    -177.24     0.136
    -176.21    -0.076
    -175.18    -0.064
    -174.15     0.174
    -173.12    -0.021
    -172.09     0.032
    -171.05    -0.010
    -170.02    -0.037
    -168.99     0.127
    -167.96    -0.071
    -166.93     0.064
    -165.90     0.001
    -164.87     0.042
    -163.84     0.050
    -162.81     0.013
    -161.78    -0.074
    -160.75    -0.031
    -159.72    -0.085
    -158.69     0.002
    -157.66    -0.058
    -156.63    -0.128
    -155.60     0.104
    -154.57     0.024
    -153.54     0.067
    -152.51     0.053
    -151.48     0.025
    -150.45     0.116
    -149.42    -0.104
    -148.38     0.077
    -147.35    -0.001
    -146.32     0.016
    -145.29     0.046
    -144.26    -0.135
    -143.23    -0.007
    -142.20     0.032
    -141.17    -0.015
    -140.14     0.205
    -139.11    -0.000
    -138.08     0.006
    -137.05    -0.024
    -136.02     0.127
    -134.99     0.071
    -133.96     0.036
    -132.93     0.026
    -131.90     0.087
    -130.87    -0.067
    -129.84    -0.045
    -128.81     0.009
    -127.78    -0.022
    -126.75     0.058
    -125.71     0.159
    -124.68     0.151
    -123.65     0.109
    -122.62    -0.081
    -121.59     0.154
    -120.56     0.185
    -119.53     0.212
    -118.50     0.084
    -117.47     0.254
    -116.44     0.185
    -115.41     0.201
    -114.38     0.150
    -113.35     0.334
    -112.32     0.357
    -111.29     0.228
    -110.26     0.228
    -109.23     0.586
    -108.20     0.485
    -107.17     0.540
    -106.14     0.673
    -105.11     0.653
    -104.08     0.822
    -103.05     0.707
    -102.01     0.927
    -100.98     1.227
     -99.95     1.033
     -98.92     1.342
     -97.89     1.460
     -96.86     1.844
     -95.83     1.949
     -94.80     2.189
     -93.77     2.489
     -92.74     2.973
     -91.71     3.621
     -90.68     3.906
     -89.65     4.093
     -88.62     4.193
     -87.59     3.776
     -86.56     3.765
     -85.53     3.593
     -84.50     3.714
     -83.47     3.777
     -82.44     3.816
     -81.41     3.926
     -80.38     4.319
     -79.34     4.180
     -78.31     4.541
     -77.28     4.999
     -76.25     5.251
     -75.22     5.420
     -74.19     5.506
     -73.16     5.769
     -72.13     5.667
     -71.10     5.630
     -70.07     5.711
     -69.04     5.568
     -68.01     5.569
     -66.98     5.386
     -65.95     5.141
     -64.92     4.784
     -63.89     4.409
     -62.86     4.166
     -61.83     4.172
     -60.80     3.930
     -59.77     3.602
     -58.74     3.487
     -57.71     3.491
     -56.67     3.565
     -55.64     3.437
     -54.61     3.357
     -53.58     3.636
     -52.55     3.784
     -51.52     4.049
     -50.49     4.448
     -49.46     4.879
     -48.43     5.065
     -47.40     5.240
     -46.37     5.165
     -45.34     5.200
     -44.31     4.882
     -43.28     4.926
     -42.25     4.646
     -41.22     4.745
     -40.19     4.414
     -39.16     4.275
     -38.13     4.168
     -37.10     4.122
     -36.07     3.989
     -35.04     3.925
     -34.00     4.130
     -32.97     4.252
     -31.94     4.256
     -30.91     4.646
     -29.88     4.953
     -28.85     5.431
     -27.82     5.978
     -26.79     6.417
     -25.76     7.061
     -24.73     7.365
     -23.70     7.555
     -22.67     7.612
     -21.64     7.165
     -20.61     6.663
     -19.58     5.954
     -18.55     5.949
     -17.52     5.873
     -16.49     6.185
     -15.46     6.499
     -14.43     7.136
     -13.40     7.741
     -12.37     8.972
     -11.33    10.142
     -10.30    12.052
      -9.27    13.646
      -8.24    15.631
      -7.21    17.754
      -6.18    19.499
      -5.15    22.121
      -4.12    25.473
      -3.09    29.818
      -2.06    35.108
      -1.03    40.500
       0.00    45.380
       1.03    49.306
       2.06    52.063
       3.09    55.470
       4.12    60.627
       5.15    64.731
       6.18    68.157
       7.21    70.525
       8.24    70.562
       9.27    69.261
      10.30    65.424
      11.33    60.677
      12.37    55.564
      13.40    50.314
      14.43    44.082
      15.46    37.447
      16.49    31.287
      17.52    26.482
      18.55    22.206
      19.58    19.168
      20.61    16.322
      21.64    13.853
      22.67    11.702
      23.70     9.701
      24.73     8.128
      25.76     6.484
      26.79     5.347
      27.82     4.405
      28.85     3.726
      29.88     3.064
      30.91     2.497
      31.94     1.980
      32.97     1.405
      34.00     1.242
      35.04     0.911
      36.07     0.691
      37.10     0.709
      38.13     0.476
      39.16     0.474
      40.19     0.195
      41.22     0.262
      42.25     0.287
      43.28     0.158
      44.31     0.177
      45.34     0.111
      46.37     0.185
      47.40     0.049
      48.43     0.006
      49.46     0.134
      50.49     0.130
      51.52    -0.002
      52.55    -0.081
      53.58     0.049
      54.61    -0.003
      55.64     0.187
      56.67     0.101
      57.71     0.076
      58.74     0.052
      59.77     0.073
      60.80     0.017
      61.83     0.059
      62.86     0.107
      63.89     0.001
      64.92     0.057
      65.95     0.024
      66.98     0.027
      68.01    -0.026
      69.04    -0.072
      70.07    -0.037
      71.10     0.147
      72.13     0.004
      73.16    -0.018
      74.19    -0.111
      75.22     0.069
      76.25     0.020
      77.28     0.025
      78.31    -0.081
      79.34    -0.063
      80.38    -0.011
      81.41    -0.041
      82.44     0.037
      83.47     0.089
      84.50     0.113
      85.53     0.101
      86.56     0.067
      87.59    -0.161
      88.62    -0.111
      89.65    -0.070
      90.68     0.068
      91.71     0.001
      92.74     0.097
      93.77    -0.077
      94.80    -0.030
      95.83     0.016
      96.86     0.037
      97.89    -0.145
      98.92     0.079
      99.95    -0.007
     100.98    -0.004
     102.01    -0.162
     103.05    -0.066
     104.08    -0.038
     105.11     0.071
     106.14    -0.027
     107.17    -0.042
     108.20     0.105
     109.23     0.037
     110.26     0.022
     111.29    -0.017
     112.32    -0.083
     113.35    -0.080
     114.38    -0.049
     115.41    -0.080
     116.44     0.121
     117.47     0.043
     118.50    -0.031
     119.53     0.031
     120.56     0.032
     121.59    -0.000
     122.62    -0.090
     123.65    -0.030
     124.68     0.105
     125.72     0.045
     126.75     0.182
     127.78    -0.029
     128.81    -0.054
     129.84     0.046
     130.87    -0.103
     131.90     0.251
     132.93    -0.020
     133.96    -0.004
     134.99    -0.056
     136.02    -0.015
     137.05    -0.038
     138.08    -0.024
     139.11     0.039
     140.14    -0.022
     141.17     0.002
     142.20    -0.034
     143.23     0.009
     144.26     0.025
     145.29    -0.105
     146.32     0.084
     147.35    -0.074
     148.38     0.193
     149.42     0.036
     150.45     0.100
     151.48    -0.091
     152.51    -0.043
     153.54    -0.002
     154.57    -0.103
     155.60    -0.144
     156.63     0.150
     157.66     0.064
     158.69     0.053
     159.72     0.182
     160.75    -0.029
     161.78     0.044
     162.81     0.110
     163.84    -0.067
     164.87    -0.146
     165.90     0.024
     166.93     0.094
     167.96     0.029
     168.99    -0.071
     170.02    -0.014
     171.05     0.017
     172.09     0.003
     173.12     0.066
     174.15    -0.132
     175.18     0.031
     176.21     0.084
     177.24     0.159
     178.27    -0.091
     179.30    -0.079
     180.33     0.126
     181.36    -0.074
     182.39     0.118
     183.42    -0.000
     184.45     0.067
     185.48    -0.090
     186.51    -0.138
     187.54     0.015
     188.57     0.054
     189.60    -0.035
     190.63    -0.079
     191.66    -0.080
     192.69     0.014
     193.72    -0.085
     194.76    -0.163
     195.79     0.073
     196.82     0.038
     197.85     0.112
     198.88     0.024
     199.91    -0.119
     200.94     0.004
     201.97     0.045
     203.00     0.006
     204.03    -0.045
     205.06    -0.047
     206.09    -0.047
     207.12    -0.080
     208.15    -0.065
     209.18    -0.059
     210.21     0.167
     211.24     0.193
     212.27    -0.003
     213.30     0.006
     214.33     0.086
     215.36     0.051
     216.39     0.109
     217.43    -0.112
     218.46     0.084
     219.49    -0.179
     220.52     0.093
     221.55    -0.065
     222.58    -0.057
     223.61    -0.037
     224.64    -0.013
     225.67     0.082
     226.70    -0.027
     227.73     0.026
     228.76    -0.018
     229.79    -0.005
     230.82     0.067
     231.85    -0.009
     232.88     0.006
     233.91    -0.102
     234.94     0.037
     235.97    -0.045
     237.00     0.024
     238.03     0.056
     239.06    -0.002
     240.10    -0.005
     241.13    -0.048
     242.16     0.060
     243.19    -0.069
     244.22     0.168
     245.25     0.072
     246.28    -0.048
     247.31    -0.139
     248.34    -0.021
     249.37     0.015
     250.40    -0.068
     251.43     0.001
     252.46    -0.076
     253.49     0.010
     254.52     0.011
     255.55     0.099
     256.58     0.014
     257.61     0.060
     258.64     0.006
     259.67     0.099
     260.70     0.090
     261.73     0.096
     262.76    -0.134
     263.80    -0.003
     264.83    -0.045
     265.86     0.144
     266.89     0.010
     267.92    -0.136
     268.95    -0.098
     269.98    -0.185
     271.01    -0.039
     272.04     0.148
     273.07    -0.000
     274.10     0.152
     275.13     0.078
     276.16     0.037
     277.19    -0.179
     278.22    -0.070
     279.25     0.110
     280.28     0.012
     281.31    -0.018
     282.34    -0.151
     283.37    -0.116
     284.40     0.105
     285.43     0.045
     286.47     0.051
     287.50    -0.043
     288.53     0.003
     289.56     0.069
     290.59    -0.129
     291.62    -0.039
     292.65     0.028
     293.68     0.060
     294.71     0.039
     295.74    -0.099
     296.77     0.061
     297.80     0.072
     298.83    -0.052
     299.86    -0.143
     300.89     0.047
     301.92    -0.084
     302.95    -0.102
     303.98     0.051
     305.01     0.180
     306.04     0.150
     307.07     0.079
     308.10     0.053
     309.14     0.046
     310.17    -0.193
     311.20    -0.098
     312.23    -0.055
     313.26    -0.103
     314.29     0.028
     315.32     0.162
     316.35     0.032
     317.38     0.019
     318.41    -0.003
     319.44    -0.013
     320.47    -0.089
     321.50    -0.056
     322.53     0.004
     323.56    -0.061
     324.59    -0.008
     325.62     0.055
     326.65     0.080
     327.68    -0.140
     328.71     0.046
     329.74     0.022
     330.77    -0.107
     331.81     0.029
     332.84    -0.064
     333.87    -0.106
     334.90     0.083
     335.93    -0.021
     336.96    -0.000
     337.99     0.135
     339.02    -0.022
     340.05     0.130
     341.08     0.168
     342.11    -0.094
     343.14    -0.079
     344.17    -0.071
     345.20     0.157
     346.23     0.065
     347.26    -0.030
     348.29     0.057
     349.32     0.089
     350.35     0.053
     351.38    -0.021
     352.41     0.023
     353.44     0.022
     354.48     0.042
     355.51    -0.110
     356.54    -0.067
     357.57     0.028
     358.60    -0.064
     359.63     0.034
     360.66    -0.082
     361.69    -0.156
     362.72    -0.011
     363.75     0.111
     364.78     0.001
     365.81     0.006
     366.84    -0.147
     367.87     0.070
     368.90    -0.008
     369.93    -0.050
     370.96     0.103
     371.99    -0.059
     373.02     0.069
     374.05     0.045
     375.08     0.081
     376.11    -0.075
     377.15    -0.036
     378.18     0.064
     379.21    -0.092
     380.24     0.041
     381.27    -0.024
     382.30     0.081
     383.33    -0.036
     384.36     0.182
     385.39     0.124
     386.42    -0.122
     387.45     0.011
     388.48     0.005
     389.51     0.077
     390.54    -0.084
     391.57     0.032
     392.60    -0.008
     393.63    -0.112
     394.66    -0.228
     395.69    -0.010
     396.72     0.089
     397.75     0.044
     398.78    -0.119
     399.81     0.065
