%%   72.50000 -15.00000    0   0.20000
% LAB  survey ------------------
% wanted position:  l, b, RA, DEC, and interpolated  NH
% 72.50 ; -15.00 ; 317.32 ;  25.44 ;  0.936E+21
% nearest position: l, b, RA, DEC, and observed NH
% 72.50 ; -15.00 ; 317.32 ;  25.44 ;  0.936E+21
% GASS III survey --------------
% NH - median within 6 arcmin radius   0.00    
% NH - mean within specified beam      0.00    
% EBHIS survey -----------------
% NH  within specified beam           0.996E+21
%%EBHIS   621  datapoints: v_lsr [km/s] and T_B [K]
    -399.25     0.074
    -397.96     0.042
    -396.68     0.042
    -395.39    -0.011
    -394.10    -0.033
    -392.81    -0.050
    -391.52    -0.138
    -390.23    -0.034
    -388.95     0.021
    -387.66     0.157
    -386.37    -0.054
    -385.08    -0.010
    -383.79    -0.006
    -382.50    -0.000
    -381.22    -0.099
    -379.93    -0.006
    -378.64     0.088
    -377.35    -0.004
    -376.06    -0.009
    -374.78     0.056
    -373.49     0.014
    -372.20    -0.042
    -370.91     0.029
    -369.62     0.064
    -368.33    -0.041
    -367.05    -0.041
    -365.76     0.058
    -364.47     0.051
    -363.18     0.019
    -361.89     0.017
    -360.60     0.002
    -359.32     0.040
    -358.03     0.047
    -356.74    -0.026
    -355.45    -0.052
    -354.16     0.082
    -352.88     0.020
    -351.59     0.032
    -350.30     0.012
    -349.01     0.019
    -347.72     0.104
    -346.43     0.081
    -345.15    -0.143
    -343.86    -0.078
    -342.57    -0.096
    -341.28     0.009
    -339.99     0.116
    -338.70    -0.142
    -337.42    -0.069
    -336.13     0.032
    -334.84     0.109
    -333.55     0.048
    -332.26     0.012
    -330.98    -0.106
    -329.69     0.085
    -328.40     0.033
    -327.11     0.013
    -325.82    -0.039
    -324.53    -0.111
    -323.25    -0.019
    -321.96     0.103
    -320.67    -0.102
    -319.38    -0.075
    -318.09    -0.052
    -316.80    -0.022
    -315.52    -0.058
    -314.23     0.058
    -312.94    -0.031
    -311.65     0.076
    -310.36    -0.055
    -309.08     0.002
    -307.79    -0.025
    -306.50     0.022
    -305.21    -0.092
    -303.92    -0.024
    -302.63     0.134
    -301.35     0.086
    -300.06     0.049
    -298.77     0.046
    -297.48     0.025
    -296.19     0.048
    -294.90     0.145
    -293.62     0.105
    -292.33    -0.041
    -291.04     0.158
    -289.75     0.056
    -288.46    -0.056
    -287.18    -0.021
    -285.89     0.002
    -284.60     0.103
    -283.31    -0.074
    -282.02    -0.064
    -280.73     0.098
    -279.45    -0.006
    -278.16    -0.051
    -276.87     0.011
    -275.58     0.075
    -274.29     0.047
    -273.00    -0.020
    -271.72     0.132
    -270.43     0.062
    -269.14    -0.020
    -267.85    -0.001
    -266.56    -0.053
    -265.28    -0.022
    -263.99     0.123
    -262.70     0.014
    -261.41     0.080
    -260.12     0.065
    -258.83    -0.049
    -257.55    -0.064
    -256.26    -0.010
    -254.97     0.019
    -253.68    -0.025
    -252.39    -0.021
    -251.10     0.033
    -249.82     0.019
    -248.53     0.002
    -247.24     0.016
    -245.95    -0.082
    -244.66     0.026
    -243.38     0.095
    -242.09     0.027
    -240.80     0.015
    -239.51     0.041
    -238.22     0.012
    -236.93     0.045
    -235.65     0.042
    -234.36    -0.019
    -233.07    -0.005
    -231.78     0.011
    -230.49     0.066
    -229.20     0.095
    -227.92     0.073
    -226.63     0.030
    -225.34     0.001
    -224.05    -0.036
    -222.76    -0.007
    -221.48    -0.125
    -220.19    -0.099
    -218.90    -0.059
    -217.61    -0.124
    -216.32    -0.092
    -215.03    -0.039
    -213.75    -0.010
    -212.46    -0.070
    -211.17    -0.001
    -209.88    -0.045
    -208.59     0.049
    -207.30     0.020
    -206.02    -0.037
    -204.73    -0.056
    -203.44     0.026
    -202.15     0.021
    -200.86    -0.078
    -199.58    -0.070
    -198.29    -0.089
    -197.00     0.125
    -195.71    -0.051
    -194.42     0.042
    -193.13     0.018
    -191.85    -0.021
    -190.56    -0.015
    -189.27    -0.008
    -187.98    -0.026
    -186.69     0.003
    -185.40     0.075
    -184.12     0.055
    -182.83    -0.112
    -181.54    -0.107
    -180.25    -0.134
    -178.96    -0.002
    -177.68     0.016
    -176.39    -0.050
    -175.10    -0.076
    -173.81    -0.018
    -172.52     0.112
    -171.23     0.066
    -169.95    -0.045
    -168.66     0.072
    -167.37    -0.034
    -166.08    -0.096
    -164.79    -0.075
    -163.50    -0.017
    -162.22    -0.028
    -160.93     0.112
    -159.64    -0.018
    -158.35     0.017
    -157.06     0.061
    -155.78     0.000
    -154.49     0.037
    -153.20     0.090
    -151.91    -0.053
    -150.62    -0.044
    -149.33     0.040
    -148.05     0.020
    -146.76    -0.022
    -145.47     0.006
    -144.18     0.049
    -142.89    -0.014
    -141.60     0.087
    -140.32     0.059
    -139.03     0.017
    -137.74     0.049
    -136.45     0.005
    -135.16    -0.073
    -133.88    -0.084
    -132.59    -0.020
    -131.30    -0.008
    -130.01     0.014
    -128.72    -0.070
    -127.43     0.017
    -126.15    -0.141
    -124.86    -0.011
    -123.57    -0.032
    -122.28     0.018
    -120.99     0.013
    -119.70    -0.078
    -118.42    -0.003
    -117.13     0.017
    -115.84     0.056
    -114.55     0.039
    -113.26    -0.017
    -111.98    -0.004
    -110.69    -0.052
    -109.40     0.008
    -108.11    -0.012
    -106.82     0.040
    -105.53    -0.024
    -104.25     0.019
    -102.96     0.098
    -101.67     0.019
    -100.38    -0.037
     -99.09     0.044
     -97.80     0.033
     -96.52     0.092
     -95.23     0.043
     -93.94     0.094
     -92.65     0.014
     -91.36     0.076
     -90.08     0.090
     -88.79     0.027
     -87.50     0.058
     -86.21    -0.023
     -84.92     0.029
     -83.63     0.110
     -82.35     0.083
     -81.06     0.200
     -79.77     0.157
     -78.48     0.094
     -77.19     0.120
     -75.90     0.094
     -74.62     0.082
     -73.33     0.055
     -72.04     0.081
     -70.75     0.182
     -69.46     0.198
     -68.18     0.146
     -66.89     0.047
     -65.60     0.141
     -64.31     0.167
     -63.02     0.207
     -61.73     0.223
     -60.45     0.216
     -59.16     0.347
     -57.87     0.351
     -56.58     0.240
     -55.29     0.349
     -54.00     0.334
     -52.72     0.279
     -51.43     0.261
     -50.14     0.364
     -48.85     0.324
     -47.56     0.427
     -46.28     0.376
     -44.99     0.471
     -43.70     0.619
     -42.41     0.535
     -41.12     0.707
     -39.83     0.709
     -38.55     0.785
     -37.26     0.789
     -35.97     0.760
     -34.68     0.737
     -33.39     0.625
     -32.10     0.725
     -30.82     0.809
     -29.53     0.701
     -28.24     0.720
     -26.95     0.741
     -25.66     0.958
     -24.38     0.906
     -23.09     1.012
     -21.80     1.212
     -20.51     1.306
     -19.22     1.463
     -17.93     1.649
     -16.65     1.899
     -15.36     2.544
     -14.07     2.955
     -12.78     3.784
     -11.49     4.484
     -10.20     4.997
      -8.92     5.822
      -7.63     6.837
      -6.34     8.100
      -5.05    10.235
      -3.76    12.347
      -2.48    14.800
      -1.19    18.246
       0.10    19.625
       1.39    18.578
       2.68    19.364
       3.97    24.879
       5.25    33.542
       6.54    36.633
       7.83    29.975
       9.12    22.781
      10.41    18.511
      11.70    15.664
      12.98    13.137
      14.27    10.520
      15.56     8.223
      16.85     6.275
      18.14     4.959
      19.42     4.038
      20.71     3.157
      22.00     2.412
      23.29     1.946
      24.58     1.409
      25.87     1.101
      27.15     0.857
      28.44     0.722
      29.73     0.525
      31.02     0.433
      32.31     0.337
      33.60     0.285
      34.88     0.264
      36.17     0.222
      37.46     0.114
      38.75     0.087
      40.04    -0.003
      41.32     0.111
      42.61     0.000
      43.90    -0.108
      45.19     0.091
      46.48     0.130
      47.77     0.086
      49.05     0.239
      50.34    -0.056
      51.63    -0.057
      52.92     0.068
      54.21     0.078
      55.50    -0.035
      56.78    -0.004
      58.07    -0.098
      59.36    -0.055
      60.65     0.008
      61.94    -0.078
      63.22     0.038
      64.51    -0.103
      65.80    -0.084
      67.09    -0.007
      68.38    -0.007
      69.67    -0.013
      70.95     0.052
      72.24    -0.009
      73.53    -0.069
      74.82    -0.036
      76.11     0.096
      77.40     0.018
      78.68    -0.016
      79.97    -0.094
      81.26     0.033
      82.55     0.019
      83.84    -0.005
      85.12     0.021
      86.41     0.031
      87.70     0.153
      88.99     0.072
      90.28     0.047
      91.57     0.040
      92.85    -0.068
      94.14    -0.054
      95.43    -0.072
      96.72    -0.011
      98.01    -0.007
      99.30     0.071
     100.58    -0.035
     101.87    -0.035
     103.16     0.086
     104.45     0.020
     105.74     0.019
     107.02     0.021
     108.31    -0.039
     109.60    -0.154
     110.89     0.042
     112.18     0.058
     113.47     0.045
     114.75    -0.008
     116.04     0.061
     117.33    -0.110
     118.62    -0.103
     119.91    -0.071
     121.20     0.008
     122.48     0.045
     123.77    -0.021
     125.06    -0.092
     126.35    -0.053
     127.64    -0.091
     128.92    -0.026
     130.21    -0.020
     131.50     0.101
     132.79     0.056
     134.08    -0.006
     135.37    -0.067
     136.65    -0.064
     137.94     0.001
     139.23     0.028
     140.52     0.061
     141.81     0.017
     143.09     0.088
     144.38    -0.021
     145.67    -0.048
     146.96    -0.043
     148.25    -0.018
     149.54     0.129
     150.82     0.010
     152.11     0.005
     153.40    -0.107
     154.69    -0.141
     155.98    -0.086
     157.27    -0.031
     158.55    -0.025
     159.84     0.013
     161.13     0.041
     162.42     0.044
     163.71     0.088
     164.99     0.016
     166.28     0.001
     167.57     0.028
     168.86     0.076
     170.15     0.025
     171.44     0.142
     172.72    -0.004
     174.01    -0.029
     175.30     0.015
     176.59     0.087
     177.88    -0.009
     179.17     0.063
     180.45    -0.068
     181.74     0.012
     183.03    -0.113
     184.32     0.057
     185.61     0.046
     186.89     0.043
     188.18     0.004
     189.47    -0.073
     190.76     0.032
     192.05     0.007
     193.34     0.075
     194.62     0.020
     195.91     0.034
     197.20     0.037
     198.49     0.043
     199.78     0.010
     201.07     0.015
     202.35     0.020
     203.64    -0.011
     204.93    -0.072
     206.22    -0.025
     207.51    -0.052
     208.79     0.035
     210.08    -0.035
     211.37    -0.054
     212.66    -0.029
     213.95     0.035
     215.24    -0.023
     216.52     0.036
     217.81     0.104
     219.10     0.087
     220.39     0.073
     221.68     0.145
     222.97     0.065
     224.25     0.048
     225.54    -0.083
     226.83     0.005
     228.12    -0.114
     229.41    -0.031
     230.69     0.091
     231.98     0.091
     233.27     0.081
     234.56     0.062
     235.85    -0.029
     237.14    -0.059
     238.42    -0.083
     239.71    -0.206
     241.00    -0.062
     242.29    -0.036
     243.58    -0.051
     244.87    -0.017
     246.15    -0.001
     247.44     0.014
     248.73    -0.010
     250.02    -0.033
     251.31    -0.024
     252.59     0.000
     253.88    -0.046
     255.17    -0.013
     256.46     0.027
     257.75    -0.025
     259.04    -0.071
     260.32     0.093
     261.61     0.060
     262.90     0.003
     264.19    -0.103
     265.48    -0.068
     266.77    -0.015
     268.05     0.058
     269.34     0.090
     270.63     0.032
     271.92    -0.032
     273.21    -0.033
     274.49    -0.017
     275.78     0.058
     277.07     0.106
     278.36    -0.012
     279.65    -0.037
     280.94     0.049
     282.22    -0.066
     283.51    -0.060
     284.80     0.031
     286.09     0.027
     287.38    -0.050
     288.67    -0.085
     289.95    -0.026
     291.24     0.109
     292.53    -0.026
     293.82     0.044
     295.11     0.037
     296.39    -0.037
     297.68    -0.113
     298.97    -0.035
     300.26     0.089
     301.55     0.002
     302.84    -0.122
     304.12     0.037
     305.41     0.106
     306.70     0.068
     307.99    -0.035
     309.28     0.023
     310.57     0.153
     311.85     0.104
     313.14     0.001
     314.43    -0.015
     315.72     0.031
     317.01    -0.115
     318.29    -0.060
     319.58    -0.010
     320.87    -0.049
     322.16     0.005
     323.45    -0.010
     324.74     0.010
     326.02    -0.057
     327.31    -0.014
     328.60    -0.075
     329.89    -0.070
     331.18     0.094
     332.47     0.056
     333.75     0.068
     335.04     0.000
     336.33     0.022
     337.62     0.080
     338.91    -0.134
     340.19    -0.012
     341.48    -0.076
     342.77     0.004
     344.06    -0.015
     345.35    -0.029
     346.64     0.152
     347.92     0.103
     349.21    -0.067
     350.50     0.044
     351.79    -0.015
     353.08    -0.032
     354.37     0.035
     355.65     0.078
     356.94    -0.045
     358.23    -0.026
     359.52    -0.102
     360.81    -0.103
     362.09    -0.055
     363.38     0.054
     364.67     0.023
     365.96     0.043
     367.25    -0.014
     368.54    -0.057
     369.82    -0.093
     371.11     0.034
     372.40     0.075
     373.69     0.042
     374.98    -0.005
     376.27    -0.052
     377.55     0.017
     378.84    -0.025
     380.13     0.026
     381.42    -0.008
     382.71    -0.138
     383.99    -0.053
     385.28    -0.021
     386.57     0.030
     387.86    -0.007
     389.15     0.027
     390.44     0.063
     391.72    -0.024
     393.01    -0.086
     394.30     0.013
     395.59     0.053
     396.88     0.025
     398.17    -0.064
     399.45     0.066
%%GASS      0  datapoints: v_lsr [km/s] and T_B [K]
%%LAB     777  datapoints: v_lsr [km/s] and T_B [K]
    -399.87    -0.034
    -398.84     0.021
    -397.81    -0.000
    -396.78    -0.024
    -395.75     0.063
    -394.72     0.121
    -393.69    -0.007
    -392.66    -0.054
    -391.63     0.053
    -390.59    -0.055
    -389.56     0.056
    -388.53     0.068
    -387.50     0.029
    -386.47    -0.112
    -385.44     0.006
    -384.41    -0.082
    -383.38    -0.025
    -382.35     0.074
    -381.32     0.054
    -380.29    -0.034
    -379.26     0.020
    -378.23     0.069
    -377.20    -0.037
    -376.17    -0.154
    -375.14    -0.021
    -374.11     0.127
    -373.07    -0.060
    -372.04     0.032
    -371.01     0.052
    -369.98    -0.022
    -368.95     0.181
    -367.92     0.012
    -366.89     0.073
    -365.86    -0.194
    -364.83     0.124
    -363.80     0.123
    -362.77    -0.099
    -361.74     0.024
    -360.71    -0.029
    -359.68     0.074
    -358.65     0.059
    -357.62     0.063
    -356.59     0.167
    -355.55     0.090
    -354.52     0.060
    -353.49     0.022
    -352.46    -0.020
    -351.43     0.006
    -350.40     0.050
    -349.37     0.029
    -348.34    -0.041
    -347.31    -0.100
    -346.28     0.023
    -345.25    -0.026
    -344.22     0.012
    -343.19    -0.034
    -342.16    -0.023
    -341.13    -0.152
    -340.10    -0.125
    -339.07    -0.067
    -338.03     0.057
    -337.00    -0.030
    -335.97     0.097
    -334.94    -0.006
    -333.91    -0.108
    -332.88     0.028
    -331.85     0.197
    -330.82    -0.002
    -329.79     0.006
    -328.76     0.058
    -327.73    -0.037
    -326.70     0.023
    -325.67     0.030
    -324.64    -0.024
    -323.61     0.009
    -322.58    -0.035
    -321.54     0.021
    -320.51    -0.011
    -319.48     0.005
    -318.45     0.004
    -317.42     0.215
    -316.39    -0.029
    -315.36     0.011
    -314.33     0.021
    -313.30    -0.016
    -312.27    -0.097
    -311.24    -0.001
    -310.21    -0.027
    -309.18    -0.057
    -308.15    -0.036
    -307.12    -0.050
    -306.09    -0.159
    -305.06    -0.084
    -304.02     0.013
    -302.99     0.060
    -301.96     0.057
    -300.93     0.074
    -299.90     0.031
    -298.87     0.065
    -297.84     0.014
    -296.81     0.027
    -295.78     0.021
    -294.75     0.003
    -293.72    -0.102
    -292.69     0.033
    -291.66    -0.002
    -290.63    -0.118
    -289.60    -0.103
    -288.57     0.027
    -287.54     0.036
    -286.50     0.070
    -285.47    -0.077
    -284.44    -0.070
    -283.41     0.001
    -282.38     0.154
    -281.35    -0.113
    -280.32     0.141
    -279.29    -0.052
    -278.26     0.091
    -277.23     0.107
    -276.20    -0.026
    -275.17    -0.123
    -274.14    -0.163
    -273.11     0.042
    -272.08    -0.070
    -271.05    -0.125
    -270.02     0.029
    -268.98    -0.165
    -267.95    -0.000
    -266.92     0.018
    -265.89     0.007
    -264.86     0.039
    -263.83     0.263
    -262.80    -0.004
    -261.77    -0.000
    -260.74     0.000
    -259.71    -0.017
    -258.68     0.035
    -257.65    -0.053
    -256.62     0.058
    -255.59     0.013
    -254.56     0.012
    -253.53     0.005
    -252.50    -0.078
    -251.46     0.105
    -250.43     0.079
    -249.40     0.065
    -248.37    -0.047
    -247.34     0.090
    -246.31    -0.118
    -245.28     0.088
    -244.25    -0.049
    -243.22     0.111
    -242.19    -0.039
    -241.16    -0.048
    -240.13     0.014
    -239.10     0.097
    -238.07     0.058
    -237.04    -0.053
    -236.01    -0.105
    -234.98    -0.016
    -233.94     0.075
    -232.91     0.037
    -231.88    -0.052
    -230.85     0.037
    -229.82     0.005
    -228.79     0.095
    -227.76     0.006
    -226.73    -0.081
    -225.70     0.087
    -224.67     0.028
    -223.64    -0.073
    -222.61    -0.018
    -221.58     0.021
    -220.55     0.013
    -219.52     0.018
    -218.49     0.097
    -217.46     0.028
    -216.42     0.079
    -215.39     0.110
    -214.36     0.145
    -213.33     0.109
    -212.30    -0.172
    -211.27     0.091
    -210.24     0.050
    -209.21    -0.007
    -208.18     0.080
    -207.15    -0.117
    -206.12    -0.123
    -205.09     0.061
    -204.06     0.023
    -203.03    -0.005
    -202.00     0.068
    -200.97    -0.006
    -199.93    -0.129
    -198.90     0.032
    -197.87    -0.161
    -196.84     0.097
    -195.81     0.086
    -194.78    -0.065
    -193.75     0.031
    -192.72     0.042
    -191.69    -0.066
    -190.66     0.014
    -189.63    -0.003
    -188.60     0.043
    -187.57     0.012
    -186.54    -0.011
    -185.51     0.049
    -184.48    -0.128
    -183.45    -0.092
    -182.41     0.168
    -181.38     0.042
    -180.35    -0.191
    -179.32    -0.027
    -178.29     0.027
    -177.26     0.145
    -176.23    -0.032
    -175.20     0.034
    -174.17     0.019
    -173.14     0.002
    -172.11     0.079
    -171.08    -0.183
    -170.05    -0.042
    -169.02    -0.026
    -167.99     0.013
    -166.96    -0.001
    -165.93    -0.040
    -164.89    -0.046
    -163.86    -0.057
    -162.83     0.110
    -161.80     0.063
    -160.77     0.006
    -159.74     0.087
    -158.71    -0.003
    -157.68    -0.002
    -156.65     0.081
    -155.62    -0.039
    -154.59     0.038
    -153.56    -0.054
    -152.53    -0.103
    -151.50     0.139
    -150.47     0.097
    -149.44    -0.088
    -148.41     0.095
    -147.37     0.084
    -146.34     0.086
    -145.31    -0.020
    -144.28     0.052
    -143.25    -0.002
    -142.22    -0.031
    -141.19     0.078
    -140.16    -0.026
    -139.13    -0.157
    -138.10    -0.078
    -137.07     0.030
    -136.04    -0.094
    -135.01     0.105
    -133.98     0.019
    -132.95    -0.079
    -131.92    -0.083
    -130.89    -0.089
    -129.85     0.029
    -128.82     0.005
    -127.79    -0.152
    -126.76    -0.051
    -125.73     0.009
    -124.70     0.076
    -123.67    -0.032
    -122.64    -0.007
    -121.61     0.020
    -120.58    -0.141
    -119.55     0.010
    -118.52     0.101
    -117.49    -0.028
    -116.46     0.041
    -115.43     0.071
    -114.40     0.101
    -113.37     0.184
    -112.33    -0.184
    -111.30     0.054
    -110.27    -0.031
    -109.24     0.068
    -108.21     0.035
    -107.18     0.167
    -106.15     0.060
    -105.12     0.064
    -104.09     0.040
    -103.06     0.080
    -102.03    -0.052
    -101.00     0.039
     -99.97    -0.060
     -98.94     0.254
     -97.91     0.012
     -96.88     0.031
     -95.85    -0.029
     -94.81    -0.005
     -93.78     0.062
     -92.75     0.096
     -91.72    -0.023
     -90.69    -0.037
     -89.66     0.064
     -88.63     0.056
     -87.60    -0.081
     -86.57     0.022
     -85.54     0.022
     -84.51     0.086
     -83.48     0.092
     -82.45     0.135
     -81.42     0.116
     -80.39     0.098
     -79.36     0.082
     -78.33     0.250
     -77.29     0.143
     -76.26     0.118
     -75.23     0.132
     -74.20     0.170
     -73.17     0.078
     -72.14     0.218
     -71.11     0.070
     -70.08     0.224
     -69.05     0.118
     -68.02     0.141
     -66.99     0.063
     -65.96     0.228
     -64.93     0.144
     -63.90     0.141
     -62.87     0.201
     -61.84     0.289
     -60.80     0.259
     -59.77     0.174
     -58.74     0.254
     -57.71     0.238
     -56.68     0.096
     -55.65     0.372
     -54.62     0.263
     -53.59     0.301
     -52.56     0.331
     -51.53     0.324
     -50.50     0.245
     -49.47     0.325
     -48.44     0.393
     -47.41     0.500
     -46.38     0.480
     -45.35     0.512
     -44.32     0.562
     -43.28     0.531
     -42.25     0.610
     -41.22     0.719
     -40.19     0.792
     -39.16     0.655
     -38.13     0.722
     -37.10     0.775
     -36.07     0.766
     -35.04     0.944
     -34.01     0.971
     -32.98     0.833
     -31.95     0.867
     -30.92     1.058
     -29.89     0.841
     -28.86     0.930
     -27.83     0.931
     -26.80     0.904
     -25.76     1.064
     -24.73     1.190
     -23.70     1.105
     -22.67     0.965
     -21.64     1.322
     -20.61     1.311
     -19.58     1.411
     -18.55     1.427
     -17.52     1.709
     -16.49     1.828
     -15.46     2.109
     -14.43     2.396
     -13.40     2.838
     -12.37     3.230
     -11.34     3.737
     -10.31     4.288
      -9.28     4.947
      -8.24     5.618
      -7.21     6.375
      -6.18     7.614
      -5.15     8.980
      -4.12    10.738
      -3.09    12.555
      -2.06    15.234
      -1.03    17.462
       0.00    18.926
       1.03    19.329
       2.06    19.636
       3.09    20.895
       4.12    25.777
       5.15    32.062
       6.18    35.843
       7.21    32.555
       8.24    25.884
       9.28    19.794
      10.31    16.177
      11.34    13.758
      12.37    11.501
      13.40     9.751
      14.43     8.313
      15.46     6.754
      16.49     5.863
      17.52     4.702
      18.55     3.913
      19.58     3.266
      20.61     2.845
      21.64     2.198
      22.67     1.930
      23.70     1.579
      24.73     1.321
      25.76     0.991
      26.80     0.993
      27.83     0.671
      28.86     0.582
      29.89     0.409
      30.92     0.490
      31.95     0.239
      32.98     0.268
      34.01     0.230
      35.04     0.236
      36.07     0.080
      37.10     0.219
      38.13     0.165
      39.16    -0.071
      40.19     0.010
      41.22     0.024
      42.25     0.117
      43.28     0.127
      44.32     0.089
      45.35     0.055
      46.38     0.073
      47.41     0.039
      48.44    -0.048
      49.47     0.036
      50.50     0.027
      51.53    -0.030
      52.56     0.121
      53.59     0.095
      54.62     0.014
      55.65    -0.021
      56.68     0.213
      57.71     0.124
      58.74     0.185
      59.77    -0.013
      60.80     0.179
      61.84     0.123
      62.87    -0.083
      63.90     0.039
      64.93    -0.060
      65.96     0.050
      66.99     0.106
      68.02    -0.112
      69.05     0.007
      70.08     0.033
      71.11    -0.094
      72.14    -0.026
      73.17     0.094
      74.20     0.100
      75.23     0.197
      76.26    -0.012
      77.29    -0.047
      78.33    -0.147
      79.36     0.092
      80.39     0.120
      81.42    -0.031
      82.45    -0.029
      83.48    -0.130
      84.51    -0.060
      85.54    -0.125
      86.57    -0.039
      87.60    -0.009
      88.63     0.143
      89.66    -0.097
      90.69    -0.182
      91.72     0.079
      92.75     0.004
      93.78    -0.030
      94.81     0.007
      95.85    -0.025
      96.88    -0.134
      97.91     0.019
      98.94     0.034
      99.97    -0.156
     101.00    -0.176
     102.03     0.036
     103.06    -0.003
     104.09    -0.163
     105.12     0.097
     106.15     0.002
     107.18    -0.169
     108.21     0.066
     109.24    -0.039
     110.27     0.085
     111.30    -0.056
     112.33    -0.008
     113.37     0.192
     114.40     0.001
     115.43     0.005
     116.46    -0.092
     117.49     0.040
     118.52     0.007
     119.55     0.092
     120.58    -0.012
     121.61     0.054
     122.64    -0.003
     123.67    -0.048
     124.70     0.026
     125.73     0.078
     126.76     0.044
     127.79    -0.031
     128.82    -0.098
     129.85    -0.003
     130.89     0.053
     131.92     0.025
     132.95     0.052
     133.98     0.086
     135.01    -0.047
     136.04    -0.007
     137.07     0.060
     138.10     0.087
     139.13     0.019
     140.16     0.074
     141.19     0.017
     142.22    -0.058
     143.25    -0.082
     144.28     0.132
     145.31     0.040
     146.34    -0.039
     147.37    -0.003
     148.41    -0.007
     149.44     0.100
     150.47     0.016
     151.50     0.066
     152.53     0.000
     153.56    -0.004
     154.59     0.065
     155.62     0.025
     156.65     0.041
     157.68    -0.016
     158.71    -0.088
     159.74     0.033
     160.77    -0.068
     161.80     0.016
     162.83     0.089
     163.86     0.107
     164.89     0.074
     165.93    -0.153
     166.96    -0.015
     167.99     0.022
     169.02    -0.110
     170.05     0.079
     171.08     0.019
     172.11    -0.146
     173.14     0.070
     174.17    -0.098
     175.20     0.134
     176.23     0.017
     177.26     0.085
     178.29     0.020
     179.32    -0.018
     180.35     0.037
     181.38     0.001
     182.41     0.023
     183.45    -0.172
     184.48    -0.070
     185.51     0.206
     186.54    -0.081
     187.57    -0.062
     188.60     0.015
     189.63    -0.001
     190.66    -0.040
     191.69     0.069
     192.72     0.019
     193.75     0.006
     194.78     0.012
     195.81    -0.046
     196.84    -0.033
     197.87     0.044
     198.90    -0.084
     199.93    -0.016
     200.97    -0.108
     202.00     0.100
     203.03    -0.076
     204.06    -0.001
     205.09     0.052
     206.12    -0.010
     207.15     0.009
     208.18     0.033
     209.21    -0.060
     210.24    -0.015
     211.27     0.070
     212.30     0.142
     213.33     0.075
     214.36    -0.051
     215.39    -0.037
     216.42    -0.028
     217.46    -0.127
     218.49    -0.046
     219.52    -0.163
     220.55     0.048
     221.58    -0.094
     222.61     0.033
     223.64    -0.060
     224.67     0.120
     225.70     0.039
     226.73     0.006
     227.76    -0.097
     228.79    -0.034
     229.82    -0.098
     230.85     0.099
     231.88    -0.021
     232.91    -0.007
     233.94    -0.154
     234.98     0.028
     236.01     0.059
     237.04     0.039
     238.07    -0.138
     239.10     0.052
     240.13     0.100
     241.16     0.017
     242.19     0.059
     243.22     0.104
     244.25    -0.078
     245.28     0.014
     246.31     0.116
     247.34     0.014
     248.37    -0.046
     249.40     0.097
     250.43    -0.050
     251.46    -0.031
     252.50    -0.046
     253.53    -0.026
     254.56    -0.039
     255.59     0.166
     256.62     0.135
     257.65     0.117
     258.68    -0.093
     259.71    -0.119
     260.74    -0.003
     261.77     0.031
     262.80    -0.237
     263.83    -0.111
     264.86     0.018
     265.89     0.155
     266.92     0.037
     267.95    -0.082
     268.98    -0.010
     270.02     0.007
     271.05    -0.096
     272.08     0.049
     273.11    -0.054
     274.14     0.066
     275.17     0.006
     276.20    -0.043
     277.23    -0.128
     278.26    -0.003
     279.29     0.028
     280.32     0.022
     281.35     0.079
     282.38    -0.066
     283.41     0.050
     284.44     0.041
     285.47     0.037
     286.50    -0.090
     287.54     0.009
     288.57     0.167
     289.60     0.036
     290.63     0.100
     291.66    -0.045
     292.69     0.072
     293.72     0.023
     294.75    -0.007
     295.78     0.004
     296.81    -0.061
     297.84    -0.058
     298.87     0.022
     299.90     0.024
     300.93     0.001
     301.96     0.064
     302.99    -0.078
     304.02     0.088
     305.06     0.023
     306.09     0.035
     307.12    -0.006
     308.15    -0.021
     309.18    -0.192
     310.21     0.066
     311.24     0.019
     312.27    -0.065
     313.30    -0.029
     314.33     0.091
     315.36     0.078
     316.39    -0.000
     317.42    -0.007
     318.45     0.049
     319.48     0.026
     320.51     0.060
     321.54    -0.044
     322.58     0.076
     323.61    -0.175
     324.64     0.055
     325.67     0.036
     326.70     0.068
     327.73    -0.037
     328.76    -0.051
     329.79     0.122
     330.82    -0.044
     331.85     0.007
     332.88     0.023
     333.91     0.082
     334.94     0.045
     335.97     0.162
     337.00    -0.098
     338.03     0.105
     339.07     0.013
     340.10    -0.047
     341.13    -0.024
     342.16     0.132
     343.19     0.012
     344.22     0.041
     345.25    -0.010
     346.28     0.007
     347.31    -0.136
     348.34     0.124
     349.37     0.034
     350.40     0.031
     351.43    -0.077
     352.46    -0.032
     353.49    -0.062
     354.52     0.079
     355.55    -0.035
     356.59    -0.035
     357.62    -0.106
     358.65    -0.085
     359.68     0.040
     360.71    -0.082
     361.74    -0.026
     362.77    -0.062
     363.80     0.019
     364.83     0.038
     365.86    -0.013
     366.89    -0.002
     367.92    -0.026
     368.95     0.079
     369.98     0.146
     371.01    -0.030
     372.04    -0.104
     373.07     0.005
     374.11     0.038
     375.14     0.010
     376.17    -0.028
     377.20    -0.170
     378.23    -0.018
     379.26    -0.076
     380.29    -0.055
     381.32     0.018
     382.35     0.003
     383.38    -0.157
     384.41     0.045
     385.44    -0.112
     386.47     0.141
     387.50     0.000
     388.53    -0.143
     389.56    -0.019
     390.59    -0.033
     391.63     0.102
     392.66     0.063
     393.69     0.074
     394.72    -0.070
     395.75    -0.017
     396.78    -0.021
     397.81     0.132
     398.84    -0.114
     399.87     0.043
