%%   92.50000 -10.00000    0   0.20000
% LAB  survey ------------------
% wanted position:  l, b, RA, DEC, and interpolated  NH
% 92.50 ; -10.00 ; 330.22 ;  42.57 ;  0.176E+22
% nearest position: l, b, RA, DEC, and observed NH
% 92.50 ; -10.00 ; 330.22 ;  42.57 ;  0.176E+22
% GASS III survey --------------
% NH - median within 6 arcmin radius   0.00    
% NH - mean within specified beam      0.00    
% EBHIS survey -----------------
% NH  within specified beam           0.196E+22
%%EBHIS   621  datapoints: v_lsr [km/s] and T_B [K]
    -399.25    -0.014
    -397.96    -0.001
    -396.68     0.043
    -395.39    -0.001
    -394.10     0.001
    -392.81     0.048
    -391.52    -0.019
    -390.23    -0.040
    -388.95    -0.007
    -387.66     0.060
    -386.37     0.024
    -385.08     0.046
    -383.79     0.047
    -382.50    -0.001
    -381.22    -0.006
    -379.93    -0.032
    -378.64     0.073
    -377.35     0.007
    -376.06    -0.023
    -374.78    -0.037
    -373.49    -0.045
    -372.20    -0.089
    -370.91    -0.056
    -369.62    -0.013
    -368.33     0.057
    -367.05    -0.073
    -365.76    -0.045
    -364.47     0.049
    -363.18     0.028
    -361.89     0.055
    -360.60     0.010
    -359.32     0.075
    -358.03     0.018
    -356.74    -0.014
    -355.45     0.021
    -354.16    -0.039
    -352.88    -0.006
    -351.59    -0.026
    -350.30     0.030
    -349.01     0.022
    -347.72     0.061
    -346.43     0.026
    -345.15     0.051
    -343.86     0.047
    -342.57     0.033
    -341.28     0.035
    -339.99     0.034
    -338.70     0.039
    -337.42     0.019
    -336.13     0.061
    -334.84    -0.021
    -333.55    -0.061
    -332.26    -0.062
    -330.98     0.027
    -329.69    -0.028
    -328.40     0.041
    -327.11    -0.107
    -325.82    -0.043
    -324.53     0.001
    -323.25    -0.085
    -321.96     0.003
    -320.67     0.021
    -319.38    -0.014
    -318.09    -0.004
    -316.80    -0.084
    -315.52     0.005
    -314.23     0.079
    -312.94     0.013
    -311.65     0.035
    -310.36     0.025
    -309.08    -0.055
    -307.79     0.042
    -306.50    -0.030
    -305.21    -0.013
    -303.92     0.017
    -302.63    -0.003
    -301.35     0.052
    -300.06     0.002
    -298.77     0.054
    -297.48    -0.037
    -296.19    -0.121
    -294.90    -0.066
    -293.62    -0.004
    -292.33     0.014
    -291.04    -0.035
    -289.75     0.021
    -288.46     0.100
    -287.18     0.074
    -285.89     0.024
    -284.60    -0.068
    -283.31     0.027
    -282.02     0.048
    -280.73    -0.067
    -279.45    -0.013
    -278.16    -0.040
    -276.87     0.009
    -275.58    -0.036
    -274.29    -0.079
    -273.00     0.019
    -271.72    -0.010
    -270.43     0.034
    -269.14     0.048
    -267.85     0.046
    -266.56    -0.005
    -265.28     0.092
    -263.99    -0.004
    -262.70     0.008
    -261.41    -0.028
    -260.12     0.006
    -258.83     0.094
    -257.55     0.095
    -256.26     0.053
    -254.97     0.040
    -253.68     0.067
    -252.39    -0.082
    -251.10    -0.047
    -249.82    -0.018
    -248.53     0.039
    -247.24     0.028
    -245.95     0.039
    -244.66    -0.002
    -243.38    -0.016
    -242.09    -0.008
    -240.80     0.085
    -239.51     0.044
    -238.22     0.031
    -236.93     0.035
    -235.65     0.012
    -234.36     0.007
    -233.07    -0.000
    -231.78     0.014
    -230.49     0.028
    -229.20    -0.023
    -227.92     0.015
    -226.63     0.024
    -225.34     0.054
    -224.05    -0.001
    -222.76    -0.007
    -221.48     0.025
    -220.19     0.038
    -218.90     0.087
    -217.61    -0.024
    -216.32    -0.015
    -215.03     0.014
    -213.75    -0.033
    -212.46    -0.006
    -211.17    -0.062
    -209.88    -0.028
    -208.59     0.084
    -207.30    -0.036
    -206.02     0.066
    -204.73    -0.030
    -203.44     0.015
    -202.15    -0.030
    -200.86     0.064
    -199.58    -0.047
    -198.29    -0.041
    -197.00    -0.103
    -195.71    -0.080
    -194.42    -0.033
    -193.13    -0.074
    -191.85     0.076
    -190.56     0.003
    -189.27    -0.049
    -187.98     0.051
    -186.69     0.007
    -185.40    -0.046
    -184.12    -0.027
    -182.83    -0.025
    -181.54     0.029
    -180.25    -0.034
    -178.96     0.023
    -177.68     0.053
    -176.39    -0.089
    -175.10    -0.011
    -173.81    -0.072
    -172.52    -0.118
    -171.23     0.001
    -169.95     0.047
    -168.66     0.103
    -167.37     0.029
    -166.08    -0.026
    -164.79    -0.018
    -163.50     0.007
    -162.22     0.119
    -160.93    -0.038
    -159.64     0.013
    -158.35    -0.046
    -157.06     0.031
    -155.78    -0.020
    -154.49     0.016
    -153.20     0.098
    -151.91     0.019
    -150.62    -0.030
    -149.33     0.018
    -148.05     0.060
    -146.76     0.061
    -145.47    -0.010
    -144.18    -0.071
    -142.89    -0.024
    -141.60    -0.071
    -140.32    -0.040
    -139.03     0.004
    -137.74     0.053
    -136.45     0.007
    -135.16    -0.049
    -133.88    -0.028
    -132.59     0.079
    -131.30     0.101
    -130.01     0.011
    -128.72    -0.033
    -127.43     0.090
    -126.15     0.012
    -124.86     0.058
    -123.57     0.060
    -122.28     0.157
    -120.99     0.167
    -119.70     0.093
    -118.42     0.123
    -117.13     0.151
    -115.84     0.139
    -114.55     0.170
    -113.26     0.229
    -111.98     0.311
    -110.69     0.304
    -109.40     0.381
    -108.11     0.401
    -106.82     0.432
    -105.53     0.384
    -104.25     0.404
    -102.96     0.561
    -101.67     0.619
    -100.38     0.575
     -99.09     0.625
     -97.80     0.712
     -96.52     0.720
     -95.23     0.679
     -93.94     0.913
     -92.65     0.910
     -91.36     0.946
     -90.08     1.021
     -88.79     1.266
     -87.50     1.434
     -86.21     1.740
     -84.92     1.794
     -83.63     2.009
     -82.35     2.101
     -81.06     2.298
     -79.77     2.375
     -78.48     2.394
     -77.19     2.563
     -75.90     2.727
     -74.62     2.720
     -73.33     2.840
     -72.04     2.698
     -70.75     2.627
     -69.46     2.736
     -68.18     2.652
     -66.89     2.709
     -65.60     2.543
     -64.31     2.555
     -63.02     2.364
     -61.73     2.382
     -60.45     2.185
     -59.16     2.030
     -57.87     1.905
     -56.58     1.846
     -55.29     1.788
     -54.00     1.794
     -52.72     1.765
     -51.43     1.948
     -50.14     2.151
     -48.85     2.310
     -47.56     2.500
     -46.28     2.282
     -44.99     2.125
     -43.70     2.039
     -42.41     1.915
     -41.12     1.869
     -39.83     1.822
     -38.55     2.000
     -37.26     2.043
     -35.97     2.185
     -34.68     2.334
     -33.39     2.471
     -32.10     2.726
     -30.82     3.155
     -29.53     3.428
     -28.24     4.100
     -26.95     4.891
     -25.66     5.756
     -24.38     6.634
     -23.09     7.793
     -21.80     8.478
     -20.51     8.506
     -19.22     8.004
     -17.93     7.585
     -16.65     7.408
     -15.36     7.517
     -14.07     7.877
     -12.78     8.509
     -11.49     9.185
     -10.20    10.472
      -8.92    11.773
      -7.63    13.512
      -6.34    16.425
      -5.05    21.545
      -3.76    30.404
      -2.48    42.476
      -1.19    54.579
       0.10    63.434
       1.39    63.975
       2.68    58.476
       3.97    50.950
       5.25    41.680
       6.54    32.553
       7.83    24.550
       9.12    18.149
      10.41    13.459
      11.70    10.099
      12.98     7.499
      14.27     5.760
      15.56     4.536
      16.85     3.799
      18.14     3.160
      19.42     2.600
      20.71     1.814
      22.00     1.410
      23.29     0.922
      24.58     0.729
      25.87     0.528
      27.15     0.360
      28.44     0.243
      29.73     0.076
      31.02     0.106
      32.31     0.071
      33.60     0.164
      34.88     0.018
      36.17     0.035
      37.46     0.046
      38.75     0.038
      40.04    -0.026
      41.32     0.037
      42.61     0.025
      43.90     0.019
      45.19    -0.030
      46.48     0.076
      47.77    -0.060
      49.05    -0.041
      50.34    -0.006
      51.63    -0.017
      52.92    -0.078
      54.21    -0.038
      55.50    -0.044
      56.78     0.012
      58.07    -0.061
      59.36    -0.057
      60.65    -0.033
      61.94    -0.011
      63.22     0.024
      64.51     0.066
      65.80     0.014
      67.09    -0.044
      68.38    -0.003
      69.67    -0.017
      70.95     0.039
      72.24     0.020
      73.53     0.055
      74.82     0.051
      76.11     0.007
      77.40    -0.066
      78.68    -0.067
      79.97    -0.061
      81.26     0.061
      82.55     0.040
      83.84     0.012
      85.12    -0.004
      86.41     0.071
      87.70     0.119
      88.99     0.012
      90.28     0.074
      91.57    -0.047
      92.85    -0.045
      94.14    -0.120
      95.43    -0.002
      96.72     0.029
      98.01     0.106
      99.30     0.029
     100.58     0.034
     101.87    -0.001
     103.16    -0.054
     104.45     0.020
     105.74     0.067
     107.02     0.007
     108.31    -0.017
     109.60    -0.066
     110.89     0.007
     112.18    -0.019
     113.47     0.003
     114.75    -0.008
     116.04     0.018
     117.33    -0.008
     118.62     0.025
     119.91     0.025
     121.20     0.009
     122.48     0.063
     123.77     0.041
     125.06     0.005
     126.35    -0.036
     127.64    -0.032
     128.92    -0.014
     130.21    -0.008
     131.50     0.012
     132.79     0.100
     134.08     0.025
     135.37    -0.002
     136.65    -0.074
     137.94    -0.034
     139.23    -0.047
     140.52    -0.071
     141.81     0.036
     143.09     0.005
     144.38     0.027
     145.67     0.049
     146.96    -0.001
     148.25     0.010
     149.54     0.005
     150.82     0.033
     152.11    -0.038
     153.40     0.068
     154.69     0.024
     155.98     0.014
     157.27     0.067
     158.55     0.021
     159.84     0.007
     161.13    -0.058
     162.42    -0.018
     163.71    -0.062
     164.99    -0.022
     166.28     0.069
     167.57     0.063
     168.86     0.022
     170.15     0.032
     171.44     0.053
     172.72     0.033
     174.01    -0.039
     175.30     0.045
     176.59     0.002
     177.88    -0.104
     179.17    -0.006
     180.45    -0.021
     181.74     0.036
     183.03    -0.001
     184.32    -0.081
     185.61     0.010
     186.89     0.053
     188.18     0.079
     189.47    -0.022
     190.76    -0.059
     192.05    -0.083
     193.34    -0.021
     194.62    -0.023
     195.91     0.070
     197.20     0.019
     198.49     0.012
     199.78     0.018
     201.07    -0.077
     202.35     0.005
     203.64    -0.063
     204.93     0.014
     206.22    -0.034
     207.51     0.017
     208.79    -0.059
     210.08    -0.081
     211.37    -0.038
     212.66     0.058
     213.95     0.077
     215.24    -0.024
     216.52    -0.044
     217.81     0.074
     219.10    -0.030
     220.39     0.007
     221.68    -0.013
     222.97    -0.058
     224.25     0.085
     225.54     0.024
     226.83     0.033
     228.12    -0.046
     229.41     0.017
     230.69     0.063
     231.98    -0.035
     233.27    -0.041
     234.56    -0.019
     235.85    -0.023
     237.14    -0.009
     238.42     0.041
     239.71     0.029
     241.00     0.056
     242.29    -0.061
     243.58    -0.023
     244.87     0.002
     246.15     0.088
     247.44     0.069
     248.73     0.027
     250.02    -0.029
     251.31     0.040
     252.59    -0.006
     253.88    -0.034
     255.17     0.004
     256.46    -0.063
     257.75    -0.049
     259.04    -0.049
     260.32    -0.071
     261.61     0.024
     262.90    -0.004
     264.19    -0.038
     265.48    -0.043
     266.77     0.019
     268.05    -0.048
     269.34    -0.027
     270.63    -0.117
     271.92    -0.076
     273.21     0.021
     274.49    -0.014
     275.78    -0.010
     277.07    -0.037
     278.36    -0.020
     279.65    -0.010
     280.94     0.061
     282.22     0.020
     283.51    -0.004
     284.80     0.021
     286.09     0.025
     287.38    -0.018
     288.67     0.032
     289.95     0.071
     291.24     0.053
     292.53     0.049
     293.82     0.029
     295.11    -0.077
     296.39    -0.063
     297.68    -0.070
     298.97    -0.036
     300.26     0.002
     301.55     0.041
     302.84    -0.017
     304.12     0.045
     305.41     0.037
     306.70     0.034
     307.99     0.015
     309.28     0.026
     310.57    -0.084
     311.85    -0.039
     313.14     0.000
     314.43    -0.015
     315.72    -0.039
     317.01    -0.000
     318.29    -0.005
     319.58     0.042
     320.87     0.035
     322.16     0.014
     323.45     0.054
     324.74     0.011
     326.02    -0.006
     327.31    -0.058
     328.60    -0.076
     329.89    -0.057
     331.18     0.045
     332.47    -0.035
     333.75    -0.004
     335.04    -0.010
     336.33     0.033
     337.62     0.023
     338.91    -0.033
     340.19    -0.023
     341.48    -0.058
     342.77     0.027
     344.06    -0.038
     345.35    -0.026
     346.64     0.036
     347.92     0.003
     349.21     0.002
     350.50    -0.031
     351.79    -0.033
     353.08    -0.027
     354.37     0.019
     355.65     0.105
     356.94     0.037
     358.23     0.011
     359.52    -0.013
     360.81     0.046
     362.09     0.078
     363.38    -0.026
     364.67    -0.057
     365.96     0.007
     367.25     0.094
     368.54    -0.044
     369.82    -0.082
     371.11    -0.118
     372.40    -0.065
     373.69    -0.101
     374.98     0.056
     376.27     0.003
     377.55    -0.006
     378.84    -0.010
     380.13    -0.032
     381.42     0.025
     382.71    -0.052
     383.99     0.006
     385.28     0.020
     386.57    -0.028
     387.86    -0.030
     389.15    -0.098
     390.44     0.016
     391.72    -0.015
     393.01    -0.065
     394.30    -0.019
     395.59     0.035
     396.88    -0.055
     398.17    -0.012
     399.45     0.111
%%GASS      0  datapoints: v_lsr [km/s] and T_B [K]
%%LAB     777  datapoints: v_lsr [km/s] and T_B [K]
    -399.85     0.022
    -398.82     0.036
    -397.79    -0.010
    -396.76     0.000
    -395.73    -0.095
    -394.70    -0.164
    -393.67    -0.061
    -392.64    -0.011
    -391.61    -0.065
    -390.58    -0.008
    -389.55    -0.007
    -388.52     0.152
    -387.49    -0.030
    -386.46     0.089
    -385.43     0.029
    -384.40    -0.068
    -383.37     0.100
    -382.34     0.127
    -381.30     0.023
    -380.27    -0.002
    -379.24     0.032
    -378.21     0.002
    -377.18     0.033
    -376.15     0.062
    -375.12    -0.109
    -374.09     0.014
    -373.06    -0.021
    -372.03     0.005
    -371.00     0.040
    -369.97     0.117
    -368.94     0.076
    -367.91     0.013
    -366.88     0.017
    -365.85    -0.105
    -364.82    -0.163
    -363.79    -0.029
    -362.75    -0.117
    -361.72    -0.096
    -360.69    -0.040
    -359.66    -0.110
    -358.63    -0.027
    -357.60     0.160
    -356.57    -0.013
    -355.54    -0.156
    -354.51     0.076
    -353.48    -0.041
    -352.45    -0.019
    -351.42    -0.032
    -350.39    -0.073
    -349.36     0.104
    -348.33     0.004
    -347.30     0.018
    -346.27     0.077
    -345.24     0.078
    -344.20    -0.093
    -343.17    -0.038
    -342.14    -0.121
    -341.11    -0.026
    -340.08    -0.025
    -339.05     0.008
    -338.02    -0.010
    -336.99    -0.093
    -335.96     0.052
    -334.93    -0.101
    -333.90     0.069
    -332.87     0.075
    -331.84     0.072
    -330.81     0.104
    -329.78    -0.061
    -328.75     0.029
    -327.72    -0.066
    -326.69     0.054
    -325.65     0.108
    -324.62    -0.115
    -323.59     0.154
    -322.56    -0.021
    -321.53     0.125
    -320.50     0.110
    -319.47     0.068
    -318.44    -0.021
    -317.41    -0.026
    -316.38     0.030
    -315.35     0.060
    -314.32    -0.079
    -313.29    -0.139
    -312.26    -0.026
    -311.23     0.045
    -310.20     0.023
    -309.17    -0.027
    -308.14    -0.094
    -307.10    -0.078
    -306.07     0.023
    -305.04    -0.013
    -304.01    -0.028
    -302.98    -0.040
    -301.95     0.089
    -300.92    -0.004
    -299.89    -0.039
    -298.86    -0.008
    -297.83    -0.005
    -296.80    -0.123
    -295.77     0.033
    -294.74     0.073
    -293.71    -0.056
    -292.68     0.046
    -291.65    -0.070
    -290.62     0.103
    -289.59     0.138
    -288.55     0.103
    -287.52     0.077
    -286.49     0.031
    -285.46    -0.027
    -284.43     0.033
    -283.40     0.122
    -282.37    -0.001
    -281.34    -0.077
    -280.31    -0.101
    -279.28    -0.069
    -278.25    -0.045
    -277.22     0.104
    -276.19     0.096
    -275.16    -0.033
    -274.13     0.009
    -273.10    -0.006
    -272.07    -0.153
    -271.04     0.022
    -270.00    -0.051
    -268.97    -0.081
    -267.94    -0.011
    -266.91     0.065
    -265.88     0.009
    -264.85     0.020
    -263.82    -0.102
    -262.79     0.007
    -261.76     0.085
    -260.73    -0.007
    -259.70     0.109
    -258.67     0.025
    -257.64     0.000
    -256.61    -0.040
    -255.58    -0.142
    -254.55    -0.099
    -253.52     0.021
    -252.49    -0.065
    -251.45     0.053
    -250.42    -0.120
    -249.39     0.081
    -248.36     0.085
    -247.33     0.172
    -246.30     0.013
    -245.27     0.024
    -244.24    -0.113
    -243.21     0.093
    -242.18    -0.103
    -241.15    -0.061
    -240.12     0.048
    -239.09     0.016
    -238.06    -0.115
    -237.03    -0.096
    -236.00     0.131
    -234.97     0.114
    -233.94     0.035
    -232.90     0.066
    -231.87     0.065
    -230.84    -0.013
    -229.81    -0.096
    -228.78    -0.108
    -227.75    -0.031
    -226.72     0.045
    -225.69     0.001
    -224.66    -0.013
    -223.63     0.085
    -222.60     0.085
    -221.57    -0.010
    -220.54     0.092
    -219.51    -0.002
    -218.48    -0.067
    -217.45    -0.114
    -216.42     0.090
    -215.39     0.006
    -214.35     0.110
    -213.32     0.002
    -212.29     0.105
    -211.26     0.121
    -210.23     0.010
    -209.20    -0.013
    -208.17    -0.069
    -207.14    -0.096
    -206.11     0.075
    -205.08    -0.182
    -204.05    -0.080
    -203.02    -0.056
    -201.99    -0.007
    -200.96    -0.059
    -199.93     0.066
    -198.90     0.036
    -197.87     0.186
    -196.84    -0.005
    -195.80    -0.002
    -194.77    -0.084
    -193.74     0.078
    -192.71    -0.034
    -191.68     0.060
    -190.65     0.159
    -189.62    -0.003
    -188.59     0.016
    -187.56     0.064
    -186.53     0.052
    -185.50     0.035
    -184.47    -0.017
    -183.44    -0.016
    -182.41     0.066
    -181.38     0.002
    -180.35    -0.036
    -179.32    -0.017
    -178.29    -0.051
    -177.26    -0.002
    -176.22     0.093
    -175.19     0.020
    -174.16     0.075
    -173.13     0.200
    -172.10     0.017
    -171.07     0.024
    -170.04    -0.093
    -169.01    -0.003
    -167.98    -0.088
    -166.95    -0.093
    -165.92    -0.108
    -164.89     0.004
    -163.86     0.016
    -162.83     0.048
    -161.80     0.017
    -160.77     0.073
    -159.74    -0.100
    -158.71     0.004
    -157.67    -0.061
    -156.64    -0.010
    -155.61    -0.133
    -154.58    -0.033
    -153.55    -0.028
    -152.52    -0.118
    -151.49     0.012
    -150.46     0.160
    -149.43    -0.083
    -148.40     0.088
    -147.37    -0.031
    -146.34    -0.008
    -145.31    -0.064
    -144.28     0.105
    -143.25    -0.019
    -142.22     0.073
    -141.19     0.051
    -140.16     0.043
    -139.12    -0.130
    -138.09     0.163
    -137.06    -0.014
    -136.03    -0.029
    -135.00    -0.077
    -133.97     0.042
    -132.94     0.144
    -131.91     0.120
    -130.88     0.151
    -129.85     0.064
    -128.82    -0.022
    -127.79     0.047
    -126.76     0.006
    -125.73     0.084
    -124.70     0.015
    -123.67     0.003
    -122.64     0.148
    -121.61     0.039
    -120.57     0.113
    -119.54     0.178
    -118.51     0.150
    -117.48     0.113
    -116.45     0.232
    -115.42     0.163
    -114.39     0.287
    -113.36     0.289
    -112.33     0.270
    -111.30     0.318
    -110.27     0.330
    -109.24     0.435
    -108.21     0.407
    -107.18     0.348
    -106.15     0.476
    -105.12     0.548
    -104.09     0.492
    -103.06     0.552
    -102.02     0.470
    -100.99     0.417
     -99.96     0.499
     -98.93     0.558
     -97.90     0.645
     -96.87     0.550
     -95.84     0.644
     -94.81     0.665
     -93.78     0.751
     -92.75     0.766
     -91.72     0.909
     -90.69     0.850
     -89.66     0.940
     -88.63     1.027
     -87.60     0.906
     -86.57     1.227
     -85.54     1.406
     -84.51     1.405
     -83.47     1.512
     -82.44     1.679
     -81.41     1.843
     -80.38     1.993
     -79.35     1.976
     -78.32     2.221
     -77.29     2.399
     -76.26     2.473
     -75.23     2.507
     -74.20     2.613
     -73.17     2.637
     -72.14     2.521
     -71.11     2.509
     -70.08     2.592
     -69.05     2.515
     -68.02     2.565
     -66.99     2.504
     -65.96     2.575
     -64.92     2.238
     -63.89     2.293
     -62.86     2.215
     -61.83     2.300
     -60.80     2.081
     -59.77     2.137
     -58.74     1.864
     -57.71     1.733
     -56.68     1.663
     -55.65     1.457
     -54.62     1.524
     -53.59     1.331
     -52.56     1.490
     -51.53     1.488
     -50.50     1.647
     -49.47     1.531
     -48.44     1.839
     -47.41     1.893
     -46.37     1.961
     -45.34     1.823
     -44.31     1.714
     -43.28     1.797
     -42.25     2.022
     -41.22     1.981
     -40.19     1.983
     -39.16     1.942
     -38.13     2.181
     -37.10     2.463
     -36.07     2.533
     -35.04     2.737
     -34.01     2.879
     -32.98     2.988
     -31.95     3.193
     -30.92     3.369
     -29.89     3.741
     -28.86     4.054
     -27.82     4.645
     -26.79     4.902
     -25.76     5.450
     -24.73     5.772
     -23.70     6.370
     -22.67     6.717
     -21.64     6.871
     -20.61     6.931
     -19.58     7.082
     -18.55     6.750
     -17.52     6.697
     -16.49     6.694
     -15.46     6.768
     -14.43     7.065
     -13.40     7.320
     -12.37     7.822
     -11.34     8.780
     -10.31     9.493
      -9.27    10.494
      -8.24    11.556
      -7.21    13.123
      -6.18    15.729
      -5.15    19.127
      -4.12    24.454
      -3.09    32.140
      -2.06    40.574
      -1.03    48.724
       0.00    55.175
       1.03    56.219
       2.06    53.286
       3.09    49.309
       4.12    45.157
       5.15    39.345
       6.18    32.383
       7.21    25.251
       8.24    19.280
       9.27    14.700
      10.31    11.595
      11.34     9.273
      12.37     7.942
      13.40     6.360
      14.43     5.697
      15.46     5.040
      16.49     4.332
      17.52     3.749
      18.55     3.290
      19.58     2.651
      20.61     1.977
      21.64     1.588
      22.67     1.202
      23.70     0.789
      24.73     0.690
      25.76     0.525
      26.79     0.496
      27.82     0.243
      28.86     0.329
      29.89     0.171
      30.92     0.095
      31.95     0.137
      32.98     0.102
      34.01    -0.027
      35.04    -0.024
      36.07     0.016
      37.10    -0.011
      38.13    -0.016
      39.16     0.061
      40.19    -0.050
      41.22     0.020
      42.25     0.036
      43.28     0.066
      44.31    -0.015
      45.34     0.172
      46.37    -0.046
      47.41    -0.085
      48.44     0.027
      49.47     0.179
      50.50     0.058
      51.53     0.050
      52.56     0.015
      53.59     0.166
      54.62    -0.068
      55.65    -0.002
      56.68     0.028
      57.71     0.000
      58.74     0.170
      59.77    -0.041
      60.80    -0.022
      61.83     0.070
      62.86     0.050
      63.89     0.126
      64.92    -0.051
      65.96     0.026
      66.99    -0.054
      68.02     0.025
      69.05     0.006
      70.08     0.060
      71.11    -0.012
      72.14    -0.002
      73.17    -0.175
      74.20    -0.055
      75.23    -0.075
      76.26    -0.015
      77.29    -0.055
      78.32     0.035
      79.35     0.122
      80.38    -0.040
      81.41    -0.077
      82.44    -0.031
      83.47    -0.103
      84.51     0.032
      85.54     0.007
      86.57     0.110
      87.60    -0.052
      88.63     0.213
      89.66    -0.052
      90.69     0.050
      91.72     0.054
      92.75     0.140
      93.78     0.016
      94.81    -0.052
      95.84     0.036
      96.87     0.004
      97.90    -0.059
      98.93    -0.010
      99.96     0.094
     100.99     0.132
     102.02    -0.024
     103.06    -0.076
     104.09    -0.054
     105.12    -0.018
     106.15    -0.132
     107.18    -0.264
     108.21    -0.112
     109.24     0.041
     110.27     0.035
     111.30     0.023
     112.33     0.005
     113.36    -0.065
     114.39    -0.135
     115.42     0.148
     116.45     0.003
     117.48    -0.015
     118.51     0.035
     119.54     0.115
     120.57     0.032
     121.61     0.027
     122.64     0.060
     123.67     0.013
     124.70    -0.015
     125.73     0.077
     126.76    -0.027
     127.79     0.136
     128.82     0.002
     129.85     0.064
     130.88    -0.054
     131.91     0.189
     132.94    -0.002
     133.97    -0.044
     135.00     0.125
     136.03    -0.070
     137.06    -0.022
     138.09    -0.001
     139.12     0.141
     140.16     0.063
     141.19     0.010
     142.22     0.018
     143.25     0.100
     144.28     0.109
     145.31    -0.093
     146.34    -0.033
     147.37    -0.096
     148.40     0.082
     149.43     0.014
     150.46    -0.097
     151.49    -0.001
     152.52     0.088
     153.55    -0.007
     154.58     0.094
     155.61     0.039
     156.64    -0.009
     157.67     0.038
     158.71     0.091
     159.74    -0.052
     160.77    -0.058
     161.80    -0.092
     162.83    -0.033
     163.86    -0.034
     164.89     0.095
     165.92    -0.091
     166.95     0.005
     167.98    -0.052
     169.01     0.060
     170.04    -0.090
     171.07    -0.101
     172.10     0.056
     173.13     0.111
     174.16    -0.053
     175.19     0.041
     176.22    -0.035
     177.26    -0.090
     178.29    -0.051
     179.32    -0.067
     180.35    -0.013
     181.38     0.040
     182.41     0.005
     183.44    -0.053
     184.47    -0.114
     185.50    -0.088
     186.53     0.135
     187.56     0.004
     188.59    -0.089
     189.62    -0.093
     190.65    -0.023
     191.68    -0.052
     192.71    -0.008
     193.74     0.044
     194.77    -0.150
     195.80     0.074
     196.84    -0.037
     197.87    -0.009
     198.90     0.065
     199.93     0.170
     200.96     0.048
     201.99     0.026
     203.02    -0.039
     204.05    -0.097
     205.08     0.022
     206.11     0.064
     207.14     0.025
     208.17     0.142
     209.20    -0.029
     210.23     0.134
     211.26     0.015
     212.29    -0.041
     213.32    -0.027
     214.35    -0.006
     215.39    -0.035
     216.42    -0.002
     217.45    -0.066
     218.48     0.191
     219.51     0.005
     220.54    -0.023
     221.57     0.008
     222.60    -0.040
     223.63     0.091
     224.66    -0.014
     225.69    -0.141
     226.72    -0.049
     227.75     0.054
     228.78     0.050
     229.81     0.003
     230.84    -0.064
     231.87    -0.071
     232.90     0.010
     233.94    -0.049
     234.97    -0.009
     236.00    -0.139
     237.03    -0.041
     238.06     0.008
     239.09    -0.005
     240.12    -0.040
     241.15     0.150
     242.18     0.022
     243.21     0.093
     244.24     0.051
     245.27     0.056
     246.30     0.060
     247.33    -0.018
     248.36     0.069
     249.39    -0.081
     250.42     0.021
     251.45    -0.033
     252.49     0.040
     253.52     0.041
     254.55     0.017
     255.58    -0.056
     256.61     0.073
     257.64     0.017
     258.67    -0.012
     259.70    -0.040
     260.73     0.084
     261.76    -0.044
     262.79    -0.090
     263.82     0.141
     264.85    -0.003
     265.88    -0.020
     266.91     0.009
     267.94    -0.108
     268.97    -0.002
     270.00     0.073
     271.04     0.013
     272.07    -0.001
     273.10     0.000
     274.13     0.023
     275.16    -0.208
     276.19    -0.090
     277.22    -0.010
     278.25    -0.011
     279.28    -0.046
     280.31     0.156
     281.34    -0.082
     282.37     0.039
     283.40     0.055
     284.43     0.122
     285.46    -0.010
     286.49     0.002
     287.52    -0.026
     288.55    -0.003
     289.59    -0.042
     290.62    -0.001
     291.65     0.053
     292.68     0.010
     293.71    -0.027
     294.74     0.054
     295.77     0.029
     296.80     0.011
     297.83    -0.016
     298.86     0.111
     299.89     0.069
     300.92     0.129
     301.95     0.002
     302.98     0.047
     304.01     0.042
     305.04    -0.071
     306.07    -0.085
     307.10     0.009
     308.14    -0.007
     309.17     0.082
     310.20     0.090
     311.23    -0.028
     312.26     0.000
     313.29     0.010
     314.32    -0.043
     315.35    -0.067
     316.38    -0.032
     317.41     0.033
     318.44    -0.058
     319.47    -0.183
     320.50    -0.041
     321.53     0.132
     322.56    -0.097
     323.59    -0.037
     324.62     0.013
     325.65     0.014
     326.69    -0.021
     327.72    -0.014
     328.75     0.002
     329.78    -0.089
     330.81    -0.040
     331.84     0.104
     332.87    -0.110
     333.90    -0.016
     334.93    -0.122
     335.96    -0.027
     336.99    -0.094
     338.02    -0.116
     339.05    -0.149
     340.08     0.073
     341.11    -0.075
     342.14     0.098
     343.17     0.031
     344.20     0.133
     345.24     0.025
     346.27     0.211
     347.30    -0.001
     348.33     0.047
     349.36     0.098
     350.39     0.043
     351.42    -0.069
     352.45    -0.016
     353.48    -0.016
     354.51     0.041
     355.54     0.066
     356.57     0.027
     357.60    -0.058
     358.63     0.047
     359.66    -0.045
     360.69     0.129
     361.72     0.071
     362.75     0.121
     363.79    -0.056
     364.82     0.041
     365.85     0.022
     366.88    -0.063
     367.91    -0.036
     368.94     0.102
     369.97    -0.065
     371.00    -0.049
     372.03    -0.160
     373.06    -0.028
     374.09    -0.065
     375.12     0.054
     376.15    -0.031
     377.18    -0.041
     378.21    -0.001
     379.24    -0.003
     380.27     0.039
     381.30     0.019
     382.34    -0.141
     383.37     0.079
     384.40     0.096
     385.43    -0.106
     386.46    -0.132
     387.49     0.104
     388.52     0.005
     389.55     0.021
     390.58    -0.035
     391.61     0.167
     392.64    -0.027
     393.67    -0.032
     394.70     0.035
     395.73     0.129
     396.76    -0.070
     397.79     0.059
     398.82    -0.081
     399.85     0.010
