%%   87.50000  12.50000    0   0.20000
% LAB  survey ------------------
% wanted position:  l, b, RA, DEC, and interpolated  NH
% 87.50 ;  12.50 ; 299.59 ;  53.77 ;  0.181E+22
% nearest position: l, b, RA, DEC, and observed NH
% 87.50 ;  12.50 ; 299.59 ;  53.77 ;  0.181E+22
% GASS III survey --------------
% NH - median within 6 arcmin radius   0.00    
% NH - mean within specified beam      0.00    
% EBHIS survey -----------------
% NH  within specified beam           0.169E+22
%%EBHIS   621  datapoints: v_lsr [km/s] and T_B [K]
    -399.25     0.028
    -397.96    -0.061
    -396.68    -0.074
    -395.39     0.042
    -394.10     0.110
    -392.81     0.033
    -391.52    -0.004
    -390.23     0.007
    -388.95     0.116
    -387.66     0.044
    -386.37     0.131
    -385.08    -0.030
    -383.79     0.099
    -382.50     0.061
    -381.22     0.125
    -379.93     0.131
    -378.64     0.023
    -377.35    -0.043
    -376.06    -0.072
    -374.78     0.067
    -373.49     0.158
    -372.20     0.043
    -370.91    -0.032
    -369.62     0.046
    -368.33     0.005
    -367.05     0.041
    -365.76     0.098
    -364.47    -0.075
    -363.18     0.023
    -361.89    -0.007
    -360.60     0.030
    -359.32     0.128
    -358.03     0.024
    -356.74    -0.089
    -355.45    -0.044
    -354.16     0.064
    -352.88     0.082
    -351.59    -0.031
    -350.30    -0.040
    -349.01    -0.121
    -347.72     0.138
    -346.43     0.018
    -345.15     0.085
    -343.86    -0.041
    -342.57    -0.151
    -341.28    -0.014
    -339.99     0.025
    -338.70     0.016
    -337.42     0.055
    -336.13     0.018
    -334.84     0.022
    -333.55     0.049
    -332.26     0.126
    -330.98    -0.058
    -329.69    -0.051
    -328.40     0.008
    -327.11     0.061
    -325.82     0.074
    -324.53    -0.046
    -323.25     0.048
    -321.96     0.111
    -320.67     0.050
    -319.38     0.099
    -318.09     0.000
    -316.80     0.126
    -315.52     0.034
    -314.23     0.039
    -312.94    -0.043
    -311.65    -0.173
    -310.36    -0.071
    -309.08    -0.032
    -307.79    -0.103
    -306.50    -0.017
    -305.21    -0.055
    -303.92    -0.045
    -302.63    -0.046
    -301.35     0.050
    -300.06     0.116
    -298.77     0.130
    -297.48    -0.065
    -296.19    -0.013
    -294.90     0.045
    -293.62    -0.113
    -292.33    -0.011
    -291.04     0.070
    -289.75    -0.031
    -288.46    -0.028
    -287.18     0.027
    -285.89     0.129
    -284.60    -0.056
    -283.31    -0.058
    -282.02    -0.101
    -280.73    -0.116
    -279.45    -0.087
    -278.16    -0.050
    -276.87    -0.050
    -275.58     0.088
    -274.29     0.137
    -273.00    -0.006
    -271.72     0.003
    -270.43     0.060
    -269.14     0.127
    -267.85     0.037
    -266.56     0.025
    -265.28    -0.067
    -263.99    -0.026
    -262.70     0.061
    -261.41    -0.048
    -260.12     0.041
    -258.83    -0.058
    -257.55    -0.173
    -256.26    -0.118
    -254.97     0.010
    -253.68    -0.009
    -252.39    -0.015
    -251.10    -0.056
    -249.82     0.069
    -248.53    -0.022
    -247.24    -0.033
    -245.95     0.039
    -244.66    -0.042
    -243.38    -0.008
    -242.09    -0.129
    -240.80    -0.109
    -239.51    -0.096
    -238.22     0.123
    -236.93     0.083
    -235.65     0.063
    -234.36    -0.068
    -233.07     0.012
    -231.78    -0.043
    -230.49    -0.096
    -229.20    -0.095
    -227.92     0.065
    -226.63     0.025
    -225.34     0.064
    -224.05     0.022
    -222.76    -0.035
    -221.48     0.010
    -220.19    -0.057
    -218.90     0.018
    -217.61     0.039
    -216.32    -0.011
    -215.03    -0.006
    -213.75    -0.009
    -212.46    -0.115
    -211.17    -0.008
    -209.88     0.073
    -208.59    -0.016
    -207.30    -0.066
    -206.02    -0.146
    -204.73     0.013
    -203.44    -0.001
    -202.15    -0.075
    -200.86    -0.049
    -199.58    -0.059
    -198.29     0.028
    -197.00     0.065
    -195.71    -0.018
    -194.42    -0.068
    -193.13     0.004
    -191.85    -0.027
    -190.56     0.114
    -189.27     0.091
    -187.98     0.137
    -186.69     0.069
    -185.40     0.068
    -184.12     0.184
    -182.83     0.044
    -181.54     0.061
    -180.25     0.065
    -178.96    -0.001
    -177.68    -0.122
    -176.39    -0.010
    -175.10    -0.021
    -173.81    -0.098
    -172.52     0.009
    -171.23     0.118
    -169.95     0.049
    -168.66     0.047
    -167.37    -0.025
    -166.08     0.092
    -164.79     0.065
    -163.50    -0.040
    -162.22     0.077
    -160.93     0.088
    -159.64     0.049
    -158.35     0.205
    -157.06     0.118
    -155.78     0.100
    -154.49     0.191
    -153.20     0.314
    -151.91     0.376
    -150.62     0.212
    -149.33     0.371
    -148.05     0.366
    -146.76     0.500
    -145.47     0.555
    -144.18     0.591
    -142.89     0.704
    -141.60     0.688
    -140.32     0.720
    -139.03     0.780
    -137.74     0.890
    -136.45     0.965
    -135.16     0.901
    -133.88     0.883
    -132.59     1.102
    -131.30     1.174
    -130.01     1.161
    -128.72     1.063
    -127.43     1.101
    -126.15     1.213
    -124.86     1.091
    -123.57     1.123
    -122.28     1.322
    -120.99     1.309
    -119.70     1.297
    -118.42     1.379
    -117.13     1.536
    -115.84     1.584
    -114.55     1.586
    -113.26     1.537
    -111.98     1.535
    -110.69     1.395
    -109.40     1.321
    -108.11     1.226
    -106.82     1.212
    -105.53     1.027
    -104.25     1.040
    -102.96     1.060
    -101.67     0.763
    -100.38     0.664
     -99.09     0.643
     -97.80     0.615
     -96.52     0.590
     -95.23     0.559
     -93.94     0.490
     -92.65     0.465
     -91.36     0.396
     -90.08     0.377
     -88.79     0.378
     -87.50     0.476
     -86.21     0.425
     -84.92     0.529
     -83.63     0.585
     -82.35     0.728
     -81.06     0.888
     -79.77     0.996
     -78.48     1.057
     -77.19     0.964
     -75.90     1.227
     -74.62     1.362
     -73.33     1.709
     -72.04     1.649
     -70.75     2.012
     -69.46     2.329
     -68.18     2.576
     -66.89     2.816
     -65.60     3.132
     -64.31     3.472
     -63.02     3.537
     -61.73     3.487
     -60.45     3.671
     -59.16     3.694
     -57.87     3.662
     -56.58     3.390
     -55.29     3.377
     -54.00     2.896
     -52.72     2.748
     -51.43     2.600
     -50.14     2.778
     -48.85     2.756
     -47.56     2.570
     -46.28     2.502
     -44.99     2.295
     -43.70     1.940
     -42.41     1.505
     -41.12     1.303
     -39.83     1.171
     -38.55     1.011
     -37.26     0.939
     -35.97     0.986
     -34.68     0.993
     -33.39     1.045
     -32.10     1.304
     -30.82     1.668
     -29.53     1.990
     -28.24     2.512
     -26.95     3.086
     -25.66     4.218
     -24.38     4.983
     -23.09     5.568
     -21.80     6.202
     -20.51     6.905
     -19.22     7.877
     -17.93     8.706
     -16.65     9.627
     -15.36    10.854
     -14.07    11.934
     -12.78    13.245
     -11.49    14.184
     -10.20    15.198
      -8.92    17.088
      -7.63    20.011
      -6.34    23.930
      -5.05    27.305
      -3.76    26.051
      -2.48    23.069
      -1.19    21.959
       0.10    23.703
       1.39    27.127
       2.68    30.685
       3.97    35.447
       5.25    39.363
       6.54    36.856
       7.83    29.750
       9.12    21.934
      10.41    14.809
      11.70     9.467
      12.98     6.734
      14.27     4.799
      15.56     3.750
      16.85     2.756
      18.14     1.978
      19.42     1.417
      20.71     0.980
      22.00     0.824
      23.29     0.504
      24.58     0.290
      25.87     0.312
      27.15     0.212
      28.44     0.312
      29.73     0.159
      31.02     0.161
      32.31     0.085
      33.60     0.114
      34.88    -0.071
      36.17     0.151
      37.46     0.073
      38.75    -0.018
      40.04     0.024
      41.32    -0.069
      42.61    -0.088
      43.90    -0.041
      45.19    -0.024
      46.48     0.069
      47.77     0.014
      49.05     0.047
      50.34     0.068
      51.63     0.060
      52.92    -0.088
      54.21    -0.069
      55.50     0.052
      56.78     0.029
      58.07     0.067
      59.36     0.009
      60.65     0.127
      61.94     0.026
      63.22    -0.012
      64.51    -0.118
      65.80    -0.023
      67.09    -0.026
      68.38    -0.049
      69.67    -0.018
      70.95    -0.063
      72.24     0.021
      73.53    -0.038
      74.82     0.103
      76.11     0.042
      77.40    -0.009
      78.68    -0.035
      79.97     0.111
      81.26     0.027
      82.55    -0.013
      83.84     0.012
      85.12     0.092
      86.41    -0.032
      87.70    -0.128
      88.99    -0.131
      90.28     0.079
      91.57     0.031
      92.85     0.015
      94.14     0.011
      95.43    -0.065
      96.72    -0.128
      98.01    -0.004
      99.30    -0.093
     100.58     0.034
     101.87     0.026
     103.16    -0.010
     104.45    -0.120
     105.74     0.024
     107.02    -0.077
     108.31    -0.086
     109.60     0.090
     110.89    -0.055
     112.18     0.064
     113.47     0.050
     114.75     0.083
     116.04    -0.036
     117.33    -0.060
     118.62    -0.063
     119.91     0.012
     121.20     0.027
     122.48     0.061
     123.77     0.032
     125.06    -0.028
     126.35     0.029
     127.64     0.065
     128.92     0.041
     130.21     0.012
     131.50    -0.069
     132.79     0.099
     134.08     0.065
     135.37    -0.079
     136.65    -0.009
     137.94    -0.147
     139.23    -0.015
     140.52     0.005
     141.81     0.047
     143.09    -0.036
     144.38    -0.001
     145.67     0.031
     146.96    -0.020
     148.25    -0.018
     149.54     0.066
     150.82    -0.121
     152.11    -0.063
     153.40     0.050
     154.69     0.016
     155.98    -0.057
     157.27    -0.044
     158.55     0.168
     159.84     0.012
     161.13     0.075
     162.42    -0.019
     163.71     0.184
     164.99     0.035
     166.28     0.008
     167.57     0.035
     168.86     0.059
     170.15    -0.015
     171.44    -0.075
     172.72     0.091
     174.01     0.102
     175.30    -0.006
     176.59    -0.004
     177.88    -0.096
     179.17    -0.021
     180.45    -0.089
     181.74    -0.130
     183.03    -0.052
     184.32    -0.036
     185.61    -0.060
     186.89     0.003
     188.18    -0.056
     189.47     0.056
     190.76     0.057
     192.05     0.023
     193.34     0.038
     194.62     0.049
     195.91     0.145
     197.20     0.111
     198.49     0.022
     199.78     0.041
     201.07     0.081
     202.35     0.106
     203.64     0.046
     204.93     0.080
     206.22    -0.051
     207.51    -0.093
     208.79     0.014
     210.08    -0.008
     211.37    -0.109
     212.66    -0.050
     213.95    -0.010
     215.24     0.048
     216.52     0.140
     217.81     0.107
     219.10     0.024
     220.39     0.008
     221.68    -0.019
     222.97     0.024
     224.25    -0.132
     225.54     0.064
     226.83     0.054
     228.12     0.004
     229.41    -0.008
     230.69     0.028
     231.98    -0.069
     233.27    -0.021
     234.56     0.003
     235.85     0.043
     237.14     0.004
     238.42     0.028
     239.71    -0.074
     241.00     0.040
     242.29     0.121
     243.58     0.071
     244.87    -0.045
     246.15    -0.082
     247.44     0.098
     248.73     0.010
     250.02    -0.014
     251.31    -0.011
     252.59    -0.071
     253.88     0.071
     255.17     0.064
     256.46    -0.072
     257.75    -0.082
     259.04     0.102
     260.32     0.150
     261.61     0.046
     262.90    -0.046
     264.19    -0.051
     265.48     0.016
     266.77     0.028
     268.05     0.046
     269.34     0.024
     270.63    -0.029
     271.92    -0.058
     273.21    -0.028
     274.49    -0.016
     275.78     0.064
     277.07    -0.071
     278.36     0.036
     279.65    -0.076
     280.94    -0.052
     282.22    -0.041
     283.51    -0.055
     284.80    -0.023
     286.09     0.002
     287.38     0.080
     288.67    -0.009
     289.95    -0.005
     291.24    -0.004
     292.53    -0.007
     293.82     0.032
     295.11    -0.034
     296.39     0.105
     297.68    -0.064
     298.97    -0.098
     300.26    -0.115
     301.55     0.043
     302.84    -0.065
     304.12    -0.032
     305.41    -0.094
     306.70     0.007
     307.99     0.091
     309.28     0.047
     310.57     0.199
     311.85     0.089
     313.14     0.069
     314.43     0.025
     315.72     0.116
     317.01     0.124
     318.29     0.052
     319.58    -0.038
     320.87    -0.017
     322.16    -0.040
     323.45    -0.139
     324.74    -0.040
     326.02    -0.034
     327.31    -0.027
     328.60     0.106
     329.89    -0.033
     331.18    -0.028
     332.47    -0.006
     333.75     0.045
     335.04     0.021
     336.33    -0.032
     337.62    -0.080
     338.91    -0.046
     340.19     0.024
     341.48    -0.039
     342.77     0.039
     344.06     0.002
     345.35    -0.045
     346.64    -0.026
     347.92    -0.010
     349.21    -0.059
     350.50    -0.154
     351.79     0.039
     353.08     0.119
     354.37     0.059
     355.65     0.064
     356.94    -0.019
     358.23     0.016
     359.52     0.091
     360.81     0.027
     362.09    -0.139
     363.38    -0.115
     364.67    -0.042
     365.96    -0.041
     367.25     0.012
     368.54    -0.034
     369.82    -0.048
     371.11     0.035
     372.40    -0.024
     373.69    -0.113
     374.98     0.017
     376.27     0.141
     377.55    -0.013
     378.84    -0.061
     380.13     0.039
     381.42    -0.018
     382.71    -0.094
     383.99     0.078
     385.28     0.002
     386.57     0.002
     387.86     0.119
     389.15     0.036
     390.44     0.025
     391.72     0.043
     393.01    -0.082
     394.30    -0.043
     395.59    -0.077
     396.88     0.030
     398.17    -0.050
     399.45     0.032
%%GASS      0  datapoints: v_lsr [km/s] and T_B [K]
%%LAB     777  datapoints: v_lsr [km/s] and T_B [K]
    -399.83    -0.057
    -398.80     0.054
    -397.77    -0.121
    -396.74     0.045
    -395.71    -0.008
    -394.68    -0.058
    -393.64     0.089
    -392.61    -0.070
    -391.58     0.013
    -390.55     0.115
    -389.52     0.005
    -388.49    -0.051
    -387.46     0.031
    -386.43    -0.017
    -385.40     0.031
    -384.37    -0.058
    -383.34     0.015
    -382.31     0.016
    -381.28    -0.013
    -380.25     0.077
    -379.22    -0.079
    -378.19    -0.056
    -377.16     0.049
    -376.13     0.065
    -375.10    -0.053
    -374.07    -0.041
    -373.04     0.026
    -372.00    -0.018
    -370.97     0.078
    -369.94     0.124
    -368.91     0.036
    -367.88    -0.094
    -366.85     0.007
    -365.82    -0.101
    -364.79     0.011
    -363.76    -0.097
    -362.73     0.160
    -361.70     0.012
    -360.67     0.030
    -359.64    -0.087
    -358.61    -0.048
    -357.58    -0.097
    -356.55     0.197
    -355.52     0.006
    -354.49     0.116
    -353.46    -0.093
    -352.43     0.058
    -351.40    -0.032
    -350.36     0.071
    -349.33    -0.007
    -348.30     0.130
    -347.27     0.001
    -346.24    -0.168
    -345.21    -0.079
    -344.18     0.074
    -343.15     0.030
    -342.12     0.119
    -341.09    -0.043
    -340.06    -0.015
    -339.03    -0.022
    -338.00    -0.076
    -336.97    -0.030
    -335.94     0.109
    -334.91    -0.015
    -333.88     0.068
    -332.85    -0.088
    -331.82    -0.009
    -330.79     0.062
    -329.75     0.047
    -328.72    -0.013
    -327.69     0.027
    -326.66     0.021
    -325.63    -0.058
    -324.60     0.072
    -323.57    -0.000
    -322.54    -0.004
    -321.51    -0.085
    -320.48     0.011
    -319.45    -0.037
    -318.42     0.056
    -317.39     0.005
    -316.36     0.063
    -315.33     0.062
    -314.30    -0.023
    -313.27    -0.017
    -312.24    -0.094
    -311.21     0.041
    -310.18    -0.058
    -309.15    -0.084
    -308.11    -0.147
    -307.08    -0.032
    -306.05     0.063
    -305.02     0.056
    -303.99     0.079
    -302.96     0.087
    -301.93     0.031
    -300.90     0.022
    -299.87    -0.080
    -298.84     0.101
    -297.81    -0.001
    -296.78     0.028
    -295.75    -0.146
    -294.72     0.031
    -293.69    -0.060
    -292.66    -0.013
    -291.63    -0.198
    -290.60     0.045
    -289.57     0.109
    -288.54    -0.081
    -287.51    -0.026
    -286.47     0.009
    -285.44    -0.041
    -284.41    -0.084
    -283.38    -0.026
    -282.35     0.083
    -281.32     0.055
    -280.29    -0.155
    -279.26     0.101
    -278.23     0.152
    -277.20    -0.020
    -276.17     0.013
    -275.14     0.008
    -274.11    -0.069
    -273.08     0.006
    -272.05     0.071
    -271.02     0.016
    -269.99     0.054
    -268.96    -0.038
    -267.93     0.085
    -266.90     0.010
    -265.86     0.019
    -264.83     0.035
    -263.80     0.053
    -262.77     0.138
    -261.74    -0.164
    -260.71     0.102
    -259.68    -0.083
    -258.65    -0.073
    -257.62    -0.063
    -256.59    -0.112
    -255.56    -0.008
    -254.53     0.002
    -253.50     0.064
    -252.47     0.081
    -251.44     0.006
    -250.41     0.002
    -249.38     0.063
    -248.35    -0.218
    -247.32     0.010
    -246.29    -0.021
    -245.26    -0.054
    -244.22    -0.043
    -243.19    -0.040
    -242.16     0.055
    -241.13     0.081
    -240.10     0.073
    -239.07     0.152
    -238.04    -0.114
    -237.01    -0.044
    -235.98     0.071
    -234.95    -0.017
    -233.92     0.011
    -232.89     0.225
    -231.86    -0.011
    -230.83    -0.102
    -229.80     0.016
    -228.77    -0.003
    -227.74     0.107
    -226.71     0.090
    -225.68     0.195
    -224.65    -0.037
    -223.62    -0.005
    -222.58    -0.040
    -221.55     0.003
    -220.52     0.017
    -219.49     0.036
    -218.46    -0.046
    -217.43     0.109
    -216.40     0.027
    -215.37     0.059
    -214.34    -0.014
    -213.31     0.038
    -212.28     0.024
    -211.25    -0.041
    -210.22    -0.046
    -209.19     0.089
    -208.16     0.070
    -207.13     0.174
    -206.10    -0.101
    -205.07     0.160
    -204.04     0.043
    -203.01     0.041
    -201.97     0.063
    -200.94    -0.051
    -199.91    -0.008
    -198.88    -0.040
    -197.85     0.067
    -196.82    -0.066
    -195.79    -0.076
    -194.76     0.012
    -193.73     0.035
    -192.70     0.006
    -191.67    -0.030
    -190.64     0.039
    -189.61     0.061
    -188.58     0.038
    -187.55     0.097
    -186.52     0.103
    -185.49     0.011
    -184.46    -0.012
    -183.43    -0.024
    -182.40    -0.071
    -181.37     0.073
    -180.33    -0.091
    -179.30     0.003
    -178.27     0.071
    -177.24     0.089
    -176.21    -0.056
    -175.18    -0.045
    -174.15    -0.093
    -173.12    -0.022
    -172.09    -0.050
    -171.06     0.036
    -170.03     0.016
    -169.00     0.147
    -167.97     0.044
    -166.94     0.053
    -165.91     0.053
    -164.88    -0.043
    -163.85    -0.062
    -162.82    -0.091
    -161.79     0.079
    -160.76     0.117
    -159.73    -0.037
    -158.69     0.165
    -157.66     0.117
    -156.63     0.248
    -155.60     0.152
    -154.57     0.041
    -153.54     0.121
    -152.51     0.281
    -151.48     0.467
    -150.45     0.412
    -149.42     0.488
    -148.39     0.309
    -147.36     0.212
    -146.33     0.510
    -145.30     0.423
    -144.27     0.638
    -143.24     0.703
    -142.21     0.661
    -141.18     0.767
    -140.15     0.944
    -139.12     0.881
    -138.08     1.103
    -137.05     0.989
    -136.02     1.013
    -134.99     0.878
    -133.96     1.071
    -132.93     0.949
    -131.90     1.108
    -130.87     1.033
    -129.84     1.141
    -128.81     1.204
    -127.78     1.265
    -126.75     1.227
    -125.72     1.202
    -124.69     1.428
    -123.66     1.377
    -122.63     1.296
    -121.60     1.461
    -120.57     1.382
    -119.54     1.400
    -118.51     1.450
    -117.48     1.500
    -116.44     1.622
    -115.41     1.536
    -114.38     1.625
    -113.35     1.562
    -112.32     1.422
    -111.29     1.433
    -110.26     1.369
    -109.23     1.147
    -108.20     1.118
    -107.17     1.105
    -106.14     0.869
    -105.11     0.891
    -104.08     0.911
    -103.05     0.870
    -102.02     0.820
    -100.99     0.736
     -99.96     0.755
     -98.93     0.790
     -97.90     0.746
     -96.87     0.586
     -95.84     0.652
     -94.80     0.640
     -93.77     0.671
     -92.74     0.626
     -91.71     0.514
     -90.68     0.742
     -89.65     0.666
     -88.62     0.602
     -87.59     0.450
     -86.56     0.560
     -85.53     0.517
     -84.50     0.784
     -83.47     0.626
     -82.44     0.874
     -81.41     0.856
     -80.38     1.152
     -79.35     1.083
     -78.32     1.179
     -77.29     1.430
     -76.26     1.534
     -75.23     1.500
     -74.19     1.821
     -73.16     1.882
     -72.13     2.312
     -71.10     2.298
     -70.07     2.582
     -69.04     2.942
     -68.01     3.365
     -66.98     3.771
     -65.95     3.807
     -64.92     4.036
     -63.89     4.200
     -62.86     4.132
     -61.83     4.213
     -60.80     4.231
     -59.77     4.255
     -58.74     4.194
     -57.71     4.114
     -56.68     3.822
     -55.65     3.650
     -54.62     3.463
     -53.59     3.372
     -52.55     3.161
     -51.52     2.898
     -50.49     2.720
     -49.46     2.798
     -48.43     2.568
     -47.40     2.517
     -46.37     2.242
     -45.34     2.170
     -44.31     1.862
     -43.28     1.815
     -42.25     1.786
     -41.22     1.642
     -40.19     1.620
     -39.16     1.372
     -38.13     1.239
     -37.10     1.147
     -36.07     1.222
     -35.04     1.133
     -34.01     1.342
     -32.98     1.466
     -31.95     1.538
     -30.91     1.858
     -29.88     1.936
     -28.85     2.345
     -27.82     2.859
     -26.79     3.538
     -25.76     4.225
     -24.73     4.906
     -23.70     5.685
     -22.67     6.453
     -21.64     7.308
     -20.61     8.088
     -19.58     8.728
     -18.55     9.719
     -17.52    10.445
     -16.49    11.271
     -15.46    12.126
     -14.43    13.312
     -13.40    14.147
     -12.37    15.182
     -11.34    15.620
     -10.30    16.389
      -9.27    17.415
      -8.24    18.500
      -7.21    20.286
      -6.18    23.330
      -5.15    25.977
      -4.12    26.397
      -3.09    25.000
      -2.06    23.228
      -1.03    22.987
       0.00    23.993
       1.03    26.440
       2.06    29.492
       3.09    32.943
       4.12    37.560
       5.15    40.527
       6.18    40.608
       7.21    36.390
       8.24    30.489
       9.27    24.236
      10.30    17.987
      11.34    12.485
      12.37     8.826
      13.40     6.651
      14.43     4.963
      15.46     3.981
      16.49     3.050
      17.52     2.253
      18.55     1.926
      19.58     1.395
      20.61     1.256
      21.64     0.945
      22.67     0.783
      23.70     0.510
      24.73     0.456
      25.76     0.415
      26.79     0.425
      27.82     0.206
      28.85     0.125
      29.88     0.238
      30.91     0.127
      31.95     0.013
      32.98     0.360
      34.01     0.089
      35.04     0.104
      36.07     0.080
      37.10    -0.072
      38.13     0.015
      39.16     0.004
      40.19     0.144
      41.22     0.005
      42.25    -0.002
      43.28     0.001
      44.31    -0.187
      45.34     0.118
      46.37     0.083
      47.40     0.035
      48.43     0.196
      49.46    -0.048
      50.49     0.352
      51.52     0.201
      52.55    -0.012
      53.59     0.071
      54.62    -0.088
      55.65    -0.062
      56.68     0.104
      57.71     0.050
      58.74     0.028
      59.77     0.144
      60.80     0.099
      61.83     0.044
      62.86    -0.154
      63.89    -0.017
      64.92     0.045
      65.95    -0.041
      66.98     0.015
      68.01    -0.007
      69.04    -0.185
      70.07     0.015
      71.10    -0.058
      72.13    -0.072
      73.16    -0.016
      74.19     0.192
      75.23     0.045
      76.26     0.053
      77.29    -0.016
      78.32     0.069
      79.35    -0.083
      80.38     0.116
      81.41    -0.052
      82.44    -0.025
      83.47    -0.010
      84.50     0.221
      85.53    -0.039
      86.56     0.204
      87.59    -0.043
      88.62     0.038
      89.65    -0.041
      90.68     0.106
      91.71    -0.145
      92.74     0.171
      93.77     0.066
      94.80     0.075
      95.84    -0.074
      96.87     0.062
      97.90     0.048
      98.93    -0.111
      99.96     0.015
     100.99    -0.013
     102.02     0.057
     103.05     0.015
     104.08    -0.086
     105.11     0.037
     106.14     0.007
     107.17    -0.052
     108.20     0.006
     109.23     0.011
     110.26    -0.048
     111.29    -0.045
     112.32    -0.043
     113.35     0.060
     114.38     0.045
     115.41     0.084
     116.44     0.014
     117.48     0.050
     118.51    -0.051
     119.54     0.014
     120.57     0.078
     121.60    -0.214
     122.63     0.024
     123.66    -0.007
     124.69    -0.030
     125.72     0.003
     126.75     0.030
     127.78    -0.065
     128.81    -0.026
     129.84    -0.055
     130.87    -0.087
     131.90    -0.028
     132.93     0.041
     133.96    -0.007
     134.99     0.001
     136.02    -0.113
     137.05     0.004
     138.08     0.115
     139.12    -0.027
     140.15     0.085
     141.18     0.043
     142.21     0.005
     143.24     0.102
     144.27     0.139
     145.30    -0.070
     146.33     0.104
     147.36    -0.021
     148.39     0.043
     149.42    -0.028
     150.45     0.130
     151.48     0.074
     152.51     0.065
     153.54     0.062
     154.57     0.039
     155.60    -0.096
     156.63     0.121
     157.66     0.198
     158.69     0.046
     159.73    -0.123
     160.76     0.014
     161.79    -0.048
     162.82     0.018
     163.85     0.089
     164.88    -0.008
     165.91    -0.159
     166.94     0.114
     167.97    -0.093
     169.00     0.013
     170.03     0.046
     171.06    -0.042
     172.09     0.039
     173.12     0.048
     174.15    -0.011
     175.18    -0.100
     176.21     0.023
     177.24     0.059
     178.27    -0.004
     179.30    -0.065
     180.33     0.039
     181.37     0.054
     182.40    -0.092
     183.43     0.059
     184.46     0.053
     185.49     0.044
     186.52    -0.031
     187.55     0.167
     188.58     0.006
     189.61     0.068
     190.64     0.070
     191.67     0.071
     192.70     0.082
     193.73     0.143
     194.76    -0.033
     195.79    -0.008
     196.82    -0.046
     197.85    -0.115
     198.88    -0.003
     199.91    -0.136
     200.94    -0.055
     201.97    -0.015
     203.01    -0.076
     204.04     0.124
     205.07     0.054
     206.10    -0.111
     207.13    -0.119
     208.16    -0.012
     209.19    -0.005
     210.22    -0.020
     211.25     0.087
     212.28    -0.037
     213.31    -0.111
     214.34     0.049
     215.37    -0.081
     216.40     0.102
     217.43    -0.083
     218.46     0.068
     219.49     0.013
     220.52    -0.004
     221.55    -0.043
     222.58    -0.027
     223.62    -0.062
     224.65     0.085
     225.68    -0.008
     226.71     0.010
     227.74     0.035
     228.77    -0.118
     229.80     0.076
     230.83    -0.011
     231.86     0.006
     232.89     0.048
     233.92     0.096
     234.95     0.022
     235.98     0.034
     237.01     0.053
     238.04    -0.109
     239.07     0.006
     240.10    -0.070
     241.13     0.151
     242.16     0.064
     243.19     0.015
     244.22     0.005
     245.26     0.039
     246.29    -0.034
     247.32     0.207
     248.35    -0.084
     249.38    -0.076
     250.41    -0.003
     251.44     0.048
     252.47     0.112
     253.50    -0.045
     254.53    -0.008
     255.56    -0.122
     256.59     0.014
     257.62     0.015
     258.65    -0.086
     259.68    -0.052
     260.71    -0.014
     261.74    -0.015
     262.77     0.005
     263.80    -0.228
     264.83    -0.046
     265.86    -0.008
     266.90     0.040
     267.93     0.088
     268.96    -0.041
     269.99     0.074
     271.02    -0.068
     272.05    -0.086
     273.08     0.102
     274.11     0.124
     275.14     0.059
     276.17    -0.070
     277.20     0.045
     278.23     0.036
     279.26    -0.042
     280.29    -0.026
     281.32    -0.042
     282.35    -0.131
     283.38    -0.060
     284.41    -0.038
     285.44     0.003
     286.47     0.029
     287.51     0.096
     288.54     0.023
     289.57    -0.021
     290.60    -0.038
     291.63    -0.037
     292.66     0.016
     293.69     0.074
     294.72    -0.089
     295.75    -0.021
     296.78    -0.022
     297.81    -0.079
     298.84     0.145
     299.87    -0.088
     300.90    -0.070
     301.93     0.028
     302.96    -0.011
     303.99    -0.008
     305.02     0.086
     306.05     0.028
     307.08     0.010
     308.11     0.029
     309.15     0.115
     310.18     0.120
     311.21    -0.047
     312.24    -0.130
     313.27    -0.175
     314.30    -0.031
     315.33     0.046
     316.36    -0.030
     317.39    -0.121
     318.42    -0.022
     319.45     0.016
     320.48    -0.134
     321.51    -0.063
     322.54     0.056
     323.57    -0.058
     324.60     0.045
     325.63    -0.096
     326.66     0.082
     327.69     0.053
     328.72    -0.108
     329.75     0.040
     330.79     0.021
     331.82    -0.065
     332.85     0.063
     333.88     0.042
     334.91     0.025
     335.94    -0.028
     336.97    -0.083
     338.00    -0.092
     339.03     0.020
     340.06     0.047
     341.09     0.053
     342.12     0.053
     343.15     0.297
     344.18     0.060
     345.21     0.168
     346.24     0.003
     347.27    -0.017
     348.30    -0.022
     349.33    -0.002
     350.36    -0.039
     351.40     0.091
     352.43     0.005
     353.46    -0.137
     354.49     0.060
     355.52    -0.085
     356.55     0.134
     357.58    -0.137
     358.61     0.109
     359.64     0.048
     360.67     0.000
     361.70    -0.184
     362.73     0.141
     363.76    -0.108
     364.79     0.187
     365.82    -0.128
     366.85    -0.020
     367.88     0.164
     368.91     0.165
     369.94    -0.032
     370.97    -0.040
     372.00     0.057
     373.04    -0.038
     374.07    -0.008
     375.10     0.018
     376.13     0.012
     377.16    -0.069
     378.19     0.030
     379.22    -0.090
     380.25    -0.223
     381.28    -0.004
     382.31     0.022
     383.34     0.070
     384.37    -0.002
     385.40    -0.080
     386.43    -0.110
     387.46    -0.009
     388.49     0.028
     389.52    -0.051
     390.55    -0.147
     391.58    -0.005
     392.61    -0.062
     393.64     0.028
     394.68    -0.205
     395.71    -0.090
     396.74    -0.091
     397.77     0.239
     398.80    -0.035
     399.83     0.112
