%%  100.00000 -17.50000    0   0.20000
% LAB  survey ------------------
% wanted position:  l, b, RA, DEC, and interpolated  NH
%100.00 ; -17.50 ; 343.78 ;  40.14 ;  0.101E+22
% nearest position: l, b, RA, DEC, and observed NH
%100.00 ; -17.50 ; 343.78 ;  40.14 ;  0.101E+22
% GASS III survey --------------
% NH - median within 6 arcmin radius   0.00    
% NH - mean within specified beam      0.00    
% EBHIS survey -----------------
% NH  within specified beam           0.943E+21
%%EBHIS   621  datapoints: v_lsr [km/s] and T_B [K]
    -399.25     0.112
    -397.96    -0.007
    -396.68    -0.094
    -395.39    -0.153
    -394.10    -0.057
    -392.81     0.029
    -391.52    -0.033
    -390.23    -0.040
    -388.95     0.063
    -387.66    -0.004
    -386.37    -0.118
    -385.08     0.005
    -383.79    -0.028
    -382.50    -0.029
    -381.22    -0.119
    -379.93    -0.073
    -378.64    -0.042
    -377.35    -0.064
    -376.06     0.037
    -374.78     0.077
    -373.49    -0.010
    -372.20     0.105
    -370.91     0.035
    -369.62    -0.056
    -368.33    -0.025
    -367.05     0.007
    -365.76     0.125
    -364.47     0.005
    -363.18    -0.108
    -361.89    -0.031
    -360.60    -0.201
    -359.32    -0.037
    -358.03    -0.036
    -356.74    -0.081
    -355.45    -0.052
    -354.16    -0.078
    -352.88    -0.157
    -351.59    -0.046
    -350.30     0.008
    -349.01    -0.007
    -347.72    -0.039
    -346.43     0.093
    -345.15     0.015
    -343.86     0.106
    -342.57     0.082
    -341.28    -0.023
    -339.99     0.067
    -338.70     0.087
    -337.42     0.020
    -336.13     0.044
    -334.84     0.017
    -333.55    -0.005
    -332.26    -0.112
    -330.98     0.011
    -329.69     0.007
    -328.40     0.073
    -327.11    -0.052
    -325.82     0.032
    -324.53     0.081
    -323.25    -0.039
    -321.96    -0.065
    -320.67    -0.114
    -319.38     0.019
    -318.09    -0.073
    -316.80    -0.140
    -315.52    -0.143
    -314.23    -0.050
    -312.94    -0.005
    -311.65     0.036
    -310.36     0.124
    -309.08     0.022
    -307.79     0.096
    -306.50     0.015
    -305.21    -0.029
    -303.92     0.048
    -302.63     0.036
    -301.35     0.016
    -300.06     0.020
    -298.77     0.049
    -297.48     0.058
    -296.19    -0.089
    -294.90    -0.004
    -293.62     0.062
    -292.33     0.030
    -291.04    -0.015
    -289.75     0.038
    -288.46    -0.007
    -287.18     0.050
    -285.89    -0.007
    -284.60     0.002
    -283.31     0.014
    -282.02    -0.030
    -280.73    -0.030
    -279.45    -0.051
    -278.16    -0.028
    -276.87    -0.158
    -275.58    -0.072
    -274.29    -0.012
    -273.00    -0.009
    -271.72    -0.112
    -270.43    -0.123
    -269.14     0.093
    -267.85     0.088
    -266.56    -0.049
    -265.28     0.001
    -263.99     0.078
    -262.70     0.025
    -261.41    -0.039
    -260.12    -0.031
    -258.83    -0.122
    -257.55     0.080
    -256.26     0.075
    -254.97     0.065
    -253.68    -0.008
    -252.39    -0.118
    -251.10    -0.089
    -249.82    -0.042
    -248.53    -0.076
    -247.24     0.006
    -245.95    -0.019
    -244.66     0.041
    -243.38     0.043
    -242.09     0.156
    -240.80     0.082
    -239.51     0.057
    -238.22     0.032
    -236.93     0.092
    -235.65     0.093
    -234.36     0.106
    -233.07     0.217
    -231.78     0.051
    -230.49    -0.110
    -229.20    -0.013
    -227.92     0.031
    -226.63     0.090
    -225.34     0.015
    -224.05    -0.028
    -222.76    -0.188
    -221.48    -0.099
    -220.19    -0.033
    -218.90     0.067
    -217.61    -0.060
    -216.32    -0.017
    -215.03     0.110
    -213.75     0.052
    -212.46    -0.078
    -211.17    -0.040
    -209.88     0.009
    -208.59     0.054
    -207.30     0.053
    -206.02    -0.059
    -204.73    -0.049
    -203.44     0.025
    -202.15    -0.029
    -200.86    -0.037
    -199.58     0.023
    -198.29    -0.023
    -197.00     0.134
    -195.71    -0.011
    -194.42    -0.012
    -193.13    -0.044
    -191.85     0.004
    -190.56     0.019
    -189.27    -0.006
    -187.98    -0.124
    -186.69    -0.085
    -185.40    -0.001
    -184.12    -0.048
    -182.83    -0.107
    -181.54    -0.132
    -180.25    -0.038
    -178.96    -0.003
    -177.68    -0.058
    -176.39    -0.077
    -175.10    -0.109
    -173.81     0.031
    -172.52     0.028
    -171.23     0.061
    -169.95     0.050
    -168.66     0.162
    -167.37    -0.021
    -166.08     0.001
    -164.79     0.071
    -163.50     0.020
    -162.22     0.006
    -160.93     0.036
    -159.64     0.095
    -158.35     0.083
    -157.06    -0.032
    -155.78     0.074
    -154.49     0.103
    -153.20     0.035
    -151.91     0.104
    -150.62     0.015
    -149.33    -0.072
    -148.05    -0.057
    -146.76    -0.086
    -145.47     0.041
    -144.18    -0.056
    -142.89     0.078
    -141.60     0.097
    -140.32     0.052
    -139.03     0.163
    -137.74     0.146
    -136.45    -0.039
    -135.16     0.039
    -133.88     0.107
    -132.59     0.029
    -131.30     0.211
    -130.01    -0.012
    -128.72     0.092
    -127.43    -0.057
    -126.15     0.079
    -124.86     0.078
    -123.57     0.099
    -122.28     0.074
    -120.99    -0.078
    -119.70     0.118
    -118.42     0.099
    -117.13     0.042
    -115.84     0.116
    -114.55     0.143
    -113.26     0.111
    -111.98    -0.009
    -110.69     0.044
    -109.40    -0.002
    -108.11    -0.003
    -106.82    -0.103
    -105.53    -0.099
    -104.25    -0.191
    -102.96     0.001
    -101.67    -0.050
    -100.38    -0.004
     -99.09    -0.037
     -97.80    -0.140
     -96.52     0.003
     -95.23     0.006
     -93.94     0.109
     -92.65     0.057
     -91.36     0.100
     -90.08     0.040
     -88.79     0.169
     -87.50     0.097
     -86.21    -0.068
     -84.92    -0.011
     -83.63     0.017
     -82.35     0.098
     -81.06     0.037
     -79.77     0.111
     -78.48     0.044
     -77.19     0.161
     -75.90     0.151
     -74.62     0.263
     -73.33     0.239
     -72.04     0.274
     -70.75     0.398
     -69.46     0.269
     -68.18     0.283
     -66.89     0.495
     -65.60     0.539
     -64.31     0.398
     -63.02     0.546
     -61.73     0.494
     -60.45     0.532
     -59.16     0.611
     -57.87     0.639
     -56.58     0.570
     -55.29     0.535
     -54.00     0.609
     -52.72     0.648
     -51.43     0.764
     -50.14     0.732
     -48.85     0.719
     -47.56     0.699
     -46.28     0.833
     -44.99     0.914
     -43.70     0.898
     -42.41     1.138
     -41.12     1.310
     -39.83     1.663
     -38.55     2.192
     -37.26     3.073
     -35.97     4.263
     -34.68     5.381
     -33.39     6.132
     -32.10     6.704
     -30.82     6.602
     -29.53     7.197
     -28.24     7.813
     -26.95     8.763
     -25.66     9.056
     -24.38     8.585
     -23.09     8.014
     -21.80     7.147
     -20.51     6.187
     -19.22     5.532
     -17.93     5.209
     -16.65     5.217
     -15.36     5.446
     -14.07     5.999
     -12.78     6.955
     -11.49     7.894
     -10.20     9.288
      -8.92     9.924
      -7.63    10.128
      -6.34    11.005
      -5.05    12.902
      -3.76    16.628
      -2.48    20.220
      -1.19    22.586
       0.10    23.928
       1.39    22.326
       2.68    18.692
       3.97    15.121
       5.25    11.788
       6.54     9.028
       7.83     6.961
       9.12     5.441
      10.41     4.234
      11.70     3.230
      12.98     2.246
      14.27     1.564
      15.56     1.269
      16.85     0.988
      18.14     0.537
      19.42     0.368
      20.71     0.133
      22.00     0.191
      23.29     0.050
      24.58     0.104
      25.87     0.153
      27.15     0.053
      28.44     0.059
      29.73     0.043
      31.02    -0.090
      32.31    -0.007
      33.60    -0.054
      34.88     0.013
      36.17    -0.042
      37.46    -0.066
      38.75     0.006
      40.04     0.041
      41.32     0.044
      42.61    -0.068
      43.90    -0.123
      45.19    -0.104
      46.48     0.023
      47.77     0.026
      49.05     0.066
      50.34     0.002
      51.63    -0.024
      52.92    -0.152
      54.21     0.070
      55.50     0.110
      56.78    -0.041
      58.07     0.118
      59.36    -0.001
      60.65    -0.067
      61.94    -0.043
      63.22    -0.034
      64.51     0.026
      65.80    -0.030
      67.09     0.165
      68.38     0.129
      69.67    -0.066
      70.95    -0.053
      72.24    -0.075
      73.53     0.052
      74.82     0.089
      76.11     0.183
      77.40     0.155
      78.68     0.002
      79.97     0.008
      81.26     0.136
      82.55     0.064
      83.84    -0.019
      85.12     0.032
      86.41    -0.063
      87.70    -0.104
      88.99    -0.065
      90.28    -0.085
      91.57     0.019
      92.85    -0.022
      94.14     0.062
      95.43    -0.012
      96.72    -0.047
      98.01    -0.060
      99.30     0.064
     100.58    -0.011
     101.87     0.013
     103.16    -0.161
     104.45     0.014
     105.74     0.015
     107.02    -0.008
     108.31    -0.002
     109.60     0.005
     110.89     0.098
     112.18    -0.036
     113.47    -0.083
     114.75    -0.093
     116.04    -0.008
     117.33    -0.023
     118.62    -0.093
     119.91     0.051
     121.20     0.090
     122.48     0.043
     123.77     0.065
     125.06    -0.019
     126.35    -0.014
     127.64    -0.017
     128.92    -0.024
     130.21     0.076
     131.50    -0.037
     132.79    -0.033
     134.08    -0.106
     135.37    -0.066
     136.65    -0.029
     137.94     0.043
     139.23    -0.011
     140.52    -0.056
     141.81     0.050
     143.09     0.085
     144.38     0.036
     145.67    -0.000
     146.96    -0.051
     148.25     0.028
     149.54    -0.039
     150.82    -0.099
     152.11     0.096
     153.40    -0.038
     154.69     0.048
     155.98    -0.062
     157.27    -0.111
     158.55     0.002
     159.84     0.046
     161.13     0.054
     162.42    -0.004
     163.71     0.021
     164.99     0.066
     166.28    -0.055
     167.57     0.102
     168.86     0.086
     170.15    -0.075
     171.44     0.035
     172.72     0.127
     174.01    -0.071
     175.30    -0.018
     176.59    -0.024
     177.88     0.073
     179.17    -0.039
     180.45    -0.122
     181.74    -0.004
     183.03    -0.150
     184.32     0.119
     185.61    -0.013
     186.89     0.059
     188.18     0.021
     189.47    -0.028
     190.76    -0.046
     192.05    -0.021
     193.34     0.041
     194.62     0.036
     195.91     0.012
     197.20    -0.006
     198.49    -0.003
     199.78     0.062
     201.07     0.009
     202.35     0.136
     203.64    -0.004
     204.93     0.098
     206.22    -0.029
     207.51     0.008
     208.79    -0.011
     210.08    -0.111
     211.37     0.124
     212.66    -0.039
     213.95    -0.050
     215.24     0.012
     216.52     0.079
     217.81     0.009
     219.10     0.015
     220.39    -0.067
     221.68    -0.181
     222.97    -0.041
     224.25     0.074
     225.54     0.039
     226.83    -0.072
     228.12     0.031
     229.41    -0.110
     230.69    -0.154
     231.98     0.051
     233.27     0.037
     234.56     0.036
     235.85     0.031
     237.14    -0.011
     238.42    -0.096
     239.71    -0.070
     241.00    -0.003
     242.29     0.042
     243.58    -0.041
     244.87     0.087
     246.15     0.109
     247.44     0.054
     248.73     0.139
     250.02     0.066
     251.31    -0.101
     252.59     0.123
     253.88     0.092
     255.17     0.085
     256.46    -0.066
     257.75    -0.085
     259.04    -0.023
     260.32     0.011
     261.61     0.014
     262.90     0.147
     264.19     0.217
     265.48     0.125
     266.77    -0.018
     268.05     0.074
     269.34     0.018
     270.63     0.016
     271.92    -0.023
     273.21     0.106
     274.49     0.108
     275.78    -0.141
     277.07    -0.060
     278.36    -0.054
     279.65     0.119
     280.94     0.053
     282.22     0.057
     283.51    -0.069
     284.80     0.008
     286.09    -0.122
     287.38     0.084
     288.67     0.016
     289.95    -0.030
     291.24    -0.057
     292.53    -0.006
     293.82     0.027
     295.11    -0.098
     296.39    -0.014
     297.68     0.010
     298.97    -0.050
     300.26     0.037
     301.55    -0.066
     302.84    -0.072
     304.12    -0.040
     305.41     0.001
     306.70    -0.135
     307.99    -0.091
     309.28    -0.059
     310.57    -0.025
     311.85    -0.038
     313.14    -0.015
     314.43    -0.011
     315.72     0.063
     317.01    -0.032
     318.29    -0.142
     319.58    -0.045
     320.87    -0.051
     322.16    -0.097
     323.45     0.033
     324.74     0.145
     326.02     0.067
     327.31     0.056
     328.60     0.056
     329.89     0.098
     331.18     0.054
     332.47     0.094
     333.75     0.029
     335.04     0.047
     336.33     0.118
     337.62    -0.069
     338.91     0.113
     340.19    -0.046
     341.48    -0.029
     342.77    -0.045
     344.06     0.105
     345.35     0.170
     346.64     0.125
     347.92     0.021
     349.21    -0.085
     350.50    -0.076
     351.79    -0.069
     353.08     0.056
     354.37     0.011
     355.65    -0.005
     356.94     0.102
     358.23     0.184
     359.52     0.045
     360.81    -0.083
     362.09     0.057
     363.38    -0.101
     364.67     0.088
     365.96     0.060
     367.25     0.076
     368.54     0.077
     369.82    -0.077
     371.11    -0.028
     372.40     0.013
     373.69     0.111
     374.98     0.095
     376.27     0.033
     377.55     0.071
     378.84    -0.001
     380.13     0.013
     381.42     0.022
     382.71     0.079
     383.99    -0.007
     385.28    -0.106
     386.57    -0.113
     387.86    -0.092
     389.15    -0.017
     390.44    -0.021
     391.72    -0.082
     393.01     0.000
     394.30     0.022
     395.59     0.039
     396.88    -0.022
     398.17     0.064
     399.45     0.009
%%GASS      0  datapoints: v_lsr [km/s] and T_B [K]
%%LAB     777  datapoints: v_lsr [km/s] and T_B [K]
    -399.87     0.075
    -398.84    -0.113
    -397.81     0.002
    -396.78     0.081
    -395.75     0.034
    -394.72    -0.001
    -393.69    -0.050
    -392.66    -0.005
    -391.63     0.054
    -390.60     0.064
    -389.57    -0.035
    -388.54    -0.034
    -387.51     0.059
    -386.48     0.069
    -385.45     0.019
    -384.41    -0.019
    -383.38    -0.020
    -382.35     0.131
    -381.32    -0.078
    -380.29     0.017
    -379.26    -0.012
    -378.23    -0.040
    -377.20    -0.051
    -376.17     0.161
    -375.14     0.029
    -374.11    -0.004
    -373.08     0.114
    -372.05    -0.058
    -371.02    -0.084
    -369.99    -0.077
    -368.96    -0.090
    -367.93    -0.060
    -366.89     0.080
    -365.86     0.014
    -364.83     0.078
    -363.80    -0.052
    -362.77    -0.032
    -361.74     0.041
    -360.71     0.104
    -359.68     0.103
    -358.65    -0.032
    -357.62    -0.056
    -356.59     0.075
    -355.56    -0.127
    -354.53     0.037
    -353.50    -0.010
    -352.47    -0.075
    -351.44     0.053
    -350.40     0.054
    -349.37     0.011
    -348.34     0.024
    -347.31     0.055
    -346.28     0.055
    -345.25    -0.018
    -344.22    -0.061
    -343.19     0.021
    -342.16    -0.093
    -341.13    -0.013
    -340.10     0.056
    -339.07    -0.048
    -338.04     0.023
    -337.01     0.175
    -335.98     0.038
    -334.95    -0.012
    -333.92     0.011
    -332.88    -0.136
    -331.85     0.021
    -330.82    -0.005
    -329.79     0.225
    -328.76     0.020
    -327.73     0.071
    -326.70     0.025
    -325.67    -0.069
    -324.64    -0.080
    -323.61     0.062
    -322.58    -0.119
    -321.55    -0.059
    -320.52     0.007
    -319.49    -0.163
    -318.46    -0.088
    -317.43     0.083
    -316.39    -0.004
    -315.36    -0.060
    -314.33     0.090
    -313.30     0.056
    -312.27    -0.124
    -311.24    -0.080
    -310.21     0.154
    -309.18     0.008
    -308.15     0.073
    -307.12    -0.014
    -306.09     0.022
    -305.06     0.120
    -304.03    -0.064
    -303.00     0.024
    -301.97    -0.065
    -300.94    -0.046
    -299.91    -0.015
    -298.87     0.092
    -297.84     0.015
    -296.81    -0.015
    -295.78    -0.108
    -294.75     0.008
    -293.72    -0.085
    -292.69    -0.072
    -291.66    -0.151
    -290.63     0.141
    -289.60    -0.050
    -288.57     0.044
    -287.54     0.025
    -286.51    -0.044
    -285.48    -0.015
    -284.45     0.148
    -283.42     0.048
    -282.39     0.049
    -281.35    -0.100
    -280.32    -0.034
    -279.29     0.070
    -278.26     0.102
    -277.23     0.059
    -276.20    -0.015
    -275.17     0.054
    -274.14     0.158
    -273.11    -0.210
    -272.08    -0.093
    -271.05    -0.036
    -270.02     0.008
    -268.99     0.079
    -267.96     0.047
    -266.93    -0.015
    -265.90    -0.069
    -264.86     0.006
    -263.83    -0.022
    -262.80     0.007
    -261.77    -0.113
    -260.74    -0.004
    -259.71     0.016
    -258.68    -0.109
    -257.65    -0.057
    -256.62    -0.016
    -255.59     0.085
    -254.56    -0.064
    -253.53     0.133
    -252.50     0.102
    -251.47     0.096
    -250.44    -0.154
    -249.41     0.003
    -248.38    -0.108
    -247.34    -0.173
    -246.31     0.026
    -245.28     0.091
    -244.25    -0.091
    -243.22    -0.031
    -242.19    -0.052
    -241.16    -0.001
    -240.13    -0.057
    -239.10     0.094
    -238.07    -0.068
    -237.04    -0.054
    -236.01     0.007
    -234.98    -0.085
    -233.95     0.065
    -232.92    -0.011
    -231.89     0.072
    -230.85    -0.068
    -229.82     0.007
    -228.79     0.058
    -227.76    -0.011
    -226.73     0.088
    -225.70    -0.049
    -224.67     0.051
    -223.64    -0.051
    -222.61     0.026
    -221.58    -0.008
    -220.55     0.092
    -219.52    -0.009
    -218.49     0.021
    -217.46    -0.111
    -216.43    -0.042
    -215.40    -0.019
    -214.37     0.088
    -213.33    -0.019
    -212.30     0.092
    -211.27     0.090
    -210.24     0.027
    -209.21    -0.019
    -208.18     0.028
    -207.15    -0.036
    -206.12    -0.033
    -205.09    -0.026
    -204.06     0.020
    -203.03     0.031
    -202.00     0.036
    -200.97    -0.028
    -199.94     0.053
    -198.91     0.025
    -197.88    -0.028
    -196.85     0.016
    -195.81    -0.106
    -194.78    -0.012
    -193.75     0.046
    -192.72     0.021
    -191.69     0.112
    -190.66    -0.022
    -189.63     0.032
    -188.60     0.068
    -187.57    -0.055
    -186.54    -0.122
    -185.51     0.186
    -184.48    -0.067
    -183.45     0.049
    -182.42     0.077
    -181.39     0.090
    -180.36     0.067
    -179.32    -0.159
    -178.29    -0.099
    -177.26    -0.012
    -176.23     0.023
    -175.20     0.045
    -174.17    -0.006
    -173.14    -0.110
    -172.11     0.099
    -171.08     0.053
    -170.05    -0.114
    -169.02    -0.027
    -167.99    -0.097
    -166.96    -0.091
    -165.93     0.005
    -164.90     0.069
    -163.87     0.054
    -162.84    -0.014
    -161.80    -0.048
    -160.77    -0.139
    -159.74    -0.113
    -158.71     0.081
    -157.68     0.032
    -156.65    -0.106
    -155.62    -0.014
    -154.59    -0.040
    -153.56     0.090
    -152.53    -0.062
    -151.50    -0.111
    -150.47     0.003
    -149.44    -0.025
    -148.41    -0.074
    -147.38     0.124
    -146.35     0.137
    -145.31    -0.008
    -144.28    -0.001
    -143.25     0.044
    -142.22     0.150
    -141.19    -0.078
    -140.16    -0.014
    -139.13    -0.030
    -138.10    -0.110
    -137.07     0.074
    -136.04     0.118
    -135.01    -0.135
    -133.98     0.051
    -132.95     0.025
    -131.92     0.030
    -130.89    -0.032
    -129.86     0.177
    -128.83     0.060
    -127.79     0.011
    -126.76     0.037
    -125.73     0.096
    -124.70     0.095
    -123.67     0.021
    -122.64     0.047
    -121.61     0.012
    -120.58    -0.018
    -119.55    -0.034
    -118.52     0.042
    -117.49     0.099
    -116.46    -0.139
    -115.43     0.012
    -114.40    -0.049
    -113.37    -0.055
    -112.34     0.087
    -111.31     0.144
    -110.27     0.063
    -109.24    -0.084
    -108.21     0.012
    -107.18     0.157
    -106.15     0.121
    -105.12    -0.019
    -104.09     0.016
    -103.06     0.062
    -102.03     0.095
    -101.00     0.066
     -99.97     0.029
     -98.94     0.077
     -97.91     0.027
     -96.88     0.123
     -95.85     0.056
     -94.82     0.071
     -93.78     0.008
     -92.75     0.157
     -91.72     0.063
     -90.69     0.101
     -89.66     0.020
     -88.63     0.236
     -87.60     0.041
     -86.57     0.178
     -85.54     0.019
     -84.51     0.149
     -83.48     0.117
     -82.45     0.140
     -81.42     0.095
     -80.39     0.179
     -79.36     0.171
     -78.33     0.200
     -77.30     0.156
     -76.26     0.178
     -75.23     0.195
     -74.20     0.248
     -73.17     0.386
     -72.14     0.402
     -71.11     0.364
     -70.08     0.436
     -69.05     0.588
     -68.02     0.625
     -66.99     0.448
     -65.96     0.539
     -64.93     0.585
     -63.90     0.529
     -62.87     0.527
     -61.84     0.634
     -60.81     0.700
     -59.77     0.680
     -58.74     0.601
     -57.71     0.648
     -56.68     0.737
     -55.65     0.680
     -54.62     0.694
     -53.59     0.667
     -52.56     0.608
     -51.53     0.674
     -50.50     0.689
     -49.47     0.741
     -48.44     0.788
     -47.41     0.906
     -46.38     0.912
     -45.35     1.184
     -44.32     1.054
     -43.29     1.205
     -42.25     1.498
     -41.22     1.927
     -40.19     2.441
     -39.16     2.926
     -38.13     3.493
     -37.10     4.425
     -36.07     5.514
     -35.04     6.837
     -34.01     7.522
     -32.98     8.015
     -31.95     7.720
     -30.92     7.759
     -29.89     7.888
     -28.86     7.883
     -27.83     8.138
     -26.80     8.550
     -25.77     8.760
     -24.73     8.570
     -23.70     8.180
     -22.67     7.772
     -21.64     7.152
     -20.61     6.379
     -19.58     5.909
     -18.55     5.589
     -17.52     5.497
     -16.49     5.605
     -15.46     6.040
     -14.43     6.380
     -13.40     6.988
     -12.37     8.291
     -11.34     9.209
     -10.31     9.905
      -9.28     9.853
      -8.24     9.778
      -7.21    10.100
      -6.18    10.530
      -5.15    12.458
      -4.12    15.514
      -3.09    19.328
      -2.06    21.976
      -1.03    23.720
       0.00    25.133
       1.03    25.456
       2.06    23.179
       3.09    19.428
       4.12    15.530
       5.15    12.731
       6.18    10.171
       7.21     7.912
       8.24     6.614
       9.28     5.193
      10.31     4.315
      11.34     3.410
      12.37     2.676
      13.40     2.095
      14.43     1.714
      15.46     1.357
      16.49     0.934
      17.52     0.565
      18.55     0.608
      19.58     0.318
      20.61     0.323
      21.64     0.159
      22.67     0.168
      23.70     0.124
      24.73     0.017
      25.77     0.032
      26.80     0.005
      27.83    -0.079
      28.86    -0.006
      29.89    -0.005
      30.92     0.132
      31.95    -0.009
      32.98     0.009
      34.01    -0.060
      35.04     0.067
      36.07     0.041
      37.10     0.175
      38.13     0.079
      39.16     0.099
      40.19     0.018
      41.22     0.026
      42.25    -0.019
      43.29    -0.027
      44.32    -0.034
      45.35    -0.070
      46.38     0.052
      47.41    -0.224
      48.44     0.021
      49.47    -0.030
      50.50    -0.036
      51.53    -0.046
      52.56     0.090
      53.59     0.100
      54.62     0.131
      55.65     0.046
      56.68    -0.048
      57.71     0.135
      58.74     0.165
      59.77    -0.028
      60.81     0.144
      61.84    -0.093
      62.87    -0.006
      63.90     0.026
      64.93    -0.040
      65.96     0.014
      66.99     0.051
      68.02     0.065
      69.05    -0.010
      70.08     0.055
      71.11     0.081
      72.14     0.275
      73.17     0.033
      74.20     0.042
      75.23    -0.088
      76.26    -0.021
      77.30    -0.044
      78.33     0.135
      79.36    -0.033
      80.39     0.095
      81.42    -0.032
      82.45     0.010
      83.48     0.006
      84.51    -0.097
      85.54    -0.009
      86.57     0.076
      87.60    -0.109
      88.63    -0.080
      89.66     0.093
      90.69     0.047
      91.72     0.030
      92.75    -0.119
      93.78     0.052
      94.82    -0.062
      95.85    -0.174
      96.88     0.052
      97.91    -0.158
      98.94     0.142
      99.97     0.033
     101.00     0.002
     102.03     0.017
     103.06    -0.064
     104.09     0.033
     105.12     0.007
     106.15     0.101
     107.18     0.067
     108.21    -0.144
     109.24    -0.000
     110.27     0.085
     111.31    -0.036
     112.34     0.008
     113.37     0.050
     114.40    -0.041
     115.43    -0.010
     116.46    -0.090
     117.49    -0.093
     118.52     0.131
     119.55     0.094
     120.58     0.007
     121.61     0.021
     122.64    -0.024
     123.67     0.074
     124.70     0.015
     125.73     0.125
     126.76     0.019
     127.79     0.016
     128.83     0.072
     129.86    -0.085
     130.89     0.039
     131.92     0.023
     132.95    -0.079
     133.98     0.015
     135.01     0.053
     136.04    -0.081
     137.07    -0.008
     138.10    -0.039
     139.13    -0.071
     140.16     0.126
     141.19     0.013
     142.22     0.063
     143.25     0.133
     144.28     0.021
     145.31     0.020
     146.35     0.023
     147.38     0.094
     148.41     0.006
     149.44    -0.030
     150.47    -0.120
     151.50    -0.077
     152.53    -0.041
     153.56     0.041
     154.59    -0.035
     155.62    -0.046
     156.65     0.044
     157.68    -0.045
     158.71     0.164
     159.74     0.052
     160.77     0.005
     161.80    -0.041
     162.84    -0.047
     163.87     0.173
     164.90     0.006
     165.93    -0.018
     166.96    -0.161
     167.99    -0.006
     169.02     0.041
     170.05     0.025
     171.08     0.094
     172.11    -0.048
     173.14     0.041
     174.17    -0.219
     175.20    -0.034
     176.23    -0.151
     177.26    -0.023
     178.29     0.063
     179.32    -0.073
     180.36    -0.064
     181.39    -0.044
     182.42    -0.048
     183.45     0.093
     184.48    -0.017
     185.51     0.101
     186.54     0.066
     187.57    -0.007
     188.60    -0.099
     189.63     0.129
     190.66    -0.024
     191.69     0.055
     192.72     0.026
     193.75     0.029
     194.78     0.017
     195.81     0.095
     196.85    -0.124
     197.88     0.047
     198.91    -0.131
     199.94    -0.025
     200.97     0.033
     202.00     0.160
     203.03    -0.145
     204.06     0.041
     205.09    -0.122
     206.12    -0.031
     207.15     0.004
     208.18    -0.075
     209.21     0.005
     210.24     0.002
     211.27     0.077
     212.30    -0.051
     213.33    -0.075
     214.37     0.021
     215.40     0.003
     216.43    -0.046
     217.46    -0.105
     218.49     0.053
     219.52    -0.127
     220.55     0.088
     221.58    -0.078
     222.61     0.108
     223.64     0.054
     224.67     0.020
     225.70    -0.063
     226.73     0.063
     227.76    -0.084
     228.79     0.122
     229.82    -0.037
     230.85    -0.000
     231.89    -0.099
     232.92     0.148
     233.95    -0.066
     234.98    -0.017
     236.01    -0.069
     237.04    -0.122
     238.07     0.091
     239.10    -0.083
     240.13    -0.039
     241.16     0.097
     242.19     0.054
     243.22    -0.035
     244.25    -0.088
     245.28    -0.015
     246.31     0.055
     247.34    -0.003
     248.38     0.017
     249.41    -0.004
     250.44     0.104
     251.47     0.112
     252.50    -0.052
     253.53     0.066
     254.56     0.057
     255.59     0.144
     256.62     0.115
     257.65    -0.128
     258.68     0.006
     259.71    -0.008
     260.74    -0.089
     261.77     0.029
     262.80     0.023
     263.83    -0.011
     264.86     0.094
     265.90    -0.027
     266.93    -0.053
     267.96     0.060
     268.99    -0.050
     270.02     0.051
     271.05    -0.064
     272.08     0.076
     273.11    -0.006
     274.14     0.016
     275.17    -0.024
     276.20    -0.086
     277.23    -0.022
     278.26     0.003
     279.29     0.125
     280.32    -0.055
     281.35    -0.037
     282.39     0.101
     283.42     0.031
     284.45    -0.077
     285.48     0.082
     286.51     0.009
     287.54    -0.036
     288.57    -0.035
     289.60     0.026
     290.63    -0.001
     291.66     0.025
     292.69     0.080
     293.72    -0.026
     294.75    -0.009
     295.78     0.102
     296.81    -0.048
     297.84    -0.019
     298.87     0.030
     299.91    -0.015
     300.94     0.138
     301.97    -0.198
     303.00    -0.167
     304.03     0.087
     305.06     0.046
     306.09     0.032
     307.12    -0.003
     308.15    -0.032
     309.18     0.008
     310.21    -0.026
     311.24    -0.070
     312.27    -0.071
     313.30     0.068
     314.33     0.053
     315.36     0.079
     316.40     0.105
     317.43    -0.084
     318.46     0.065
     319.49     0.031
     320.52     0.052
     321.55     0.030
     322.58     0.018
     323.61     0.079
     324.64    -0.088
     325.67     0.046
     326.70    -0.019
     327.73     0.113
     328.76     0.047
     329.79     0.094
     330.82    -0.138
     331.85    -0.062
     332.88     0.021
     333.92    -0.157
     334.95    -0.090
     335.98     0.117
     337.01    -0.205
     338.04     0.072
     339.07    -0.035
     340.10     0.122
     341.13    -0.020
     342.16     0.040
     343.19     0.078
     344.22    -0.072
     345.25    -0.057
     346.28    -0.039
     347.31    -0.021
     348.34    -0.089
     349.37     0.001
     350.40    -0.086
     351.44     0.237
     352.47    -0.052
     353.50     0.061
     354.53     0.018
     355.56    -0.039
     356.59     0.128
     357.62     0.055
     358.65     0.115
     359.68    -0.124
     360.71     0.067
     361.74     0.002
     362.77    -0.093
     363.80    -0.044
     364.83     0.079
     365.86    -0.034
     366.89    -0.181
     367.93     0.103
     368.96     0.130
     369.99    -0.051
     371.02     0.108
     372.05     0.133
     373.08    -0.124
     374.11     0.022
     375.14    -0.024
     376.17    -0.139
     377.20    -0.017
     378.23    -0.048
     379.26     0.022
     380.29    -0.042
     381.32    -0.045
     382.35    -0.046
     383.38    -0.004
     384.41    -0.001
     385.45     0.050
     386.48     0.175
     387.51    -0.022
     388.54    -0.006
     389.57    -0.056
     390.60     0.070
     391.63    -0.072
     392.66     0.030
     393.69     0.162
     394.72    -0.012
     395.75     0.138
     396.78     0.045
     397.81    -0.071
     398.84     0.057
     399.87    -0.036
