%%   90.00000  20.00000    0   0.20000
% LAB  survey ------------------
% wanted position:  l, b, RA, DEC, and interpolated  NH
% 90.00 ;  20.00 ; 289.03 ;  59.08 ;  0.661E+21
% nearest position: l, b, RA, DEC, and observed NH
% 90.00 ;  20.00 ; 289.03 ;  59.08 ;  0.661E+21
% GASS III survey --------------
% NH - median within 6 arcmin radius   0.00    
% NH - mean within specified beam      0.00    
% EBHIS survey -----------------
% NH  within specified beam           0.744E+21
%%EBHIS   621  datapoints: v_lsr [km/s] and T_B [K]
    -399.25     0.036
    -397.96     0.011
    -396.68     0.008
    -395.39     0.095
    -394.10     0.027
    -392.81    -0.064
    -391.52    -0.010
    -390.23    -0.017
    -388.95     0.051
    -387.66     0.065
    -386.37    -0.002
    -385.08     0.081
    -383.79     0.064
    -382.50     0.065
    -381.22     0.019
    -379.93    -0.035
    -378.64     0.016
    -377.35    -0.014
    -376.06     0.009
    -374.78    -0.002
    -373.49    -0.027
    -372.20    -0.015
    -370.91     0.071
    -369.62     0.083
    -368.33     0.066
    -367.05     0.048
    -365.76     0.003
    -364.47    -0.098
    -363.18    -0.030
    -361.89     0.038
    -360.60     0.016
    -359.32    -0.009
    -358.03    -0.022
    -356.74    -0.051
    -355.45    -0.080
    -354.16    -0.027
    -352.88     0.015
    -351.59     0.037
    -350.30    -0.027
    -349.01     0.003
    -347.72     0.025
    -346.43     0.051
    -345.15     0.044
    -343.86     0.063
    -342.57     0.115
    -341.28    -0.092
    -339.99    -0.129
    -338.70    -0.019
    -337.42     0.012
    -336.13     0.055
    -334.84     0.026
    -333.55    -0.022
    -332.26    -0.016
    -330.98    -0.041
    -329.69    -0.014
    -328.40     0.034
    -327.11     0.003
    -325.82    -0.093
    -324.53     0.006
    -323.25     0.028
    -321.96    -0.019
    -320.67    -0.029
    -319.38    -0.041
    -318.09    -0.035
    -316.80     0.143
    -315.52     0.025
    -314.23    -0.051
    -312.94    -0.073
    -311.65    -0.023
    -310.36     0.035
    -309.08     0.047
    -307.79     0.008
    -306.50     0.037
    -305.21    -0.050
    -303.92     0.021
    -302.63    -0.026
    -301.35     0.080
    -300.06    -0.015
    -298.77    -0.009
    -297.48    -0.057
    -296.19    -0.009
    -294.90    -0.005
    -293.62    -0.019
    -292.33     0.032
    -291.04    -0.069
    -289.75    -0.096
    -288.46    -0.040
    -287.18     0.062
    -285.89    -0.058
    -284.60    -0.061
    -283.31    -0.044
    -282.02     0.032
    -280.73    -0.039
    -279.45     0.001
    -278.16     0.016
    -276.87    -0.040
    -275.58    -0.034
    -274.29     0.019
    -273.00     0.023
    -271.72    -0.029
    -270.43     0.083
    -269.14     0.166
    -267.85     0.010
    -266.56     0.028
    -265.28    -0.085
    -263.99     0.001
    -262.70     0.048
    -261.41     0.022
    -260.12    -0.067
    -258.83     0.016
    -257.55     0.108
    -256.26    -0.078
    -254.97    -0.008
    -253.68    -0.017
    -252.39    -0.029
    -251.10    -0.030
    -249.82     0.049
    -248.53    -0.009
    -247.24     0.034
    -245.95     0.024
    -244.66    -0.021
    -243.38     0.027
    -242.09    -0.101
    -240.80    -0.078
    -239.51    -0.022
    -238.22     0.022
    -236.93     0.042
    -235.65    -0.022
    -234.36    -0.032
    -233.07     0.045
    -231.78     0.026
    -230.49    -0.100
    -229.20    -0.038
    -227.92     0.031
    -226.63    -0.013
    -225.34    -0.013
    -224.05     0.027
    -222.76     0.061
    -221.48    -0.033
    -220.19     0.077
    -218.90     0.028
    -217.61    -0.030
    -216.32    -0.090
    -215.03     0.022
    -213.75     0.046
    -212.46     0.043
    -211.17    -0.013
    -209.88    -0.003
    -208.59     0.054
    -207.30     0.029
    -206.02    -0.025
    -204.73    -0.083
    -203.44    -0.032
    -202.15     0.053
    -200.86     0.008
    -199.58    -0.013
    -198.29    -0.054
    -197.00    -0.069
    -195.71    -0.026
    -194.42     0.073
    -193.13     0.024
    -191.85    -0.024
    -190.56    -0.040
    -189.27     0.099
    -187.98     0.004
    -186.69    -0.012
    -185.40    -0.075
    -184.12    -0.027
    -182.83    -0.029
    -181.54     0.007
    -180.25    -0.001
    -178.96    -0.016
    -177.68     0.012
    -176.39    -0.028
    -175.10     0.028
    -173.81     0.127
    -172.52    -0.011
    -171.23     0.060
    -169.95    -0.011
    -168.66    -0.058
    -167.37     0.010
    -166.08     0.056
    -164.79    -0.046
    -163.50     0.014
    -162.22     0.039
    -160.93     0.089
    -159.64     0.154
    -158.35     0.025
    -157.06     0.063
    -155.78     0.086
    -154.49     0.053
    -153.20     0.207
    -151.91     0.135
    -150.62     0.166
    -149.33     0.245
    -148.05     0.173
    -146.76     0.254
    -145.47     0.353
    -144.18     0.309
    -142.89     0.399
    -141.60     0.419
    -140.32     0.424
    -139.03     0.419
    -137.74     0.469
    -136.45     0.459
    -135.16     0.561
    -133.88     0.502
    -132.59     0.460
    -131.30     0.551
    -130.01     0.558
    -128.72     0.556
    -127.43     0.593
    -126.15     0.417
    -124.86     0.386
    -123.57     0.418
    -122.28     0.450
    -120.99     0.270
    -119.70     0.243
    -118.42     0.259
    -117.13     0.248
    -115.84     0.211
    -114.55     0.203
    -113.26     0.093
    -111.98     0.190
    -110.69     0.161
    -109.40     0.104
    -108.11     0.120
    -106.82     0.219
    -105.53     0.183
    -104.25     0.025
    -102.96     0.036
    -101.67     0.088
    -100.38     0.176
     -99.09     0.078
     -97.80     0.034
     -96.52     0.081
     -95.23     0.050
     -93.94     0.056
     -92.65     0.160
     -91.36     0.104
     -90.08     0.160
     -88.79     0.023
     -87.50     0.142
     -86.21     0.207
     -84.92     0.147
     -83.63     0.199
     -82.35     0.128
     -81.06     0.060
     -79.77     0.059
     -78.48     0.055
     -77.19     0.034
     -75.90     0.052
     -74.62     0.109
     -73.33     0.141
     -72.04     0.095
     -70.75     0.072
     -69.46     0.141
     -68.18     0.106
     -66.89     0.120
     -65.60     0.048
     -64.31     0.208
     -63.02     0.111
     -61.73     0.106
     -60.45     0.027
     -59.16     0.162
     -57.87     0.177
     -56.58     0.196
     -55.29     0.138
     -54.00     0.337
     -52.72     0.357
     -51.43     0.343
     -50.14     0.435
     -48.85     0.497
     -47.56     0.436
     -46.28     0.522
     -44.99     0.553
     -43.70     0.624
     -42.41     0.674
     -41.12     0.802
     -39.83     0.920
     -38.55     0.992
     -37.26     1.126
     -35.97     1.219
     -34.68     1.596
     -33.39     1.887
     -32.10     2.154
     -30.82     2.307
     -29.53     2.612
     -28.24     2.905
     -26.95     3.202
     -25.66     3.529
     -24.38     3.846
     -23.09     4.042
     -21.80     4.326
     -20.51     4.792
     -19.22     5.264
     -17.93     5.805
     -16.65     6.619
     -15.36     7.405
     -14.07     8.162
     -12.78     9.030
     -11.49     9.972
     -10.20    10.926
      -8.92    11.798
      -7.63    12.583
      -6.34    12.973
      -5.05    13.213
      -3.76    13.589
      -2.48    14.321
      -1.19    15.257
       0.10    15.146
       1.39    12.639
       2.68     9.871
       3.97     7.838
       5.25     6.617
       6.54     5.600
       7.83     4.799
       9.12     4.203
      10.41     3.581
      11.70     2.977
      12.98     2.581
      14.27     2.179
      15.56     2.042
      16.85     1.908
      18.14     1.509
      19.42     1.174
      20.71     0.933
      22.00     0.926
      23.29     0.770
      24.58     0.778
      25.87     0.770
      27.15     0.630
      28.44     0.559
      29.73     0.600
      31.02     0.390
      32.31     0.345
      33.60     0.312
      34.88     0.312
      36.17     0.312
      37.46     0.307
      38.75     0.269
      40.04     0.306
      41.32     0.234
      42.61     0.284
      43.90     0.169
      45.19     0.153
      46.48     0.130
      47.77     0.135
      49.05     0.108
      50.34     0.097
      51.63     0.144
      52.92     0.123
      54.21     0.110
      55.50     0.078
      56.78     0.042
      58.07     0.027
      59.36     0.056
      60.65     0.118
      61.94     0.046
      63.22    -0.002
      64.51     0.004
      65.80    -0.007
      67.09     0.081
      68.38    -0.102
      69.67     0.058
      70.95    -0.020
      72.24    -0.020
      73.53     0.131
      74.82     0.082
      76.11     0.034
      77.40    -0.003
      78.68     0.002
      79.97    -0.036
      81.26    -0.020
      82.55    -0.028
      83.84    -0.067
      85.12     0.081
      86.41     0.035
      87.70     0.065
      88.99     0.081
      90.28     0.014
      91.57     0.012
      92.85    -0.067
      94.14    -0.146
      95.43    -0.114
      96.72     0.013
      98.01     0.060
      99.30     0.041
     100.58     0.011
     101.87     0.045
     103.16     0.161
     104.45     0.001
     105.74     0.026
     107.02    -0.046
     108.31    -0.009
     109.60     0.009
     110.89     0.047
     112.18    -0.000
     113.47    -0.016
     114.75    -0.018
     116.04    -0.011
     117.33     0.046
     118.62     0.052
     119.91    -0.040
     121.20    -0.041
     122.48    -0.055
     123.77     0.045
     125.06     0.041
     126.35     0.006
     127.64     0.066
     128.92     0.044
     130.21    -0.067
     131.50    -0.026
     132.79    -0.018
     134.08     0.024
     135.37     0.095
     136.65     0.084
     137.94    -0.007
     139.23    -0.025
     140.52    -0.032
     141.81     0.069
     143.09    -0.036
     144.38     0.050
     145.67     0.002
     146.96    -0.011
     148.25     0.123
     149.54     0.035
     150.82     0.047
     152.11    -0.003
     153.40     0.061
     154.69    -0.040
     155.98    -0.026
     157.27     0.005
     158.55     0.012
     159.84    -0.006
     161.13     0.039
     162.42     0.013
     163.71     0.044
     164.99    -0.014
     166.28    -0.014
     167.57     0.053
     168.86    -0.145
     170.15    -0.038
     171.44    -0.021
     172.72     0.075
     174.01     0.045
     175.30    -0.117
     176.59     0.000
     177.88    -0.001
     179.17    -0.102
     180.45     0.034
     181.74     0.084
     183.03     0.036
     184.32    -0.023
     185.61    -0.111
     186.89    -0.029
     188.18     0.097
     189.47     0.070
     190.76     0.079
     192.05    -0.015
     193.34     0.025
     194.62     0.072
     195.91     0.003
     197.20     0.056
     198.49    -0.111
     199.78     0.025
     201.07    -0.004
     202.35    -0.023
     203.64     0.075
     204.93     0.014
     206.22     0.175
     207.51     0.008
     208.79    -0.017
     210.08     0.071
     211.37     0.044
     212.66    -0.029
     213.95    -0.089
     215.24     0.041
     216.52    -0.006
     217.81    -0.050
     219.10    -0.029
     220.39     0.050
     221.68     0.070
     222.97    -0.039
     224.25    -0.028
     225.54     0.033
     226.83    -0.042
     228.12     0.088
     229.41     0.043
     230.69    -0.050
     231.98     0.081
     233.27    -0.011
     234.56    -0.048
     235.85    -0.036
     237.14     0.027
     238.42     0.010
     239.71    -0.014
     241.00    -0.021
     242.29    -0.034
     243.58     0.072
     244.87    -0.051
     246.15    -0.069
     247.44     0.093
     248.73     0.078
     250.02     0.040
     251.31     0.039
     252.59     0.120
     253.88     0.010
     255.17    -0.068
     256.46    -0.028
     257.75     0.000
     259.04    -0.008
     260.32     0.032
     261.61    -0.084
     262.90    -0.003
     264.19     0.064
     265.48    -0.064
     266.77    -0.009
     268.05     0.042
     269.34    -0.010
     270.63     0.024
     271.92    -0.039
     273.21    -0.094
     274.49    -0.099
     275.78    -0.010
     277.07     0.082
     278.36     0.089
     279.65    -0.057
     280.94    -0.119
     282.22     0.028
     283.51     0.045
     284.80    -0.006
     286.09    -0.039
     287.38     0.027
     288.67    -0.027
     289.95     0.024
     291.24     0.017
     292.53    -0.057
     293.82    -0.062
     295.11    -0.025
     296.39    -0.048
     297.68    -0.077
     298.97    -0.108
     300.26    -0.034
     301.55    -0.001
     302.84     0.082
     304.12     0.017
     305.41    -0.015
     306.70    -0.034
     307.99     0.002
     309.28    -0.052
     310.57    -0.061
     311.85     0.020
     313.14    -0.007
     314.43    -0.077
     315.72     0.031
     317.01     0.002
     318.29    -0.050
     319.58    -0.010
     320.87    -0.024
     322.16    -0.068
     323.45     0.020
     324.74     0.055
     326.02    -0.002
     327.31     0.027
     328.60    -0.015
     329.89    -0.037
     331.18    -0.035
     332.47    -0.077
     333.75     0.047
     335.04     0.020
     336.33     0.044
     337.62     0.102
     338.91    -0.057
     340.19    -0.021
     341.48     0.071
     342.77    -0.019
     344.06    -0.047
     345.35     0.023
     346.64     0.086
     347.92    -0.000
     349.21    -0.040
     350.50     0.003
     351.79     0.012
     353.08     0.022
     354.37    -0.021
     355.65    -0.148
     356.94    -0.016
     358.23    -0.007
     359.52    -0.008
     360.81     0.042
     362.09     0.029
     363.38    -0.081
     364.67    -0.079
     365.96    -0.058
     367.25     0.053
     368.54    -0.027
     369.82    -0.008
     371.11    -0.004
     372.40     0.058
     373.69     0.014
     374.98    -0.014
     376.27     0.048
     377.55    -0.018
     378.84    -0.016
     380.13    -0.047
     381.42     0.025
     382.71     0.077
     383.99     0.037
     385.28    -0.040
     386.57    -0.069
     387.86     0.001
     389.15     0.046
     390.44    -0.023
     391.72    -0.057
     393.01    -0.063
     394.30     0.071
     395.59     0.032
     396.88     0.069
     398.17    -0.008
     399.45    -0.014
%%GASS      0  datapoints: v_lsr [km/s] and T_B [K]
%%LAB     777  datapoints: v_lsr [km/s] and T_B [K]
    -399.83     0.067
    -398.80     0.086
    -397.77     0.052
    -396.74    -0.070
    -395.71     0.096
    -394.68     0.173
    -393.65    -0.070
    -392.62    -0.061
    -391.59     0.070
    -390.56     0.091
    -389.53    -0.042
    -388.50     0.062
    -387.47     0.052
    -386.44     0.000
    -385.41     0.038
    -384.37    -0.020
    -383.34     0.042
    -382.31    -0.032
    -381.28     0.076
    -380.25    -0.025
    -379.22    -0.185
    -378.19    -0.141
    -377.16    -0.117
    -376.13    -0.066
    -375.10    -0.002
    -374.07    -0.134
    -373.04    -0.070
    -372.01    -0.038
    -370.98     0.116
    -369.95     0.027
    -368.92     0.128
    -367.89    -0.094
    -366.86     0.074
    -365.83     0.062
    -364.80    -0.096
    -363.76     0.018
    -362.73     0.003
    -361.70     0.111
    -360.67     0.043
    -359.64     0.048
    -358.61    -0.048
    -357.58    -0.016
    -356.55    -0.036
    -355.52    -0.020
    -354.49     0.079
    -353.46     0.007
    -352.43    -0.044
    -351.40     0.057
    -350.37     0.068
    -349.34    -0.036
    -348.31    -0.020
    -347.28    -0.003
    -346.25     0.027
    -345.22     0.007
    -344.19     0.070
    -343.15     0.080
    -342.12    -0.047
    -341.09     0.026
    -340.06     0.014
    -339.03    -0.127
    -338.00     0.069
    -336.97    -0.002
    -335.94     0.068
    -334.91     0.043
    -333.88     0.047
    -332.85     0.010
    -331.82     0.086
    -330.79     0.090
    -329.76    -0.008
    -328.73     0.043
    -327.70     0.084
    -326.67    -0.016
    -325.64     0.075
    -324.61    -0.006
    -323.58     0.055
    -322.54     0.018
    -321.51     0.012
    -320.48    -0.043
    -319.45     0.083
    -318.42    -0.073
    -317.39     0.041
    -316.36    -0.037
    -315.33     0.034
    -314.30    -0.162
    -313.27     0.006
    -312.24    -0.097
    -311.21    -0.030
    -310.18    -0.084
    -309.15     0.024
    -308.12     0.074
    -307.09     0.145
    -306.06     0.098
    -305.03    -0.027
    -304.00    -0.098
    -302.97    -0.019
    -301.93     0.041
    -300.90     0.015
    -299.87    -0.098
    -298.84    -0.055
    -297.81     0.005
    -296.78     0.119
    -295.75     0.115
    -294.72     0.092
    -293.69    -0.059
    -292.66     0.024
    -291.63    -0.013
    -290.60     0.169
    -289.57     0.031
    -288.54     0.010
    -287.51     0.015
    -286.48     0.073
    -285.45    -0.090
    -284.42     0.039
    -283.39     0.041
    -282.36    -0.077
    -281.33     0.052
    -280.29     0.091
    -279.26    -0.026
    -278.23    -0.017
    -277.20    -0.033
    -276.17    -0.060
    -275.14    -0.022
    -274.11    -0.021
    -273.08    -0.035
    -272.05     0.027
    -271.02    -0.052
    -269.99    -0.020
    -268.96     0.048
    -267.93     0.059
    -266.90    -0.013
    -265.87    -0.009
    -264.84    -0.061
    -263.81    -0.006
    -262.78     0.278
    -261.75     0.021
    -260.72    -0.094
    -259.68    -0.053
    -258.65    -0.009
    -257.62     0.117
    -256.59    -0.066
    -255.56     0.028
    -254.53     0.118
    -253.50     0.124
    -252.47    -0.144
    -251.44    -0.069
    -250.41     0.067
    -249.38    -0.067
    -248.35     0.093
    -247.32     0.064
    -246.29    -0.030
    -245.26     0.067
    -244.23    -0.015
    -243.20     0.062
    -242.17    -0.084
    -241.14    -0.110
    -240.11    -0.059
    -239.07     0.029
    -238.04    -0.050
    -237.01     0.126
    -235.98     0.035
    -234.95    -0.036
    -233.92    -0.162
    -232.89     0.017
    -231.86    -0.035
    -230.83     0.112
    -229.80     0.158
    -228.77    -0.103
    -227.74     0.050
    -226.71     0.087
    -225.68    -0.019
    -224.65    -0.091
    -223.62    -0.102
    -222.59     0.005
    -221.56     0.018
    -220.53    -0.044
    -219.50    -0.044
    -218.46    -0.036
    -217.43    -0.006
    -216.40    -0.021
    -215.37     0.006
    -214.34     0.056
    -213.31    -0.082
    -212.28    -0.124
    -211.25     0.012
    -210.22     0.274
    -209.19     0.083
    -208.16     0.002
    -207.13    -0.048
    -206.10    -0.036
    -205.07     0.046
    -204.04     0.140
    -203.01    -0.116
    -201.98     0.025
    -200.95    -0.168
    -199.92    -0.112
    -198.89    -0.013
    -197.85    -0.076
    -196.82    -0.084
    -195.79     0.107
    -194.76    -0.077
    -193.73     0.011
    -192.70    -0.040
    -191.67     0.075
    -190.64    -0.096
    -189.61     0.046
    -188.58    -0.178
    -187.55    -0.096
    -186.52     0.027
    -185.49    -0.058
    -184.46     0.069
    -183.43    -0.089
    -182.40    -0.063
    -181.37     0.018
    -180.34    -0.022
    -179.31    -0.078
    -178.28     0.058
    -177.25     0.008
    -176.21     0.104
    -175.18     0.022
    -174.15     0.039
    -173.12     0.098
    -172.09    -0.009
    -171.06    -0.011
    -170.03    -0.022
    -169.00    -0.020
    -167.97     0.035
    -166.94    -0.107
    -165.91    -0.184
    -164.88    -0.026
    -163.85    -0.149
    -162.82     0.041
    -161.79     0.211
    -160.76     0.010
    -159.73     0.027
    -158.70     0.147
    -157.67     0.053
    -156.64     0.055
    -155.60    -0.054
    -154.57     0.190
    -153.54     0.107
    -152.51     0.205
    -151.48     0.097
    -150.45     0.060
    -149.42     0.029
    -148.39     0.082
    -147.36     0.166
    -146.33     0.224
    -145.30     0.213
    -144.27     0.393
    -143.24     0.431
    -142.21     0.234
    -141.18     0.415
    -140.15     0.367
    -139.12     0.229
    -138.09     0.350
    -137.06     0.595
    -136.03     0.514
    -134.99     0.521
    -133.96     0.517
    -132.93     0.461
    -131.90     0.530
    -130.87     0.568
    -129.84     0.658
    -128.81     0.462
    -127.78     0.618
    -126.75     0.434
    -125.72     0.511
    -124.69     0.387
    -123.66     0.341
    -122.63     0.363
    -121.60     0.331
    -120.57     0.253
    -119.54     0.267
    -118.51     0.110
    -117.48     0.144
    -116.45     0.031
    -115.42     0.194
    -114.38     0.029
    -113.35     0.067
    -112.32    -0.104
    -111.29     0.042
    -110.26     0.142
    -109.23     0.119
    -108.20    -0.029
    -107.17     0.087
    -106.14     0.069
    -105.11     0.006
    -104.08     0.028
    -103.05     0.094
    -102.02     0.129
    -100.99     0.055
     -99.96     0.035
     -98.93     0.074
     -97.90    -0.078
     -96.87    -0.033
     -95.84     0.031
     -94.81    -0.045
     -93.78     0.080
     -92.74     0.084
     -91.71     0.033
     -90.68     0.115
     -89.65     0.123
     -88.62     0.096
     -87.59    -0.015
     -86.56     0.056
     -85.53    -0.105
     -84.50     0.023
     -83.47     0.027
     -82.44    -0.025
     -81.41     0.110
     -80.38     0.158
     -79.35     0.025
     -78.32     0.056
     -77.29    -0.177
     -76.26     0.078
     -75.23    -0.090
     -74.20     0.133
     -73.17    -0.125
     -72.13    -0.057
     -71.10     0.039
     -70.07    -0.045
     -69.04     0.062
     -68.01     0.050
     -66.98     0.045
     -65.95     0.112
     -64.92     0.060
     -63.89     0.109
     -62.86     0.026
     -61.83     0.049
     -60.80    -0.040
     -59.77     0.040
     -58.74     0.184
     -57.71     0.033
     -56.68     0.182
     -55.65     0.207
     -54.62     0.034
     -53.59     0.208
     -52.56     0.169
     -51.52     0.289
     -50.49     0.203
     -49.46     0.472
     -48.43     0.394
     -47.40     0.298
     -46.37     0.486
     -45.34     0.384
     -44.31     0.425
     -43.28     0.545
     -42.25     0.553
     -41.22     0.633
     -40.19     0.730
     -39.16     0.773
     -38.13     0.831
     -37.10     1.072
     -36.07     1.149
     -35.04     1.218
     -34.01     1.374
     -32.98     1.709
     -31.95     1.943
     -30.91     2.008
     -29.88     2.440
     -28.85     2.392
     -27.82     2.470
     -26.79     2.893
     -25.76     3.033
     -24.73     3.244
     -23.70     3.377
     -22.67     3.570
     -21.64     3.885
     -20.61     4.468
     -19.58     4.706
     -18.55     5.207
     -17.52     5.781
     -16.49     6.272
     -15.46     6.826
     -14.43     7.602
     -13.40     8.083
     -12.37     8.833
     -11.34     9.554
     -10.30    10.068
      -9.27    10.722
      -8.24    11.379
      -7.21    11.675
      -6.18    12.017
      -5.15    12.220
      -4.12    12.220
      -3.09    12.210
      -2.06    12.524
      -1.03    12.376
       0.00    12.080
       1.03    11.485
       2.06    10.187
       3.09     8.533
       4.12     7.498
       5.15     6.620
       6.18     5.777
       7.21     4.980
       8.24     4.610
       9.27     3.867
      10.30     3.592
      11.34     2.950
      12.37     2.657
      13.40     2.321
      14.43     2.081
      15.46     1.704
      16.49     1.585
      17.52     1.324
      18.55     1.232
      19.58     1.096
      20.61     0.993
      21.64     0.816
      22.67     0.884
      23.70     0.746
      24.73     0.716
      25.76     0.624
      26.79     0.681
      27.82     0.579
      28.85     0.681
      29.88     0.491
      30.91     0.485
      31.95     0.362
      32.98     0.273
      34.01     0.380
      35.04     0.236
      36.07     0.346
      37.10     0.133
      38.13     0.053
      39.16     0.159
      40.19     0.139
      41.22     0.095
      42.25     0.116
      43.28     0.060
      44.31     0.110
      45.34    -0.108
      46.37     0.014
      47.40     0.023
      48.43     0.025
      49.46    -0.041
      50.49    -0.126
      51.52     0.014
      52.56    -0.050
      53.59    -0.086
      54.62    -0.007
      55.65     0.099
      56.68     0.099
      57.71     0.012
      58.74     0.039
      59.77    -0.005
      60.80     0.026
      61.83    -0.096
      62.86    -0.077
      63.89    -0.150
      64.92    -0.053
      65.95    -0.049
      66.98     0.018
      68.01    -0.012
      69.04    -0.028
      70.07    -0.115
      71.10    -0.109
      72.13    -0.065
      73.17     0.083
      74.20     0.019
      75.23     0.152
      76.26     0.010
      77.29    -0.113
      78.32     0.032
      79.35    -0.026
      80.38     0.002
      81.41    -0.006
      82.44     0.050
      83.47     0.058
      84.50     0.031
      85.53     0.025
      86.56     0.134
      87.59     0.033
      88.62     0.164
      89.65    -0.084
      90.68    -0.048
      91.71     0.076
      92.74    -0.003
      93.78     0.087
      94.81    -0.018
      95.84     0.040
      96.87     0.112
      97.90    -0.058
      98.93     0.008
      99.96     0.090
     100.99    -0.007
     102.02     0.057
     103.05     0.103
     104.08     0.125
     105.11    -0.102
     106.14     0.233
     107.17    -0.271
     108.20     0.072
     109.23     0.011
     110.26    -0.050
     111.29    -0.052
     112.32    -0.057
     113.35     0.057
     114.38    -0.101
     115.42     0.111
     116.45    -0.077
     117.48     0.088
     118.51    -0.044
     119.54     0.154
     120.57     0.032
     121.60    -0.097
     122.63     0.136
     123.66    -0.058
     124.69     0.047
     125.72     0.065
     126.75     0.032
     127.78    -0.031
     128.81    -0.177
     129.84     0.249
     130.87     0.092
     131.90     0.017
     132.93    -0.051
     133.96     0.037
     134.99    -0.092
     136.03     0.042
     137.06    -0.060
     138.09     0.084
     139.12     0.028
     140.15     0.132
     141.18    -0.075
     142.21     0.006
     143.24     0.047
     144.27     0.128
     145.30    -0.062
     146.33    -0.015
     147.36     0.007
     148.39     0.011
     149.42    -0.016
     150.45    -0.012
     151.48     0.054
     152.51     0.080
     153.54    -0.147
     154.57     0.104
     155.60    -0.166
     156.64    -0.064
     157.67    -0.072
     158.70    -0.012
     159.73     0.105
     160.76    -0.011
     161.79    -0.046
     162.82     0.096
     163.85     0.034
     164.88     0.043
     165.91     0.130
     166.94     0.117
     167.97    -0.037
     169.00     0.087
     170.03     0.011
     171.06    -0.021
     172.09    -0.103
     173.12     0.021
     174.15    -0.066
     175.18     0.028
     176.21    -0.038
     177.25     0.024
     178.28     0.027
     179.31     0.098
     180.34     0.053
     181.37     0.106
     182.40    -0.058
     183.43    -0.099
     184.46     0.021
     185.49     0.016
     186.52    -0.020
     187.55    -0.005
     188.58    -0.063
     189.61    -0.106
     190.64    -0.023
     191.67    -0.108
     192.70     0.096
     193.73    -0.011
     194.76     0.043
     195.79     0.093
     196.82    -0.146
     197.85     0.124
     198.89     0.139
     199.92    -0.097
     200.95     0.052
     201.98    -0.069
     203.01    -0.123
     204.04     0.121
     205.07     0.066
     206.10    -0.010
     207.13    -0.150
     208.16    -0.097
     209.19     0.100
     210.22     0.011
     211.25    -0.063
     212.28    -0.037
     213.31     0.003
     214.34     0.157
     215.37    -0.103
     216.40    -0.055
     217.43    -0.166
     218.46     0.046
     219.50    -0.039
     220.53    -0.023
     221.56     0.024
     222.59    -0.068
     223.62     0.094
     224.65    -0.027
     225.68     0.135
     226.71    -0.111
     227.74    -0.160
     228.77     0.042
     229.80    -0.050
     230.83     0.147
     231.86    -0.063
     232.89     0.078
     233.92    -0.002
     234.95    -0.057
     235.98    -0.071
     237.01     0.031
     238.04     0.004
     239.07     0.093
     240.11     0.043
     241.14     0.093
     242.17    -0.126
     243.20     0.061
     244.23     0.037
     245.26     0.225
     246.29     0.021
     247.32     0.027
     248.35    -0.066
     249.38     0.024
     250.41    -0.081
     251.44     0.047
     252.47     0.004
     253.50    -0.041
     254.53     0.133
     255.56    -0.022
     256.59     0.024
     257.62    -0.007
     258.65    -0.002
     259.68     0.087
     260.72     0.005
     261.75     0.069
     262.78    -0.143
     263.81     0.034
     264.84    -0.004
     265.87    -0.077
     266.90     0.055
     267.93     0.007
     268.96     0.053
     269.99    -0.090
     271.02    -0.182
     272.05    -0.102
     273.08    -0.063
     274.11     0.036
     275.14    -0.059
     276.17     0.032
     277.20     0.096
     278.23     0.066
     279.26    -0.011
     280.29     0.087
     281.33     0.010
     282.36     0.050
     283.39    -0.009
     284.42     0.053
     285.45    -0.004
     286.48    -0.076
     287.51     0.020
     288.54     0.167
     289.57     0.026
     290.60     0.162
     291.63    -0.098
     292.66    -0.077
     293.69    -0.125
     294.72    -0.073
     295.75    -0.109
     296.78    -0.044
     297.81    -0.061
     298.84     0.111
     299.87    -0.019
     300.90     0.188
     301.93     0.131
     302.97    -0.021
     304.00     0.117
     305.03    -0.068
     306.06     0.010
     307.09    -0.037
     308.12    -0.002
     309.15    -0.099
     310.18     0.088
     311.21     0.164
     312.24    -0.089
     313.27     0.049
     314.30    -0.002
     315.33    -0.011
     316.36    -0.005
     317.39     0.004
     318.42    -0.102
     319.45    -0.176
     320.48     0.031
     321.51     0.033
     322.54     0.003
     323.58     0.020
     324.61    -0.023
     325.64    -0.119
     326.67     0.028
     327.70     0.027
     328.73    -0.037
     329.76     0.119
     330.79     0.094
     331.82    -0.108
     332.85    -0.019
     333.88     0.027
     334.91     0.050
     335.94    -0.059
     336.97     0.083
     338.00     0.032
     339.03    -0.058
     340.06    -0.004
     341.09    -0.023
     342.12     0.108
     343.15     0.036
     344.19     0.095
     345.22    -0.030
     346.25    -0.020
     347.28     0.017
     348.31     0.022
     349.34    -0.108
     350.37     0.036
     351.40    -0.116
     352.43    -0.094
     353.46    -0.047
     354.49    -0.103
     355.52    -0.055
     356.55    -0.054
     357.58    -0.008
     358.61     0.001
     359.64    -0.107
     360.67    -0.075
     361.70    -0.025
     362.73    -0.017
     363.76     0.205
     364.80     0.094
     365.83     0.006
     366.86     0.101
     367.89    -0.161
     368.92    -0.017
     369.95     0.058
     370.98    -0.024
     372.01    -0.019
     373.04     0.143
     374.07     0.100
     375.10     0.020
     376.13    -0.116
     377.16     0.020
     378.19    -0.124
     379.22     0.091
     380.25    -0.039
     381.28    -0.141
     382.31    -0.062
     383.34    -0.216
     384.37    -0.050
     385.41     0.162
     386.44    -0.131
     387.47     0.062
     388.50    -0.076
     389.53     0.015
     390.56    -0.031
     391.59    -0.044
     392.62    -0.143
     393.65    -0.086
     394.68    -0.102
     395.71     0.067
     396.74    -0.078
     397.77    -0.010
     398.80    -0.026
     399.83    -0.060
