%%   85.00000 -10.00000    0   0.20000
% LAB  survey ------------------
% wanted position:  l, b, RA, DEC, and interpolated  NH
% 85.00 ; -10.00 ; 322.90 ;  37.74 ;  0.201E+22
% nearest position: l, b, RA, DEC, and observed NH
% 85.00 ; -10.00 ; 322.90 ;  37.74 ;  0.201E+22
% GASS III survey --------------
% NH - median within 6 arcmin radius   0.00    
% NH - mean within specified beam      0.00    
% EBHIS survey -----------------
% NH  within specified beam           0.193E+22
%%EBHIS   621  datapoints: v_lsr [km/s] and T_B [K]
    -399.25    -0.006
    -397.96     0.057
    -396.68    -0.056
    -395.39    -0.086
    -394.10    -0.102
    -392.81    -0.060
    -391.52    -0.008
    -390.23    -0.023
    -388.95    -0.005
    -387.66     0.045
    -386.37    -0.114
    -385.08    -0.080
    -383.79     0.061
    -382.50     0.003
    -381.22     0.029
    -379.93     0.091
    -378.64     0.154
    -377.35     0.067
    -376.06     0.050
    -374.78     0.011
    -373.49    -0.124
    -372.20    -0.039
    -370.91     0.005
    -369.62     0.008
    -368.33    -0.019
    -367.05    -0.030
    -365.76    -0.020
    -364.47     0.058
    -363.18    -0.035
    -361.89    -0.136
    -360.60    -0.044
    -359.32    -0.018
    -358.03    -0.069
    -356.74    -0.100
    -355.45    -0.053
    -354.16     0.015
    -352.88     0.054
    -351.59    -0.020
    -350.30    -0.009
    -349.01    -0.038
    -347.72    -0.046
    -346.43     0.049
    -345.15     0.075
    -343.86     0.050
    -342.57    -0.065
    -341.28    -0.097
    -339.99    -0.024
    -338.70     0.009
    -337.42     0.012
    -336.13     0.048
    -334.84     0.152
    -333.55     0.093
    -332.26     0.090
    -330.98     0.071
    -329.69    -0.003
    -328.40    -0.003
    -327.11    -0.042
    -325.82    -0.086
    -324.53     0.175
    -323.25    -0.008
    -321.96    -0.115
    -320.67    -0.051
    -319.38     0.047
    -318.09    -0.003
    -316.80     0.008
    -315.52    -0.057
    -314.23    -0.002
    -312.94     0.036
    -311.65     0.005
    -310.36    -0.095
    -309.08    -0.042
    -307.79    -0.050
    -306.50     0.021
    -305.21     0.105
    -303.92    -0.025
    -302.63    -0.015
    -301.35    -0.028
    -300.06    -0.083
    -298.77    -0.067
    -297.48    -0.090
    -296.19    -0.036
    -294.90    -0.031
    -293.62    -0.054
    -292.33    -0.139
    -291.04    -0.118
    -289.75     0.041
    -288.46     0.044
    -287.18    -0.094
    -285.89    -0.010
    -284.60     0.004
    -283.31    -0.083
    -282.02    -0.046
    -280.73     0.005
    -279.45    -0.026
    -278.16    -0.085
    -276.87     0.034
    -275.58     0.050
    -274.29     0.063
    -273.00    -0.035
    -271.72     0.047
    -270.43    -0.010
    -269.14    -0.118
    -267.85     0.024
    -266.56     0.108
    -265.28     0.123
    -263.99     0.140
    -262.70     0.165
    -261.41     0.062
    -260.12    -0.025
    -258.83    -0.016
    -257.55    -0.021
    -256.26    -0.008
    -254.97     0.097
    -253.68     0.077
    -252.39     0.046
    -251.10    -0.036
    -249.82    -0.032
    -248.53     0.031
    -247.24     0.063
    -245.95    -0.118
    -244.66     0.018
    -243.38     0.063
    -242.09     0.149
    -240.80     0.107
    -239.51     0.080
    -238.22     0.010
    -236.93    -0.013
    -235.65    -0.012
    -234.36     0.013
    -233.07     0.117
    -231.78     0.095
    -230.49     0.145
    -229.20     0.181
    -227.92    -0.015
    -226.63    -0.130
    -225.34     0.093
    -224.05     0.043
    -222.76    -0.095
    -221.48    -0.054
    -220.19     0.130
    -218.90     0.030
    -217.61    -0.047
    -216.32    -0.086
    -215.03    -0.029
    -213.75    -0.050
    -212.46    -0.048
    -211.17    -0.013
    -209.88     0.054
    -208.59     0.064
    -207.30     0.063
    -206.02     0.013
    -204.73     0.046
    -203.44    -0.013
    -202.15    -0.034
    -200.86    -0.090
    -199.58     0.003
    -198.29    -0.004
    -197.00     0.078
    -195.71    -0.038
    -194.42    -0.083
    -193.13    -0.105
    -191.85    -0.123
    -190.56    -0.131
    -189.27     0.012
    -187.98     0.168
    -186.69     0.039
    -185.40     0.071
    -184.12     0.046
    -182.83     0.045
    -181.54     0.105
    -180.25     0.044
    -178.96    -0.011
    -177.68     0.055
    -176.39    -0.045
    -175.10    -0.089
    -173.81    -0.051
    -172.52    -0.093
    -171.23    -0.057
    -169.95    -0.039
    -168.66    -0.063
    -167.37    -0.028
    -166.08     0.101
    -164.79     0.013
    -163.50    -0.039
    -162.22     0.021
    -160.93     0.070
    -159.64    -0.071
    -158.35    -0.069
    -157.06    -0.113
    -155.78    -0.106
    -154.49    -0.062
    -153.20     0.082
    -151.91     0.036
    -150.62    -0.034
    -149.33     0.020
    -148.05     0.070
    -146.76    -0.037
    -145.47    -0.006
    -144.18     0.056
    -142.89     0.010
    -141.60    -0.027
    -140.32     0.085
    -139.03     0.038
    -137.74     0.061
    -136.45     0.020
    -135.16     0.003
    -133.88     0.035
    -132.59    -0.023
    -131.30     0.084
    -130.01     0.038
    -128.72    -0.002
    -127.43     0.015
    -126.15     0.030
    -124.86     0.023
    -123.57     0.059
    -122.28     0.096
    -120.99     0.045
    -119.70     0.086
    -118.42     0.089
    -117.13     0.012
    -115.84     0.215
    -114.55     0.292
    -113.26     0.134
    -111.98     0.002
    -110.69     0.078
    -109.40     0.196
    -108.11     0.148
    -106.82     0.041
    -105.53     0.120
    -104.25     0.124
    -102.96     0.182
    -101.67     0.248
    -100.38     0.292
     -99.09     0.351
     -97.80     0.389
     -96.52     0.484
     -95.23     0.460
     -93.94     0.376
     -92.65     0.388
     -91.36     0.462
     -90.08     0.483
     -88.79     0.560
     -87.50     0.619
     -86.21     0.599
     -84.92     0.675
     -83.63     0.744
     -82.35     0.716
     -81.06     0.773
     -79.77     0.762
     -78.48     0.752
     -77.19     0.771
     -75.90     0.990
     -74.62     1.057
     -73.33     1.080
     -72.04     1.396
     -70.75     1.507
     -69.46     1.630
     -68.18     1.764
     -66.89     2.080
     -65.60     2.140
     -64.31     2.256
     -63.02     2.430
     -61.73     2.582
     -60.45     2.599
     -59.16     2.477
     -57.87     2.315
     -56.58     2.292
     -55.29     2.196
     -54.00     1.939
     -52.72     1.847
     -51.43     1.672
     -50.14     1.405
     -48.85     1.264
     -47.56     1.099
     -46.28     1.209
     -44.99     1.216
     -43.70     1.044
     -42.41     0.907
     -41.12     0.927
     -39.83     0.997
     -38.55     0.979
     -37.26     0.899
     -35.97     0.871
     -34.68     0.876
     -33.39     0.951
     -32.10     0.993
     -30.82     1.058
     -29.53     1.095
     -28.24     1.340
     -26.95     1.398
     -25.66     1.597
     -24.38     2.000
     -23.09     2.380
     -21.80     3.150
     -20.51     4.083
     -19.22     5.670
     -17.93     8.705
     -16.65    12.896
     -15.36    16.971
     -14.07    20.852
     -12.78    23.233
     -11.49    25.065
     -10.20    26.066
      -8.92    24.635
      -7.63    22.517
      -6.34    21.065
      -5.05    22.221
      -3.76    27.278
      -2.48    36.413
      -1.19    47.932
       0.10    58.770
       1.39    61.758
       2.68    54.154
       3.97    42.495
       5.25    32.967
       6.54    27.503
       7.83    22.282
       9.12    17.627
      10.41    14.425
      11.70    11.851
      12.98     8.929
      14.27     6.940
      15.56     5.636
      16.85     4.581
      18.14     3.759
      19.42     3.105
      20.71     2.765
      22.00     2.339
      23.29     1.896
      24.58     1.653
      25.87     1.559
      27.15     1.403
      28.44     1.081
      29.73     0.843
      31.02     0.760
      32.31     0.649
      33.60     0.626
      34.88     0.472
      36.17     0.291
      37.46     0.311
      38.75     0.117
      40.04     0.245
      41.32     0.279
      42.61     0.205
      43.90     0.142
      45.19     0.059
      46.48     0.099
      47.77     0.037
      49.05     0.136
      50.34     0.225
      51.63     0.174
      52.92     0.080
      54.21     0.053
      55.50     0.139
      56.78     0.116
      58.07     0.143
      59.36     0.177
      60.65    -0.000
      61.94    -0.088
      63.22    -0.049
      64.51    -0.033
      65.80    -0.089
      67.09    -0.063
      68.38     0.071
      69.67    -0.000
      70.95    -0.087
      72.24     0.103
      73.53     0.083
      74.82     0.036
      76.11    -0.066
      77.40    -0.059
      78.68    -0.006
      79.97    -0.020
      81.26    -0.043
      82.55     0.022
      83.84     0.013
      85.12    -0.059
      86.41    -0.062
      87.70     0.000
      88.99     0.070
      90.28     0.054
      91.57    -0.096
      92.85    -0.076
      94.14    -0.024
      95.43     0.070
      96.72     0.062
      98.01     0.021
      99.30     0.050
     100.58     0.059
     101.87    -0.003
     103.16    -0.057
     104.45    -0.062
     105.74    -0.028
     107.02    -0.094
     108.31     0.002
     109.60     0.005
     110.89    -0.172
     112.18    -0.007
     113.47     0.095
     114.75     0.134
     116.04     0.050
     117.33     0.044
     118.62     0.170
     119.91     0.079
     121.20     0.133
     122.48     0.136
     123.77    -0.078
     125.06     0.008
     126.35    -0.004
     127.64    -0.009
     128.92    -0.020
     130.21     0.009
     131.50    -0.007
     132.79     0.025
     134.08    -0.025
     135.37    -0.102
     136.65    -0.090
     137.94    -0.120
     139.23    -0.042
     140.52    -0.072
     141.81     0.030
     143.09     0.006
     144.38    -0.022
     145.67    -0.087
     146.96    -0.034
     148.25     0.040
     149.54     0.106
     150.82    -0.054
     152.11    -0.183
     153.40    -0.087
     154.69    -0.006
     155.98     0.042
     157.27     0.182
     158.55     0.066
     159.84    -0.125
     161.13    -0.109
     162.42     0.024
     163.71     0.074
     164.99     0.031
     166.28     0.136
     167.57     0.013
     168.86    -0.111
     170.15     0.007
     171.44    -0.037
     172.72     0.003
     174.01     0.097
     175.30     0.218
     176.59     0.198
     177.88     0.095
     179.17     0.055
     180.45    -0.031
     181.74    -0.047
     183.03     0.069
     184.32     0.011
     185.61    -0.060
     186.89     0.007
     188.18     0.066
     189.47     0.058
     190.76    -0.036
     192.05    -0.079
     193.34    -0.005
     194.62     0.104
     195.91    -0.003
     197.20    -0.013
     198.49    -0.022
     199.78    -0.099
     201.07    -0.038
     202.35     0.074
     203.64    -0.019
     204.93     0.047
     206.22    -0.005
     207.51     0.040
     208.79    -0.063
     210.08     0.040
     211.37    -0.143
     212.66     0.033
     213.95     0.011
     215.24     0.049
     216.52     0.025
     217.81     0.072
     219.10     0.094
     220.39     0.027
     221.68    -0.096
     222.97    -0.064
     224.25     0.040
     225.54    -0.115
     226.83    -0.133
     228.12    -0.088
     229.41    -0.016
     230.69    -0.009
     231.98    -0.063
     233.27    -0.002
     234.56    -0.009
     235.85     0.039
     237.14    -0.015
     238.42     0.098
     239.71    -0.094
     241.00    -0.055
     242.29    -0.076
     243.58    -0.017
     244.87     0.019
     246.15    -0.086
     247.44    -0.009
     248.73     0.118
     250.02     0.033
     251.31     0.030
     252.59     0.014
     253.88    -0.014
     255.17     0.039
     256.46    -0.068
     257.75    -0.001
     259.04     0.030
     260.32    -0.019
     261.61    -0.003
     262.90     0.024
     264.19    -0.001
     265.48     0.038
     266.77    -0.040
     268.05    -0.149
     269.34    -0.066
     270.63    -0.046
     271.92    -0.052
     273.21    -0.041
     274.49    -0.066
     275.78     0.013
     277.07    -0.073
     278.36     0.036
     279.65     0.003
     280.94    -0.009
     282.22     0.019
     283.51    -0.068
     284.80     0.023
     286.09    -0.022
     287.38     0.028
     288.67    -0.068
     289.95     0.002
     291.24     0.100
     292.53     0.048
     293.82    -0.016
     295.11    -0.043
     296.39    -0.001
     297.68    -0.081
     298.97    -0.065
     300.26    -0.132
     301.55    -0.056
     302.84     0.068
     304.12    -0.101
     305.41    -0.036
     306.70     0.096
     307.99     0.080
     309.28     0.054
     310.57    -0.075
     311.85     0.025
     313.14     0.026
     314.43     0.077
     315.72     0.075
     317.01     0.026
     318.29     0.089
     319.58     0.128
     320.87    -0.035
     322.16     0.054
     323.45    -0.001
     324.74     0.085
     326.02    -0.080
     327.31     0.018
     328.60    -0.004
     329.89    -0.056
     331.18    -0.045
     332.47    -0.023
     333.75     0.019
     335.04    -0.012
     336.33     0.005
     337.62     0.023
     338.91    -0.036
     340.19     0.086
     341.48     0.174
     342.77    -0.004
     344.06     0.063
     345.35    -0.041
     346.64    -0.086
     347.92     0.051
     349.21     0.027
     350.50    -0.004
     351.79    -0.086
     353.08    -0.045
     354.37    -0.040
     355.65    -0.109
     356.94    -0.047
     358.23     0.059
     359.52    -0.042
     360.81    -0.034
     362.09     0.018
     363.38     0.046
     364.67     0.038
     365.96     0.146
     367.25     0.158
     368.54    -0.023
     369.82    -0.004
     371.11     0.025
     372.40    -0.030
     373.69    -0.102
     374.98     0.018
     376.27    -0.006
     377.55    -0.073
     378.84     0.040
     380.13    -0.031
     381.42    -0.022
     382.71    -0.015
     383.99     0.040
     385.28     0.018
     386.57    -0.054
     387.86     0.049
     389.15    -0.099
     390.44    -0.020
     391.72     0.077
     393.01     0.022
     394.30     0.085
     395.59     0.027
     396.88    -0.001
     398.17     0.058
     399.45     0.073
%%GASS      0  datapoints: v_lsr [km/s] and T_B [K]
%%LAB     777  datapoints: v_lsr [km/s] and T_B [K]
    -399.87     0.089
    -398.84     0.186
    -397.81    -0.055
    -396.77     0.034
    -395.74    -0.148
    -394.71    -0.134
    -393.68    -0.041
    -392.65    -0.023
    -391.62    -0.042
    -390.59    -0.110
    -389.56     0.068
    -388.53    -0.048
    -387.50    -0.032
    -386.47    -0.000
    -385.44     0.044
    -384.41     0.026
    -383.38    -0.002
    -382.35    -0.147
    -381.32    -0.025
    -380.29    -0.054
    -379.25    -0.012
    -378.22    -0.033
    -377.19     0.017
    -376.16    -0.083
    -375.13    -0.064
    -374.10     0.063
    -373.07     0.157
    -372.04     0.083
    -371.01    -0.135
    -369.98    -0.015
    -368.95    -0.033
    -367.92     0.099
    -366.89     0.052
    -365.86     0.025
    -364.83     0.054
    -363.80    -0.134
    -362.77    -0.001
    -361.73     0.089
    -360.70     0.009
    -359.67     0.005
    -358.64    -0.008
    -357.61    -0.055
    -356.58     0.027
    -355.55    -0.027
    -354.52     0.109
    -353.49     0.092
    -352.46     0.116
    -351.43    -0.105
    -350.40    -0.058
    -349.37    -0.068
    -348.34    -0.040
    -347.31    -0.033
    -346.28    -0.120
    -345.25     0.009
    -344.21    -0.011
    -343.18    -0.008
    -342.15     0.030
    -341.12    -0.006
    -340.09     0.071
    -339.06     0.008
    -338.03    -0.104
    -337.00     0.029
    -335.97     0.047
    -334.94     0.020
    -333.91     0.110
    -332.88     0.072
    -331.85    -0.056
    -330.82     0.020
    -329.79    -0.070
    -328.76     0.105
    -327.73     0.060
    -326.69    -0.136
    -325.66     0.081
    -324.63    -0.057
    -323.60     0.142
    -322.57     0.045
    -321.54     0.049
    -320.51    -0.223
    -319.48    -0.022
    -318.45    -0.135
    -317.42    -0.018
    -316.39    -0.119
    -315.36     0.042
    -314.33     0.098
    -313.30     0.097
    -312.27    -0.006
    -311.24     0.059
    -310.21     0.138
    -309.18     0.005
    -308.14    -0.046
    -307.11     0.005
    -306.08    -0.024
    -305.05     0.195
    -304.02     0.067
    -302.99     0.045
    -301.96    -0.048
    -300.93     0.044
    -299.90     0.131
    -298.87    -0.039
    -297.84    -0.032
    -296.81    -0.136
    -295.78     0.092
    -294.75     0.113
    -293.72    -0.175
    -292.69     0.055
    -291.66    -0.009
    -290.62     0.015
    -289.59     0.048
    -288.56     0.087
    -287.53     0.123
    -286.50     0.123
    -285.47     0.057
    -284.44     0.097
    -283.41    -0.089
    -282.38     0.069
    -281.35    -0.049
    -280.32    -0.103
    -279.29     0.042
    -278.26     0.113
    -277.23    -0.076
    -276.20     0.018
    -275.17     0.018
    -274.14    -0.245
    -273.10    -0.148
    -272.07    -0.023
    -271.04    -0.163
    -270.01    -0.030
    -268.98    -0.040
    -267.95     0.038
    -266.92    -0.064
    -265.89    -0.047
    -264.86     0.022
    -263.83     0.058
    -262.80     0.016
    -261.77    -0.023
    -260.74    -0.121
    -259.71     0.042
    -258.68    -0.007
    -257.65    -0.132
    -256.62    -0.014
    -255.58     0.215
    -254.55     0.118
    -253.52    -0.095
    -252.49    -0.091
    -251.46     0.060
    -250.43    -0.016
    -249.40     0.110
    -248.37    -0.019
    -247.34     0.054
    -246.31    -0.052
    -245.28     0.085
    -244.25     0.083
    -243.22    -0.124
    -242.19    -0.110
    -241.16    -0.053
    -240.13    -0.001
    -239.10    -0.070
    -238.06     0.199
    -237.03     0.311
    -236.00    -0.033
    -234.97     0.055
    -233.94    -0.027
    -232.91     0.003
    -231.88    -0.083
    -230.85     0.037
    -229.82     0.028
    -228.79     0.179
    -227.76    -0.123
    -226.73     0.055
    -225.70     0.061
    -224.67     0.094
    -223.64     0.100
    -222.61     0.074
    -221.58    -0.109
    -220.54     0.149
    -219.51     0.042
    -218.48     0.022
    -217.45     0.025
    -216.42     0.031
    -215.39     0.140
    -214.36    -0.083
    -213.33     0.115
    -212.30    -0.066
    -211.27    -0.094
    -210.24     0.064
    -209.21    -0.025
    -208.18     0.035
    -207.15    -0.068
    -206.12    -0.041
    -205.09    -0.058
    -204.06    -0.031
    -203.02     0.037
    -201.99    -0.012
    -200.96    -0.151
    -199.93     0.069
    -198.90    -0.000
    -197.87     0.122
    -196.84     0.013
    -195.81    -0.063
    -194.78    -0.004
    -193.75     0.014
    -192.72     0.001
    -191.69     0.132
    -190.66    -0.038
    -189.63     0.088
    -188.60     0.108
    -187.57     0.060
    -186.54     0.003
    -185.51     0.141
    -184.47     0.007
    -183.44    -0.022
    -182.41     0.015
    -181.38    -0.074
    -180.35    -0.135
    -179.32    -0.163
    -178.29    -0.048
    -177.26    -0.015
    -176.23    -0.088
    -175.20    -0.066
    -174.17    -0.065
    -173.14    -0.125
    -172.11    -0.082
    -171.08     0.014
    -170.05    -0.122
    -169.02    -0.094
    -167.99     0.021
    -166.95    -0.006
    -165.92    -0.059
    -164.89     0.006
    -163.86    -0.011
    -162.83    -0.109
    -161.80    -0.136
    -160.77     0.172
    -159.74     0.003
    -158.71     0.009
    -157.68     0.092
    -156.65     0.128
    -155.62     0.016
    -154.59     0.046
    -153.56    -0.030
    -152.53    -0.097
    -151.50    -0.163
    -150.47     0.124
    -149.43     0.001
    -148.40     0.026
    -147.37     0.089
    -146.34    -0.066
    -145.31     0.054
    -144.28     0.085
    -143.25    -0.004
    -142.22    -0.088
    -141.19    -0.085
    -140.16     0.059
    -139.13    -0.055
    -138.10     0.079
    -137.07     0.081
    -136.04    -0.003
    -135.01     0.036
    -133.98     0.083
    -132.95    -0.048
    -131.91     0.091
    -130.88    -0.048
    -129.85     0.226
    -128.82     0.112
    -127.79     0.071
    -126.76    -0.030
    -125.73     0.041
    -124.70     0.122
    -123.67     0.109
    -122.64     0.025
    -121.61    -0.031
    -120.58     0.034
    -119.55     0.262
    -118.52     0.093
    -117.49     0.089
    -116.46    -0.028
    -115.43     0.175
    -114.39     0.167
    -113.36     0.249
    -112.33     0.150
    -111.30     0.282
    -110.27     0.161
    -109.24     0.329
    -108.21     0.189
    -107.18     0.217
    -106.15     0.186
    -105.12     0.170
    -104.09     0.315
    -103.06     0.379
    -102.03     0.494
    -101.00     0.502
     -99.97     0.301
     -98.94     0.388
     -97.91     0.479
     -96.87     0.464
     -95.84     0.281
     -94.81     0.515
     -93.78     0.469
     -92.75     0.651
     -91.72     0.384
     -90.69     0.597
     -89.66     0.506
     -88.63     0.590
     -87.60     0.577
     -86.57     0.625
     -85.54     0.655
     -84.51     0.623
     -83.48     0.533
     -82.45     0.716
     -81.42     0.567
     -80.39     0.672
     -79.35     0.726
     -78.32     0.652
     -77.29     0.903
     -76.26     1.009
     -75.23     0.945
     -74.20     1.169
     -73.17     1.194
     -72.14     1.306
     -71.11     1.436
     -70.08     1.589
     -69.05     1.751
     -68.02     1.738
     -66.99     1.879
     -65.96     2.101
     -64.93     2.034
     -63.90     2.224
     -62.87     2.467
     -61.84     2.407
     -60.80     2.477
     -59.77     2.613
     -58.74     2.741
     -57.71     2.578
     -56.68     2.454
     -55.65     2.517
     -54.62     2.406
     -53.59     2.271
     -52.56     2.206
     -51.53     2.067
     -50.50     1.688
     -49.47     1.740
     -48.44     1.740
     -47.41     1.451
     -46.38     1.338
     -45.35     1.329
     -44.32     1.279
     -43.28     1.201
     -42.25     1.268
     -41.22     1.012
     -40.19     0.955
     -39.16     0.833
     -38.13     0.769
     -37.10     0.905
     -36.07     0.762
     -35.04     0.902
     -34.01     0.824
     -32.98     0.956
     -31.95     0.699
     -30.92     0.895
     -29.89     1.136
     -28.86     1.285
     -27.83     1.355
     -26.80     1.435
     -25.76     1.713
     -24.73     1.969
     -23.70     2.482
     -22.67     3.104
     -21.64     3.573
     -20.61     4.296
     -19.58     5.740
     -18.55     7.422
     -17.52     9.782
     -16.49    13.207
     -15.46    16.813
     -14.43    20.450
     -13.40    23.198
     -12.37    25.702
     -11.34    26.651
     -10.31    26.751
      -9.28    25.618
      -8.24    23.897
      -7.21    21.928
      -6.18    21.579
      -5.15    22.806
      -4.12    26.740
      -3.09    32.279
      -2.06    40.432
      -1.03    49.144
       0.00    56.895
       1.03    61.670
       2.06    60.840
       3.09    54.587
       4.12    44.382
       5.15    35.714
       6.18    30.613
       7.21    26.223
       8.24    21.754
       9.28    17.917
      10.31    14.538
      11.34    12.407
      12.37     9.988
      13.40     7.956
      14.43     6.471
      15.46     5.619
      16.49     4.782
      17.52     4.240
      18.55     3.870
      19.58     3.371
      20.61     3.243
      21.64     2.881
      22.67     2.584
      23.70     2.509
      24.73     2.076
      25.76     2.045
      26.80     1.743
      27.83     1.727
      28.86     1.529
      29.89     1.121
      30.92     1.040
      31.95     0.947
      32.98     0.820
      34.01     0.805
      35.04     0.731
      36.07     0.621
      37.10     0.514
      38.13     0.656
      39.16     0.518
      40.19     0.499
      41.22     0.371
      42.25     0.156
      43.28     0.342
      44.32     0.148
      45.35     0.211
      46.38     0.048
      47.41     0.131
      48.44     0.215
      49.47     0.157
      50.50     0.075
      51.53     0.267
      52.56     0.164
      53.59     0.042
      54.62     0.204
      55.65    -0.044
      56.68    -0.046
      57.71     0.117
      58.74    -0.065
      59.77    -0.006
      60.80    -0.033
      61.84     0.010
      62.87    -0.022
      63.90     0.051
      64.93     0.009
      65.96     0.102
      66.99    -0.007
      68.02    -0.037
      69.05     0.089
      70.08     0.099
      71.11    -0.022
      72.14     0.032
      73.17     0.008
      74.20     0.049
      75.23    -0.136
      76.26    -0.056
      77.29     0.127
      78.32     0.072
      79.35     0.002
      80.39     0.003
      81.42    -0.034
      82.45    -0.038
      83.48     0.108
      84.51     0.144
      85.54     0.069
      86.57     0.061
      87.60    -0.023
      88.63     0.073
      89.66    -0.010
      90.69    -0.011
      91.72     0.038
      92.75     0.046
      93.78    -0.027
      94.81     0.007
      95.84     0.098
      96.87    -0.008
      97.91     0.076
      98.94     0.050
      99.97     0.104
     101.00     0.174
     102.03    -0.030
     103.06     0.074
     104.09     0.086
     105.12    -0.141
     106.15     0.165
     107.18     0.024
     108.21    -0.080
     109.24     0.075
     110.27    -0.069
     111.30     0.003
     112.33    -0.070
     113.36     0.046
     114.39    -0.090
     115.43     0.122
     116.46    -0.024
     117.49    -0.083
     118.52    -0.024
     119.55     0.085
     120.58    -0.038
     121.61     0.114
     122.64     0.031
     123.67     0.024
     124.70    -0.017
     125.73    -0.005
     126.76     0.027
     127.79    -0.100
     128.82     0.067
     129.85     0.095
     130.88    -0.029
     131.91     0.015
     132.95    -0.013
     133.98    -0.033
     135.01     0.018
     136.04     0.059
     137.07     0.066
     138.10     0.037
     139.13    -0.014
     140.16     0.265
     141.19    -0.037
     142.22     0.049
     143.25     0.104
     144.28     0.123
     145.31    -0.001
     146.34     0.111
     147.37    -0.077
     148.40     0.073
     149.43    -0.029
     150.47     0.054
     151.50    -0.083
     152.53    -0.058
     153.56    -0.090
     154.59    -0.008
     155.62     0.133
     156.65     0.086
     157.68    -0.060
     158.71     0.032
     159.74     0.012
     160.77    -0.052
     161.80     0.011
     162.83    -0.100
     163.86     0.105
     164.89    -0.111
     165.92    -0.077
     166.95     0.060
     167.99    -0.076
     169.02    -0.005
     170.05    -0.003
     171.08    -0.083
     172.11    -0.047
     173.14    -0.028
     174.17     0.020
     175.20    -0.083
     176.23     0.068
     177.26     0.157
     178.29    -0.072
     179.32     0.024
     180.35    -0.031
     181.38    -0.053
     182.41    -0.037
     183.44     0.048
     184.47     0.116
     185.51    -0.072
     186.54     0.008
     187.57     0.057
     188.60    -0.110
     189.63     0.239
     190.66     0.096
     191.69     0.080
     192.72    -0.083
     193.75    -0.130
     194.78    -0.122
     195.81    -0.001
     196.84    -0.037
     197.87     0.018
     198.90     0.051
     199.93     0.027
     200.96     0.107
     201.99    -0.022
     203.02     0.081
     204.06     0.021
     205.09    -0.141
     206.12     0.121
     207.15    -0.016
     208.18     0.011
     209.21    -0.059
     210.24     0.040
     211.27    -0.172
     212.30    -0.016
     213.33    -0.065
     214.36     0.078
     215.39     0.015
     216.42     0.032
     217.45     0.067
     218.48     0.161
     219.51     0.005
     220.54     0.073
     221.58    -0.081
     222.61     0.004
     223.64    -0.032
     224.67     0.038
     225.70    -0.083
     226.73     0.062
     227.76    -0.114
     228.79    -0.032
     229.82    -0.149
     230.85     0.092
     231.88     0.132
     232.91     0.014
     233.94    -0.120
     234.97    -0.071
     236.00    -0.060
     237.03    -0.015
     238.06    -0.102
     239.10     0.077
     240.13     0.094
     241.16    -0.115
     242.19     0.020
     243.22     0.240
     244.25     0.044
     245.28    -0.004
     246.31    -0.133
     247.34    -0.099
     248.37    -0.111
     249.40    -0.037
     250.43     0.043
     251.46     0.186
     252.49     0.082
     253.52     0.031
     254.55     0.003
     255.58     0.066
     256.62    -0.083
     257.65     0.058
     258.68    -0.100
     259.71    -0.021
     260.74    -0.207
     261.77    -0.049
     262.80    -0.009
     263.83     0.018
     264.86    -0.016
     265.89     0.163
     266.92     0.140
     267.95     0.110
     268.98     0.040
     270.01     0.032
     271.04    -0.025
     272.07    -0.105
     273.10     0.094
     274.14    -0.007
     275.17     0.005
     276.20    -0.001
     277.23     0.162
     278.26    -0.005
     279.29     0.003
     280.32     0.038
     281.35    -0.156
     282.38    -0.062
     283.41     0.055
     284.44    -0.013
     285.47     0.014
     286.50    -0.019
     287.53    -0.124
     288.56     0.037
     289.59    -0.078
     290.62    -0.055
     291.66    -0.016
     292.69     0.054
     293.72    -0.118
     294.75    -0.020
     295.78    -0.039
     296.81     0.130
     297.84    -0.024
     298.87     0.054
     299.90     0.106
     300.93     0.021
     301.96    -0.030
     302.99     0.065
     304.02     0.146
     305.05     0.049
     306.08    -0.023
     307.11     0.020
     308.14    -0.083
     309.18     0.146
     310.21    -0.166
     311.24    -0.020
     312.27     0.069
     313.30     0.021
     314.33    -0.055
     315.36     0.056
     316.39    -0.023
     317.42    -0.011
     318.45    -0.048
     319.48    -0.023
     320.51    -0.032
     321.54    -0.098
     322.57     0.056
     323.60     0.035
     324.63    -0.113
     325.66     0.012
     326.69    -0.056
     327.73    -0.049
     328.76     0.043
     329.79     0.156
     330.82    -0.048
     331.85     0.120
     332.88    -0.008
     333.91    -0.032
     334.94     0.034
     335.97     0.028
     337.00    -0.033
     338.03    -0.115
     339.06    -0.085
     340.09     0.101
     341.12    -0.046
     342.15    -0.022
     343.18    -0.139
     344.21     0.157
     345.25    -0.100
     346.28    -0.126
     347.31     0.031
     348.34    -0.010
     349.37    -0.031
     350.40     0.019
     351.43    -0.066
     352.46    -0.046
     353.49    -0.063
     354.52     0.065
     355.55    -0.024
     356.58     0.100
     357.61    -0.060
     358.64     0.166
     359.67    -0.095
     360.70    -0.012
     361.73    -0.025
     362.77    -0.048
     363.80    -0.056
     364.83    -0.068
     365.86    -0.015
     366.89     0.123
     367.92    -0.033
     368.95    -0.029
     369.98    -0.016
     371.01     0.013
     372.04    -0.038
     373.07     0.059
     374.10     0.002
     375.13     0.106
     376.16     0.044
     377.19     0.036
     378.22     0.045
     379.25     0.056
     380.29     0.016
     381.32    -0.088
     382.35     0.063
     383.38     0.060
     384.41    -0.069
     385.44    -0.072
     386.47    -0.188
     387.50    -0.062
     388.53     0.037
     389.56     0.020
     390.59     0.003
     391.62     0.008
     392.65    -0.115
     393.68    -0.109
     394.71    -0.105
     395.74     0.060
     396.77    -0.081
     397.81    -0.039
     398.84     0.217
     399.87     0.013
