%%   87.50000 -12.50000    0   0.20000
% LAB  survey ------------------
% wanted position:  l, b, RA, DEC, and interpolated  NH
% 87.50 ; -12.50 ; 327.32 ;  37.54 ;  0.166E+22
% nearest position: l, b, RA, DEC, and observed NH
% 87.50 ; -12.50 ; 327.32 ;  37.54 ;  0.166E+22
% GASS III survey --------------
% NH - median within 6 arcmin radius   0.00    
% NH - mean within specified beam      0.00    
% EBHIS survey -----------------
% NH  within specified beam           0.162E+22
%%EBHIS   621  datapoints: v_lsr [km/s] and T_B [K]
    -399.25    -0.045
    -397.96     0.030
    -396.68     0.075
    -395.39     0.005
    -394.10    -0.025
    -392.81     0.060
    -391.52     0.068
    -390.23    -0.053
    -388.95    -0.109
    -387.66    -0.007
    -386.37    -0.027
    -385.08     0.019
    -383.79    -0.002
    -382.50     0.027
    -381.22    -0.070
    -379.93     0.081
    -378.64     0.121
    -377.35     0.041
    -376.06    -0.067
    -374.78     0.048
    -373.49    -0.074
    -372.20    -0.048
    -370.91     0.003
    -369.62     0.097
    -368.33     0.114
    -367.05     0.063
    -365.76     0.027
    -364.47    -0.015
    -363.18     0.143
    -361.89     0.047
    -360.60     0.012
    -359.32     0.021
    -358.03     0.111
    -356.74     0.070
    -355.45     0.021
    -354.16     0.017
    -352.88    -0.039
    -351.59    -0.085
    -350.30    -0.065
    -349.01     0.076
    -347.72     0.073
    -346.43    -0.064
    -345.15     0.037
    -343.86     0.005
    -342.57    -0.037
    -341.28    -0.046
    -339.99    -0.038
    -338.70     0.040
    -337.42    -0.034
    -336.13     0.006
    -334.84    -0.033
    -333.55    -0.100
    -332.26     0.049
    -330.98     0.004
    -329.69    -0.076
    -328.40    -0.074
    -327.11    -0.020
    -325.82    -0.030
    -324.53    -0.025
    -323.25     0.022
    -321.96     0.045
    -320.67     0.010
    -319.38     0.059
    -318.09    -0.011
    -316.80     0.034
    -315.52     0.092
    -314.23     0.012
    -312.94    -0.065
    -311.65    -0.004
    -310.36    -0.008
    -309.08    -0.050
    -307.79    -0.044
    -306.50    -0.028
    -305.21     0.014
    -303.92     0.031
    -302.63    -0.003
    -301.35     0.006
    -300.06    -0.086
    -298.77     0.062
    -297.48     0.110
    -296.19    -0.015
    -294.90     0.044
    -293.62     0.019
    -292.33    -0.065
    -291.04    -0.037
    -289.75    -0.018
    -288.46    -0.082
    -287.18     0.081
    -285.89     0.059
    -284.60     0.095
    -283.31     0.009
    -282.02     0.035
    -280.73     0.028
    -279.45     0.083
    -278.16    -0.056
    -276.87    -0.064
    -275.58    -0.017
    -274.29     0.010
    -273.00     0.015
    -271.72    -0.018
    -270.43     0.072
    -269.14     0.027
    -267.85     0.073
    -266.56     0.061
    -265.28     0.089
    -263.99     0.037
    -262.70    -0.021
    -261.41    -0.053
    -260.12     0.110
    -258.83     0.010
    -257.55    -0.014
    -256.26    -0.069
    -254.97     0.015
    -253.68     0.032
    -252.39     0.019
    -251.10    -0.048
    -249.82     0.028
    -248.53    -0.004
    -247.24    -0.016
    -245.95     0.030
    -244.66     0.022
    -243.38    -0.037
    -242.09     0.010
    -240.80     0.003
    -239.51     0.064
    -238.22    -0.010
    -236.93    -0.041
    -235.65    -0.027
    -234.36    -0.038
    -233.07    -0.002
    -231.78     0.145
    -230.49     0.008
    -229.20     0.055
    -227.92     0.049
    -226.63     0.016
    -225.34     0.026
    -224.05     0.003
    -222.76    -0.101
    -221.48    -0.081
    -220.19     0.056
    -218.90     0.027
    -217.61    -0.009
    -216.32     0.054
    -215.03     0.003
    -213.75    -0.012
    -212.46     0.005
    -211.17    -0.007
    -209.88    -0.019
    -208.59    -0.001
    -207.30    -0.009
    -206.02     0.031
    -204.73     0.030
    -203.44     0.051
    -202.15    -0.011
    -200.86     0.055
    -199.58     0.044
    -198.29    -0.032
    -197.00     0.011
    -195.71    -0.093
    -194.42    -0.002
    -193.13    -0.047
    -191.85    -0.002
    -190.56    -0.044
    -189.27    -0.088
    -187.98     0.014
    -186.69    -0.044
    -185.40    -0.056
    -184.12    -0.027
    -182.83    -0.053
    -181.54     0.010
    -180.25    -0.087
    -178.96    -0.100
    -177.68     0.067
    -176.39     0.030
    -175.10    -0.058
    -173.81     0.051
    -172.52    -0.074
    -171.23     0.042
    -169.95    -0.035
    -168.66     0.021
    -167.37     0.001
    -166.08    -0.063
    -164.79    -0.107
    -163.50    -0.041
    -162.22    -0.059
    -160.93    -0.083
    -159.64    -0.002
    -158.35     0.023
    -157.06    -0.110
    -155.78    -0.016
    -154.49    -0.014
    -153.20     0.049
    -151.91     0.014
    -150.62    -0.076
    -149.33    -0.088
    -148.05    -0.066
    -146.76    -0.093
    -145.47     0.076
    -144.18    -0.030
    -142.89     0.020
    -141.60    -0.006
    -140.32     0.005
    -139.03     0.039
    -137.74    -0.063
    -136.45     0.006
    -135.16     0.092
    -133.88     0.112
    -132.59     0.035
    -131.30     0.016
    -130.01    -0.064
    -128.72     0.146
    -127.43     0.100
    -126.15     0.165
    -124.86     0.163
    -123.57     0.114
    -122.28     0.003
    -120.99     0.104
    -119.70     0.036
    -118.42     0.036
    -117.13     0.085
    -115.84     0.101
    -114.55     0.046
    -113.26    -0.006
    -111.98     0.025
    -110.69     0.206
    -109.40     0.054
    -108.11     0.078
    -106.82     0.095
    -105.53     0.139
    -104.25     0.140
    -102.96     0.094
    -101.67     0.152
    -100.38     0.144
     -99.09     0.105
     -97.80     0.149
     -96.52     0.091
     -95.23     0.231
     -93.94     0.262
     -92.65     0.254
     -91.36     0.303
     -90.08     0.213
     -88.79     0.311
     -87.50     0.295
     -86.21     0.321
     -84.92     0.395
     -83.63     0.458
     -82.35     0.408
     -81.06     0.483
     -79.77     0.487
     -78.48     0.447
     -77.19     0.535
     -75.90     0.609
     -74.62     0.584
     -73.33     0.621
     -72.04     0.617
     -70.75     0.569
     -69.46     0.708
     -68.18     0.736
     -66.89     0.663
     -65.60     0.639
     -64.31     0.690
     -63.02     0.628
     -61.73     0.739
     -60.45     0.767
     -59.16     0.750
     -57.87     0.853
     -56.58     0.792
     -55.29     0.737
     -54.00     0.753
     -52.72     0.743
     -51.43     0.719
     -50.14     0.770
     -48.85     0.870
     -47.56     0.849
     -46.28     0.997
     -44.99     0.964
     -43.70     0.951
     -42.41     1.052
     -41.12     1.152
     -39.83     1.204
     -38.55     1.253
     -37.26     1.458
     -35.97     1.446
     -34.68     1.581
     -33.39     1.620
     -32.10     1.575
     -30.82     1.706
     -29.53     1.802
     -28.24     1.958
     -26.95     2.216
     -25.66     2.677
     -24.38     3.373
     -23.09     4.286
     -21.80     5.536
     -20.51     6.721
     -19.22     7.936
     -17.93     8.677
     -16.65     8.329
     -15.36     7.574
     -14.07     6.970
     -12.78     7.173
     -11.49     8.135
     -10.20     9.775
      -8.92    13.189
      -7.63    18.380
      -6.34    25.202
      -5.05    32.231
      -3.76    39.605
      -2.48    46.646
      -1.19    52.414
       0.10    56.554
       1.39    56.157
       2.68    48.568
       3.97    37.768
       5.25    28.640
       6.54    20.705
       7.83    14.576
       9.12    10.509
      10.41     8.454
      11.70     7.079
      12.98     6.245
      14.27     5.463
      15.56     4.419
      16.85     3.625
      18.14     3.090
      19.42     2.577
      20.71     2.157
      22.00     1.769
      23.29     1.409
      24.58     1.182
      25.87     0.946
      27.15     0.719
      28.44     0.666
      29.73     0.510
      31.02     0.534
      32.31     0.375
      33.60     0.303
      34.88     0.194
      36.17     0.182
      37.46     0.170
      38.75     0.155
      40.04     0.200
      41.32     0.209
      42.61     0.167
      43.90     0.121
      45.19    -0.034
      46.48     0.023
      47.77     0.017
      49.05     0.134
      50.34     0.127
      51.63    -0.030
      52.92    -0.030
      54.21    -0.051
      55.50    -0.002
      56.78    -0.005
      58.07     0.011
      59.36     0.001
      60.65     0.055
      61.94     0.095
      63.22     0.122
      64.51     0.133
      65.80    -0.017
      67.09     0.021
      68.38    -0.040
      69.67    -0.003
      70.95     0.124
      72.24     0.013
      73.53     0.069
      74.82    -0.040
      76.11    -0.062
      77.40    -0.053
      78.68    -0.142
      79.97    -0.053
      81.26    -0.072
      82.55    -0.019
      83.84     0.017
      85.12     0.046
      86.41     0.018
      87.70    -0.008
      88.99     0.001
      90.28    -0.052
      91.57    -0.066
      92.85     0.031
      94.14     0.038
      95.43     0.091
      96.72     0.102
      98.01     0.022
      99.30    -0.024
     100.58     0.053
     101.87     0.064
     103.16    -0.088
     104.45    -0.031
     105.74     0.024
     107.02     0.067
     108.31     0.011
     109.60    -0.020
     110.89    -0.012
     112.18    -0.094
     113.47    -0.071
     114.75    -0.125
     116.04     0.029
     117.33    -0.024
     118.62    -0.002
     119.91     0.037
     121.20    -0.004
     122.48     0.022
     123.77     0.019
     125.06    -0.076
     126.35    -0.106
     127.64    -0.079
     128.92     0.039
     130.21    -0.074
     131.50     0.030
     132.79     0.040
     134.08     0.027
     135.37     0.041
     136.65    -0.041
     137.94    -0.135
     139.23    -0.038
     140.52    -0.046
     141.81    -0.044
     143.09     0.021
     144.38    -0.065
     145.67    -0.078
     146.96    -0.025
     148.25     0.041
     149.54     0.077
     150.82     0.034
     152.11    -0.017
     153.40    -0.067
     154.69    -0.021
     155.98    -0.013
     157.27    -0.048
     158.55    -0.014
     159.84     0.030
     161.13    -0.012
     162.42     0.032
     163.71    -0.025
     164.99     0.005
     166.28    -0.080
     167.57     0.110
     168.86     0.012
     170.15     0.047
     171.44     0.013
     172.72    -0.019
     174.01    -0.033
     175.30     0.005
     176.59     0.027
     177.88     0.022
     179.17     0.049
     180.45    -0.020
     181.74     0.010
     183.03     0.087
     184.32     0.038
     185.61     0.023
     186.89     0.016
     188.18     0.020
     189.47     0.066
     190.76    -0.103
     192.05    -0.124
     193.34    -0.056
     194.62    -0.110
     195.91     0.036
     197.20    -0.015
     198.49    -0.010
     199.78     0.020
     201.07    -0.001
     202.35     0.032
     203.64     0.052
     204.93     0.034
     206.22     0.007
     207.51    -0.034
     208.79    -0.035
     210.08    -0.016
     211.37    -0.013
     212.66    -0.012
     213.95    -0.055
     215.24    -0.021
     216.52     0.048
     217.81     0.162
     219.10     0.014
     220.39     0.013
     221.68     0.038
     222.97     0.100
     224.25     0.081
     225.54    -0.101
     226.83    -0.071
     228.12     0.008
     229.41     0.025
     230.69     0.002
     231.98     0.070
     233.27     0.051
     234.56     0.006
     235.85    -0.045
     237.14    -0.051
     238.42    -0.047
     239.71    -0.031
     241.00     0.030
     242.29     0.038
     243.58    -0.056
     244.87    -0.030
     246.15    -0.005
     247.44     0.087
     248.73    -0.027
     250.02    -0.036
     251.31    -0.019
     252.59    -0.024
     253.88    -0.026
     255.17     0.069
     256.46    -0.057
     257.75     0.030
     259.04    -0.019
     260.32     0.002
     261.61    -0.030
     262.90     0.023
     264.19     0.045
     265.48    -0.046
     266.77     0.076
     268.05     0.013
     269.34    -0.004
     270.63     0.099
     271.92    -0.017
     273.21    -0.039
     274.49    -0.036
     275.78    -0.023
     277.07     0.001
     278.36    -0.011
     279.65     0.029
     280.94    -0.045
     282.22     0.050
     283.51     0.004
     284.80    -0.063
     286.09    -0.031
     287.38     0.045
     288.67    -0.082
     289.95    -0.124
     291.24    -0.100
     292.53    -0.046
     293.82    -0.007
     295.11     0.032
     296.39     0.060
     297.68     0.074
     298.97    -0.012
     300.26    -0.043
     301.55    -0.007
     302.84    -0.062
     304.12    -0.088
     305.41    -0.116
     306.70     0.007
     307.99    -0.081
     309.28    -0.052
     310.57     0.007
     311.85     0.094
     313.14     0.033
     314.43    -0.023
     315.72     0.066
     317.01     0.049
     318.29     0.055
     319.58     0.098
     320.87     0.012
     322.16     0.053
     323.45    -0.031
     324.74    -0.011
     326.02     0.055
     327.31     0.116
     328.60    -0.014
     329.89     0.007
     331.18     0.038
     332.47    -0.016
     333.75    -0.015
     335.04    -0.002
     336.33     0.031
     337.62    -0.036
     338.91    -0.013
     340.19     0.066
     341.48     0.037
     342.77     0.078
     344.06    -0.007
     345.35     0.033
     346.64     0.022
     347.92     0.011
     349.21     0.068
     350.50     0.096
     351.79    -0.035
     353.08     0.081
     354.37    -0.021
     355.65     0.028
     356.94     0.025
     358.23     0.032
     359.52     0.014
     360.81    -0.055
     362.09    -0.100
     363.38    -0.006
     364.67    -0.039
     365.96    -0.009
     367.25    -0.012
     368.54     0.042
     369.82    -0.000
     371.11     0.004
     372.40    -0.062
     373.69    -0.075
     374.98    -0.129
     376.27     0.038
     377.55     0.034
     378.84     0.064
     380.13    -0.006
     381.42    -0.049
     382.71    -0.017
     383.99    -0.003
     385.28     0.114
     386.57    -0.005
     387.86     0.012
     389.15     0.041
     390.44     0.085
     391.72    -0.001
     393.01     0.079
     394.30     0.074
     395.59    -0.042
     396.88     0.045
     398.17    -0.007
     399.45    -0.032
%%GASS      0  datapoints: v_lsr [km/s] and T_B [K]
%%LAB     777  datapoints: v_lsr [km/s] and T_B [K]
    -399.87     0.145
    -398.84    -0.030
    -397.81     0.115
    -396.78     0.089
    -395.75    -0.152
    -394.72    -0.026
    -393.68    -0.014
    -392.65     0.084
    -391.62    -0.151
    -390.59     0.089
    -389.56    -0.000
    -388.53     0.091
    -387.50    -0.098
    -386.47     0.082
    -385.44     0.143
    -384.41    -0.097
    -383.38    -0.104
    -382.35    -0.009
    -381.32     0.151
    -380.29     0.003
    -379.26    -0.074
    -378.23    -0.040
    -377.20     0.072
    -376.16    -0.135
    -375.13    -0.026
    -374.10    -0.114
    -373.07     0.096
    -372.04     0.079
    -371.01    -0.086
    -369.98     0.126
    -368.95     0.026
    -367.92    -0.078
    -366.89    -0.023
    -365.86     0.092
    -364.83     0.197
    -363.80    -0.062
    -362.77     0.002
    -361.74    -0.052
    -360.71     0.019
    -359.68    -0.045
    -358.64    -0.110
    -357.61     0.032
    -356.58    -0.123
    -355.55     0.031
    -354.52     0.043
    -353.49    -0.040
    -352.46    -0.114
    -351.43     0.084
    -350.40     0.106
    -349.37    -0.013
    -348.34     0.123
    -347.31    -0.046
    -346.28     0.031
    -345.25    -0.146
    -344.22     0.168
    -343.19    -0.001
    -342.16     0.036
    -341.12    -0.064
    -340.09    -0.018
    -339.06    -0.041
    -338.03    -0.007
    -337.00     0.022
    -335.97     0.046
    -334.94     0.030
    -333.91    -0.028
    -332.88    -0.046
    -331.85     0.039
    -330.82    -0.013
    -329.79    -0.142
    -328.76    -0.099
    -327.73     0.159
    -326.70     0.102
    -325.67     0.137
    -324.64     0.061
    -323.60     0.007
    -322.57    -0.003
    -321.54     0.189
    -320.51    -0.018
    -319.48     0.085
    -318.45     0.007
    -317.42     0.055
    -316.39     0.046
    -315.36     0.132
    -314.33     0.060
    -313.30     0.012
    -312.27     0.035
    -311.24    -0.105
    -310.21    -0.034
    -309.18     0.002
    -308.15     0.054
    -307.12    -0.018
    -306.08    -0.163
    -305.05     0.022
    -304.02     0.016
    -302.99     0.130
    -301.96     0.016
    -300.93    -0.077
    -299.90     0.141
    -298.87    -0.060
    -297.84     0.034
    -296.81    -0.063
    -295.78    -0.182
    -294.75    -0.063
    -293.72    -0.009
    -292.69    -0.017
    -291.66     0.004
    -290.63     0.025
    -289.60     0.038
    -288.56    -0.119
    -287.53    -0.080
    -286.50     0.044
    -285.47    -0.010
    -284.44     0.194
    -283.41    -0.004
    -282.38     0.077
    -281.35     0.090
    -280.32    -0.094
    -279.29     0.031
    -278.26     0.112
    -277.23    -0.064
    -276.20    -0.206
    -275.17    -0.028
    -274.14     0.090
    -273.11    -0.042
    -272.08     0.011
    -271.04     0.080
    -270.01     0.019
    -268.98    -0.020
    -267.95     0.002
    -266.92     0.038
    -265.89     0.068
    -264.86     0.065
    -263.83    -0.087
    -262.80    -0.065
    -261.77    -0.093
    -260.74    -0.034
    -259.71    -0.002
    -258.68    -0.019
    -257.65     0.060
    -256.62    -0.073
    -255.59     0.064
    -254.56     0.045
    -253.52     0.074
    -252.49    -0.040
    -251.46    -0.053
    -250.43    -0.212
    -249.40    -0.015
    -248.37     0.068
    -247.34    -0.042
    -246.31    -0.044
    -245.28    -0.129
    -244.25    -0.134
    -243.22     0.137
    -242.19     0.058
    -241.16     0.022
    -240.13    -0.113
    -239.10     0.197
    -238.07     0.033
    -237.04    -0.071
    -236.00    -0.014
    -234.97     0.012
    -233.94    -0.017
    -232.91     0.086
    -231.88    -0.024
    -230.85    -0.017
    -229.82    -0.078
    -228.79     0.021
    -227.76    -0.020
    -226.73     0.033
    -225.70     0.030
    -224.67    -0.068
    -223.64    -0.079
    -222.61     0.002
    -221.58     0.007
    -220.55     0.128
    -219.52    -0.087
    -218.48     0.166
    -217.45     0.014
    -216.42     0.040
    -215.39    -0.003
    -214.36     0.094
    -213.33    -0.036
    -212.30     0.012
    -211.27    -0.130
    -210.24    -0.035
    -209.21     0.010
    -208.18     0.013
    -207.15    -0.063
    -206.12    -0.058
    -205.09     0.025
    -204.06     0.070
    -203.03     0.147
    -202.00     0.009
    -200.96    -0.055
    -199.93     0.036
    -198.90     0.036
    -197.87     0.192
    -196.84    -0.010
    -195.81    -0.128
    -194.78    -0.034
    -193.75    -0.045
    -192.72    -0.069
    -191.69    -0.058
    -190.66     0.154
    -189.63     0.014
    -188.60    -0.030
    -187.57     0.014
    -186.54    -0.022
    -185.51     0.183
    -184.48    -0.024
    -183.44     0.056
    -182.41    -0.032
    -181.38     0.106
    -180.35    -0.050
    -179.32    -0.000
    -178.29    -0.008
    -177.26    -0.036
    -176.23     0.072
    -175.20    -0.033
    -174.17     0.031
    -173.14     0.007
    -172.11     0.034
    -171.08     0.023
    -170.05    -0.184
    -169.02    -0.004
    -167.99     0.069
    -166.96     0.025
    -165.92     0.104
    -164.89     0.136
    -163.86     0.197
    -162.83     0.135
    -161.80     0.075
    -160.77     0.048
    -159.74    -0.058
    -158.71     0.008
    -157.68    -0.035
    -156.65     0.101
    -155.62    -0.048
    -154.59    -0.060
    -153.56     0.016
    -152.53    -0.033
    -151.50     0.006
    -150.47    -0.112
    -149.44    -0.071
    -148.40     0.108
    -147.37    -0.102
    -146.34     0.084
    -145.31     0.067
    -144.28     0.007
    -143.25     0.073
    -142.22    -0.008
    -141.19    -0.215
    -140.16    -0.191
    -139.13    -0.035
    -138.10    -0.074
    -137.07    -0.118
    -136.04     0.079
    -135.01    -0.016
    -133.98    -0.046
    -132.95     0.055
    -131.92    -0.125
    -130.88     0.120
    -129.85    -0.103
    -128.82    -0.071
    -127.79    -0.062
    -126.76    -0.012
    -125.73    -0.021
    -124.70     0.003
    -123.67     0.126
    -122.64     0.025
    -121.61     0.026
    -120.58     0.083
    -119.55    -0.069
    -118.52     0.213
    -117.49     0.075
    -116.46     0.145
    -115.43     0.072
    -114.40     0.072
    -113.36     0.191
    -112.33     0.074
    -111.30     0.153
    -110.27     0.131
    -109.24     0.003
    -108.21     0.047
    -107.18     0.174
    -106.15    -0.003
    -105.12     0.226
    -104.09     0.119
    -103.06     0.187
    -102.03     0.163
    -101.00     0.191
     -99.97     0.155
     -98.94     0.197
     -97.91     0.233
     -96.88     0.336
     -95.84     0.217
     -94.81     0.303
     -93.78     0.309
     -92.75     0.314
     -91.72     0.387
     -90.69     0.445
     -89.66     0.383
     -88.63     0.494
     -87.60     0.451
     -86.57     0.404
     -85.54     0.524
     -84.51     0.524
     -83.48     0.437
     -82.45     0.260
     -81.42     0.408
     -80.39     0.423
     -79.36     0.469
     -78.32     0.584
     -77.29     0.630
     -76.26     0.449
     -75.23     0.365
     -74.20     0.482
     -73.17     0.601
     -72.14     0.701
     -71.11     0.561
     -70.08     0.588
     -69.05     0.522
     -68.02     0.637
     -66.99     0.720
     -65.96     0.612
     -64.93     0.783
     -63.90     0.762
     -62.87     0.744
     -61.84     0.854
     -60.80     0.714
     -59.77     0.753
     -58.74     0.844
     -57.71     0.849
     -56.68     0.845
     -55.65     0.817
     -54.62     0.818
     -53.59     0.880
     -52.56     0.894
     -51.53     0.761
     -50.50     0.848
     -49.47     0.897
     -48.44     0.973
     -47.41     1.053
     -46.38     0.892
     -45.35     0.954
     -44.32     1.095
     -43.28     1.002
     -42.25     0.938
     -41.22     0.996
     -40.19     1.258
     -39.16     1.156
     -38.13     1.297
     -37.10     1.295
     -36.07     1.340
     -35.04     1.459
     -34.01     1.502
     -32.98     1.547
     -31.95     1.539
     -30.92     1.713
     -29.89     1.711
     -28.86     1.825
     -27.83     2.095
     -26.80     2.310
     -25.76     2.934
     -24.73     3.656
     -23.70     4.370
     -22.67     5.209
     -21.64     6.306
     -20.61     7.612
     -19.58     8.978
     -18.55     9.939
     -17.52    10.284
     -16.49    10.023
     -15.46     9.321
     -14.43     8.685
     -13.40     7.964
     -12.37     8.115
     -11.34     8.807
     -10.31    10.180
      -9.28    12.416
      -8.24    15.511
      -7.21    20.286
      -6.18    26.125
      -5.15    32.565
      -4.12    39.482
      -3.09    45.761
      -2.06    50.613
      -1.03    53.690
       0.00    55.520
       1.03    55.845
       2.06    52.609
       3.09    45.839
       4.12    38.476
       5.15    31.589
       6.18    24.662
       7.21    18.550
       8.24    13.598
       9.28    10.216
      10.31     8.191
      11.34     6.465
      12.37     5.625
      13.40     4.605
      14.43     3.913
      15.46     3.221
      16.49     2.777
      17.52     2.336
      18.55     1.996
      19.58     1.818
      20.61     1.475
      21.64     1.382
      22.67     1.139
      23.70     0.927
      24.73     0.756
      25.76     0.684
      26.80     0.562
      27.83     0.426
      28.86     0.422
      29.89     0.316
      30.92     0.342
      31.95     0.046
      32.98     0.337
      34.01     0.195
      35.04     0.226
      36.07     0.256
      37.10     0.209
      38.13     0.087
      39.16     0.232
      40.19     0.143
      41.22     0.090
      42.25    -0.141
      43.28     0.070
      44.32     0.082
      45.35     0.203
      46.38     0.197
      47.41     0.014
      48.44     0.053
      49.47     0.220
      50.50     0.128
      51.53     0.038
      52.56    -0.011
      53.59     0.037
      54.62     0.155
      55.65    -0.039
      56.68    -0.043
      57.71     0.048
      58.74     0.073
      59.77     0.168
      60.80    -0.057
      61.84     0.035
      62.87     0.061
      63.90    -0.038
      64.93    -0.050
      65.96     0.061
      66.99     0.134
      68.02    -0.105
      69.05    -0.115
      70.08     0.102
      71.11     0.140
      72.14    -0.036
      73.17    -0.030
      74.20     0.026
      75.23     0.160
      76.26     0.132
      77.29     0.007
      78.32     0.102
      79.36    -0.147
      80.39     0.042
      81.42    -0.059
      82.45    -0.040
      83.48     0.005
      84.51     0.088
      85.54    -0.086
      86.57    -0.034
      87.60     0.040
      88.63     0.108
      89.66     0.144
      90.69     0.182
      91.72     0.079
      92.75     0.057
      93.78    -0.134
      94.81    -0.077
      95.84    -0.173
      96.88     0.075
      97.91    -0.099
      98.94     0.072
      99.97    -0.036
     101.00     0.115
     102.03    -0.027
     103.06     0.179
     104.09    -0.187
     105.12    -0.092
     106.15     0.097
     107.18    -0.000
     108.21    -0.086
     109.24     0.158
     110.27    -0.086
     111.30    -0.058
     112.33    -0.086
     113.36     0.026
     114.40     0.114
     115.43    -0.021
     116.46    -0.093
     117.49     0.018
     118.52     0.104
     119.55     0.087
     120.58    -0.025
     121.61    -0.052
     122.64    -0.045
     123.67     0.027
     124.70     0.136
     125.73     0.141
     126.76    -0.016
     127.79     0.094
     128.82     0.049
     129.85     0.059
     130.88    -0.076
     131.92     0.186
     132.95     0.046
     133.98     0.216
     135.01     0.164
     136.04    -0.001
     137.07    -0.120
     138.10    -0.108
     139.13     0.001
     140.16    -0.023
     141.19    -0.022
     142.22     0.170
     143.25    -0.124
     144.28     0.092
     145.31    -0.056
     146.34     0.059
     147.37     0.013
     148.40     0.026
     149.44     0.006
     150.47     0.091
     151.50    -0.000
     152.53     0.122
     153.56     0.001
     154.59     0.044
     155.62    -0.071
     156.65     0.058
     157.68    -0.010
     158.71    -0.011
     159.74    -0.028
     160.77    -0.116
     161.80    -0.198
     162.83    -0.093
     163.86     0.057
     164.89    -0.051
     165.92    -0.004
     166.96     0.004
     167.99    -0.004
     169.02     0.069
     170.05    -0.084
     171.08     0.007
     172.11     0.174
     173.14     0.024
     174.17    -0.084
     175.20     0.061
     176.23     0.070
     177.26    -0.037
     178.29     0.100
     179.32     0.010
     180.35     0.022
     181.38    -0.083
     182.41     0.048
     183.44     0.015
     184.48    -0.095
     185.51    -0.090
     186.54     0.010
     187.57     0.105
     188.60    -0.096
     189.63     0.126
     190.66     0.028
     191.69     0.028
     192.72     0.041
     193.75    -0.027
     194.78    -0.028
     195.81     0.107
     196.84     0.138
     197.87    -0.026
     198.90     0.010
     199.93    -0.159
     200.96    -0.027
     202.00     0.087
     203.03    -0.025
     204.06     0.013
     205.09     0.048
     206.12    -0.030
     207.15    -0.009
     208.18    -0.086
     209.21    -0.146
     210.24     0.093
     211.27    -0.063
     212.30    -0.030
     213.33     0.013
     214.36     0.113
     215.39    -0.092
     216.42     0.008
     217.45     0.110
     218.48    -0.017
     219.52    -0.103
     220.55    -0.140
     221.58    -0.132
     222.61    -0.108
     223.64    -0.140
     224.67    -0.041
     225.70     0.004
     226.73    -0.051
     227.76    -0.047
     228.79     0.046
     229.82    -0.123
     230.85     0.022
     231.88    -0.033
     232.91     0.043
     233.94     0.038
     234.97    -0.005
     236.00     0.096
     237.04     0.019
     238.07     0.114
     239.10    -0.040
     240.13     0.042
     241.16     0.019
     242.19    -0.035
     243.22     0.119
     244.25    -0.105
     245.28    -0.000
     246.31    -0.071
     247.34     0.157
     248.37    -0.079
     249.40     0.066
     250.43    -0.004
     251.46     0.033
     252.49    -0.096
     253.52    -0.006
     254.56    -0.081
     255.59     0.200
     256.62    -0.096
     257.65     0.002
     258.68     0.049
     259.71     0.064
     260.74    -0.143
     261.77     0.007
     262.80    -0.082
     263.83    -0.070
     264.86     0.017
     265.89    -0.016
     266.92     0.002
     267.95     0.090
     268.98    -0.078
     270.01     0.048
     271.04    -0.080
     272.08     0.215
     273.11     0.037
     274.14     0.100
     275.17     0.134
     276.20     0.032
     277.23    -0.099
     278.26    -0.103
     279.29    -0.069
     280.32     0.086
     281.35     0.107
     282.38    -0.129
     283.41    -0.176
     284.44     0.007
     285.47    -0.088
     286.50     0.073
     287.53    -0.143
     288.56     0.044
     289.60     0.023
     290.63     0.030
     291.66    -0.059
     292.69    -0.010
     293.72    -0.042
     294.75     0.013
     295.78    -0.073
     296.81     0.010
     297.84     0.017
     298.87     0.132
     299.90     0.050
     300.93    -0.049
     301.96     0.113
     302.99     0.033
     304.02     0.041
     305.05     0.032
     306.08    -0.026
     307.12     0.056
     308.15     0.072
     309.18     0.060
     310.21     0.037
     311.24     0.020
     312.27    -0.032
     313.30    -0.081
     314.33    -0.079
     315.36     0.114
     316.39    -0.023
     317.42    -0.010
     318.45    -0.013
     319.48     0.094
     320.51     0.038
     321.54    -0.031
     322.57     0.115
     323.60     0.026
     324.64    -0.064
     325.67    -0.087
     326.70     0.059
     327.73    -0.065
     328.76    -0.094
     329.79     0.026
     330.82    -0.194
     331.85     0.058
     332.88     0.111
     333.91     0.021
     334.94    -0.122
     335.97    -0.002
     337.00    -0.001
     338.03    -0.054
     339.06    -0.163
     340.09     0.002
     341.12    -0.034
     342.16     0.055
     343.19    -0.078
     344.22     0.032
     345.25    -0.030
     346.28     0.073
     347.31    -0.050
     348.34    -0.010
     349.37    -0.083
     350.40     0.141
     351.43    -0.153
     352.46     0.090
     353.49     0.083
     354.52    -0.132
     355.55     0.035
     356.58     0.084
     357.61     0.110
     358.64     0.019
     359.68    -0.010
     360.71     0.056
     361.74    -0.087
     362.77     0.096
     363.80    -0.092
     364.83    -0.002
     365.86    -0.085
     366.89     0.021
     367.92     0.032
     368.95     0.139
     369.98    -0.075
     371.01    -0.079
     372.04    -0.069
     373.07     0.018
     374.10    -0.147
     375.13     0.024
     376.16    -0.031
     377.20     0.043
     378.23     0.078
     379.26     0.222
     380.29    -0.058
     381.32     0.010
     382.35    -0.065
     383.38     0.014
     384.41     0.028
     385.44     0.089
     386.47     0.033
     387.50    -0.030
     388.53     0.007
     389.56    -0.021
     390.59     0.028
     391.62    -0.057
     392.65     0.073
     393.68    -0.080
     394.72     0.130
     395.75     0.023
     396.78    -0.001
     397.81     0.019
     398.84     0.043
     399.87     0.197
