%%   97.50000  -2.50000    0   0.20000
% LAB  survey ------------------
% wanted position:  l, b, RA, DEC, and interpolated  NH
% 97.50 ;  -2.50 ; 329.24 ;  51.54 ;  0.518E+22
% nearest position: l, b, RA, DEC, and observed NH
% 97.50 ;  -2.50 ; 329.24 ;  51.54 ;  0.518E+22
% GASS III survey --------------
% NH - median within 6 arcmin radius   0.00    
% NH - mean within specified beam      0.00    
% EBHIS survey -----------------
% NH  within specified beam           0.533E+22
%%EBHIS   621  datapoints: v_lsr [km/s] and T_B [K]
    -399.25    -0.062
    -397.96     0.001
    -396.68     0.012
    -395.39     0.020
    -394.10     0.041
    -392.81    -0.041
    -391.52    -0.085
    -390.23    -0.006
    -388.95     0.070
    -387.66    -0.017
    -386.37     0.065
    -385.08    -0.004
    -383.79    -0.038
    -382.50     0.029
    -381.22    -0.016
    -379.93     0.047
    -378.64    -0.052
    -377.35    -0.045
    -376.06     0.031
    -374.78     0.013
    -373.49     0.054
    -372.20    -0.047
    -370.91    -0.037
    -369.62    -0.052
    -368.33     0.048
    -367.05    -0.049
    -365.76    -0.034
    -364.47    -0.082
    -363.18     0.030
    -361.89    -0.042
    -360.60     0.035
    -359.32     0.118
    -358.03     0.067
    -356.74    -0.030
    -355.45    -0.035
    -354.16    -0.015
    -352.88    -0.015
    -351.59    -0.044
    -350.30    -0.003
    -349.01    -0.097
    -347.72    -0.032
    -346.43     0.006
    -345.15    -0.008
    -343.86     0.068
    -342.57     0.020
    -341.28     0.035
    -339.99    -0.011
    -338.70     0.008
    -337.42     0.067
    -336.13    -0.002
    -334.84     0.018
    -333.55    -0.066
    -332.26    -0.099
    -330.98    -0.040
    -329.69    -0.011
    -328.40    -0.005
    -327.11     0.011
    -325.82    -0.041
    -324.53    -0.085
    -323.25    -0.099
    -321.96     0.017
    -320.67    -0.001
    -319.38    -0.007
    -318.09     0.094
    -316.80    -0.006
    -315.52     0.020
    -314.23     0.027
    -312.94    -0.048
    -311.65    -0.003
    -310.36    -0.026
    -309.08     0.026
    -307.79     0.021
    -306.50     0.078
    -305.21     0.010
    -303.92     0.001
    -302.63     0.091
    -301.35     0.001
    -300.06    -0.001
    -298.77    -0.001
    -297.48    -0.011
    -296.19    -0.028
    -294.90    -0.022
    -293.62    -0.038
    -292.33     0.023
    -291.04     0.043
    -289.75     0.065
    -288.46    -0.038
    -287.18    -0.035
    -285.89     0.010
    -284.60     0.035
    -283.31     0.054
    -282.02     0.015
    -280.73    -0.018
    -279.45    -0.018
    -278.16    -0.079
    -276.87    -0.073
    -275.58     0.006
    -274.29     0.095
    -273.00    -0.092
    -271.72     0.003
    -270.43    -0.059
    -269.14     0.029
    -267.85    -0.079
    -266.56     0.040
    -265.28     0.017
    -263.99    -0.011
    -262.70     0.045
    -261.41     0.064
    -260.12     0.024
    -258.83     0.052
    -257.55    -0.012
    -256.26     0.020
    -254.97    -0.036
    -253.68    -0.072
    -252.39     0.018
    -251.10    -0.068
    -249.82    -0.041
    -248.53     0.063
    -247.24     0.069
    -245.95     0.021
    -244.66     0.041
    -243.38     0.052
    -242.09     0.071
    -240.80    -0.007
    -239.51     0.036
    -238.22     0.057
    -236.93     0.000
    -235.65     0.053
    -234.36    -0.024
    -233.07    -0.050
    -231.78    -0.068
    -230.49    -0.032
    -229.20     0.034
    -227.92    -0.002
    -226.63    -0.019
    -225.34     0.007
    -224.05    -0.013
    -222.76    -0.032
    -221.48     0.046
    -220.19    -0.001
    -218.90     0.023
    -217.61    -0.026
    -216.32    -0.033
    -215.03    -0.025
    -213.75    -0.002
    -212.46     0.046
    -211.17    -0.012
    -209.88     0.042
    -208.59    -0.064
    -207.30     0.096
    -206.02     0.036
    -204.73     0.010
    -203.44     0.077
    -202.15     0.023
    -200.86     0.015
    -199.58    -0.004
    -198.29     0.066
    -197.00     0.073
    -195.71    -0.068
    -194.42    -0.048
    -193.13    -0.041
    -191.85    -0.055
    -190.56    -0.018
    -189.27    -0.036
    -187.98    -0.039
    -186.69    -0.038
    -185.40    -0.015
    -184.12     0.033
    -182.83     0.015
    -181.54    -0.039
    -180.25     0.066
    -178.96    -0.047
    -177.68    -0.013
    -176.39    -0.009
    -175.10    -0.102
    -173.81    -0.044
    -172.52     0.058
    -171.23     0.042
    -169.95     0.087
    -168.66     0.018
    -167.37     0.055
    -166.08     0.102
    -164.79     0.096
    -163.50    -0.016
    -162.22     0.020
    -160.93     0.034
    -159.64     0.095
    -158.35     0.105
    -157.06     0.085
    -155.78     0.054
    -154.49     0.008
    -153.20     0.060
    -151.91     0.067
    -150.62     0.109
    -149.33     0.009
    -148.05     0.095
    -146.76     0.106
    -145.47     0.115
    -144.18     0.101
    -142.89     0.137
    -141.60     0.209
    -140.32     0.120
    -139.03     0.143
    -137.74     0.035
    -136.45     0.065
    -135.16     0.128
    -133.88     0.051
    -132.59     0.201
    -131.30     0.198
    -130.01     0.089
    -128.72     0.152
    -127.43     0.242
    -126.15     0.297
    -124.86     0.355
    -123.57     0.383
    -122.28     0.453
    -120.99     0.482
    -119.70     0.558
    -118.42     0.590
    -117.13     0.660
    -115.84     0.752
    -114.55     0.874
    -113.26     1.160
    -111.98     1.414
    -110.69     1.650
    -109.40     1.846
    -108.11     2.307
    -106.82     2.792
    -105.53     3.403
    -104.25     4.219
    -102.96     5.501
    -101.67     6.858
    -100.38     7.860
     -99.09     8.272
     -97.80     7.813
     -96.52     6.976
     -95.23     6.074
     -93.94     5.543
     -92.65     5.144
     -91.36     5.112
     -90.08     5.364
     -88.79     5.958
     -87.50     6.660
     -86.21     7.913
     -84.92     9.498
     -83.63    11.347
     -82.35    13.415
     -81.06    15.609
     -79.77    17.317
     -78.48    18.362
     -77.19    18.293
     -75.90    17.240
     -74.62    15.815
     -73.33    15.067
     -72.04    14.629
     -70.75    14.524
     -69.46    14.562
     -68.18    14.761
     -66.89    15.045
     -65.60    15.453
     -64.31    15.958
     -63.02    16.810
     -61.73    17.941
     -60.45    18.568
     -59.16    18.316
     -57.87    18.004
     -56.58    17.602
     -55.29    17.317
     -54.00    17.300
     -52.72    17.353
     -51.43    17.819
     -50.14    18.314
     -48.85    19.101
     -47.56    19.691
     -46.28    20.350
     -44.99    21.515
     -43.70    24.742
     -42.41    28.929
     -41.12    33.194
     -39.83    36.887
     -38.55    40.134
     -37.26    44.698
     -35.97    48.876
     -34.68    50.406
     -33.39    50.464
     -32.10    50.927
     -30.82    49.442
     -29.53    46.892
     -28.24    43.705
     -26.95    40.210
     -25.66    35.901
     -24.38    31.997
     -23.09    29.341
     -21.80    26.712
     -20.51    23.796
     -19.22    20.933
     -17.93    18.436
     -16.65    16.938
     -15.36    16.573
     -14.07    18.902
     -12.78    24.523
     -11.49    31.170
     -10.20    34.794
      -8.92    37.080
      -7.63    38.810
      -6.34    39.892
      -5.05    43.023
      -3.76    49.155
      -2.48    55.339
      -1.19    59.046
       0.10    63.733
       1.39    63.989
       2.68    56.225
       3.97    50.222
       5.25    41.713
       6.54    30.240
       7.83    19.690
       9.12    11.601
      10.41     7.228
      11.70     5.079
      12.98     3.849
      14.27     3.150
      15.56     2.618
      16.85     2.242
      18.14     1.879
      19.42     1.663
      20.71     1.370
      22.00     1.172
      23.29     1.029
      24.58     0.960
      25.87     0.807
      27.15     0.609
      28.44     0.582
      29.73     0.510
      31.02     0.388
      32.31     0.321
      33.60     0.173
      34.88     0.188
      36.17     0.239
      37.46     0.189
      38.75     0.149
      40.04     0.065
      41.32     0.181
      42.61     0.061
      43.90     0.037
      45.19     0.019
      46.48     0.041
      47.77    -0.044
      49.05    -0.062
      50.34     0.007
      51.63    -0.010
      52.92    -0.061
      54.21    -0.034
      55.50    -0.027
      56.78    -0.029
      58.07     0.026
      59.36     0.065
      60.65    -0.058
      61.94    -0.029
      63.22    -0.013
      64.51    -0.128
      65.80     0.001
      67.09    -0.039
      68.38     0.053
      69.67     0.018
      70.95    -0.048
      72.24     0.011
      73.53     0.018
      74.82     0.013
      76.11    -0.008
      77.40     0.045
      78.68     0.080
      79.97    -0.050
      81.26    -0.036
      82.55    -0.045
      83.84    -0.041
      85.12     0.010
      86.41    -0.037
      87.70     0.001
      88.99     0.035
      90.28    -0.031
      91.57     0.011
      92.85     0.018
      94.14    -0.089
      95.43    -0.026
      96.72     0.071
      98.01     0.114
      99.30    -0.038
     100.58     0.028
     101.87    -0.004
     103.16    -0.054
     104.45     0.032
     105.74    -0.045
     107.02     0.024
     108.31     0.138
     109.60     0.010
     110.89    -0.001
     112.18    -0.009
     113.47     0.050
     114.75     0.067
     116.04     0.021
     117.33     0.006
     118.62    -0.045
     119.91    -0.145
     121.20    -0.047
     122.48    -0.007
     123.77     0.041
     125.06     0.010
     126.35     0.052
     127.64    -0.029
     128.92    -0.015
     130.21     0.051
     131.50    -0.027
     132.79     0.022
     134.08     0.093
     135.37    -0.046
     136.65    -0.050
     137.94    -0.022
     139.23     0.047
     140.52     0.112
     141.81    -0.017
     143.09     0.002
     144.38     0.079
     145.67     0.035
     146.96    -0.020
     148.25    -0.029
     149.54    -0.069
     150.82     0.018
     152.11     0.004
     153.40    -0.040
     154.69    -0.026
     155.98     0.078
     157.27     0.103
     158.55     0.093
     159.84    -0.059
     161.13    -0.078
     162.42    -0.024
     163.71     0.021
     164.99     0.086
     166.28    -0.105
     167.57    -0.015
     168.86     0.026
     170.15    -0.044
     171.44    -0.014
     172.72     0.043
     174.01     0.045
     175.30    -0.019
     176.59    -0.126
     177.88     0.043
     179.17     0.000
     180.45     0.022
     181.74     0.033
     183.03     0.031
     184.32     0.010
     185.61     0.053
     186.89     0.014
     188.18    -0.094
     189.47    -0.081
     190.76     0.042
     192.05     0.125
     193.34    -0.114
     194.62    -0.068
     195.91    -0.098
     197.20    -0.038
     198.49    -0.002
     199.78     0.007
     201.07     0.020
     202.35    -0.035
     203.64    -0.026
     204.93     0.018
     206.22     0.086
     207.51     0.016
     208.79     0.040
     210.08    -0.032
     211.37     0.035
     212.66    -0.076
     213.95    -0.031
     215.24    -0.054
     216.52    -0.018
     217.81    -0.064
     219.10    -0.042
     220.39     0.038
     221.68    -0.112
     222.97     0.041
     224.25     0.027
     225.54     0.007
     226.83     0.104
     228.12    -0.011
     229.41     0.045
     230.69     0.015
     231.98    -0.003
     233.27     0.037
     234.56    -0.028
     235.85    -0.058
     237.14     0.013
     238.42     0.035
     239.71     0.030
     241.00     0.029
     242.29     0.082
     243.58     0.027
     244.87     0.074
     246.15     0.032
     247.44    -0.071
     248.73    -0.011
     250.02    -0.003
     251.31     0.125
     252.59     0.096
     253.88    -0.038
     255.17    -0.099
     256.46    -0.060
     257.75    -0.035
     259.04    -0.012
     260.32    -0.082
     261.61     0.033
     262.90     0.027
     264.19    -0.016
     265.48    -0.027
     266.77     0.007
     268.05    -0.070
     269.34    -0.026
     270.63     0.023
     271.92     0.113
     273.21    -0.000
     274.49    -0.002
     275.78    -0.008
     277.07    -0.084
     278.36     0.022
     279.65    -0.028
     280.94    -0.022
     282.22     0.033
     283.51     0.002
     284.80    -0.056
     286.09     0.066
     287.38     0.056
     288.67    -0.016
     289.95     0.044
     291.24    -0.007
     292.53     0.102
     293.82     0.016
     295.11    -0.045
     296.39     0.005
     297.68     0.020
     298.97     0.008
     300.26     0.015
     301.55     0.050
     302.84     0.054
     304.12     0.009
     305.41     0.057
     306.70     0.062
     307.99     0.015
     309.28    -0.022
     310.57    -0.046
     311.85    -0.030
     313.14    -0.035
     314.43     0.029
     315.72    -0.040
     317.01    -0.062
     318.29    -0.045
     319.58     0.075
     320.87     0.008
     322.16    -0.022
     323.45     0.004
     324.74    -0.016
     326.02     0.087
     327.31    -0.030
     328.60    -0.053
     329.89     0.092
     331.18    -0.011
     332.47    -0.053
     333.75     0.016
     335.04     0.088
     336.33     0.006
     337.62    -0.052
     338.91    -0.145
     340.19    -0.045
     341.48    -0.023
     342.77     0.053
     344.06     0.071
     345.35    -0.087
     346.64    -0.009
     347.92     0.045
     349.21     0.084
     350.50    -0.001
     351.79    -0.038
     353.08    -0.027
     354.37     0.033
     355.65     0.018
     356.94    -0.001
     358.23    -0.022
     359.52    -0.032
     360.81     0.050
     362.09     0.013
     363.38    -0.009
     364.67     0.067
     365.96    -0.004
     367.25    -0.025
     368.54     0.034
     369.82     0.015
     371.11    -0.085
     372.40     0.013
     373.69     0.083
     374.98     0.050
     376.27    -0.004
     377.55     0.020
     378.84    -0.027
     380.13     0.025
     381.42     0.042
     382.71    -0.003
     383.99     0.094
     385.28     0.035
     386.57     0.039
     387.86    -0.008
     389.15     0.119
     390.44    -0.008
     391.72     0.016
     393.01     0.003
     394.30     0.019
     395.59     0.056
     396.88     0.024
     398.17     0.032
     399.45    -0.082
%%GASS      0  datapoints: v_lsr [km/s] and T_B [K]
%%LAB     777  datapoints: v_lsr [km/s] and T_B [K]
    -399.84    -0.091
    -398.81    -0.061
    -397.78    -0.126
    -396.75     0.150
    -395.71     0.072
    -394.68     0.050
    -393.65    -0.191
    -392.62     0.025
    -391.59     0.151
    -390.56     0.040
    -389.53    -0.075
    -388.50    -0.202
    -387.47     0.051
    -386.44     0.042
    -385.41     0.098
    -384.38     0.092
    -383.35     0.004
    -382.32     0.045
    -381.29    -0.045
    -380.26    -0.067
    -379.23    -0.043
    -378.20    -0.200
    -377.17    -0.073
    -376.13     0.069
    -375.10     0.113
    -374.07    -0.028
    -373.04     0.089
    -372.01    -0.024
    -370.98    -0.134
    -369.95     0.120
    -368.92     0.050
    -367.89     0.058
    -366.86     0.128
    -365.83    -0.060
    -364.80     0.040
    -363.77    -0.142
    -362.74    -0.126
    -361.71     0.001
    -360.68    -0.010
    -359.65    -0.129
    -358.62    -0.078
    -357.59    -0.227
    -356.56    -0.198
    -355.52    -0.008
    -354.49     0.002
    -353.46     0.109
    -352.43     0.081
    -351.40     0.009
    -350.37     0.161
    -349.34     0.113
    -348.31    -0.128
    -347.28    -0.149
    -346.25    -0.039
    -345.22    -0.115
    -344.19     0.111
    -343.16    -0.107
    -342.13     0.124
    -341.10     0.039
    -340.07     0.005
    -339.04    -0.020
    -338.01     0.056
    -336.98    -0.063
    -335.95     0.105
    -334.91     0.005
    -333.88     0.070
    -332.85     0.097
    -331.82    -0.005
    -330.79    -0.126
    -329.76    -0.078
    -328.73     0.037
    -327.70    -0.096
    -326.67     0.007
    -325.64     0.099
    -324.61     0.230
    -323.58     0.076
    -322.55    -0.060
    -321.52    -0.071
    -320.49     0.101
    -319.46    -0.019
    -318.43     0.001
    -317.40     0.018
    -316.37     0.031
    -315.34    -0.031
    -314.30    -0.080
    -313.27    -0.038
    -312.24    -0.047
    -311.21    -0.088
    -310.18     0.134
    -309.15     0.028
    -308.12    -0.026
    -307.09     0.083
    -306.06     0.023
    -305.03     0.064
    -304.00    -0.082
    -302.97     0.043
    -301.94    -0.220
    -300.91    -0.026
    -299.88    -0.002
    -298.85    -0.017
    -297.82     0.078
    -296.79     0.124
    -295.76     0.196
    -294.72    -0.079
    -293.69    -0.049
    -292.66    -0.189
    -291.63    -0.027
    -290.60     0.077
    -289.57     0.167
    -288.54     0.164
    -287.51     0.059
    -286.48    -0.041
    -285.45     0.083
    -284.42     0.035
    -283.39     0.059
    -282.36    -0.067
    -281.33    -0.122
    -280.30     0.083
    -279.27     0.026
    -278.24    -0.105
    -277.21     0.051
    -276.18     0.011
    -275.15    -0.014
    -274.11     0.002
    -273.08    -0.110
    -272.05     0.115
    -271.02    -0.010
    -269.99    -0.113
    -268.96     0.014
    -267.93     0.090
    -266.90     0.008
    -265.87     0.126
    -264.84     0.014
    -263.81     0.039
    -262.78     0.069
    -261.75    -0.050
    -260.72     0.108
    -259.69     0.104
    -258.66     0.081
    -257.63    -0.025
    -256.60     0.065
    -255.57    -0.065
    -254.54     0.068
    -253.50     0.013
    -252.47    -0.028
    -251.44     0.026
    -250.41     0.084
    -249.38    -0.023
    -248.35    -0.002
    -247.32    -0.020
    -246.29     0.048
    -245.26    -0.059
    -244.23    -0.184
    -243.20     0.028
    -242.17    -0.093
    -241.14    -0.015
    -240.11     0.139
    -239.08    -0.136
    -238.05     0.001
    -237.02    -0.098
    -235.99     0.031
    -234.96     0.090
    -233.93     0.134
    -232.89    -0.146
    -231.86    -0.093
    -230.83     0.108
    -229.80    -0.090
    -228.77     0.083
    -227.74    -0.086
    -226.71     0.095
    -225.68    -0.116
    -224.65    -0.218
    -223.62    -0.141
    -222.59    -0.059
    -221.56    -0.057
    -220.53    -0.173
    -219.50    -0.082
    -218.47     0.068
    -217.44    -0.154
    -216.41    -0.017
    -215.38     0.082
    -214.35    -0.046
    -213.31    -0.016
    -212.28    -0.017
    -211.25     0.033
    -210.22     0.005
    -209.19    -0.123
    -208.16    -0.159
    -207.13     0.020
    -206.10     0.049
    -205.07    -0.120
    -204.04     0.147
    -203.01    -0.006
    -201.98    -0.139
    -200.95    -0.042
    -199.92    -0.037
    -198.89    -0.098
    -197.86     0.036
    -196.83     0.113
    -195.80     0.040
    -194.77     0.019
    -193.74    -0.037
    -192.70     0.042
    -191.67    -0.052
    -190.64     0.032
    -189.61    -0.011
    -188.58    -0.195
    -187.55    -0.126
    -186.52    -0.060
    -185.49     0.081
    -184.46    -0.078
    -183.43     0.180
    -182.40    -0.012
    -181.37     0.017
    -180.34    -0.163
    -179.31    -0.024
    -178.28     0.028
    -177.25     0.034
    -176.22     0.008
    -175.19     0.080
    -174.16     0.049
    -173.13     0.017
    -172.09    -0.124
    -171.06     0.103
    -170.03    -0.070
    -169.00    -0.052
    -167.97    -0.052
    -166.94     0.102
    -165.91     0.201
    -164.88     0.051
    -163.85    -0.006
    -162.82     0.002
    -161.79     0.042
    -160.76     0.013
    -159.73    -0.131
    -158.70    -0.013
    -157.67     0.199
    -156.64     0.113
    -155.61     0.032
    -154.58     0.111
    -153.55     0.122
    -152.51     0.178
    -151.48     0.061
    -150.45     0.036
    -149.42     0.060
    -148.39     0.167
    -147.36     0.009
    -146.33     0.213
    -145.30     0.083
    -144.27     0.012
    -143.24    -0.020
    -142.21     0.061
    -141.18     0.096
    -140.15     0.251
    -139.12    -0.042
    -138.09     0.092
    -137.06     0.016
    -136.03     0.047
    -135.00     0.120
    -133.97     0.121
    -132.94     0.162
    -131.90     0.113
    -130.87    -0.017
    -129.84     0.065
    -128.81     0.204
    -127.78     0.133
    -126.75     0.248
    -125.72     0.319
    -124.69     0.226
    -123.66     0.499
    -122.63     0.323
    -121.60     0.428
    -120.57     0.299
    -119.54     0.639
    -118.51     0.592
    -117.48     0.687
    -116.45     1.031
    -115.42     1.075
    -114.39     0.900
    -113.36     1.135
    -112.33     1.222
    -111.29     1.488
    -110.26     1.641
    -109.23     2.144
    -108.20     2.466
    -107.17     2.797
    -106.14     3.247
    -105.11     4.055
    -104.08     4.677
    -103.05     5.449
    -102.02     6.087
    -100.99     6.744
     -99.96     7.184
     -98.93     7.037
     -97.90     6.623
     -96.87     6.199
     -95.84     5.580
     -94.81     5.219
     -93.78     5.068
     -92.75     4.917
     -91.72     5.195
     -90.68     5.424
     -89.65     5.802
     -88.62     6.335
     -87.59     6.744
     -86.56     7.488
     -85.53     8.228
     -84.50     9.079
     -83.47    10.249
     -82.44    11.273
     -81.41    12.646
     -80.38    13.937
     -79.35    15.062
     -78.32    15.911
     -77.29    16.620
     -76.26    16.326
     -75.23    16.043
     -74.20    15.222
     -73.17    14.555
     -72.14    13.932
     -71.10    13.303
     -70.07    12.971
     -69.04    12.538
     -68.01    12.714
     -66.98    12.851
     -65.95    13.078
     -64.92    13.417
     -63.89    14.141
     -62.86    15.157
     -61.83    16.040
     -60.80    17.004
     -59.77    17.959
     -58.74    18.455
     -57.71    18.906
     -56.68    19.099
     -55.65    19.505
     -54.62    19.728
     -53.59    19.687
     -52.56    20.088
     -51.53    20.308
     -50.49    20.808
     -49.46    21.213
     -48.43    21.719
     -47.40    22.444
     -46.37    22.980
     -45.34    24.310
     -44.31    25.890
     -43.28    29.211
     -42.25    33.233
     -41.22    37.690
     -40.19    41.410
     -39.16    44.759
     -38.13    46.469
     -37.10    47.383
     -36.07    47.731
     -35.04    47.978
     -34.01    47.783
     -32.98    47.544
     -31.95    46.041
     -30.92    44.630
     -29.88    42.988
     -28.85    41.360
     -27.82    40.454
     -26.79    38.796
     -25.76    36.951
     -24.73    34.352
     -23.70    31.053
     -22.67    28.380
     -21.64    25.770
     -20.61    23.831
     -19.58    21.621
     -18.55    19.735
     -17.52    17.929
     -16.49    16.750
     -15.46    15.992
     -14.43    16.135
     -13.40    17.418
     -12.37    20.390
     -11.34    24.681
     -10.31    28.705
      -9.27    31.839
      -8.24    34.916
      -7.21    36.860
      -6.18    39.525
      -5.15    42.392
      -4.12    46.440
      -3.09    51.054
      -2.06    54.360
      -1.03    56.327
       0.00    58.142
       1.03    59.676
       2.06    57.783
       3.09    53.157
       4.12    48.710
       5.15    41.650
       6.18    31.626
       7.21    22.590
       8.24    15.632
       9.27    10.481
      10.31     7.385
      11.34     5.057
      12.37     4.407
      13.40     3.243
      14.43     2.987
      15.46     2.396
      16.49     1.991
      17.52     1.776
      18.55     1.491
      19.58     1.397
      20.61     1.201
      21.64     1.117
      22.67     1.179
      23.70     0.693
      24.73     0.809
      25.76     0.789
      26.79     0.808
      27.82     0.696
      28.85     0.586
      29.88     0.336
      30.92     0.349
      31.95     0.254
      32.98     0.308
      34.01     0.242
      35.04     0.143
      36.07     0.338
      37.10     0.204
      38.13    -0.028
      39.16     0.298
      40.19     0.183
      41.22     0.077
      42.25     0.135
      43.28     0.162
      44.31     0.204
      45.34     0.032
      46.37     0.089
      47.40     0.143
      48.43     0.003
      49.46    -0.040
      50.49    -0.039
      51.53     0.106
      52.56     0.121
      53.59    -0.019
      54.62    -0.050
      55.65     0.127
      56.68    -0.028
      57.71    -0.036
      58.74    -0.019
      59.77    -0.033
      60.80    -0.050
      61.83     0.231
      62.86    -0.101
      63.89     0.139
      64.92    -0.000
      65.95    -0.136
      66.98    -0.062
      68.01     0.105
      69.04     0.115
      70.07     0.083
      71.10     0.045
      72.14    -0.170
      73.17     0.114
      74.20     0.017
      75.23     0.032
      76.26     0.033
      77.29    -0.029
      78.32    -0.028
      79.35    -0.031
      80.38     0.211
      81.41    -0.039
      82.44    -0.053
      83.47     0.044
      84.50     0.031
      85.53    -0.072
      86.56    -0.029
      87.59    -0.140
      88.62     0.104
      89.65    -0.026
      90.68     0.007
      91.72     0.087
      92.75    -0.012
      93.78     0.059
      94.81    -0.027
      95.84    -0.047
      96.87    -0.009
      97.90     0.039
      98.93     0.106
      99.96     0.072
     100.99     0.092
     102.02     0.042
     103.05     0.052
     104.08     0.077
     105.11     0.191
     106.14     0.053
     107.17    -0.181
     108.20    -0.093
     109.23     0.091
     110.26     0.024
     111.29    -0.024
     112.33    -0.115
     113.36    -0.003
     114.39    -0.182
     115.42    -0.056
     116.45    -0.167
     117.48     0.045
     118.51     0.234
     119.54     0.154
     120.57    -0.137
     121.60    -0.068
     122.63     0.135
     123.66     0.124
     124.69    -0.114
     125.72     0.016
     126.75     0.117
     127.78     0.113
     128.81    -0.088
     129.84     0.157
     130.87     0.041
     131.90    -0.083
     132.94     0.039
     133.97    -0.096
     135.00     0.037
     136.03    -0.097
     137.06    -0.076
     138.09     0.134
     139.12    -0.176
     140.15    -0.073
     141.18     0.029
     142.21     0.061
     143.24     0.061
     144.27     0.021
     145.30     0.013
     146.33     0.152
     147.36    -0.036
     148.39     0.078
     149.42     0.017
     150.45     0.005
     151.48    -0.000
     152.52    -0.105
     153.55    -0.144
     154.58     0.044
     155.61    -0.047
     156.64     0.055
     157.67    -0.065
     158.70     0.090
     159.73     0.031
     160.76     0.010
     161.79     0.097
     162.82     0.044
     163.85    -0.015
     164.88     0.122
     165.91    -0.044
     166.94    -0.063
     167.97     0.025
     169.00     0.186
     170.03    -0.064
     171.06    -0.019
     172.09    -0.103
     173.13    -0.126
     174.16    -0.022
     175.19     0.017
     176.22    -0.071
     177.25    -0.002
     178.28     0.010
     179.31    -0.182
     180.34    -0.061
     181.37    -0.016
     182.40    -0.080
     183.43     0.070
     184.46    -0.008
     185.49     0.090
     186.52    -0.109
     187.55     0.138
     188.58     0.008
     189.61     0.161
     190.64     0.110
     191.67     0.192
     192.70     0.067
     193.74    -0.165
     194.77    -0.015
     195.80     0.108
     196.83    -0.193
     197.86    -0.022
     198.89    -0.009
     199.92    -0.099
     200.95     0.037
     201.98     0.125
     203.01     0.081
     204.04     0.073
     205.07    -0.113
     206.10    -0.078
     207.13    -0.117
     208.16    -0.039
     209.19    -0.005
     210.22    -0.085
     211.25    -0.077
     212.28    -0.028
     213.31     0.042
     214.35     0.090
     215.38    -0.045
     216.41     0.033
     217.44     0.012
     218.47    -0.007
     219.50    -0.153
     220.53    -0.057
     221.56    -0.028
     222.59    -0.079
     223.62    -0.140
     224.65    -0.072
     225.68    -0.079
     226.71    -0.187
     227.74    -0.069
     228.77     0.047
     229.80    -0.011
     230.83    -0.144
     231.86    -0.050
     232.89     0.157
     233.93     0.014
     234.96     0.041
     235.99    -0.006
     237.02     0.112
     238.05     0.219
     239.08     0.186
     240.11    -0.005
     241.14    -0.194
     242.17     0.024
     243.20     0.148
     244.23     0.125
     245.26    -0.003
     246.29    -0.005
     247.32     0.160
     248.35    -0.039
     249.38    -0.004
     250.41     0.172
     251.44     0.109
     252.47    -0.170
     253.50     0.080
     254.54    -0.028
     255.57     0.001
     256.60     0.006
     257.63    -0.008
     258.66    -0.167
     259.69    -0.045
     260.72     0.045
     261.75    -0.105
     262.78     0.110
     263.81     0.086
     264.84    -0.094
     265.87     0.123
     266.90    -0.185
     267.93     0.047
     268.96    -0.036
     269.99     0.132
     271.02    -0.036
     272.05    -0.033
     273.08     0.006
     274.11     0.217
     275.15     0.103
     276.18     0.050
     277.21     0.027
     278.24    -0.027
     279.27     0.057
     280.30     0.093
     281.33    -0.198
     282.36     0.010
     283.39     0.048
     284.42     0.124
     285.45    -0.124
     286.48     0.066
     287.51    -0.167
     288.54     0.063
     289.57    -0.092
     290.60     0.006
     291.63    -0.087
     292.66    -0.181
     293.69    -0.041
     294.72    -0.019
     295.76     0.096
     296.79    -0.167
     297.82    -0.158
     298.85     0.117
     299.88     0.007
     300.91     0.070
     301.94     0.058
     302.97     0.017
     304.00    -0.072
     305.03     0.154
     306.06     0.305
     307.09     0.135
     308.12    -0.092
     309.15     0.017
     310.18    -0.104
     311.21     0.108
     312.24    -0.068
     313.27     0.019
     314.30     0.049
     315.34     0.230
     316.37    -0.023
     317.40    -0.003
     318.43     0.089
     319.46     0.070
     320.49     0.059
     321.52    -0.032
     322.55     0.049
     323.58     0.138
     324.61     0.057
     325.64     0.169
     326.67    -0.067
     327.70     0.055
     328.73    -0.056
     329.76    -0.021
     330.79    -0.035
     331.82     0.035
     332.85    -0.002
     333.88     0.199
     334.91     0.092
     335.95    -0.329
     336.98    -0.009
     338.01     0.102
     339.04    -0.138
     340.07    -0.159
     341.10    -0.143
     342.13     0.091
     343.16    -0.066
     344.19     0.185
     345.22     0.102
     346.25    -0.050
     347.28    -0.064
     348.31    -0.044
     349.34    -0.124
     350.37     0.171
     351.40     0.006
     352.43     0.067
     353.46    -0.063
     354.49    -0.104
     355.52    -0.017
     356.56     0.096
     357.59    -0.138
     358.62    -0.026
     359.65    -0.041
     360.68    -0.045
     361.71     0.042
     362.74    -0.031
     363.77    -0.023
     364.80    -0.025
     365.83     0.106
     366.86     0.042
     367.89     0.124
     368.92     0.134
     369.95     0.005
     370.98     0.057
     372.01    -0.025
     373.04    -0.082
     374.07    -0.295
     375.10     0.026
     376.13     0.052
     377.17    -0.271
     378.20     0.038
     379.23     0.036
     380.26    -0.132
     381.29     0.014
     382.32     0.068
     383.35     0.044
     384.38    -0.072
     385.41    -0.094
     386.44     0.095
     387.47     0.113
     388.50    -0.084
     389.53     0.045
     390.56    -0.062
     391.59    -0.008
     392.62     0.057
     393.65    -0.010
     394.68    -0.143
     395.71    -0.019
     396.75    -0.006
     397.78    -0.012
     398.81     0.050
     399.84     0.032
