%%   92.50000   0.00000    0   0.20000
% LAB  survey ------------------
% wanted position:  l, b, RA, DEC, and interpolated  NH
% 92.50 ;   0.00 ; 320.68 ;  50.12 ;  0.845E+22
% nearest position: l, b, RA, DEC, and observed NH
% 92.50 ;   0.00 ; 320.68 ;  50.12 ;  0.845E+22
% GASS III survey --------------
% NH - median within 6 arcmin radius   0.00    
% NH - mean within specified beam      0.00    
% EBHIS survey -----------------
% NH  within specified beam           0.827E+22
%%EBHIS   621  datapoints: v_lsr [km/s] and T_B [K]
    -399.25     0.163
    -397.96     0.073
    -396.68     0.045
    -395.39     0.074
    -394.10    -0.053
    -392.81    -0.119
    -391.52    -0.098
    -390.23     0.007
    -388.95    -0.055
    -387.66     0.041
    -386.37    -0.049
    -385.08     0.016
    -383.79    -0.074
    -382.50    -0.119
    -381.22     0.055
    -379.93     0.070
    -378.64    -0.116
    -377.35     0.125
    -376.06     0.050
    -374.78     0.196
    -373.49    -0.045
    -372.20    -0.083
    -370.91    -0.090
    -369.62     0.010
    -368.33    -0.134
    -367.05     0.002
    -365.76    -0.027
    -364.47     0.002
    -363.18    -0.132
    -361.89    -0.001
    -360.60    -0.039
    -359.32    -0.034
    -358.03    -0.093
    -356.74    -0.028
    -355.45    -0.049
    -354.16    -0.060
    -352.88    -0.074
    -351.59    -0.100
    -350.30    -0.060
    -349.01    -0.016
    -347.72     0.043
    -346.43     0.020
    -345.15     0.035
    -343.86     0.015
    -342.57     0.002
    -341.28    -0.019
    -339.99     0.000
    -338.70    -0.083
    -337.42     0.031
    -336.13     0.085
    -334.84     0.030
    -333.55     0.028
    -332.26    -0.099
    -330.98    -0.110
    -329.69     0.002
    -328.40     0.069
    -327.11     0.084
    -325.82    -0.001
    -324.53    -0.062
    -323.25     0.025
    -321.96     0.162
    -320.67     0.042
    -319.38     0.033
    -318.09     0.094
    -316.80     0.103
    -315.52     0.146
    -314.23     0.079
    -312.94    -0.019
    -311.65    -0.037
    -310.36    -0.081
    -309.08     0.004
    -307.79     0.110
    -306.50     0.143
    -305.21     0.097
    -303.92     0.011
    -302.63     0.051
    -301.35    -0.017
    -300.06     0.155
    -298.77     0.105
    -297.48     0.028
    -296.19     0.017
    -294.90     0.121
    -293.62     0.108
    -292.33     0.100
    -291.04    -0.090
    -289.75     0.041
    -288.46    -0.041
    -287.18    -0.235
    -285.89    -0.008
    -284.60     0.014
    -283.31     0.065
    -282.02    -0.007
    -280.73    -0.005
    -279.45    -0.074
    -278.16     0.074
    -276.87    -0.024
    -275.58    -0.129
    -274.29    -0.049
    -273.00    -0.136
    -271.72    -0.097
    -270.43    -0.063
    -269.14    -0.154
    -267.85    -0.044
    -266.56    -0.075
    -265.28     0.018
    -263.99     0.041
    -262.70    -0.004
    -261.41    -0.041
    -260.12     0.047
    -258.83     0.069
    -257.55    -0.049
    -256.26    -0.084
    -254.97    -0.037
    -253.68    -0.084
    -252.39     0.021
    -251.10     0.037
    -249.82    -0.076
    -248.53    -0.060
    -247.24    -0.099
    -245.95    -0.017
    -244.66     0.037
    -243.38     0.026
    -242.09     0.057
    -240.80    -0.053
    -239.51     0.003
    -238.22    -0.087
    -236.93     0.011
    -235.65     0.021
    -234.36     0.089
    -233.07     0.147
    -231.78     0.147
    -230.49     0.110
    -229.20     0.080
    -227.92     0.096
    -226.63    -0.005
    -225.34    -0.033
    -224.05    -0.032
    -222.76    -0.035
    -221.48     0.112
    -220.19    -0.030
    -218.90    -0.079
    -217.61     0.054
    -216.32     0.046
    -215.03     0.056
    -213.75     0.191
    -212.46    -0.041
    -211.17     0.051
    -209.88     0.094
    -208.59    -0.052
    -207.30     0.057
    -206.02     0.065
    -204.73     0.070
    -203.44    -0.023
    -202.15     0.015
    -200.86    -0.036
    -199.58    -0.071
    -198.29    -0.033
    -197.00     0.011
    -195.71     0.019
    -194.42     0.019
    -193.13    -0.042
    -191.85    -0.085
    -190.56    -0.027
    -189.27     0.026
    -187.98     0.032
    -186.69     0.060
    -185.40    -0.068
    -184.12     0.092
    -182.83     0.120
    -181.54    -0.005
    -180.25     0.074
    -178.96     0.138
    -177.68     0.028
    -176.39    -0.068
    -175.10     0.110
    -173.81     0.167
    -172.52    -0.149
    -171.23     0.078
    -169.95     0.036
    -168.66     0.015
    -167.37     0.049
    -166.08     0.027
    -164.79    -0.022
    -163.50     0.061
    -162.22    -0.023
    -160.93    -0.018
    -159.64    -0.058
    -158.35    -0.033
    -157.06    -0.046
    -155.78     0.024
    -154.49     0.044
    -153.20     0.055
    -151.91     0.082
    -150.62    -0.008
    -149.33     0.045
    -148.05     0.074
    -146.76     0.149
    -145.47     0.122
    -144.18     0.095
    -142.89     0.123
    -141.60     0.131
    -140.32     0.155
    -139.03     0.159
    -137.74     0.174
    -136.45     0.204
    -135.16     0.188
    -133.88     0.230
    -132.59     0.372
    -131.30     0.424
    -130.01     0.740
    -128.72     0.979
    -127.43     1.502
    -126.15     2.329
    -124.86     2.469
    -123.57     2.479
    -122.28     2.476
    -120.99     2.448
    -119.70     2.599
    -118.42     2.592
    -117.13     2.775
    -115.84     3.018
    -114.55     3.506
    -113.26     4.076
    -111.98     4.954
    -110.69     6.139
    -109.40     7.639
    -108.11     9.689
    -106.82    12.002
    -105.53    14.234
    -104.25    16.674
    -102.96    20.439
    -101.67    24.922
    -100.38    27.961
     -99.09    28.880
     -97.80    26.328
     -96.52    21.749
     -95.23    17.642
     -93.94    14.128
     -92.65    12.044
     -91.36    10.792
     -90.08    10.015
     -88.79    10.082
     -87.50    10.245
     -86.21    10.775
     -84.92    11.907
     -83.63    12.861
     -82.35    13.679
     -81.06    13.942
     -79.77    14.285
     -78.48    14.634
     -77.19    15.936
     -75.90    16.795
     -74.62    17.970
     -73.33    20.000
     -72.04    24.197
     -70.75    26.012
     -69.46    24.567
     -68.18    21.742
     -66.89    20.452
     -65.60    19.678
     -64.31    18.885
     -63.02    19.181
     -61.73    19.786
     -60.45    20.579
     -59.16    21.070
     -57.87    22.866
     -56.58    27.307
     -55.29    36.270
     -54.00    49.233
     -52.72    63.682
     -51.43    75.630
     -50.14    82.271
     -48.85    83.829
     -47.56    80.862
     -46.28    76.469
     -44.99    73.363
     -43.70    71.784
     -42.41    68.762
     -41.12    67.905
     -39.83    68.917
     -38.55    70.850
     -37.26    69.795
     -35.97    66.813
     -34.68    63.910
     -33.39    57.794
     -32.10    47.210
     -30.82    35.072
     -29.53    26.219
     -28.24    21.273
     -26.95    19.154
     -25.66    18.881
     -24.38    17.874
     -23.09    16.621
     -21.80    16.177
     -20.51    16.463
     -19.22    18.430
     -17.93    21.602
     -16.65    25.138
     -15.36    28.311
     -14.07    31.079
     -12.78    34.763
     -11.49    38.132
     -10.20    40.983
      -8.92    42.332
      -7.63    45.211
      -6.34    49.929
      -5.05    55.872
      -3.76    61.705
      -2.48    67.193
      -1.19    72.396
       0.10    78.288
       1.39    82.869
       2.68    84.253
       3.97    82.370
       5.25    75.074
       6.54    61.127
       7.83    46.973
       9.12    36.249
      10.41    26.693
      11.70    17.430
      12.98    10.663
      14.27     7.025
      15.56     4.836
      16.85     3.375
      18.14     2.497
      19.42     2.134
      20.71     1.640
      22.00     1.127
      23.29     0.952
      24.58     0.719
      25.87     0.720
      27.15     0.631
      28.44     0.519
      29.73     0.332
      31.02     0.380
      32.31     0.351
      33.60     0.176
      34.88     0.103
      36.17     0.153
      37.46     0.070
      38.75     0.081
      40.04     0.060
      41.32     0.086
      42.61    -0.046
      43.90     0.076
      45.19     0.107
      46.48    -0.003
      47.77     0.156
      49.05     0.179
      50.34     0.048
      51.63    -0.111
      52.92     0.040
      54.21     0.030
      55.50     0.021
      56.78     0.039
      58.07     0.064
      59.36     0.055
      60.65    -0.039
      61.94     0.081
      63.22    -0.034
      64.51    -0.057
      65.80     0.015
      67.09     0.044
      68.38     0.084
      69.67     0.138
      70.95     0.030
      72.24    -0.089
      73.53    -0.052
      74.82     0.088
      76.11     0.055
      77.40     0.042
      78.68    -0.058
      79.97    -0.096
      81.26    -0.030
      82.55     0.010
      83.84    -0.136
      85.12    -0.122
      86.41    -0.044
      87.70     0.029
      88.99     0.112
      90.28    -0.048
      91.57    -0.190
      92.85     0.015
      94.14     0.073
      95.43    -0.074
      96.72    -0.172
      98.01     0.015
      99.30    -0.052
     100.58    -0.142
     101.87     0.008
     103.16     0.048
     104.45    -0.026
     105.74     0.100
     107.02    -0.032
     108.31     0.024
     109.60     0.127
     110.89     0.122
     112.18     0.106
     113.47     0.032
     114.75     0.035
     116.04     0.033
     117.33     0.010
     118.62    -0.058
     119.91    -0.023
     121.20     0.088
     122.48     0.039
     123.77    -0.047
     125.06    -0.024
     126.35    -0.125
     127.64     0.006
     128.92     0.087
     130.21     0.039
     131.50    -0.103
     132.79     0.032
     134.08    -0.012
     135.37     0.011
     136.65     0.005
     137.94     0.102
     139.23    -0.029
     140.52     0.033
     141.81     0.051
     143.09     0.080
     144.38    -0.024
     145.67     0.013
     146.96     0.010
     148.25     0.005
     149.54    -0.038
     150.82    -0.058
     152.11     0.114
     153.40    -0.047
     154.69    -0.126
     155.98    -0.025
     157.27    -0.078
     158.55    -0.096
     159.84    -0.065
     161.13    -0.075
     162.42    -0.141
     163.71     0.008
     164.99     0.026
     166.28    -0.007
     167.57    -0.069
     168.86    -0.086
     170.15    -0.010
     171.44    -0.019
     172.72     0.032
     174.01     0.094
     175.30    -0.016
     176.59    -0.056
     177.88    -0.038
     179.17    -0.116
     180.45     0.012
     181.74    -0.002
     183.03    -0.123
     184.32     0.067
     185.61    -0.070
     186.89    -0.042
     188.18     0.091
     189.47     0.156
     190.76     0.163
     192.05     0.057
     193.34     0.037
     194.62    -0.033
     195.91    -0.110
     197.20    -0.025
     198.49     0.074
     199.78     0.045
     201.07    -0.068
     202.35     0.201
     203.64     0.129
     204.93    -0.075
     206.22    -0.002
     207.51    -0.010
     208.79    -0.086
     210.08     0.031
     211.37    -0.047
     212.66    -0.019
     213.95     0.064
     215.24     0.121
     216.52     0.062
     217.81     0.018
     219.10    -0.085
     220.39     0.080
     221.68    -0.017
     222.97     0.092
     224.25    -0.056
     225.54     0.019
     226.83     0.085
     228.12    -0.039
     229.41     0.076
     230.69    -0.003
     231.98    -0.072
     233.27     0.024
     234.56    -0.001
     235.85    -0.032
     237.14    -0.192
     238.42     0.007
     239.71    -0.007
     241.00     0.034
     242.29     0.020
     243.58    -0.032
     244.87    -0.000
     246.15     0.035
     247.44     0.096
     248.73     0.117
     250.02    -0.070
     251.31    -0.078
     252.59    -0.171
     253.88    -0.078
     255.17     0.066
     256.46     0.053
     257.75     0.151
     259.04     0.003
     260.32    -0.031
     261.61     0.010
     262.90     0.183
     264.19    -0.029
     265.48    -0.151
     266.77    -0.029
     268.05     0.004
     269.34    -0.035
     270.63    -0.033
     271.92    -0.006
     273.21    -0.093
     274.49    -0.021
     275.78     0.005
     277.07    -0.097
     278.36     0.033
     279.65     0.007
     280.94    -0.088
     282.22    -0.124
     283.51    -0.147
     284.80     0.016
     286.09    -0.077
     287.38    -0.032
     288.67    -0.040
     289.95    -0.044
     291.24     0.006
     292.53     0.063
     293.82     0.063
     295.11    -0.139
     296.39    -0.197
     297.68    -0.037
     298.97    -0.015
     300.26     0.088
     301.55    -0.042
     302.84     0.089
     304.12     0.095
     305.41    -0.071
     306.70     0.009
     307.99    -0.002
     309.28    -0.052
     310.57     0.108
     311.85     0.006
     313.14    -0.087
     314.43    -0.045
     315.72    -0.113
     317.01    -0.045
     318.29     0.007
     319.58    -0.072
     320.87     0.021
     322.16     0.091
     323.45     0.142
     324.74    -0.005
     326.02     0.025
     327.31     0.140
     328.60     0.037
     329.89     0.062
     331.18     0.066
     332.47    -0.046
     333.75     0.042
     335.04     0.068
     336.33     0.016
     337.62    -0.079
     338.91    -0.040
     340.19    -0.010
     341.48     0.080
     342.77    -0.007
     344.06    -0.023
     345.35     0.030
     346.64     0.041
     347.92    -0.022
     349.21     0.027
     350.50     0.054
     351.79     0.095
     353.08     0.081
     354.37     0.121
     355.65     0.040
     356.94     0.104
     358.23     0.023
     359.52    -0.013
     360.81    -0.028
     362.09     0.090
     363.38     0.051
     364.67     0.049
     365.96    -0.021
     367.25    -0.045
     368.54     0.103
     369.82    -0.067
     371.11    -0.113
     372.40    -0.024
     373.69     0.008
     374.98    -0.061
     376.27    -0.117
     377.55    -0.015
     378.84     0.048
     380.13    -0.062
     381.42     0.043
     382.71     0.006
     383.99    -0.031
     385.28     0.016
     386.57    -0.044
     387.86    -0.143
     389.15    -0.056
     390.44     0.054
     391.72     0.194
     393.01     0.004
     394.30     0.035
     395.59     0.038
     396.88     0.039
     398.17    -0.022
     399.45     0.010
%%GASS      0  datapoints: v_lsr [km/s] and T_B [K]
%%LAB     777  datapoints: v_lsr [km/s] and T_B [K]
    -399.83     0.051
    -398.80    -0.090
    -397.77     0.115
    -396.74    -0.061
    -395.71     0.084
    -394.68     0.046
    -393.65    -0.117
    -392.62     0.120
    -391.59    -0.011
    -390.56     0.083
    -389.53    -0.017
    -388.50    -0.029
    -387.47     0.066
    -386.43    -0.075
    -385.40    -0.161
    -384.37     0.088
    -383.34    -0.024
    -382.31     0.173
    -381.28    -0.022
    -380.25    -0.103
    -379.22    -0.041
    -378.19     0.001
    -377.16     0.025
    -376.13     0.061
    -375.10     0.013
    -374.07    -0.088
    -373.04    -0.070
    -372.01     0.041
    -370.98    -0.008
    -369.95    -0.020
    -368.92     0.007
    -367.89     0.028
    -366.86     0.204
    -365.82     0.150
    -364.79     0.012
    -363.76    -0.070
    -362.73    -0.007
    -361.70     0.030
    -360.67     0.036
    -359.64     0.103
    -358.61     0.086
    -357.58     0.026
    -356.55    -0.001
    -355.52     0.003
    -354.49    -0.100
    -353.46     0.058
    -352.43    -0.058
    -351.40    -0.066
    -350.37    -0.153
    -349.34    -0.042
    -348.31    -0.080
    -347.28     0.101
    -346.25     0.094
    -345.21    -0.104
    -344.18     0.104
    -343.15     0.091
    -342.12     0.011
    -341.09    -0.037
    -340.06    -0.044
    -339.03    -0.104
    -338.00     0.116
    -336.97    -0.090
    -335.94    -0.096
    -334.91     0.016
    -333.88     0.219
    -332.85    -0.021
    -331.82     0.014
    -330.79    -0.083
    -329.76    -0.074
    -328.73     0.008
    -327.70     0.001
    -326.67     0.119
    -325.64     0.134
    -324.61    -0.028
    -323.57     0.001
    -322.54     0.059
    -321.51     0.043
    -320.48    -0.000
    -319.45     0.017
    -318.42     0.080
    -317.39    -0.020
    -316.36    -0.018
    -315.33     0.071
    -314.30     0.004
    -313.27    -0.099
    -312.24     0.053
    -311.21    -0.040
    -310.18    -0.011
    -309.15    -0.032
    -308.12     0.049
    -307.09    -0.094
    -306.06    -0.067
    -305.03     0.051
    -304.00    -0.108
    -302.96     0.065
    -301.93    -0.113
    -300.90     0.145
    -299.87    -0.033
    -298.84     0.005
    -297.81     0.028
    -296.78    -0.018
    -295.75    -0.050
    -294.72     0.083
    -293.69    -0.105
    -292.66    -0.029
    -291.63     0.032
    -290.60     0.043
    -289.57     0.032
    -288.54     0.190
    -287.51     0.007
    -286.48    -0.071
    -285.45     0.065
    -284.42     0.098
    -283.39    -0.120
    -282.35     0.063
    -281.32    -0.192
    -280.29    -0.041
    -279.26     0.112
    -278.23     0.134
    -277.20    -0.047
    -276.17     0.111
    -275.14    -0.212
    -274.11    -0.009
    -273.08     0.020
    -272.05    -0.029
    -271.02    -0.057
    -269.99    -0.083
    -268.96     0.124
    -267.93     0.071
    -266.90    -0.124
    -265.87     0.037
    -264.84    -0.181
    -263.81     0.067
    -262.78     0.030
    -261.75     0.220
    -260.71    -0.149
    -259.68     0.057
    -258.65    -0.017
    -257.62    -0.129
    -256.59     0.076
    -255.56     0.107
    -254.53    -0.123
    -253.50     0.072
    -252.47    -0.026
    -251.44     0.103
    -250.41     0.103
    -249.38     0.032
    -248.35    -0.075
    -247.32     0.045
    -246.29     0.012
    -245.26     0.133
    -244.23    -0.029
    -243.20     0.026
    -242.17     0.043
    -241.14    -0.050
    -240.10    -0.055
    -239.07    -0.108
    -238.04     0.016
    -237.01    -0.086
    -235.98     0.016
    -234.95    -0.103
    -233.92     0.003
    -232.89     0.058
    -231.86     0.074
    -230.83     0.040
    -229.80    -0.032
    -228.77     0.016
    -227.74    -0.169
    -226.71     0.046
    -225.68     0.062
    -224.65    -0.004
    -223.62     0.120
    -222.59     0.133
    -221.56    -0.050
    -220.53     0.203
    -219.49    -0.061
    -218.46    -0.017
    -217.43     0.099
    -216.40     0.046
    -215.37     0.088
    -214.34    -0.054
    -213.31    -0.091
    -212.28    -0.037
    -211.25    -0.008
    -210.22     0.228
    -209.19    -0.117
    -208.16    -0.055
    -207.13     0.017
    -206.10     0.005
    -205.07     0.132
    -204.04     0.047
    -203.01    -0.141
    -201.98    -0.152
    -200.95    -0.020
    -199.92     0.070
    -198.88     0.007
    -197.85    -0.162
    -196.82    -0.029
    -195.79    -0.022
    -194.76    -0.042
    -193.73    -0.086
    -192.70    -0.037
    -191.67    -0.062
    -190.64     0.169
    -189.61     0.051
    -188.58    -0.017
    -187.55    -0.034
    -186.52    -0.186
    -185.49     0.105
    -184.46     0.034
    -183.43     0.036
    -182.40    -0.115
    -181.37     0.028
    -180.34    -0.063
    -179.31     0.239
    -178.28     0.080
    -177.24    -0.046
    -176.21    -0.125
    -175.18     0.017
    -174.15     0.041
    -173.12     0.087
    -172.09     0.099
    -171.06     0.183
    -170.03    -0.020
    -169.00    -0.067
    -167.97     0.045
    -166.94     0.145
    -165.91    -0.141
    -164.88     0.092
    -163.85    -0.066
    -162.82     0.071
    -161.79    -0.020
    -160.76     0.156
    -159.73     0.070
    -158.70    -0.066
    -157.67    -0.137
    -156.63     0.038
    -155.60     0.028
    -154.57    -0.000
    -153.54     0.079
    -152.51     0.140
    -151.48     0.014
    -150.45    -0.012
    -149.42     0.020
    -148.39     0.171
    -147.36     0.054
    -146.33     0.020
    -145.30     0.169
    -144.27     0.140
    -143.24     0.195
    -142.21     0.223
    -141.18     0.150
    -140.15    -0.009
    -139.12     0.112
    -138.09     0.207
    -137.06     0.305
    -136.02     0.384
    -134.99     0.269
    -133.96     0.426
    -132.93     0.442
    -131.90     0.484
    -130.87     0.464
    -129.84     0.720
    -128.81     0.879
    -127.78     1.156
    -126.75     1.668
    -125.72     2.025
    -124.69     2.299
    -123.66     2.468
    -122.63     2.639
    -121.60     2.799
    -120.57     2.637
    -119.54     2.743
    -118.51     2.874
    -117.48     3.051
    -116.45     3.386
    -115.42     3.674
    -114.38     4.231
    -113.35     4.674
    -112.32     5.293
    -111.29     6.258
    -110.26     7.387
    -109.23     8.876
    -108.20    10.474
    -107.17    12.246
    -106.14    13.886
    -105.11    15.398
    -104.08    17.112
    -103.05    19.249
    -102.02    21.850
    -100.99    24.844
     -99.96    26.686
     -98.93    26.860
     -97.90    25.515
     -96.87    23.181
     -95.84    20.374
     -94.81    17.720
     -93.77    15.458
     -92.74    13.811
     -91.71    12.411
     -90.68    11.544
     -89.65    10.940
     -88.62    10.528
     -87.59    10.328
     -86.56    10.676
     -85.53    10.990
     -84.50    11.849
     -83.47    12.220
     -82.44    12.875
     -81.41    12.929
     -80.38    12.969
     -79.35    13.058
     -78.32    13.586
     -77.29    14.075
     -76.26    14.659
     -75.23    15.352
     -74.20    16.243
     -73.16    17.659
     -72.13    20.667
     -71.10    24.085
     -70.07    25.587
     -69.04    24.866
     -68.01    23.671
     -66.98    21.955
     -65.95    20.846
     -64.92    19.814
     -63.89    19.252
     -62.86    19.081
     -61.83    19.442
     -60.80    19.637
     -59.77    20.144
     -58.74    20.808
     -57.71    22.714
     -56.68    26.053
     -55.65    32.176
     -54.62    40.740
     -53.59    51.455
     -52.56    62.904
     -51.52    73.533
     -50.49    81.248
     -49.46    85.391
     -48.43    86.166
     -47.40    83.659
     -46.37    80.541
     -45.34    77.274
     -44.31    75.228
     -43.28    73.845
     -42.25    72.131
     -41.22    70.680
     -40.19    70.284
     -39.16    70.822
     -38.13    70.535
     -37.10    68.853
     -36.07    66.254
     -35.04    64.288
     -34.01    61.838
     -32.98    57.069
     -31.95    48.667
     -30.91    39.690
     -29.88    32.407
     -28.85    26.883
     -27.82    23.583
     -26.79    22.361
     -25.76    21.719
     -24.73    21.115
     -23.70    19.103
     -22.67    16.970
     -21.64    15.669
     -20.61    16.087
     -19.58    16.991
     -18.55    19.231
     -17.52    21.748
     -16.49    24.662
     -15.46    28.239
     -14.43    31.656
     -13.40    35.237
     -12.37    38.630
     -11.34    41.892
     -10.30    44.311
      -9.27    46.703
      -8.24    49.485
      -7.21    52.678
      -6.18    56.626
      -5.15    60.950
      -4.12    64.512
      -3.09    67.671
      -2.06    69.686
      -1.03    72.316
       0.00    76.158
       1.03    81.299
       2.06    84.507
       3.09    84.526
       4.12    83.014
       5.15    78.598
       6.18    68.261
       7.21    55.292
       8.24    44.075
       9.27    35.858
      10.30    28.992
      11.34    21.541
      12.37    15.015
      13.40     9.751
      14.43     6.909
      15.46     4.447
      16.49     3.396
      17.52     2.708
      18.55     2.155
      19.58     1.590
      20.61     1.412
      21.64     1.118
      22.67     0.937
      23.70     0.718
      24.73     0.978
      25.76     0.655
      26.79     0.699
      27.82     0.484
      28.85     0.182
      29.88     0.376
      30.91     0.418
      31.95     0.202
      32.98     0.314
      34.01     0.156
      35.04     0.316
      36.07     0.214
      37.10     0.210
      38.13     0.154
      39.16     0.273
      40.19     0.319
      41.22    -0.005
      42.25     0.008
      43.28    -0.091
      44.31     0.051
      45.34     0.032
      46.37    -0.024
      47.40     0.220
      48.43     0.142
      49.46     0.008
      50.49    -0.099
      51.52     0.182
      52.56     0.004
      53.59     0.127
      54.62     0.030
      55.65     0.028
      56.68    -0.047
      57.71     0.092
      58.74     0.103
      59.77     0.115
      60.80    -0.040
      61.83    -0.046
      62.86    -0.096
      63.89    -0.100
      64.92     0.037
      65.95     0.177
      66.98     0.150
      68.01     0.003
      69.04    -0.012
      70.07     0.028
      71.10    -0.055
      72.13    -0.030
      73.16    -0.046
      74.20    -0.138
      75.23    -0.009
      76.26     0.146
      77.29    -0.037
      78.32     0.091
      79.35    -0.032
      80.38     0.117
      81.41    -0.111
      82.44    -0.028
      83.47     0.016
      84.50     0.096
      85.53    -0.000
      86.56     0.051
      87.59     0.082
      88.62     0.028
      89.65    -0.003
      90.68     0.008
      91.71     0.012
      92.74     0.145
      93.77    -0.004
      94.81     0.080
      95.84    -0.069
      96.87     0.148
      97.90     0.083
      98.93     0.062
      99.96     0.066
     100.99     0.008
     102.02     0.076
     103.05    -0.066
     104.08     0.103
     105.11     0.017
     106.14     0.101
     107.17    -0.082
     108.20     0.108
     109.23     0.202
     110.26    -0.051
     111.29     0.014
     112.32    -0.161
     113.35     0.029
     114.38    -0.095
     115.42     0.049
     116.45     0.041
     117.48    -0.136
     118.51    -0.183
     119.54    -0.161
     120.57    -0.141
     121.60    -0.054
     122.63     0.054
     123.66     0.160
     124.69     0.011
     125.72     0.091
     126.75    -0.138
     127.78     0.133
     128.81     0.013
     129.84     0.240
     130.87    -0.124
     131.90     0.131
     132.93    -0.104
     133.96     0.059
     134.99    -0.044
     136.02     0.017
     137.06    -0.008
     138.09     0.141
     139.12     0.119
     140.15     0.007
     141.18    -0.044
     142.21     0.022
     143.24    -0.076
     144.27     0.105
     145.30    -0.103
     146.33    -0.059
     147.36    -0.166
     148.39     0.216
     149.42    -0.022
     150.45     0.020
     151.48    -0.028
     152.51    -0.059
     153.54    -0.066
     154.57     0.004
     155.60     0.033
     156.63    -0.046
     157.67     0.041
     158.70     0.150
     159.73     0.189
     160.76     0.152
     161.79    -0.102
     162.82     0.058
     163.85    -0.037
     164.88    -0.005
     165.91    -0.005
     166.94     0.009
     167.97     0.014
     169.00    -0.131
     170.03    -0.084
     171.06     0.125
     172.09    -0.000
     173.12     0.152
     174.15    -0.015
     175.18    -0.047
     176.21     0.055
     177.24    -0.051
     178.28    -0.156
     179.31    -0.017
     180.34     0.057
     181.37    -0.054
     182.40     0.043
     183.43     0.116
     184.46    -0.016
     185.49    -0.104
     186.52     0.100
     187.55    -0.145
     188.58     0.029
     189.61    -0.018
     190.64    -0.049
     191.67    -0.018
     192.70     0.058
     193.73    -0.091
     194.76    -0.034
     195.79    -0.000
     196.82    -0.017
     197.85    -0.141
     198.89    -0.094
     199.92     0.174
     200.95    -0.090
     201.98    -0.009
     203.01    -0.116
     204.04    -0.036
     205.07    -0.144
     206.10     0.032
     207.13    -0.044
     208.16     0.001
     209.19    -0.055
     210.22     0.129
     211.25     0.054
     212.28     0.170
     213.31    -0.032
     214.34     0.066
     215.37     0.099
     216.40     0.069
     217.43    -0.044
     218.46    -0.111
     219.49    -0.016
     220.53     0.011
     221.56    -0.131
     222.59     0.001
     223.62     0.096
     224.65     0.055
     225.68    -0.070
     226.71     0.103
     227.74     0.012
     228.77     0.090
     229.80     0.047
     230.83     0.001
     231.86    -0.102
     232.89    -0.028
     233.92    -0.051
     234.95     0.001
     235.98    -0.044
     237.01     0.071
     238.04    -0.018
     239.07     0.059
     240.10    -0.141
     241.14    -0.057
     242.17    -0.024
     243.20    -0.166
     244.23    -0.058
     245.26    -0.003
     246.29    -0.042
     247.32     0.165
     248.35     0.084
     249.38     0.104
     250.41     0.083
     251.44     0.186
     252.47     0.062
     253.50     0.140
     254.53     0.004
     255.56     0.065
     256.59    -0.149
     257.62    -0.054
     258.65    -0.034
     259.68     0.001
     260.71    -0.034
     261.74     0.042
     262.78     0.042
     263.81    -0.032
     264.84    -0.051
     265.87     0.070
     266.90     0.054
     267.93     0.059
     268.96    -0.005
     269.99     0.041
     271.02    -0.029
     272.05     0.025
     273.08    -0.049
     274.11     0.183
     275.14    -0.003
     276.17    -0.018
     277.20     0.034
     278.23    -0.096
     279.26     0.021
     280.29    -0.082
     281.32     0.013
     282.35    -0.008
     283.39     0.104
     284.42    -0.032
     285.45     0.067
     286.48    -0.038
     287.51    -0.057
     288.54     0.091
     289.57     0.046
     290.60     0.067
     291.63    -0.050
     292.66    -0.047
     293.69    -0.065
     294.72     0.057
     295.75    -0.100
     296.78    -0.022
     297.81    -0.016
     298.84    -0.038
     299.87    -0.074
     300.90     0.083
     301.93    -0.058
     302.96     0.043
     304.00     0.043
     305.03     0.160
     306.06     0.113
     307.09     0.050
     308.12    -0.078
     309.15    -0.047
     310.18    -0.171
     311.21     0.190
     312.24    -0.046
     313.27     0.014
     314.30    -0.078
     315.33     0.076
     316.36     0.061
     317.39     0.066
     318.42    -0.115
     319.45    -0.170
     320.48    -0.178
     321.51     0.119
     322.54    -0.029
     323.57     0.029
     324.61     0.009
     325.64    -0.016
     326.67     0.009
     327.70     0.012
     328.73    -0.129
     329.76    -0.046
     330.79    -0.173
     331.82     0.008
     332.85    -0.173
     333.88     0.084
     334.91    -0.058
     335.94    -0.022
     336.97    -0.069
     338.00    -0.071
     339.03     0.109
     340.06     0.079
     341.09    -0.061
     342.12     0.256
     343.15    -0.001
     344.18    -0.015
     345.21    -0.111
     346.25    -0.024
     347.28     0.061
     348.31    -0.179
     349.34    -0.080
     350.37     0.087
     351.40    -0.179
     352.43     0.021
     353.46    -0.128
     354.49    -0.030
     355.52    -0.103
     356.55    -0.004
     357.58     0.012
     358.61    -0.036
     359.64     0.157
     360.67     0.059
     361.70    -0.015
     362.73     0.096
     363.76     0.013
     364.79     0.072
     365.82     0.066
     366.86     0.011
     367.89     0.042
     368.92    -0.028
     369.95    -0.016
     370.98     0.071
     372.01    -0.057
     373.04    -0.042
     374.07     0.082
     375.10     0.040
     376.13    -0.036
     377.16    -0.015
     378.19     0.154
     379.22     0.072
     380.25    -0.062
     381.28     0.120
     382.31    -0.100
     383.34     0.111
     384.37     0.030
     385.40     0.108
     386.43    -0.119
     387.47    -0.145
     388.50     0.045
     389.53    -0.062
     390.56     0.116
     391.59    -0.036
     392.62    -0.046
     393.65     0.115
     394.68    -0.037
     395.71     0.198
     396.74     0.070
     397.77     0.096
     398.80     0.013
     399.83    -0.067
