%%   95.00000  -7.50000    0   0.20000
% LAB  survey ------------------
% wanted position:  l, b, RA, DEC, and interpolated  NH
% 95.00 ;  -7.50 ; 330.85 ;  46.06 ;  0.202E+22
% nearest position: l, b, RA, DEC, and observed NH
% 95.00 ;  -7.50 ; 330.85 ;  46.06 ;  0.202E+22
% GASS III survey --------------
% NH - median within 6 arcmin radius   0.00    
% NH - mean within specified beam      0.00    
% EBHIS survey -----------------
% NH  within specified beam           0.200E+22
%%EBHIS   621  datapoints: v_lsr [km/s] and T_B [K]
    -399.25     0.036
    -397.96     0.019
    -396.68     0.012
    -395.39    -0.038
    -394.10    -0.181
    -392.81    -0.225
    -391.52    -0.087
    -390.23     0.047
    -388.95    -0.047
    -387.66    -0.016
    -386.37    -0.029
    -385.08    -0.051
    -383.79    -0.024
    -382.50    -0.093
    -381.22    -0.086
    -379.93     0.001
    -378.64    -0.167
    -377.35     0.051
    -376.06     0.083
    -374.78    -0.046
    -373.49    -0.088
    -372.20    -0.036
    -370.91     0.095
    -369.62     0.015
    -368.33    -0.032
    -367.05    -0.095
    -365.76    -0.030
    -364.47    -0.030
    -363.18     0.046
    -361.89    -0.003
    -360.60    -0.091
    -359.32     0.044
    -358.03     0.076
    -356.74     0.015
    -355.45    -0.030
    -354.16     0.013
    -352.88     0.059
    -351.59    -0.011
    -350.30    -0.064
    -349.01     0.048
    -347.72     0.074
    -346.43    -0.016
    -345.15    -0.122
    -343.86     0.059
    -342.57     0.051
    -341.28     0.024
    -339.99    -0.029
    -338.70    -0.003
    -337.42     0.092
    -336.13     0.006
    -334.84     0.056
    -333.55     0.131
    -332.26    -0.057
    -330.98    -0.013
    -329.69     0.063
    -328.40    -0.023
    -327.11    -0.135
    -325.82    -0.028
    -324.53     0.090
    -323.25     0.158
    -321.96    -0.034
    -320.67    -0.026
    -319.38    -0.028
    -318.09    -0.026
    -316.80     0.145
    -315.52     0.017
    -314.23    -0.022
    -312.94    -0.010
    -311.65    -0.010
    -310.36     0.058
    -309.08    -0.035
    -307.79     0.076
    -306.50     0.088
    -305.21    -0.015
    -303.92     0.065
    -302.63     0.050
    -301.35     0.014
    -300.06     0.053
    -298.77    -0.010
    -297.48    -0.045
    -296.19     0.030
    -294.90     0.024
    -293.62    -0.052
    -292.33     0.089
    -291.04     0.077
    -289.75    -0.023
    -288.46     0.167
    -287.18     0.072
    -285.89     0.093
    -284.60     0.092
    -283.31    -0.006
    -282.02     0.065
    -280.73    -0.009
    -279.45    -0.017
    -278.16    -0.091
    -276.87    -0.050
    -275.58     0.039
    -274.29    -0.053
    -273.00    -0.017
    -271.72     0.010
    -270.43     0.026
    -269.14    -0.031
    -267.85     0.084
    -266.56     0.019
    -265.28    -0.036
    -263.99    -0.122
    -262.70     0.001
    -261.41     0.060
    -260.12     0.122
    -258.83     0.047
    -257.55     0.072
    -256.26    -0.016
    -254.97    -0.027
    -253.68    -0.125
    -252.39    -0.057
    -251.10     0.065
    -249.82    -0.012
    -248.53    -0.030
    -247.24    -0.009
    -245.95    -0.013
    -244.66     0.047
    -243.38     0.062
    -242.09    -0.149
    -240.80    -0.069
    -239.51    -0.054
    -238.22     0.083
    -236.93    -0.027
    -235.65     0.023
    -234.36    -0.045
    -233.07    -0.099
    -231.78     0.052
    -230.49    -0.129
    -229.20    -0.112
    -227.92     0.013
    -226.63    -0.009
    -225.34     0.018
    -224.05    -0.038
    -222.76    -0.155
    -221.48     0.002
    -220.19    -0.068
    -218.90    -0.040
    -217.61     0.046
    -216.32     0.001
    -215.03     0.021
    -213.75     0.013
    -212.46     0.090
    -211.17     0.089
    -209.88    -0.009
    -208.59     0.015
    -207.30    -0.064
    -206.02    -0.017
    -204.73    -0.014
    -203.44    -0.030
    -202.15     0.046
    -200.86     0.095
    -199.58     0.107
    -198.29    -0.031
    -197.00    -0.205
    -195.71    -0.141
    -194.42    -0.091
    -193.13    -0.049
    -191.85    -0.073
    -190.56     0.074
    -189.27     0.061
    -187.98     0.030
    -186.69    -0.003
    -185.40     0.068
    -184.12     0.084
    -182.83    -0.029
    -181.54     0.023
    -180.25     0.020
    -178.96    -0.064
    -177.68     0.047
    -176.39    -0.108
    -175.10     0.048
    -173.81     0.115
    -172.52     0.039
    -171.23    -0.012
    -169.95    -0.066
    -168.66     0.001
    -167.37     0.159
    -166.08     0.097
    -164.79    -0.022
    -163.50    -0.059
    -162.22     0.037
    -160.93     0.045
    -159.64     0.037
    -158.35    -0.043
    -157.06     0.085
    -155.78     0.109
    -154.49     0.115
    -153.20    -0.007
    -151.91    -0.095
    -150.62     0.025
    -149.33     0.002
    -148.05     0.059
    -146.76     0.129
    -145.47     0.214
    -144.18    -0.033
    -142.89     0.037
    -141.60     0.109
    -140.32     0.121
    -139.03     0.169
    -137.74     0.287
    -136.45     0.220
    -135.16     0.253
    -133.88     0.074
    -132.59     0.105
    -131.30     0.340
    -130.01     0.216
    -128.72     0.281
    -127.43     0.351
    -126.15     0.251
    -124.86     0.282
    -123.57     0.405
    -122.28     0.361
    -120.99     0.272
    -119.70     0.416
    -118.42     0.429
    -117.13     0.418
    -115.84     0.564
    -114.55     0.406
    -113.26     0.546
    -111.98     0.486
    -110.69     0.300
    -109.40     0.524
    -108.11     0.588
    -106.82     0.516
    -105.53     0.669
    -104.25     0.633
    -102.96     0.659
    -101.67     0.714
    -100.38     0.687
     -99.09     0.884
     -97.80     0.917
     -96.52     0.952
     -95.23     1.093
     -93.94     1.240
     -92.65     1.246
     -91.36     1.419
     -90.08     1.377
     -88.79     1.674
     -87.50     1.764
     -86.21     1.939
     -84.92     2.183
     -83.63     2.298
     -82.35     2.570
     -81.06     2.880
     -79.77     2.889
     -78.48     2.736
     -77.19     2.773
     -75.90     2.858
     -74.62     2.782
     -73.33     2.792
     -72.04     2.645
     -70.75     2.697
     -69.46     2.850
     -68.18     2.922
     -66.89     2.994
     -65.60     3.253
     -64.31     3.501
     -63.02     3.862
     -61.73     4.304
     -60.45     4.552
     -59.16     4.799
     -57.87     5.073
     -56.58     5.066
     -55.29     5.035
     -54.00     4.879
     -52.72     4.887
     -51.43     4.926
     -50.14     5.216
     -48.85     5.597
     -47.56     6.021
     -46.28     6.331
     -44.99     6.288
     -43.70     6.154
     -42.41     5.882
     -41.12     5.956
     -39.83     6.201
     -38.55     6.382
     -37.26     6.829
     -35.97     7.474
     -34.68     8.297
     -33.39     9.509
     -32.10    10.690
     -30.82    11.541
     -29.53    11.473
     -28.24    10.953
     -26.95    10.864
     -25.66    11.157
     -24.38    12.605
     -23.09    15.156
     -21.80    17.896
     -20.51    17.840
     -19.22    15.411
     -17.93    13.423
     -16.65    12.467
     -15.36    12.660
     -14.07    13.272
     -12.78    14.082
     -11.49    15.858
     -10.20    18.743
      -8.92    21.590
      -7.63    25.099
      -6.34    27.733
      -5.05    28.303
      -3.76    28.751
      -2.48    30.089
      -1.19    32.110
       0.10    32.677
       1.39    32.784
       2.68    32.386
       3.97    26.763
       5.25    18.656
       6.54    12.618
       7.83     9.105
       9.12     6.825
      10.41     5.306
      11.70     4.233
      12.98     3.365
      14.27     2.542
      15.56     1.969
      16.85     1.630
      18.14     1.203
      19.42     0.902
      20.71     0.775
      22.00     0.617
      23.29     0.560
      24.58     0.479
      25.87     0.345
      27.15     0.325
      28.44     0.328
      29.73     0.281
      31.02     0.258
      32.31     0.232
      33.60     0.111
      34.88     0.130
      36.17     0.096
      37.46    -0.036
      38.75    -0.095
      40.04     0.082
      41.32     0.130
      42.61     0.001
      43.90    -0.051
      45.19     0.048
      46.48    -0.095
      47.77    -0.030
      49.05    -0.047
      50.34    -0.099
      51.63     0.041
      52.92     0.041
      54.21     0.106
      55.50     0.053
      56.78     0.013
      58.07    -0.039
      59.36     0.014
      60.65     0.045
      61.94    -0.059
      63.22     0.036
      64.51     0.178
      65.80    -0.060
      67.09    -0.035
      68.38    -0.051
      69.67     0.046
      70.95    -0.079
      72.24    -0.124
      73.53    -0.002
      74.82     0.006
      76.11     0.035
      77.40    -0.013
      78.68    -0.129
      79.97    -0.107
      81.26    -0.014
      82.55     0.012
      83.84     0.076
      85.12    -0.045
      86.41     0.003
      87.70     0.120
      88.99    -0.007
      90.28    -0.117
      91.57     0.002
      92.85    -0.005
      94.14     0.074
      95.43     0.014
      96.72     0.071
      98.01    -0.035
      99.30     0.077
     100.58    -0.014
     101.87     0.107
     103.16     0.137
     104.45     0.097
     105.74     0.017
     107.02     0.015
     108.31     0.029
     109.60    -0.133
     110.89    -0.056
     112.18    -0.041
     113.47    -0.064
     114.75     0.031
     116.04     0.045
     117.33     0.039
     118.62    -0.057
     119.91    -0.117
     121.20     0.051
     122.48     0.056
     123.77     0.086
     125.06     0.061
     126.35    -0.022
     127.64    -0.045
     128.92    -0.079
     130.21     0.072
     131.50    -0.065
     132.79     0.075
     134.08    -0.039
     135.37     0.031
     136.65    -0.003
     137.94     0.034
     139.23    -0.013
     140.52    -0.101
     141.81    -0.044
     143.09     0.004
     144.38    -0.018
     145.67     0.020
     146.96    -0.030
     148.25     0.018
     149.54     0.093
     150.82     0.050
     152.11    -0.031
     153.40    -0.122
     154.69     0.014
     155.98    -0.046
     157.27    -0.102
     158.55     0.058
     159.84     0.046
     161.13     0.033
     162.42     0.062
     163.71     0.050
     164.99    -0.008
     166.28    -0.043
     167.57     0.046
     168.86     0.022
     170.15     0.115
     171.44     0.084
     172.72     0.089
     174.01     0.124
     175.30     0.132
     176.59     0.017
     177.88     0.025
     179.17     0.029
     180.45    -0.028
     181.74    -0.038
     183.03     0.058
     184.32    -0.018
     185.61    -0.095
     186.89    -0.032
     188.18    -0.073
     189.47     0.089
     190.76    -0.002
     192.05    -0.040
     193.34    -0.020
     194.62     0.062
     195.91     0.065
     197.20    -0.044
     198.49     0.008
     199.78     0.034
     201.07    -0.043
     202.35    -0.020
     203.64     0.012
     204.93     0.016
     206.22    -0.003
     207.51     0.140
     208.79    -0.008
     210.08    -0.017
     211.37    -0.002
     212.66    -0.100
     213.95    -0.178
     215.24     0.031
     216.52    -0.026
     217.81    -0.127
     219.10    -0.051
     220.39     0.061
     221.68    -0.039
     222.97    -0.131
     224.25    -0.104
     225.54     0.015
     226.83    -0.017
     228.12    -0.015
     229.41    -0.020
     230.69    -0.006
     231.98    -0.094
     233.27    -0.055
     234.56    -0.007
     235.85    -0.027
     237.14     0.022
     238.42     0.102
     239.71     0.043
     241.00     0.045
     242.29     0.001
     243.58    -0.019
     244.87    -0.076
     246.15    -0.137
     247.44    -0.056
     248.73    -0.014
     250.02    -0.034
     251.31    -0.112
     252.59    -0.102
     253.88    -0.116
     255.17    -0.001
     256.46     0.028
     257.75     0.080
     259.04     0.104
     260.32     0.024
     261.61    -0.019
     262.90     0.108
     264.19    -0.067
     265.48    -0.109
     266.77     0.073
     268.05     0.107
     269.34     0.226
     270.63     0.055
     271.92     0.112
     273.21    -0.046
     274.49    -0.000
     275.78     0.006
     277.07    -0.026
     278.36    -0.087
     279.65    -0.285
     280.94     0.082
     282.22     0.126
     283.51     0.125
     284.80     0.105
     286.09    -0.156
     287.38     0.081
     288.67     0.011
     289.95     0.058
     291.24    -0.045
     292.53    -0.040
     293.82    -0.049
     295.11     0.034
     296.39     0.060
     297.68     0.059
     298.97    -0.083
     300.26    -0.057
     301.55    -0.166
     302.84     0.123
     304.12     0.125
     305.41    -0.011
     306.70    -0.053
     307.99    -0.025
     309.28     0.058
     310.57    -0.037
     311.85    -0.011
     313.14     0.026
     314.43     0.037
     315.72    -0.034
     317.01    -0.036
     318.29     0.027
     319.58     0.014
     320.87     0.110
     322.16    -0.065
     323.45    -0.001
     324.74    -0.050
     326.02    -0.096
     327.31     0.038
     328.60    -0.023
     329.89    -0.211
     331.18    -0.053
     332.47    -0.089
     333.75    -0.046
     335.04    -0.120
     336.33    -0.061
     337.62    -0.017
     338.91    -0.022
     340.19    -0.015
     341.48     0.001
     342.77     0.053
     344.06     0.125
     345.35     0.091
     346.64    -0.014
     347.92     0.012
     349.21     0.066
     350.50    -0.027
     351.79    -0.052
     353.08    -0.038
     354.37    -0.121
     355.65    -0.005
     356.94     0.032
     358.23     0.028
     359.52     0.058
     360.81    -0.082
     362.09     0.053
     363.38     0.084
     364.67     0.157
     365.96     0.157
     367.25     0.023
     368.54     0.006
     369.82    -0.012
     371.11     0.050
     372.40    -0.011
     373.69     0.021
     374.98    -0.053
     376.27    -0.093
     377.55     0.015
     378.84     0.051
     380.13    -0.007
     381.42    -0.118
     382.71    -0.083
     383.99    -0.023
     385.28     0.017
     386.57     0.033
     387.86    -0.048
     389.15     0.029
     390.44     0.024
     391.72     0.033
     393.01     0.191
     394.30    -0.000
     395.59     0.025
     396.88     0.010
     398.17    -0.017
     399.45    -0.048
%%GASS      0  datapoints: v_lsr [km/s] and T_B [K]
%%LAB     777  datapoints: v_lsr [km/s] and T_B [K]
    -399.86     0.005
    -398.82     0.018
    -397.79    -0.293
    -396.76    -0.088
    -395.73    -0.066
    -394.70    -0.044
    -393.67     0.016
    -392.64    -0.053
    -391.61     0.090
    -390.58     0.002
    -389.55    -0.033
    -388.52    -0.043
    -387.49     0.068
    -386.46    -0.008
    -385.43     0.041
    -384.40    -0.067
    -383.37    -0.044
    -382.34     0.130
    -381.31     0.054
    -380.27     0.218
    -379.24     0.025
    -378.21    -0.045
    -377.18    -0.051
    -376.15    -0.014
    -375.12     0.204
    -374.09     0.066
    -373.06    -0.101
    -372.03     0.073
    -371.00    -0.121
    -369.97    -0.011
    -368.94     0.002
    -367.91    -0.040
    -366.88     0.049
    -365.85     0.037
    -364.82    -0.068
    -363.79    -0.001
    -362.76    -0.097
    -361.72    -0.053
    -360.69     0.131
    -359.66     0.013
    -358.63     0.025
    -357.60     0.021
    -356.57     0.046
    -355.54    -0.089
    -354.51     0.056
    -353.48     0.012
    -352.45    -0.009
    -351.42     0.185
    -350.39    -0.030
    -349.36    -0.071
    -348.33    -0.001
    -347.30    -0.089
    -346.27    -0.053
    -345.24     0.062
    -344.21    -0.092
    -343.17     0.029
    -342.14     0.065
    -341.11     0.045
    -340.08    -0.075
    -339.05    -0.207
    -338.02    -0.081
    -336.99     0.019
    -335.96    -0.081
    -334.93     0.018
    -333.90     0.204
    -332.87     0.095
    -331.84     0.068
    -330.81     0.043
    -329.78    -0.003
    -328.75     0.131
    -327.72    -0.033
    -326.69    -0.024
    -325.66     0.154
    -324.62     0.066
    -323.59     0.047
    -322.56    -0.108
    -321.53    -0.075
    -320.50    -0.025
    -319.47    -0.121
    -318.44     0.045
    -317.41    -0.043
    -316.38     0.046
    -315.35     0.003
    -314.32    -0.003
    -313.29     0.045
    -312.26    -0.046
    -311.23     0.110
    -310.20     0.039
    -309.17     0.011
    -308.14     0.049
    -307.11     0.021
    -306.07    -0.059
    -305.04    -0.058
    -304.01    -0.166
    -302.98    -0.056
    -301.95    -0.019
    -300.92    -0.129
    -299.89     0.060
    -298.86     0.054
    -297.83     0.017
    -296.80    -0.040
    -295.77    -0.022
    -294.74    -0.055
    -293.71    -0.047
    -292.68     0.082
    -291.65    -0.104
    -290.62     0.030
    -289.59    -0.039
    -288.56     0.001
    -287.52    -0.035
    -286.49    -0.018
    -285.46     0.128
    -284.43     0.054
    -283.40     0.054
    -282.37     0.151
    -281.34     0.010
    -280.31     0.050
    -279.28     0.011
    -278.25    -0.025
    -277.22     0.045
    -276.19     0.050
    -275.16    -0.025
    -274.13     0.089
    -273.10     0.066
    -272.07     0.077
    -271.04    -0.090
    -270.01    -0.157
    -268.97    -0.029
    -267.94     0.094
    -266.91    -0.031
    -265.88     0.044
    -264.85     0.072
    -263.82    -0.087
    -262.79     0.030
    -261.76     0.040
    -260.73    -0.022
    -259.70    -0.205
    -258.67    -0.010
    -257.64    -0.014
    -256.61    -0.001
    -255.58     0.071
    -254.55    -0.042
    -253.52     0.151
    -252.49     0.012
    -251.46    -0.043
    -250.42    -0.048
    -249.39     0.065
    -248.36     0.024
    -247.33     0.113
    -246.30    -0.018
    -245.27     0.014
    -244.24     0.019
    -243.21     0.003
    -242.18    -0.100
    -241.15     0.147
    -240.12     0.055
    -239.09    -0.058
    -238.06    -0.218
    -237.03     0.019
    -236.00    -0.041
    -234.97     0.171
    -233.94    -0.034
    -232.91    -0.003
    -231.87    -0.016
    -230.84     0.122
    -229.81    -0.059
    -228.78    -0.095
    -227.75     0.021
    -226.72     0.052
    -225.69     0.018
    -224.66    -0.056
    -223.63    -0.137
    -222.60     0.096
    -221.57    -0.129
    -220.54     0.002
    -219.51    -0.003
    -218.48    -0.085
    -217.45     0.168
    -216.42    -0.047
    -215.39     0.065
    -214.36     0.028
    -213.32    -0.082
    -212.29     0.042
    -211.26     0.142
    -210.23    -0.026
    -209.20     0.196
    -208.17    -0.099
    -207.14     0.001
    -206.11     0.052
    -205.08    -0.072
    -204.05     0.061
    -203.02    -0.037
    -201.99     0.120
    -200.96     0.006
    -199.93    -0.061
    -198.90    -0.079
    -197.87     0.112
    -196.84     0.135
    -195.81     0.039
    -194.77     0.030
    -193.74    -0.115
    -192.71    -0.019
    -191.68     0.128
    -190.65    -0.110
    -189.62    -0.032
    -188.59    -0.026
    -187.56     0.188
    -186.53    -0.031
    -185.50     0.068
    -184.47     0.140
    -183.44     0.070
    -182.41     0.077
    -181.38    -0.015
    -180.35    -0.121
    -179.32    -0.065
    -178.29    -0.003
    -177.26     0.014
    -176.22    -0.067
    -175.19    -0.019
    -174.16     0.014
    -173.13    -0.068
    -172.10     0.120
    -171.07     0.062
    -170.04    -0.016
    -169.01     0.251
    -167.98     0.018
    -166.95     0.155
    -165.92     0.030
    -164.89    -0.015
    -163.86    -0.068
    -162.83    -0.018
    -161.80     0.029
    -160.77    -0.043
    -159.74     0.035
    -158.71     0.049
    -157.67     0.050
    -156.64    -0.055
    -155.61     0.103
    -154.58    -0.003
    -153.55     0.036
    -152.52     0.061
    -151.49    -0.086
    -150.46    -0.043
    -149.43    -0.066
    -148.40    -0.056
    -147.37     0.105
    -146.34     0.052
    -145.31    -0.102
    -144.28     0.072
    -143.25     0.135
    -142.22    -0.131
    -141.19     0.030
    -140.16     0.034
    -139.12     0.268
    -138.09     0.251
    -137.06     0.246
    -136.03     0.198
    -135.00     0.021
    -133.97     0.237
    -132.94     0.204
    -131.91     0.164
    -130.88     0.211
    -129.85     0.192
    -128.82     0.219
    -127.79     0.335
    -126.76     0.228
    -125.73     0.306
    -124.70     0.105
    -123.67     0.225
    -122.64     0.302
    -121.61     0.367
    -120.57     0.309
    -119.54     0.410
    -118.51     0.324
    -117.48     0.539
    -116.45     0.371
    -115.42     0.362
    -114.39     0.430
    -113.36     0.424
    -112.33     0.377
    -111.30     0.565
    -110.27     0.352
    -109.24     0.469
    -108.21     0.491
    -107.18     0.376
    -106.15     0.515
    -105.12     0.517
    -104.09     0.447
    -103.06     0.562
    -102.02     0.449
    -100.99     0.789
     -99.96     0.624
     -98.93     0.795
     -97.90     0.833
     -96.87     1.011
     -95.84     1.011
     -94.81     1.046
     -93.78     0.996
     -92.75     1.222
     -91.72     1.235
     -90.69     1.570
     -89.66     1.503
     -88.63     1.775
     -87.60     1.786
     -86.57     1.949
     -85.54     1.919
     -84.51     2.264
     -83.47     2.418
     -82.44     2.691
     -81.41     2.693
     -80.38     2.853
     -79.35     2.916
     -78.32     3.024
     -77.29     3.084
     -76.26     2.893
     -75.23     3.025
     -74.20     2.921
     -73.17     2.962
     -72.14     3.059
     -71.11     2.913
     -70.08     2.929
     -69.05     2.838
     -68.02     3.059
     -66.99     3.000
     -65.96     3.262
     -64.92     3.295
     -63.89     3.372
     -62.86     3.662
     -61.83     3.917
     -60.80     3.940
     -59.77     4.079
     -58.74     4.441
     -57.71     4.636
     -56.68     4.748
     -55.65     4.864
     -54.62     4.856
     -53.59     4.933
     -52.56     4.997
     -51.53     5.031
     -50.50     5.199
     -49.47     5.287
     -48.44     5.798
     -47.41     5.992
     -46.37     6.198
     -45.34     6.154
     -44.31     5.979
     -43.28     6.091
     -42.25     6.365
     -41.22     6.329
     -40.19     6.435
     -39.16     6.642
     -38.13     6.808
     -37.10     7.128
     -36.07     7.706
     -35.04     8.611
     -34.01     9.660
     -32.98    11.025
     -31.95    11.908
     -30.92    11.996
     -29.89    11.367
     -28.86    10.849
     -27.82    10.697
     -26.79    10.463
     -25.76    10.610
     -24.73    11.249
     -23.70    12.835
     -22.67    14.984
     -21.64    17.160
     -20.61    17.281
     -19.58    16.152
     -18.55    14.302
     -17.52    12.403
     -16.49    11.815
     -15.46    11.702
     -14.43    11.849
     -13.40    12.655
     -12.37    13.621
     -11.34    14.884
     -10.31    16.874
      -9.28    19.408
      -8.24    22.540
      -7.21    25.841
      -6.18    27.742
      -5.15    28.754
      -4.12    29.725
      -3.09    30.217
      -2.06    31.589
      -1.03    33.121
       0.00    34.081
       1.03    33.874
       2.06    32.832
       3.09    29.701
       4.12    24.886
       5.15    19.515
       6.18    15.270
       7.21    12.148
       8.24     9.823
       9.28     8.261
      10.31     6.932
      11.34     6.015
      12.37     5.028
      13.40     4.247
      14.43     3.533
      15.46     2.874
      16.49     2.339
      17.52     2.021
      18.55     1.378
      19.58     1.195
      20.61     1.005
      21.64     0.699
      22.67     0.765
      23.70     0.634
      24.73     0.642
      25.76     0.353
      26.79     0.481
      27.83     0.405
      28.86     0.251
      29.89     0.225
      30.92     0.303
      31.95     0.216
      32.98     0.146
      34.01     0.205
      35.04     0.038
      36.07     0.038
      37.10     0.221
      38.13     0.105
      39.16     0.135
      40.19    -0.065
      41.22     0.110
      42.25     0.051
      43.28     0.109
      44.31    -0.005
      45.34     0.050
      46.38     0.027
      47.41     0.132
      48.44     0.055
      49.47     0.142
      50.50     0.016
      51.53     0.053
      52.56     0.087
      53.59     0.050
      54.62     0.034
      55.65     0.073
      56.68     0.052
      57.71    -0.036
      58.74    -0.036
      59.77     0.036
      60.80     0.104
      61.83     0.125
      62.86     0.134
      63.89    -0.069
      64.92    -0.009
      65.96     0.179
      66.99     0.082
      68.02     0.060
      69.05    -0.118
      70.08     0.159
      71.11    -0.079
      72.14     0.151
      73.17    -0.091
      74.20    -0.045
      75.23    -0.027
      76.26    -0.095
      77.29    -0.105
      78.32     0.036
      79.35    -0.021
      80.38     0.153
      81.41    -0.165
      82.44     0.013
      83.47    -0.116
      84.51     0.223
      85.54    -0.030
      86.57     0.013
      87.60    -0.150
      88.63    -0.085
      89.66    -0.076
      90.69     0.016
      91.72     0.017
      92.75    -0.018
      93.78    -0.086
      94.81     0.032
      95.84     0.089
      96.87    -0.040
      97.90     0.052
      98.93     0.177
      99.96     0.121
     100.99    -0.000
     102.02     0.023
     103.06     0.081
     104.09    -0.130
     105.12     0.032
     106.15     0.018
     107.18     0.016
     108.21    -0.012
     109.24     0.042
     110.27    -0.031
     111.30    -0.052
     112.33     0.100
     113.36     0.014
     114.39    -0.055
     115.42     0.017
     116.45     0.013
     117.48    -0.104
     118.51     0.005
     119.54     0.115
     120.57     0.028
     121.61     0.062
     122.64     0.008
     123.67     0.155
     124.70     0.006
     125.73    -0.037
     126.76     0.067
     127.79     0.031
     128.82     0.085
     129.85     0.047
     130.88    -0.056
     131.91    -0.082
     132.94     0.031
     133.97     0.054
     135.00    -0.042
     136.03    -0.020
     137.06    -0.107
     138.09    -0.026
     139.12     0.040
     140.16    -0.054
     141.19    -0.063
     142.22     0.028
     143.25     0.073
     144.28     0.025
     145.31     0.021
     146.34     0.021
     147.37     0.017
     148.40     0.016
     149.43     0.093
     150.46    -0.182
     151.49     0.119
     152.52    -0.137
     153.55    -0.031
     154.58    -0.009
     155.61    -0.007
     156.64    -0.019
     157.67    -0.012
     158.71     0.123
     159.74    -0.087
     160.77     0.095
     161.80    -0.122
     162.83    -0.007
     163.86     0.069
     164.89    -0.102
     165.92    -0.040
     166.95     0.032
     167.98    -0.019
     169.01     0.022
     170.04    -0.087
     171.07     0.036
     172.10     0.100
     173.13    -0.043
     174.16    -0.036
     175.19    -0.023
     176.22    -0.032
     177.26     0.150
     178.29    -0.045
     179.32     0.020
     180.35    -0.032
     181.38     0.046
     182.41     0.002
     183.44    -0.077
     184.47    -0.063
     185.50     0.039
     186.53     0.034
     187.56     0.008
     188.59     0.015
     189.62     0.030
     190.65     0.061
     191.68     0.126
     192.71     0.051
     193.74    -0.029
     194.77    -0.061
     195.81    -0.015
     196.84    -0.012
     197.87     0.016
     198.90    -0.140
     199.93    -0.056
     200.96    -0.033
     201.99     0.017
     203.02    -0.075
     204.05    -0.001
     205.08    -0.000
     206.11     0.012
     207.14     0.026
     208.17    -0.156
     209.20    -0.013
     210.23     0.021
     211.26    -0.081
     212.29    -0.083
     213.32     0.066
     214.36    -0.011
     215.39    -0.147
     216.42     0.099
     217.45    -0.006
     218.48     0.147
     219.51    -0.039
     220.54     0.089
     221.57    -0.123
     222.60    -0.058
     223.63    -0.093
     224.66     0.051
     225.69    -0.063
     226.72    -0.002
     227.75     0.011
     228.78     0.120
     229.81    -0.032
     230.84     0.146
     231.87     0.103
     232.91     0.094
     233.94     0.011
     234.97     0.165
     236.00     0.001
     237.03    -0.058
     238.06    -0.164
     239.09     0.005
     240.12     0.045
     241.15    -0.030
     242.18    -0.044
     243.21    -0.159
     244.24     0.063
     245.27     0.041
     246.30    -0.048
     247.33    -0.006
     248.36    -0.102
     249.39     0.026
     250.42    -0.063
     251.46    -0.067
     252.49    -0.078
     253.52     0.089
     254.55     0.089
     255.58    -0.032
     256.61     0.061
     257.64    -0.039
     258.67     0.117
     259.70    -0.024
     260.73     0.008
     261.76     0.081
     262.79     0.061
     263.82    -0.073
     264.85     0.046
     265.88    -0.146
     266.91     0.057
     267.94    -0.108
     268.97     0.052
     270.01     0.075
     271.04    -0.003
     272.07     0.056
     273.10     0.027
     274.13     0.006
     275.16    -0.120
     276.19     0.112
     277.22    -0.104
     278.25     0.063
     279.28    -0.013
     280.31     0.134
     281.34    -0.043
     282.37    -0.094
     283.40    -0.133
     284.43    -0.109
     285.46     0.060
     286.49    -0.042
     287.52    -0.021
     288.56    -0.027
     289.59    -0.007
     290.62     0.063
     291.65    -0.008
     292.68     0.135
     293.71    -0.040
     294.74    -0.006
     295.77    -0.014
     296.80     0.019
     297.83    -0.032
     298.86     0.011
     299.89    -0.137
     300.92     0.143
     301.95    -0.059
     302.98     0.065
     304.01     0.016
     305.04     0.011
     306.07    -0.023
     307.11     0.105
     308.14    -0.127
     309.17     0.042
     310.20    -0.031
     311.23     0.032
     312.26    -0.045
     313.29     0.096
     314.32    -0.009
     315.35     0.060
     316.38    -0.027
     317.41     0.056
     318.44    -0.101
     319.47     0.018
     320.50    -0.063
     321.53     0.005
     322.56    -0.076
     323.59     0.017
     324.62    -0.072
     325.66     0.068
     326.69     0.016
     327.72     0.059
     328.75    -0.114
     329.78     0.040
     330.81     0.196
     331.84     0.070
     332.87     0.055
     333.90    -0.102
     334.93    -0.003
     335.96     0.155
     336.99     0.077
     338.02     0.109
     339.05    -0.051
     340.08    -0.064
     341.11     0.064
     342.14     0.070
     343.17    -0.095
     344.21    -0.062
     345.24    -0.015
     346.27    -0.055
     347.30    -0.131
     348.33     0.105
     349.36    -0.087
     350.39    -0.040
     351.42     0.049
     352.45     0.018
     353.48    -0.003
     354.51    -0.009
     355.54     0.065
     356.57    -0.120
     357.60     0.084
     358.63     0.002
     359.66     0.062
     360.69     0.196
     361.72    -0.156
     362.76    -0.087
     363.79     0.021
     364.82     0.138
     365.85    -0.166
     366.88    -0.058
     367.91    -0.054
     368.94     0.203
     369.97    -0.045
     371.00     0.127
     372.03    -0.003
     373.06    -0.011
     374.09     0.061
     375.12     0.027
     376.15    -0.125
     377.18    -0.014
     378.21    -0.085
     379.24    -0.057
     380.27     0.005
     381.31     0.099
     382.34    -0.019
     383.37    -0.006
     384.40    -0.081
     385.43     0.051
     386.46    -0.021
     387.49     0.243
     388.52    -0.061
     389.55     0.018
     390.58     0.104
     391.61     0.215
     392.64     0.163
     393.67     0.061
     394.70     0.132
     395.73     0.203
     396.76     0.108
     397.79    -0.038
     398.82     0.080
     399.86     0.161
