%%   95.00000   0.00000    0   0.20000
% LAB  survey ------------------
% wanted position:  l, b, RA, DEC, and interpolated  NH
% 95.00 ;   0.00 ; 323.56 ;  51.84 ;  0.953E+22
% nearest position: l, b, RA, DEC, and observed NH
% 95.00 ;   0.00 ; 323.56 ;  51.84 ;  0.953E+22
% GASS III survey --------------
% NH - median within 6 arcmin radius   0.00    
% NH - mean within specified beam      0.00    
% EBHIS survey -----------------
% NH  within specified beam           0.988E+22
%%EBHIS   621  datapoints: v_lsr [km/s] and T_B [K]
    -399.25    -0.035
    -397.96     0.106
    -396.68     0.113
    -395.39    -0.057
    -394.10     0.015
    -392.81     0.148
    -391.52     0.190
    -390.23    -0.087
    -388.95     0.040
    -387.66    -0.006
    -386.37    -0.076
    -385.08     0.022
    -383.79    -0.014
    -382.50    -0.012
    -381.22     0.065
    -379.93     0.015
    -378.64     0.063
    -377.35     0.055
    -376.06     0.040
    -374.78    -0.004
    -373.49     0.066
    -372.20    -0.014
    -370.91    -0.080
    -369.62    -0.205
    -368.33    -0.071
    -367.05     0.073
    -365.76    -0.035
    -364.47     0.035
    -363.18    -0.038
    -361.89    -0.053
    -360.60     0.019
    -359.32     0.006
    -358.03    -0.048
    -356.74    -0.108
    -355.45    -0.052
    -354.16     0.114
    -352.88     0.143
    -351.59    -0.016
    -350.30    -0.027
    -349.01    -0.010
    -347.72    -0.138
    -346.43    -0.083
    -345.15     0.010
    -343.86     0.031
    -342.57     0.078
    -341.28    -0.041
    -339.99     0.087
    -338.70    -0.025
    -337.42     0.034
    -336.13     0.048
    -334.84    -0.013
    -333.55    -0.055
    -332.26    -0.048
    -330.98    -0.038
    -329.69     0.089
    -328.40     0.019
    -327.11    -0.028
    -325.82     0.099
    -324.53     0.137
    -323.25     0.101
    -321.96     0.102
    -320.67     0.099
    -319.38     0.074
    -318.09    -0.003
    -316.80    -0.037
    -315.52     0.041
    -314.23     0.035
    -312.94     0.052
    -311.65     0.085
    -310.36     0.017
    -309.08     0.074
    -307.79     0.044
    -306.50    -0.059
    -305.21    -0.015
    -303.92    -0.061
    -302.63    -0.040
    -301.35     0.044
    -300.06    -0.063
    -298.77    -0.098
    -297.48    -0.002
    -296.19     0.152
    -294.90    -0.029
    -293.62     0.057
    -292.33     0.132
    -291.04     0.135
    -289.75    -0.069
    -288.46    -0.146
    -287.18    -0.054
    -285.89     0.011
    -284.60    -0.105
    -283.31    -0.151
    -282.02    -0.050
    -280.73    -0.035
    -279.45    -0.017
    -278.16     0.049
    -276.87    -0.004
    -275.58    -0.157
    -274.29    -0.161
    -273.00     0.078
    -271.72     0.072
    -270.43     0.015
    -269.14     0.001
    -267.85     0.042
    -266.56    -0.124
    -265.28    -0.087
    -263.99     0.014
    -262.70     0.105
    -261.41     0.015
    -260.12     0.037
    -258.83     0.004
    -257.55    -0.003
    -256.26    -0.068
    -254.97    -0.031
    -253.68     0.057
    -252.39     0.019
    -251.10     0.090
    -249.82     0.145
    -248.53     0.108
    -247.24     0.008
    -245.95     0.049
    -244.66     0.009
    -243.38    -0.104
    -242.09    -0.006
    -240.80    -0.008
    -239.51     0.012
    -238.22    -0.020
    -236.93    -0.029
    -235.65    -0.044
    -234.36     0.105
    -233.07    -0.001
    -231.78    -0.011
    -230.49    -0.003
    -229.20     0.020
    -227.92     0.033
    -226.63     0.040
    -225.34     0.028
    -224.05     0.026
    -222.76    -0.033
    -221.48    -0.026
    -220.19     0.083
    -218.90     0.052
    -217.61     0.009
    -216.32     0.103
    -215.03    -0.033
    -213.75    -0.005
    -212.46    -0.036
    -211.17     0.024
    -209.88    -0.014
    -208.59    -0.000
    -207.30    -0.090
    -206.02    -0.025
    -204.73    -0.005
    -203.44     0.086
    -202.15     0.139
    -200.86     0.063
    -199.58    -0.011
    -198.29     0.055
    -197.00     0.111
    -195.71     0.047
    -194.42    -0.010
    -193.13     0.135
    -191.85    -0.069
    -190.56    -0.099
    -189.27    -0.043
    -187.98     0.018
    -186.69    -0.002
    -185.40     0.002
    -184.12     0.043
    -182.83    -0.075
    -181.54     0.028
    -180.25    -0.054
    -178.96     0.064
    -177.68     0.129
    -176.39     0.045
    -175.10    -0.109
    -173.81    -0.068
    -172.52     0.031
    -171.23    -0.079
    -169.95    -0.015
    -168.66     0.018
    -167.37     0.052
    -166.08    -0.072
    -164.79    -0.036
    -163.50    -0.037
    -162.22    -0.092
    -160.93     0.033
    -159.64     0.097
    -158.35    -0.036
    -157.06    -0.139
    -155.78    -0.083
    -154.49     0.054
    -153.20    -0.003
    -151.91    -0.114
    -150.62     0.034
    -149.33    -0.057
    -148.05    -0.031
    -146.76     0.061
    -145.47     0.021
    -144.18     0.056
    -142.89     0.050
    -141.60     0.164
    -140.32     0.117
    -139.03     0.173
    -137.74     0.201
    -136.45     0.258
    -135.16     0.128
    -133.88     0.222
    -132.59     0.353
    -131.30     0.410
    -130.01     0.569
    -128.72     0.689
    -127.43     0.937
    -126.15     1.344
    -124.86     1.778
    -123.57     1.871
    -122.28     2.074
    -120.99     2.263
    -119.70     2.654
    -118.42     3.190
    -117.13     3.710
    -115.84     4.135
    -114.55     4.584
    -113.26     5.127
    -111.98     5.648
    -110.69     6.172
    -109.40     6.325
    -108.11     6.440
    -106.82     6.525
    -105.53     6.591
    -104.25     6.498
    -102.96     6.481
    -101.67     6.515
    -100.38     5.953
     -99.09     5.351
     -97.80     5.147
     -96.52     4.636
     -95.23     4.098
     -93.94     3.594
     -92.65     3.672
     -91.36     4.242
     -90.08     4.563
     -88.79     4.867
     -87.50     5.262
     -86.21     5.952
     -84.92     6.690
     -83.63     7.519
     -82.35     8.769
     -81.06    10.217
     -79.77    12.148
     -78.48    14.618
     -77.19    18.627
     -75.90    22.963
     -74.62    28.859
     -73.33    34.214
     -72.04    40.595
     -70.75    49.344
     -69.46    58.291
     -68.18    65.265
     -66.89    69.300
     -65.60    68.759
     -64.31    64.917
     -63.02    60.888
     -61.73    58.214
     -60.45    56.393
     -59.16    53.704
     -57.87    51.530
     -56.58    53.527
     -55.29    60.363
     -54.00    68.508
     -52.72    75.558
     -51.43    79.628
     -50.14    82.842
     -48.85    87.141
     -47.56    92.853
     -46.28    97.154
     -44.99    95.498
     -43.70    91.352
     -42.41    89.428
     -41.12    90.248
     -39.83    84.344
     -38.55    73.450
     -37.26    62.579
     -35.97    57.451
     -34.68    58.921
     -33.39    63.392
     -32.10    65.395
     -30.82    59.733
     -29.53    48.252
     -28.24    35.619
     -26.95    25.880
     -25.66    21.666
     -24.38    19.649
     -23.09    19.333
     -21.80    20.491
     -20.51    22.827
     -19.22    28.388
     -17.93    36.926
     -16.65    44.844
     -15.36    50.281
     -14.07    53.370
     -12.78    54.448
     -11.49    54.852
     -10.20    54.449
      -8.92    54.524
      -7.63    60.993
      -6.34    70.730
      -5.05    79.618
      -3.76    81.733
      -2.48    75.500
      -1.19    66.472
       0.10    60.693
       1.39    60.287
       2.68    62.742
       3.97    66.076
       5.25    65.189
       6.54    59.496
       7.83    49.794
       9.12    34.287
      10.41    20.381
      11.70    12.654
      12.98     8.304
      14.27     5.950
      15.56     4.457
      16.85     3.079
      18.14     2.322
      19.42     1.801
      20.71     1.299
      22.00     1.011
      23.29     0.673
      24.58     0.596
      25.87     0.354
      27.15     0.320
      28.44     0.289
      29.73     0.172
      31.02     0.012
      32.31    -0.109
      33.60    -0.096
      34.88    -0.002
      36.17     0.004
      37.46     0.027
      38.75    -0.047
      40.04     0.034
      41.32    -0.006
      42.61    -0.032
      43.90    -0.057
      45.19    -0.192
      46.48    -0.020
      47.77    -0.015
      49.05     0.017
      50.34     0.046
      51.63     0.082
      52.92    -0.053
      54.21    -0.006
      55.50     0.021
      56.78     0.081
      58.07     0.007
      59.36     0.002
      60.65     0.154
      61.94     0.057
      63.22     0.009
      64.51    -0.017
      65.80     0.031
      67.09     0.026
      68.38     0.071
      69.67    -0.035
      70.95    -0.044
      72.24    -0.013
      73.53    -0.031
      74.82     0.000
      76.11     0.001
      77.40    -0.014
      78.68    -0.128
      79.97    -0.090
      81.26    -0.117
      82.55    -0.100
      83.84    -0.020
      85.12    -0.079
      86.41     0.013
      87.70    -0.078
      88.99    -0.065
      90.28     0.024
      91.57    -0.036
      92.85     0.086
      94.14    -0.005
      95.43     0.027
      96.72    -0.036
      98.01     0.002
      99.30     0.086
     100.58     0.062
     101.87    -0.038
     103.16    -0.080
     104.45    -0.139
     105.74    -0.017
     107.02    -0.040
     108.31    -0.022
     109.60     0.005
     110.89     0.080
     112.18     0.043
     113.47     0.040
     114.75     0.008
     116.04     0.032
     117.33    -0.053
     118.62    -0.101
     119.91    -0.064
     121.20    -0.089
     122.48    -0.092
     123.77     0.007
     125.06    -0.009
     126.35     0.024
     127.64     0.034
     128.92     0.042
     130.21    -0.094
     131.50     0.029
     132.79    -0.079
     134.08     0.028
     135.37    -0.037
     136.65    -0.057
     137.94    -0.041
     139.23     0.112
     140.52     0.025
     141.81     0.012
     143.09     0.091
     144.38     0.054
     145.67    -0.069
     146.96    -0.029
     148.25     0.081
     149.54     0.048
     150.82     0.042
     152.11     0.156
     153.40     0.001
     154.69     0.068
     155.98     0.044
     157.27    -0.073
     158.55    -0.026
     159.84     0.051
     161.13     0.069
     162.42     0.027
     163.71     0.090
     164.99     0.001
     166.28     0.003
     167.57     0.014
     168.86     0.050
     170.15     0.013
     171.44    -0.040
     172.72    -0.019
     174.01    -0.006
     175.30    -0.038
     176.59    -0.113
     177.88    -0.089
     179.17    -0.013
     180.45     0.019
     181.74     0.038
     183.03    -0.085
     184.32    -0.098
     185.61    -0.047
     186.89     0.016
     188.18     0.050
     189.47     0.010
     190.76     0.133
     192.05     0.043
     193.34     0.055
     194.62     0.084
     195.91    -0.030
     197.20    -0.171
     198.49    -0.052
     199.78     0.049
     201.07     0.052
     202.35     0.048
     203.64     0.000
     204.93    -0.026
     206.22    -0.007
     207.51     0.025
     208.79     0.013
     210.08     0.056
     211.37     0.030
     212.66     0.095
     213.95     0.056
     215.24    -0.026
     216.52    -0.109
     217.81    -0.041
     219.10    -0.003
     220.39    -0.043
     221.68     0.038
     222.97     0.023
     224.25    -0.001
     225.54    -0.057
     226.83    -0.081
     228.12     0.020
     229.41     0.017
     230.69     0.102
     231.98    -0.092
     233.27    -0.066
     234.56    -0.017
     235.85     0.025
     237.14     0.009
     238.42    -0.083
     239.71     0.027
     241.00    -0.103
     242.29    -0.051
     243.58     0.011
     244.87    -0.004
     246.15     0.032
     247.44    -0.091
     248.73    -0.048
     250.02     0.045
     251.31    -0.090
     252.59    -0.032
     253.88    -0.063
     255.17     0.024
     256.46     0.008
     257.75    -0.112
     259.04    -0.002
     260.32     0.082
     261.61    -0.007
     262.90    -0.004
     264.19    -0.055
     265.48    -0.014
     266.77     0.087
     268.05    -0.054
     269.34    -0.029
     270.63    -0.066
     271.92    -0.037
     273.21     0.089
     274.49     0.039
     275.78     0.093
     277.07     0.006
     278.36     0.001
     279.65     0.064
     280.94     0.049
     282.22    -0.025
     283.51     0.039
     284.80    -0.028
     286.09     0.084
     287.38     0.115
     288.67     0.155
     289.95     0.095
     291.24    -0.026
     292.53    -0.059
     293.82    -0.106
     295.11    -0.093
     296.39    -0.046
     297.68     0.069
     298.97     0.039
     300.26     0.039
     301.55    -0.043
     302.84    -0.046
     304.12     0.045
     305.41     0.105
     306.70    -0.074
     307.99    -0.092
     309.28     0.051
     310.57     0.059
     311.85     0.001
     313.14    -0.039
     314.43    -0.002
     315.72    -0.025
     317.01     0.028
     318.29    -0.020
     319.58     0.016
     320.87    -0.058
     322.16    -0.016
     323.45     0.088
     324.74     0.069
     326.02    -0.011
     327.31    -0.024
     328.60    -0.074
     329.89    -0.064
     331.18    -0.043
     332.47    -0.002
     333.75     0.013
     335.04     0.054
     336.33     0.133
     337.62     0.130
     338.91    -0.001
     340.19    -0.023
     341.48     0.001
     342.77     0.086
     344.06     0.005
     345.35    -0.001
     346.64    -0.058
     347.92     0.051
     349.21     0.005
     350.50    -0.111
     351.79     0.023
     353.08     0.049
     354.37    -0.004
     355.65    -0.033
     356.94     0.058
     358.23     0.108
     359.52    -0.018
     360.81     0.017
     362.09     0.122
     363.38     0.029
     364.67    -0.136
     365.96    -0.022
     367.25    -0.001
     368.54    -0.044
     369.82     0.091
     371.11    -0.019
     372.40    -0.052
     373.69     0.078
     374.98    -0.042
     376.27    -0.042
     377.55    -0.056
     378.84    -0.012
     380.13    -0.028
     381.42    -0.042
     382.71    -0.048
     383.99    -0.093
     385.28    -0.100
     386.57    -0.003
     387.86    -0.023
     389.15     0.049
     390.44     0.050
     391.72    -0.011
     393.01     0.089
     394.30    -0.005
     395.59     0.078
     396.88     0.129
     398.17     0.058
     399.45    -0.004
%%GASS      0  datapoints: v_lsr [km/s] and T_B [K]
%%LAB     777  datapoints: v_lsr [km/s] and T_B [K]
    -399.83     0.003
    -398.80    -0.048
    -397.77     0.154
    -396.74     0.060
    -395.71     0.109
    -394.68    -0.067
    -393.65    -0.018
    -392.62    -0.146
    -391.59     0.063
    -390.56    -0.012
    -389.53     0.052
    -388.50    -0.070
    -387.47     0.034
    -386.44     0.043
    -385.41    -0.004
    -384.38    -0.084
    -383.35    -0.003
    -382.31     0.060
    -381.28     0.085
    -380.25    -0.048
    -379.22    -0.046
    -378.19    -0.051
    -377.16     0.072
    -376.13     0.066
    -375.10     0.045
    -374.07    -0.091
    -373.04     0.018
    -372.01     0.073
    -370.98     0.037
    -369.95    -0.102
    -368.92     0.090
    -367.89     0.188
    -366.86     0.100
    -365.83    -0.136
    -364.80    -0.140
    -363.77     0.039
    -362.74    -0.025
    -361.70    -0.184
    -360.67     0.055
    -359.64    -0.148
    -358.61     0.105
    -357.58    -0.031
    -356.55     0.070
    -355.52     0.072
    -354.49     0.009
    -353.46    -0.063
    -352.43    -0.042
    -351.40     0.069
    -350.37    -0.052
    -349.34     0.100
    -348.31     0.043
    -347.28    -0.025
    -346.25    -0.149
    -345.22    -0.103
    -344.19     0.064
    -343.16    -0.081
    -342.13    -0.009
    -341.09    -0.082
    -340.06     0.003
    -339.03    -0.087
    -338.00     0.073
    -336.97    -0.099
    -335.94     0.054
    -334.91     0.078
    -333.88    -0.012
    -332.85    -0.054
    -331.82     0.003
    -330.79     0.040
    -329.76     0.058
    -328.73    -0.012
    -327.70     0.043
    -326.67    -0.079
    -325.64    -0.105
    -324.61     0.016
    -323.58     0.046
    -322.55    -0.001
    -321.52     0.105
    -320.48    -0.016
    -319.45     0.140
    -318.42    -0.100
    -317.39     0.064
    -316.36    -0.139
    -315.33     0.133
    -314.30     0.105
    -313.27    -0.018
    -312.24    -0.040
    -311.21    -0.006
    -310.18     0.072
    -309.15     0.018
    -308.12    -0.164
    -307.09    -0.010
    -306.06    -0.155
    -305.03     0.146
    -304.00    -0.099
    -302.97    -0.060
    -301.94    -0.143
    -300.91     0.105
    -299.87     0.070
    -298.84    -0.122
    -297.81     0.045
    -296.78     0.012
    -295.75    -0.119
    -294.72     0.015
    -293.69     0.019
    -292.66     0.000
    -291.63    -0.030
    -290.60    -0.060
    -289.57     0.160
    -288.54     0.031
    -287.51    -0.001
    -286.48     0.073
    -285.45    -0.004
    -284.42     0.063
    -283.39     0.088
    -282.36     0.064
    -281.33    -0.160
    -280.30     0.057
    -279.26     0.046
    -278.23    -0.067
    -277.20    -0.116
    -276.17     0.102
    -275.14    -0.003
    -274.11     0.134
    -273.08    -0.110
    -272.05    -0.045
    -271.02    -0.030
    -269.99     0.028
    -268.96     0.090
    -267.93     0.048
    -266.90    -0.028
    -265.87    -0.024
    -264.84    -0.072
    -263.81     0.088
    -262.78     0.007
    -261.75    -0.036
    -260.72    -0.103
    -259.69    -0.015
    -258.65    -0.006
    -257.62    -0.037
    -256.59    -0.081
    -255.56    -0.039
    -254.53    -0.125
    -253.50     0.157
    -252.47     0.002
    -251.44     0.055
    -250.41    -0.096
    -249.38     0.043
    -248.35    -0.072
    -247.32     0.003
    -246.29     0.085
    -245.26     0.072
    -244.23    -0.084
    -243.20    -0.015
    -242.17    -0.040
    -241.14     0.060
    -240.11    -0.102
    -239.08     0.051
    -238.04     0.223
    -237.01     0.097
    -235.98    -0.015
    -234.95     0.099
    -233.92    -0.103
    -232.89    -0.016
    -231.86     0.055
    -230.83     0.034
    -229.80    -0.152
    -228.77     0.039
    -227.74     0.018
    -226.71    -0.034
    -225.68     0.030
    -224.65     0.169
    -223.62     0.067
    -222.59    -0.033
    -221.56     0.094
    -220.53    -0.115
    -219.50     0.167
    -218.47    -0.173
    -217.43    -0.072
    -216.40    -0.006
    -215.37     0.037
    -214.34     0.037
    -213.31     0.052
    -212.28     0.184
    -211.25     0.087
    -210.22     0.025
    -209.19     0.022
    -208.16     0.184
    -207.13    -0.001
    -206.10    -0.009
    -205.07    -0.208
    -204.04     0.003
    -203.01     0.070
    -201.98     0.167
    -200.95     0.154
    -199.92     0.040
    -198.89     0.002
    -197.86    -0.007
    -196.83    -0.096
    -195.79     0.172
    -194.76     0.046
    -193.73     0.058
    -192.70     0.025
    -191.67     0.015
    -190.64    -0.043
    -189.61    -0.037
    -188.58    -0.040
    -187.55    -0.042
    -186.52    -0.194
    -185.49    -0.094
    -184.46    -0.027
    -183.43     0.191
    -182.40     0.016
    -181.37    -0.021
    -180.34     0.108
    -179.31    -0.088
    -178.28     0.125
    -177.25     0.070
    -176.22    -0.042
    -175.18     0.037
    -174.15     0.036
    -173.12     0.021
    -172.09    -0.100
    -171.06    -0.049
    -170.03    -0.096
    -169.00    -0.099
    -167.97    -0.118
    -166.94     0.108
    -165.91    -0.124
    -164.88     0.036
    -163.85     0.016
    -162.82     0.067
    -161.79     0.081
    -160.76     0.127
    -159.73    -0.013
    -158.70     0.103
    -157.67     0.182
    -156.64     0.019
    -155.61    -0.084
    -154.57     0.031
    -153.54     0.072
    -152.51     0.108
    -151.48    -0.021
    -150.45    -0.084
    -149.42    -0.015
    -148.39     0.073
    -147.36     0.031
    -146.33    -0.040
    -145.30    -0.010
    -144.27     0.088
    -143.24     0.081
    -142.21     0.161
    -141.18     0.040
    -140.15     0.082
    -139.12     0.239
    -138.09     0.202
    -137.06     0.118
    -136.03     0.214
    -135.00     0.164
    -133.96     0.317
    -132.93     0.551
    -131.90     0.488
    -130.87     0.536
    -129.84     0.653
    -128.81     0.615
    -127.78     0.904
    -126.75     0.984
    -125.72     1.053
    -124.69     1.316
    -123.66     1.528
    -122.63     1.643
    -121.60     2.167
    -120.57     2.223
    -119.54     2.582
    -118.51     3.051
    -117.48     3.388
    -116.45     3.486
    -115.42     3.960
    -114.39     4.378
    -113.35     4.669
    -112.32     5.063
    -111.29     5.443
    -110.26     5.921
    -109.23     6.178
    -108.20     6.203
    -107.17     6.148
    -106.14     6.178
    -105.11     6.149
    -104.08     6.169
    -103.05     6.125
    -102.02     5.912
    -100.99     5.709
     -99.96     5.125
     -98.93     4.836
     -97.90     4.290
     -96.87     4.275
     -95.84     3.561
     -94.81     3.358
     -93.78     3.310
     -92.74     3.377
     -91.71     3.417
     -90.68     3.520
     -89.65     3.777
     -88.62     3.997
     -87.59     4.484
     -86.56     4.907
     -85.53     5.810
     -84.50     6.821
     -83.47     8.079
     -82.44     9.053
     -81.41    10.103
     -80.38    11.511
     -79.35    13.529
     -78.32    15.549
     -77.29    18.481
     -76.26    22.129
     -75.23    26.067
     -74.20    30.455
     -73.17    34.149
     -72.13    38.174
     -71.10    43.162
     -70.07    49.666
     -69.04    55.951
     -68.01    62.109
     -66.98    65.205
     -65.95    66.481
     -64.92    65.219
     -63.89    62.520
     -62.86    59.886
     -61.83    57.710
     -60.80    56.069
     -59.77    54.420
     -58.74    51.479
     -57.71    49.899
     -56.68    51.028
     -55.65    55.559
     -54.62    61.845
     -53.59    67.658
     -52.56    73.087
     -51.52    76.740
     -50.49    79.214
     -49.46    81.699
     -48.43    85.853
     -47.40    91.527
     -46.37    95.950
     -45.34    97.590
     -44.31    93.759
     -43.28    89.905
     -42.25    88.855
     -41.22    89.194
     -40.19    88.095
     -39.16    80.280
     -38.13    70.715
     -37.10    61.601
     -36.07    56.099
     -35.04    54.424
     -34.01    56.875
     -32.98    59.972
     -31.95    60.741
     -30.91    57.527
     -29.88    49.710
     -28.85    39.532
     -27.82    30.140
     -26.79    23.568
     -25.76    20.273
     -24.73    18.581
     -23.70    17.880
     -22.67    17.889
     -21.64    18.524
     -20.61    20.100
     -19.58    23.030
     -18.55    28.365
     -17.52    34.616
     -16.49    40.622
     -15.46    45.717
     -14.43    49.660
     -13.40    51.707
     -12.37    52.840
     -11.34    53.471
     -10.30    53.719
      -9.27    54.075
      -8.24    56.529
      -7.21    62.276
      -6.18    68.572
      -5.15    74.639
      -4.12    77.935
      -3.09    75.386
      -2.06    69.226
      -1.03    61.988
       0.00    57.879
       1.03    56.710
       2.06    58.605
       3.09    61.866
       4.12    64.078
       5.15    63.994
       6.18    59.550
       7.21    54.112
       8.24    45.273
       9.27    32.561
      10.30    21.831
      11.34    14.593
      12.37    10.200
      13.40     7.411
      14.43     5.652
      15.46     4.360
      16.49     3.353
      17.52     2.871
      18.55     2.001
      19.58     1.659
      20.61     1.374
      21.64     0.960
      22.67     0.718
      23.70     0.626
      24.73     0.571
      25.76     0.476
      26.79     0.415
      27.82     0.187
      28.85     0.290
      29.88     0.070
      30.91     0.212
      31.95    -0.007
      32.98     0.103
      34.01    -0.070
      35.04     0.215
      36.07     0.214
      37.10     0.112
      38.13    -0.028
      39.16     0.005
      40.19     0.139
      41.22     0.139
      42.25    -0.009
      43.28     0.058
      44.31    -0.110
      45.34     0.335
      46.37     0.191
      47.40     0.087
      48.43     0.054
      49.46    -0.122
      50.49    -0.028
      51.52    -0.003
      52.56     0.015
      53.59     0.048
      54.62    -0.046
      55.65     0.022
      56.68    -0.130
      57.71    -0.009
      58.74    -0.090
      59.77     0.093
      60.80     0.067
      61.83     0.111
      62.86     0.005
      63.89     0.073
      64.92     0.006
      65.95     0.109
      66.98     0.125
      68.01     0.139
      69.04     0.007
      70.07     0.067
      71.10    -0.054
      72.13    -0.148
      73.17     0.114
      74.20     0.096
      75.23     0.131
      76.26     0.010
      77.29     0.061
      78.32     0.102
      79.35     0.121
      80.38     0.176
      81.41    -0.066
      82.44    -0.018
      83.47     0.055
      84.50     0.052
      85.53    -0.051
      86.56     0.143
      87.59     0.105
      88.62    -0.018
      89.65     0.005
      90.68    -0.090
      91.71    -0.154
      92.74     0.117
      93.78     0.052
      94.81     0.057
      95.84     0.166
      96.87    -0.039
      97.90     0.021
      98.93    -0.019
      99.96    -0.090
     100.99     0.112
     102.02     0.003
     103.05     0.055
     104.08    -0.039
     105.11     0.066
     106.14    -0.028
     107.17     0.102
     108.20    -0.007
     109.23     0.036
     110.26     0.069
     111.29     0.043
     112.32    -0.093
     113.35     0.048
     114.39     0.027
     115.42     0.067
     116.45    -0.013
     117.48    -0.018
     118.51     0.010
     119.54     0.093
     120.57    -0.079
     121.60     0.111
     122.63     0.009
     123.66    -0.037
     124.69    -0.028
     125.72    -0.166
     126.75     0.108
     127.78     0.055
     128.81     0.022
     129.84    -0.043
     130.87     0.034
     131.90     0.146
     132.93    -0.139
     133.96     0.009
     135.00    -0.040
     136.03     0.088
     137.06    -0.100
     138.09     0.049
     139.12     0.154
     140.15    -0.084
     141.18    -0.010
     142.21     0.006
     143.24     0.018
     144.27    -0.182
     145.30    -0.022
     146.33     0.003
     147.36     0.022
     148.39     0.084
     149.42     0.105
     150.45     0.124
     151.48     0.054
     152.51    -0.097
     153.54    -0.061
     154.57     0.010
     155.61     0.015
     156.64    -0.236
     157.67     0.054
     158.70     0.013
     159.73    -0.076
     160.76    -0.037
     161.79    -0.022
     162.82     0.151
     163.85    -0.060
     164.88     0.028
     165.91     0.043
     166.94    -0.040
     167.97     0.093
     169.00     0.063
     170.03     0.012
     171.06    -0.078
     172.09    -0.036
     173.12    -0.072
     174.15    -0.070
     175.18    -0.016
     176.22     0.016
     177.25    -0.036
     178.28    -0.115
     179.31    -0.027
     180.34     0.022
     181.37    -0.091
     182.40    -0.025
     183.43     0.003
     184.46    -0.052
     185.49    -0.090
     186.52     0.052
     187.55     0.024
     188.58     0.031
     189.61     0.096
     190.64    -0.194
     191.67    -0.140
     192.70    -0.087
     193.73    -0.027
     194.76    -0.158
     195.79    -0.293
     196.83     0.018
     197.86    -0.039
     198.89     0.006
     199.92    -0.009
     200.95     0.114
     201.98     0.211
     203.01    -0.060
     204.04    -0.078
     205.07    -0.045
     206.10    -0.012
     207.13    -0.019
     208.16    -0.073
     209.19     0.051
     210.22    -0.024
     211.25    -0.003
     212.28     0.066
     213.31    -0.055
     214.34    -0.131
     215.37    -0.091
     216.40     0.172
     217.43    -0.001
     218.47    -0.019
     219.50    -0.091
     220.53     0.155
     221.56     0.051
     222.59    -0.030
     223.62    -0.054
     224.65     0.202
     225.68     0.127
     226.71     0.070
     227.74     0.100
     228.77     0.043
     229.80    -0.051
     230.83     0.167
     231.86     0.155
     232.89     0.009
     233.92    -0.040
     234.95    -0.022
     235.98    -0.016
     237.01    -0.039
     238.04     0.039
     239.08    -0.025
     240.11    -0.070
     241.14     0.061
     242.17     0.045
     243.20     0.052
     244.23     0.007
     245.26    -0.052
     246.29    -0.158
     247.32     0.030
     248.35     0.069
     249.38    -0.131
     250.41    -0.057
     251.44     0.064
     252.47     0.076
     253.50     0.075
     254.53     0.173
     255.56     0.102
     256.59     0.079
     257.62    -0.018
     258.65    -0.055
     259.69     0.043
     260.72    -0.025
     261.75     0.125
     262.78    -0.036
     263.81    -0.042
     264.84     0.133
     265.87    -0.055
     266.90    -0.121
     267.93     0.031
     268.96     0.154
     269.99     0.006
     271.02    -0.007
     272.05    -0.036
     273.08    -0.018
     274.11     0.006
     275.14    -0.142
     276.17    -0.049
     277.20    -0.139
     278.23     0.027
     279.26    -0.079
     280.30     0.040
     281.33     0.010
     282.36     0.076
     283.39    -0.073
     284.42     0.111
     285.45    -0.078
     286.48    -0.161
     287.51    -0.061
     288.54    -0.170
     289.57    -0.018
     290.60     0.036
     291.63    -0.013
     292.66    -0.093
     293.69     0.005
     294.72     0.070
     295.75    -0.079
     296.78     0.078
     297.81    -0.043
     298.84    -0.034
     299.87     0.058
     300.91    -0.109
     301.94    -0.051
     302.97     0.118
     304.00     0.006
     305.03     0.028
     306.06    -0.100
     307.09     0.052
     308.12     0.130
     309.15    -0.061
     310.18     0.015
     311.21     0.218
     312.24    -0.028
     313.27     0.085
     314.30     0.134
     315.33     0.028
     316.36     0.099
     317.39     0.078
     318.42    -0.046
     319.45    -0.057
     320.48     0.054
     321.52     0.081
     322.55    -0.136
     323.58     0.075
     324.61    -0.208
     325.64     0.051
     326.67     0.069
     327.70     0.139
     328.73     0.042
     329.76    -0.084
     330.79    -0.028
     331.82     0.085
     332.85    -0.027
     333.88     0.102
     334.91    -0.039
     335.94    -0.143
     336.97     0.049
     338.00     0.123
     339.03     0.033
     340.06     0.066
     341.09    -0.091
     342.13     0.037
     343.16    -0.167
     344.19     0.006
     345.22     0.034
     346.25    -0.102
     347.28    -0.102
     348.31    -0.015
     349.34     0.042
     350.37     0.143
     351.40    -0.042
     352.43     0.167
     353.46    -0.028
     354.49     0.081
     355.52    -0.130
     356.55     0.093
     357.58    -0.122
     358.61     0.006
     359.64     0.028
     360.67     0.145
     361.70    -0.145
     362.74    -0.066
     363.77    -0.055
     364.80    -0.078
     365.83    -0.054
     366.86     0.136
     367.89    -0.108
     368.92     0.018
     369.95    -0.133
     370.98     0.021
     372.01    -0.099
     373.04     0.127
     374.07     0.007
     375.10    -0.013
     376.13    -0.039
     377.16    -0.021
     378.19     0.060
     379.22     0.024
     380.25    -0.202
     381.28     0.061
     382.31     0.063
     383.35    -0.012
     384.38    -0.070
     385.41     0.320
     386.44     0.235
     387.47    -0.039
     388.50    -0.043
     389.53     0.154
     390.56     0.145
     391.59     0.069
     392.62    -0.148
     393.65     0.200
     394.68     0.109
     395.71     0.040
     396.74     0.106
     397.77     0.018
     398.80    -0.034
     399.83     0.055
