%%  100.00000  -2.50000    0   0.20000
% LAB  survey ------------------
% wanted position:  l, b, RA, DEC, and interpolated  NH
%100.00 ;  -2.50 ; 332.52 ;  53.03 ;  0.387E+22
% nearest position: l, b, RA, DEC, and observed NH
%100.00 ;  -2.50 ; 332.52 ;  53.03 ;  0.387E+22
% GASS III survey --------------
% NH - median within 6 arcmin radius   0.00    
% NH - mean within specified beam      0.00    
% EBHIS survey -----------------
% NH  within specified beam           0.394E+22
%%EBHIS   621  datapoints: v_lsr [km/s] and T_B [K]
    -399.25    -0.028
    -397.96    -0.075
    -396.68    -0.033
    -395.39     0.054
    -394.10     0.068
    -392.81    -0.042
    -391.52    -0.069
    -390.23    -0.058
    -388.95    -0.025
    -387.66    -0.046
    -386.37     0.009
    -385.08     0.036
    -383.79    -0.117
    -382.50    -0.058
    -381.22     0.034
    -379.93    -0.012
    -378.64    -0.034
    -377.35    -0.023
    -376.06    -0.016
    -374.78     0.077
    -373.49    -0.005
    -372.20    -0.027
    -370.91    -0.045
    -369.62     0.038
    -368.33     0.019
    -367.05     0.012
    -365.76     0.031
    -364.47    -0.129
    -363.18    -0.071
    -361.89    -0.055
    -360.60    -0.070
    -359.32     0.004
    -358.03     0.002
    -356.74    -0.043
    -355.45    -0.018
    -354.16     0.080
    -352.88     0.113
    -351.59     0.029
    -350.30    -0.035
    -349.01     0.014
    -347.72    -0.047
    -346.43     0.043
    -345.15     0.008
    -343.86     0.030
    -342.57    -0.024
    -341.28    -0.008
    -339.99    -0.050
    -338.70     0.019
    -337.42    -0.016
    -336.13     0.022
    -334.84     0.087
    -333.55     0.067
    -332.26     0.004
    -330.98    -0.061
    -329.69     0.078
    -328.40     0.118
    -327.11    -0.022
    -325.82     0.003
    -324.53     0.033
    -323.25    -0.054
    -321.96    -0.001
    -320.67    -0.001
    -319.38    -0.120
    -318.09    -0.051
    -316.80    -0.019
    -315.52     0.039
    -314.23     0.008
    -312.94     0.052
    -311.65     0.041
    -310.36     0.011
    -309.08    -0.008
    -307.79     0.017
    -306.50     0.059
    -305.21    -0.082
    -303.92     0.000
    -302.63     0.056
    -301.35     0.033
    -300.06     0.023
    -298.77    -0.011
    -297.48    -0.044
    -296.19    -0.052
    -294.90    -0.007
    -293.62     0.055
    -292.33    -0.010
    -291.04     0.001
    -289.75    -0.029
    -288.46     0.033
    -287.18     0.079
    -285.89    -0.039
    -284.60    -0.085
    -283.31     0.106
    -282.02    -0.020
    -280.73    -0.071
    -279.45    -0.053
    -278.16     0.030
    -276.87    -0.019
    -275.58    -0.035
    -274.29     0.032
    -273.00     0.013
    -271.72     0.030
    -270.43     0.054
    -269.14     0.043
    -267.85    -0.000
    -266.56    -0.002
    -265.28    -0.021
    -263.99     0.005
    -262.70     0.020
    -261.41    -0.049
    -260.12    -0.087
    -258.83    -0.062
    -257.55    -0.081
    -256.26     0.035
    -254.97    -0.010
    -253.68     0.006
    -252.39    -0.022
    -251.10     0.024
    -249.82    -0.038
    -248.53     0.010
    -247.24    -0.013
    -245.95    -0.000
    -244.66     0.008
    -243.38    -0.025
    -242.09    -0.014
    -240.80    -0.000
    -239.51     0.026
    -238.22     0.075
    -236.93     0.058
    -235.65     0.050
    -234.36    -0.038
    -233.07    -0.021
    -231.78    -0.006
    -230.49     0.049
    -229.20     0.070
    -227.92     0.003
    -226.63     0.104
    -225.34    -0.051
    -224.05    -0.077
    -222.76     0.007
    -221.48    -0.028
    -220.19    -0.134
    -218.90    -0.049
    -217.61    -0.001
    -216.32    -0.046
    -215.03    -0.072
    -213.75    -0.070
    -212.46     0.004
    -211.17     0.013
    -209.88    -0.047
    -208.59     0.055
    -207.30    -0.003
    -206.02    -0.023
    -204.73    -0.077
    -203.44    -0.049
    -202.15    -0.011
    -200.86     0.013
    -199.58     0.021
    -198.29     0.043
    -197.00     0.036
    -195.71     0.044
    -194.42     0.106
    -193.13    -0.071
    -191.85     0.003
    -190.56     0.045
    -189.27     0.103
    -187.98     0.091
    -186.69     0.024
    -185.40     0.023
    -184.12    -0.008
    -182.83    -0.089
    -181.54    -0.003
    -180.25     0.046
    -178.96     0.095
    -177.68     0.084
    -176.39     0.140
    -175.10     0.061
    -173.81     0.036
    -172.52     0.065
    -171.23     0.059
    -169.95    -0.014
    -168.66    -0.004
    -167.37     0.069
    -166.08     0.054
    -164.79     0.139
    -163.50     0.148
    -162.22     0.120
    -160.93    -0.015
    -159.64     0.060
    -158.35     0.037
    -157.06     0.016
    -155.78     0.094
    -154.49     0.054
    -153.20     0.091
    -151.91     0.188
    -150.62     0.098
    -149.33     0.061
    -148.05     0.070
    -146.76     0.112
    -145.47     0.179
    -144.18     0.224
    -142.89     0.174
    -141.60     0.219
    -140.32     0.302
    -139.03     0.277
    -137.74     0.238
    -136.45     0.238
    -135.16     0.244
    -133.88     0.277
    -132.59     0.283
    -131.30     0.324
    -130.01     0.310
    -128.72     0.355
    -127.43     0.512
    -126.15     0.587
    -124.86     0.468
    -123.57     0.433
    -122.28     0.514
    -120.99     0.562
    -119.70     0.657
    -118.42     0.782
    -117.13     0.917
    -115.84     0.992
    -114.55     1.119
    -113.26     1.317
    -111.98     1.532
    -110.69     1.867
    -109.40     2.077
    -108.11     2.387
    -106.82     2.788
    -105.53     3.075
    -104.25     3.472
    -102.96     4.093
    -101.67     4.853
    -100.38     5.862
     -99.09     6.270
     -97.80     6.096
     -96.52     5.504
     -95.23     4.813
     -93.94     4.250
     -92.65     3.821
     -91.36     3.589
     -90.08     3.349
     -88.79     3.144
     -87.50     3.042
     -86.21     3.103
     -84.92     3.239
     -83.63     3.425
     -82.35     3.561
     -81.06     3.736
     -79.77     4.124
     -78.48     4.795
     -77.19     5.430
     -75.90     6.274
     -74.62     7.275
     -73.33     8.273
     -72.04     9.396
     -70.75    10.238
     -69.46    11.062
     -68.18    11.677
     -66.89    12.699
     -65.60    14.074
     -64.31    15.789
     -63.02    17.532
     -61.73    19.265
     -60.45    20.323
     -59.16    20.576
     -57.87    20.075
     -56.58    19.384
     -55.29    19.130
     -54.00    18.657
     -52.72    17.720
     -51.43    16.520
     -50.14    15.595
     -48.85    14.844
     -47.56    14.333
     -46.28    13.910
     -44.99    13.333
     -43.70    13.021
     -42.41    12.481
     -41.12    12.292
     -39.83    12.499
     -38.55    12.947
     -37.26    13.569
     -35.97    14.692
     -34.68    16.706
     -33.39    19.586
     -32.10    23.913
     -30.82    28.688
     -29.53    32.329
     -28.24    34.897
     -26.95    38.096
     -25.66    42.065
     -24.38    43.884
     -23.09    42.466
     -21.80    38.274
     -20.51    33.172
     -19.22    28.295
     -17.93    24.358
     -16.65    21.187
     -15.36    18.871
     -14.07    17.922
     -12.78    18.044
     -11.49    18.380
     -10.20    18.512
      -8.92    18.903
      -7.63    19.422
      -6.34    20.556
      -5.05    22.585
      -3.76    26.969
      -2.48    35.869
      -1.19    47.109
       0.10    54.994
       1.39    54.111
       2.68    50.713
       3.97    47.571
       5.25    41.925
       6.54    32.581
       7.83    21.144
       9.12    12.412
      10.41     8.104
      11.70     5.355
      12.98     3.631
      14.27     2.639
      15.56     1.848
      16.85     1.451
      18.14     1.166
      19.42     0.985
      20.71     0.848
      22.00     0.866
      23.29     0.843
      24.58     0.781
      25.87     0.677
      27.15     0.537
      28.44     0.529
      29.73     0.442
      31.02     0.285
      32.31     0.197
      33.60     0.158
      34.88     0.106
      36.17     0.111
      37.46     0.067
      38.75     0.039
      40.04    -0.002
      41.32     0.029
      42.61    -0.028
      43.90     0.028
      45.19     0.030
      46.48    -0.017
      47.77     0.019
      49.05     0.033
      50.34    -0.009
      51.63    -0.053
      52.92     0.020
      54.21     0.039
      55.50    -0.048
      56.78    -0.010
      58.07     0.029
      59.36    -0.060
      60.65    -0.016
      61.94     0.001
      63.22    -0.013
      64.51    -0.033
      65.80     0.039
      67.09    -0.035
      68.38     0.026
      69.67     0.018
      70.95     0.016
      72.24     0.042
      73.53    -0.041
      74.82    -0.043
      76.11    -0.031
      77.40     0.032
      78.68     0.042
      79.97    -0.000
      81.26    -0.026
      82.55     0.012
      83.84    -0.026
      85.12     0.022
      86.41    -0.026
      87.70    -0.022
      88.99    -0.021
      90.28     0.008
      91.57    -0.002
      92.85     0.017
      94.14    -0.029
      95.43    -0.014
      96.72    -0.043
      98.01    -0.046
      99.30     0.045
     100.58     0.048
     101.87     0.032
     103.16     0.051
     104.45     0.091
     105.74     0.062
     107.02    -0.004
     108.31     0.019
     109.60     0.023
     110.89     0.128
     112.18     0.134
     113.47     0.096
     114.75     0.053
     116.04     0.029
     117.33    -0.026
     118.62     0.015
     119.91     0.018
     121.20    -0.007
     122.48     0.020
     123.77     0.041
     125.06     0.028
     126.35    -0.007
     127.64     0.009
     128.92    -0.014
     130.21     0.071
     131.50     0.065
     132.79    -0.010
     134.08     0.063
     135.37    -0.037
     136.65     0.017
     137.94     0.010
     139.23     0.053
     140.52    -0.023
     141.81    -0.024
     143.09     0.054
     144.38     0.032
     145.67     0.015
     146.96     0.012
     148.25     0.034
     149.54    -0.028
     150.82    -0.015
     152.11     0.026
     153.40     0.007
     154.69    -0.027
     155.98    -0.034
     157.27     0.025
     158.55    -0.017
     159.84    -0.059
     161.13    -0.080
     162.42    -0.063
     163.71    -0.008
     164.99     0.029
     166.28     0.007
     167.57     0.010
     168.86     0.059
     170.15     0.020
     171.44    -0.046
     172.72    -0.048
     174.01    -0.044
     175.30     0.089
     176.59    -0.036
     177.88    -0.025
     179.17     0.048
     180.45     0.072
     181.74     0.042
     183.03    -0.012
     184.32    -0.034
     185.61     0.118
     186.89     0.038
     188.18    -0.020
     189.47    -0.013
     190.76     0.021
     192.05     0.018
     193.34     0.011
     194.62     0.015
     195.91     0.015
     197.20     0.026
     198.49     0.012
     199.78     0.080
     201.07     0.012
     202.35    -0.057
     203.64    -0.024
     204.93     0.007
     206.22    -0.039
     207.51    -0.053
     208.79    -0.076
     210.08    -0.028
     211.37    -0.022
     212.66    -0.050
     213.95     0.029
     215.24    -0.005
     216.52     0.023
     217.81    -0.025
     219.10    -0.073
     220.39    -0.048
     221.68    -0.023
     222.97    -0.019
     224.25     0.015
     225.54     0.034
     226.83    -0.022
     228.12    -0.032
     229.41     0.029
     230.69    -0.102
     231.98     0.001
     233.27    -0.017
     234.56     0.076
     235.85    -0.000
     237.14     0.008
     238.42    -0.028
     239.71    -0.060
     241.00    -0.016
     242.29     0.003
     243.58    -0.021
     244.87    -0.041
     246.15    -0.002
     247.44     0.035
     248.73     0.025
     250.02     0.004
     251.31    -0.011
     252.59    -0.027
     253.88     0.046
     255.17    -0.016
     256.46     0.049
     257.75     0.051
     259.04     0.023
     260.32    -0.011
     261.61    -0.081
     262.90    -0.035
     264.19     0.104
     265.48     0.068
     266.77    -0.003
     268.05    -0.007
     269.34     0.115
     270.63     0.061
     271.92     0.003
     273.21     0.061
     274.49    -0.011
     275.78    -0.005
     277.07     0.028
     278.36    -0.024
     279.65    -0.035
     280.94     0.014
     282.22    -0.025
     283.51     0.056
     284.80    -0.046
     286.09     0.044
     287.38    -0.094
     288.67     0.061
     289.95     0.075
     291.24     0.052
     292.53     0.004
     293.82     0.024
     295.11    -0.019
     296.39    -0.034
     297.68    -0.003
     298.97     0.031
     300.26     0.060
     301.55    -0.007
     302.84    -0.023
     304.12    -0.032
     305.41     0.030
     306.70     0.021
     307.99    -0.023
     309.28    -0.042
     310.57    -0.024
     311.85    -0.052
     313.14    -0.005
     314.43    -0.082
     315.72    -0.058
     317.01     0.047
     318.29    -0.005
     319.58    -0.013
     320.87     0.027
     322.16     0.053
     323.45    -0.012
     324.74    -0.016
     326.02    -0.006
     327.31     0.000
     328.60    -0.019
     329.89    -0.013
     331.18    -0.028
     332.47     0.016
     333.75    -0.015
     335.04    -0.079
     336.33    -0.039
     337.62    -0.013
     338.91    -0.056
     340.19    -0.019
     341.48     0.032
     342.77     0.041
     344.06    -0.047
     345.35     0.002
     346.64    -0.018
     347.92     0.018
     349.21     0.031
     350.50    -0.003
     351.79     0.048
     353.08    -0.009
     354.37    -0.082
     355.65    -0.023
     356.94    -0.025
     358.23    -0.001
     359.52    -0.035
     360.81     0.013
     362.09    -0.056
     363.38    -0.024
     364.67     0.044
     365.96    -0.031
     367.25    -0.060
     368.54    -0.003
     369.82    -0.047
     371.11    -0.038
     372.40    -0.026
     373.69     0.056
     374.98     0.049
     376.27     0.068
     377.55     0.041
     378.84     0.031
     380.13    -0.005
     381.42    -0.089
     382.71    -0.007
     383.99     0.025
     385.28    -0.028
     386.57     0.032
     387.86     0.038
     389.15    -0.069
     390.44     0.009
     391.72     0.015
     393.01     0.053
     394.30     0.012
     395.59     0.084
     396.88     0.008
     398.17     0.000
     399.45    -0.029
%%GASS      0  datapoints: v_lsr [km/s] and T_B [K]
%%LAB     777  datapoints: v_lsr [km/s] and T_B [K]
    -399.84     0.191
    -398.81     0.052
    -397.78     0.005
    -396.75     0.040
    -395.72    -0.088
    -394.69    -0.075
    -393.66     0.134
    -392.63    -0.043
    -391.59     0.049
    -390.56     0.018
    -389.53     0.048
    -388.50     0.029
    -387.47    -0.124
    -386.44     0.041
    -385.41     0.186
    -384.38     0.069
    -383.35     0.082
    -382.32    -0.060
    -381.29    -0.100
    -380.26     0.015
    -379.23    -0.002
    -378.20     0.006
    -377.17    -0.150
    -376.14     0.070
    -375.11     0.150
    -374.08     0.097
    -373.05     0.003
    -372.02     0.156
    -370.98     0.018
    -369.95    -0.104
    -368.92     0.156
    -367.89    -0.103
    -366.86     0.086
    -365.83     0.067
    -364.80     0.061
    -363.77    -0.013
    -362.74    -0.062
    -361.71    -0.013
    -360.68    -0.013
    -359.65    -0.115
    -358.62     0.120
    -357.59    -0.024
    -356.56    -0.058
    -355.53     0.024
    -354.50    -0.019
    -353.47     0.118
    -352.44     0.013
    -351.40    -0.036
    -350.37    -0.036
    -349.34    -0.062
    -348.31    -0.023
    -347.28    -0.028
    -346.25    -0.131
    -345.22    -0.037
    -344.19    -0.211
    -343.16     0.129
    -342.13     0.108
    -341.10    -0.087
    -340.07    -0.014
    -339.04    -0.206
    -338.01     0.083
    -336.98    -0.143
    -335.95     0.046
    -334.92     0.040
    -333.89     0.040
    -332.86    -0.017
    -331.83     0.168
    -330.79    -0.008
    -329.76     0.001
    -328.73     0.017
    -327.70     0.049
    -326.67    -0.071
    -325.64    -0.040
    -324.61     0.022
    -323.58    -0.023
    -322.55     0.032
    -321.52     0.105
    -320.49    -0.046
    -319.46     0.170
    -318.43    -0.058
    -317.40     0.071
    -316.37     0.105
    -315.34     0.067
    -314.31     0.031
    -313.28     0.062
    -312.25    -0.032
    -311.21    -0.033
    -310.18     0.138
    -309.15     0.095
    -308.12    -0.126
    -307.09    -0.039
    -306.06    -0.002
    -305.03    -0.101
    -304.00    -0.004
    -302.97    -0.121
    -301.94    -0.028
    -300.91     0.061
    -299.88     0.089
    -298.85    -0.079
    -297.82     0.071
    -296.79     0.006
    -295.76    -0.006
    -294.73     0.068
    -293.70    -0.022
    -292.67    -0.190
    -291.64    -0.107
    -290.60    -0.002
    -289.57    -0.089
    -288.54     0.019
    -287.51     0.100
    -286.48     0.072
    -285.45     0.013
    -284.42    -0.023
    -283.39    -0.001
    -282.36     0.014
    -281.33    -0.042
    -280.30    -0.086
    -279.27    -0.165
    -278.24    -0.024
    -277.21    -0.089
    -276.18     0.002
    -275.15     0.082
    -274.12     0.201
    -273.09    -0.053
    -272.06     0.029
    -271.02     0.039
    -269.99    -0.051
    -268.96    -0.098
    -267.93     0.026
    -266.90    -0.002
    -265.87     0.112
    -264.84     0.012
    -263.81     0.088
    -262.78    -0.033
    -261.75     0.014
    -260.72     0.017
    -259.69     0.278
    -258.66    -0.135
    -257.63     0.067
    -256.60    -0.072
    -255.57    -0.091
    -254.54    -0.078
    -253.51     0.072
    -252.48    -0.034
    -251.45    -0.027
    -250.41     0.009
    -249.38    -0.031
    -248.35     0.085
    -247.32     0.054
    -246.29    -0.052
    -245.26     0.007
    -244.23     0.040
    -243.20    -0.126
    -242.17    -0.067
    -241.14    -0.078
    -240.11    -0.039
    -239.08    -0.042
    -238.05     0.070
    -237.02     0.048
    -235.99    -0.002
    -234.96     0.024
    -233.93     0.190
    -232.90     0.110
    -231.87     0.197
    -230.83     0.012
    -229.80    -0.014
    -228.77     0.039
    -227.74    -0.092
    -226.71     0.076
    -225.68    -0.133
    -224.65     0.043
    -223.62     0.020
    -222.59    -0.071
    -221.56    -0.013
    -220.53    -0.096
    -219.50     0.021
    -218.47    -0.088
    -217.44    -0.046
    -216.41    -0.016
    -215.38    -0.014
    -214.35    -0.050
    -213.32    -0.093
    -212.29     0.011
    -211.26    -0.125
    -210.22    -0.065
    -209.19     0.120
    -208.16     0.212
    -207.13    -0.033
    -206.10     0.061
    -205.07    -0.224
    -204.04     0.005
    -203.01     0.024
    -201.98     0.052
    -200.95     0.017
    -199.92     0.079
    -198.89    -0.051
    -197.86     0.058
    -196.83     0.056
    -195.80     0.071
    -194.77     0.096
    -193.74    -0.083
    -192.71    -0.127
    -191.68    -0.096
    -190.64     0.116
    -189.61     0.081
    -188.58    -0.039
    -187.55     0.149
    -186.52    -0.055
    -185.49    -0.117
    -184.46     0.077
    -183.43     0.043
    -182.40     0.045
    -181.37    -0.098
    -180.34     0.025
    -179.31     0.146
    -178.28    -0.134
    -177.25     0.009
    -176.22     0.153
    -175.19     0.113
    -174.16     0.087
    -173.13    -0.022
    -172.10    -0.049
    -171.07     0.072
    -170.03     0.043
    -169.00     0.170
    -167.97     0.092
    -166.94     0.052
    -165.91     0.045
    -164.88     0.090
    -163.85     0.174
    -162.82     0.130
    -161.79     0.106
    -160.76     0.064
    -159.73     0.042
    -158.70     0.319
    -157.67     0.016
    -156.64     0.172
    -155.61     0.252
    -154.58     0.111
    -153.55     0.044
    -152.52     0.245
    -151.49     0.285
    -150.45     0.071
    -149.42     0.065
    -148.39     0.310
    -147.36     0.134
    -146.33     0.087
    -145.30     0.167
    -144.27     0.183
    -143.24     0.027
    -142.21     0.276
    -141.18     0.239
    -140.15     0.284
    -139.12     0.249
    -138.09     0.343
    -137.06     0.330
    -136.03     0.452
    -135.00     0.317
    -133.97     0.308
    -132.94     0.248
    -131.91     0.370
    -130.88     0.535
    -129.84     0.568
    -128.81     0.570
    -127.78     0.366
    -126.75     0.327
    -125.72     0.540
    -124.69     0.413
    -123.66     0.935
    -122.63     0.659
    -121.60     0.781
    -120.57     0.797
    -119.54     0.907
    -118.51     0.984
    -117.48     1.047
    -116.45     1.226
    -115.42     1.167
    -114.39     1.441
    -113.36     1.539
    -112.33     1.654
    -111.30     1.937
    -110.26     2.296
    -109.23     2.320
    -108.20     2.658
    -107.17     2.907
    -106.14     3.012
    -105.11     3.404
    -104.08     3.814
    -103.05     4.014
    -102.02     4.369
    -100.99     4.839
     -99.96     5.195
     -98.93     5.631
     -97.90     5.510
     -96.87     5.438
     -95.84     5.351
     -94.81     4.908
     -93.78     4.775
     -92.75     4.396
     -91.72     4.171
     -90.69     4.002
     -89.65     3.847
     -88.62     3.874
     -87.59     3.596
     -86.56     3.585
     -85.53     3.529
     -84.50     3.649
     -83.47     3.591
     -82.44     3.957
     -81.41     4.080
     -80.38     3.884
     -79.35     4.157
     -78.32     4.474
     -77.29     4.840
     -76.26     5.304
     -75.23     5.652
     -74.20     6.306
     -73.17     7.028
     -72.14     7.715
     -71.11     8.455
     -70.07     9.044
     -69.04     9.566
     -68.01    10.214
     -66.98    10.945
     -65.95    12.070
     -64.92    13.002
     -63.89    14.077
     -62.86    15.316
     -61.83    16.572
     -60.80    17.306
     -59.77    18.574
     -58.74    18.980
     -57.71    19.235
     -56.68    19.318
     -55.65    19.225
     -54.62    19.108
     -53.59    19.177
     -52.56    19.083
     -51.53    18.457
     -50.50    17.776
     -49.46    16.950
     -48.43    15.868
     -47.40    15.453
     -46.37    14.979
     -45.34    14.656
     -44.31    14.251
     -43.28    14.181
     -42.25    13.647
     -41.22    13.621
     -40.19    13.399
     -39.16    13.699
     -38.13    14.392
     -37.10    15.401
     -36.07    17.028
     -35.04    18.508
     -34.01    19.980
     -32.98    21.944
     -31.95    24.648
     -30.92    28.275
     -29.88    31.897
     -28.85    34.386
     -27.82    35.254
     -26.79    35.336
     -25.76    35.248
     -24.73    35.004
     -23.70    33.550
     -22.67    31.625
     -21.64    29.179
     -20.61    26.977
     -19.58    24.612
     -18.55    22.571
     -17.52    20.672
     -16.49    19.715
     -15.46    19.129
     -14.43    19.610
     -13.40    20.152
     -12.37    20.792
     -11.34    21.037
     -10.31    21.063
      -9.27    20.809
      -8.24    21.219
      -7.21    21.374
      -6.18    22.122
      -5.15    23.221
      -4.12    25.558
      -3.09    29.957
      -2.06    37.542
      -1.03    46.151
       0.00    52.969
       1.03    54.779
       2.06    52.807
       3.09    50.039
       4.12    46.560
       5.15    40.783
       6.18    35.233
       7.21    27.464
       8.24    18.616
       9.27    12.039
      10.31     8.349
      11.34     6.036
      12.37     4.606
      13.40     3.508
      14.43     2.861
      15.46     2.107
      16.49     1.695
      17.52     1.381
      18.55     1.216
      19.58     1.090
      20.61     0.816
      21.64     0.588
      22.67     0.564
      23.70     0.580
      24.73     0.668
      25.76     0.520
      26.79     0.506
      27.82     0.436
      28.85     0.483
      29.88     0.374
      30.92     0.225
      31.95     0.310
      32.98     0.337
      34.01     0.279
      35.04     0.175
      36.07     0.280
      37.10     0.168
      38.13     0.018
      39.16     0.301
      40.19     0.014
      41.22     0.229
      42.25    -0.066
      43.28     0.079
      44.31     0.041
      45.34     0.136
      46.37     0.208
      47.40     0.297
      48.43     0.024
      49.46     0.284
      50.50     0.094
      51.53     0.290
      52.56     0.112
      53.59     0.209
      54.62     0.021
      55.65     0.137
      56.68    -0.014
      57.71     0.185
      58.74    -0.028
      59.77     0.050
      60.80    -0.164
      61.83     0.096
      62.86     0.001
      63.89     0.123
      64.92    -0.005
      65.95     0.165
      66.98     0.019
      68.01     0.111
      69.04    -0.007
      70.07    -0.031
      71.11    -0.080
      72.14     0.073
      73.17    -0.054
      74.20    -0.013
      75.23    -0.065
      76.26    -0.111
      77.29    -0.021
      78.32     0.059
      79.35     0.012
      80.38    -0.005
      81.41    -0.021
      82.44     0.079
      83.47    -0.055
      84.50     0.105
      85.53    -0.047
      86.56     0.184
      87.59    -0.045
      88.62     0.060
      89.65    -0.085
      90.69    -0.009
      91.72    -0.140
      92.75     0.022
      93.78    -0.010
      94.81     0.044
      95.84    -0.033
      96.87    -0.014
      97.90     0.077
      98.93     0.040
      99.96     0.026
     100.99    -0.117
     102.02    -0.016
     103.05    -0.025
     104.08     0.018
     105.11     0.062
     106.14     0.014
     107.17    -0.043
     108.20     0.001
     109.23     0.069
     110.26     0.012
     111.30     0.076
     112.33    -0.009
     113.36    -0.030
     114.39    -0.009
     115.42     0.056
     116.45     0.016
     117.48    -0.001
     118.51    -0.006
     119.54    -0.111
     120.57     0.018
     121.60     0.027
     122.63     0.076
     123.66    -0.023
     124.69    -0.016
     125.72     0.029
     126.75    -0.037
     127.78    -0.096
     128.81    -0.044
     129.84    -0.073
     130.88     0.125
     131.91     0.051
     132.94    -0.133
     133.97     0.019
     135.00    -0.031
     136.03     0.149
     137.06    -0.039
     138.09     0.176
     139.12     0.043
     140.15    -0.058
     141.18    -0.008
     142.21     0.019
     143.24     0.011
     144.27     0.081
     145.30    -0.015
     146.33    -0.101
     147.36    -0.040
     148.39    -0.080
     149.42     0.155
     150.45     0.024
     151.49     0.212
     152.52     0.045
     153.55    -0.081
     154.58     0.111
     155.61    -0.039
     156.64     0.159
     157.67    -0.099
     158.70    -0.046
     159.73     0.127
     160.76    -0.185
     161.79     0.051
     162.82    -0.030
     163.85     0.063
     164.88     0.146
     165.91     0.036
     166.94    -0.112
     167.97    -0.007
     169.00     0.081
     170.03    -0.072
     171.07     0.079
     172.10    -0.026
     173.13    -0.114
     174.16     0.127
     175.19     0.044
     176.22     0.052
     177.25     0.066
     178.28     0.004
     179.31    -0.161
     180.34     0.044
     181.37     0.058
     182.40    -0.096
     183.43     0.029
     184.46     0.014
     185.49     0.071
     186.52    -0.076
     187.55     0.128
     188.58    -0.124
     189.61     0.072
     190.64     0.007
     191.68    -0.070
     192.71    -0.003
     193.74     0.075
     194.77    -0.098
     195.80     0.055
     196.83     0.052
     197.86    -0.147
     198.89    -0.022
     199.92     0.024
     200.95    -0.042
     201.98     0.008
     203.01     0.061
     204.04     0.077
     205.07    -0.220
     206.10    -0.013
     207.13    -0.086
     208.16     0.054
     209.19     0.065
     210.22    -0.101
     211.26    -0.118
     212.29    -0.084
     213.32    -0.065
     214.35     0.195
     215.38     0.010
     216.41     0.023
     217.44    -0.071
     218.47     0.095
     219.50    -0.002
     220.53    -0.104
     221.56    -0.101
     222.59     0.003
     223.62     0.000
     224.65     0.108
     225.68    -0.029
     226.71    -0.082
     227.74    -0.081
     228.77     0.008
     229.80    -0.080
     230.83     0.186
     231.87     0.050
     232.90    -0.110
     233.93     0.095
     234.96     0.024
     235.99    -0.108
     237.02    -0.086
     238.05     0.024
     239.08     0.083
     240.11     0.019
     241.14     0.087
     242.17    -0.047
     243.20    -0.129
     244.23     0.031
     245.26     0.027
     246.29    -0.042
     247.32    -0.159
     248.35     0.020
     249.38     0.059
     250.41    -0.004
     251.45    -0.102
     252.48     0.070
     253.51     0.034
     254.54    -0.101
     255.57     0.110
     256.60     0.002
     257.63    -0.038
     258.66     0.057
     259.69    -0.158
     260.72    -0.130
     261.75     0.013
     262.78     0.101
     263.81    -0.075
     264.84    -0.033
     265.87     0.062
     266.90    -0.071
     267.93     0.037
     268.96     0.057
     269.99     0.045
     271.02     0.040
     272.06     0.050
     273.09     0.061
     274.12    -0.018
     275.15    -0.111
     276.18     0.133
     277.21    -0.070
     278.24     0.075
     279.27     0.134
     280.30     0.010
     281.33     0.003
     282.36     0.045
     283.39     0.179
     284.42     0.060
     285.45    -0.040
     286.48     0.029
     287.51    -0.106
     288.54     0.004
     289.57    -0.088
     290.60     0.037
     291.64    -0.078
     292.67     0.087
     293.70     0.007
     294.73     0.083
     295.76    -0.020
     296.79    -0.066
     297.82     0.047
     298.85     0.128
     299.88    -0.068
     300.91    -0.012
     301.94    -0.073
     302.97    -0.039
     304.00    -0.039
     305.03    -0.004
     306.06     0.063
     307.09     0.009
     308.12    -0.035
     309.15    -0.037
     310.18    -0.085
     311.21    -0.136
     312.25    -0.001
     313.28     0.005
     314.31     0.057
     315.34    -0.021
     316.37     0.077
     317.40     0.097
     318.43     0.048
     319.46    -0.042
     320.49     0.080
     321.52    -0.058
     322.55     0.040
     323.58     0.094
     324.61    -0.008
     325.64    -0.092
     326.67     0.037
     327.70     0.086
     328.73     0.009
     329.76    -0.114
     330.79    -0.099
     331.83     0.018
     332.86     0.058
     333.89     0.209
     334.92     0.096
     335.95     0.055
     336.98    -0.112
     338.01    -0.008
     339.04     0.045
     340.07    -0.074
     341.10    -0.075
     342.13     0.086
     343.16     0.139
     344.19    -0.123
     345.22    -0.015
     346.25    -0.147
     347.28     0.064
     348.31     0.149
     349.34    -0.190
     350.37     0.050
     351.40     0.004
     352.44     0.003
     353.47     0.082
     354.50    -0.088
     355.53    -0.086
     356.56    -0.111
     357.59    -0.112
     358.62    -0.052
     359.65     0.007
     360.68     0.149
     361.71     0.142
     362.74    -0.076
     363.77     0.022
     364.80     0.018
     365.83    -0.066
     366.86    -0.135
     367.89    -0.097
     368.92    -0.064
     369.95    -0.085
     370.98     0.027
     372.02     0.071
     373.05     0.045
     374.08     0.012
     375.11     0.049
     376.14    -0.145
     377.17    -0.018
     378.20     0.217
     379.23     0.088
     380.26    -0.049
     381.29     0.089
     382.32    -0.050
     383.35     0.077
     384.38     0.066
     385.41     0.025
     386.44     0.016
     387.47     0.059
     388.50    -0.101
     389.53     0.086
     390.56     0.037
     391.59     0.069
     392.63    -0.061
     393.66    -0.035
     394.69    -0.036
     395.72    -0.117
     396.75    -0.043
     397.78     0.010
     398.81    -0.127
     399.84     0.087
