%%   90.00000 -17.50000    0   0.20000
% LAB  survey ------------------
% wanted position:  l, b, RA, DEC, and interpolated  NH
% 90.00 ; -17.50 ; 333.52 ;  35.12 ;  0.101E+22
% nearest position: l, b, RA, DEC, and observed NH
% 90.00 ; -17.50 ; 333.52 ;  35.12 ;  0.101E+22
% GASS III survey --------------
% NH - median within 6 arcmin radius   0.00    
% NH - mean within specified beam      0.00    
% EBHIS survey -----------------
% NH  within specified beam           0.102E+22
%%EBHIS   621  datapoints: v_lsr [km/s] and T_B [K]
    -399.25     0.080
    -397.96    -0.028
    -396.68     0.002
    -395.39    -0.046
    -394.10    -0.020
    -392.81     0.020
    -391.52     0.001
    -390.23    -0.011
    -388.95    -0.013
    -387.66     0.039
    -386.37    -0.041
    -385.08    -0.031
    -383.79    -0.114
    -382.50    -0.005
    -381.22    -0.041
    -379.93     0.018
    -378.64    -0.007
    -377.35    -0.039
    -376.06    -0.000
    -374.78    -0.125
    -373.49     0.040
    -372.20    -0.019
    -370.91    -0.014
    -369.62     0.005
    -368.33    -0.002
    -367.05     0.082
    -365.76    -0.026
    -364.47    -0.033
    -363.18     0.115
    -361.89     0.007
    -360.60    -0.057
    -359.32     0.015
    -358.03     0.041
    -356.74    -0.014
    -355.45    -0.001
    -354.16    -0.012
    -352.88     0.035
    -351.59    -0.042
    -350.30    -0.019
    -349.01     0.090
    -347.72     0.015
    -346.43     0.027
    -345.15    -0.005
    -343.86    -0.041
    -342.57    -0.038
    -341.28     0.073
    -339.99     0.095
    -338.70     0.042
    -337.42     0.106
    -336.13     0.003
    -334.84     0.015
    -333.55     0.067
    -332.26     0.131
    -330.98    -0.072
    -329.69    -0.059
    -328.40     0.041
    -327.11     0.061
    -325.82    -0.007
    -324.53     0.035
    -323.25    -0.029
    -321.96     0.036
    -320.67     0.030
    -319.38     0.018
    -318.09    -0.027
    -316.80    -0.044
    -315.52     0.027
    -314.23    -0.020
    -312.94    -0.032
    -311.65    -0.003
    -310.36    -0.012
    -309.08     0.094
    -307.79     0.032
    -306.50    -0.003
    -305.21     0.151
    -303.92    -0.017
    -302.63    -0.001
    -301.35    -0.039
    -300.06    -0.038
    -298.77     0.061
    -297.48    -0.082
    -296.19     0.033
    -294.90     0.079
    -293.62     0.041
    -292.33    -0.061
    -291.04     0.037
    -289.75     0.049
    -288.46     0.063
    -287.18    -0.025
    -285.89    -0.039
    -284.60    -0.039
    -283.31    -0.058
    -282.02     0.069
    -280.73    -0.012
    -279.45    -0.011
    -278.16     0.000
    -276.87    -0.027
    -275.58    -0.024
    -274.29    -0.028
    -273.00    -0.001
    -271.72    -0.066
    -270.43    -0.030
    -269.14     0.067
    -267.85     0.022
    -266.56    -0.051
    -265.28    -0.076
    -263.99    -0.156
    -262.70    -0.073
    -261.41    -0.008
    -260.12    -0.104
    -258.83    -0.008
    -257.55    -0.118
    -256.26    -0.015
    -254.97     0.067
    -253.68     0.035
    -252.39    -0.034
    -251.10     0.008
    -249.82    -0.014
    -248.53    -0.025
    -247.24    -0.035
    -245.95     0.042
    -244.66     0.066
    -243.38     0.015
    -242.09    -0.004
    -240.80     0.021
    -239.51     0.063
    -238.22     0.005
    -236.93    -0.052
    -235.65    -0.098
    -234.36    -0.086
    -233.07     0.031
    -231.78     0.088
    -230.49     0.080
    -229.20    -0.011
    -227.92    -0.012
    -226.63     0.059
    -225.34     0.089
    -224.05    -0.012
    -222.76     0.034
    -221.48    -0.076
    -220.19     0.019
    -218.90     0.006
    -217.61     0.019
    -216.32     0.032
    -215.03    -0.017
    -213.75    -0.047
    -212.46     0.040
    -211.17     0.022
    -209.88    -0.047
    -208.59     0.096
    -207.30     0.030
    -206.02     0.034
    -204.73    -0.008
    -203.44    -0.044
    -202.15    -0.021
    -200.86     0.056
    -199.58     0.070
    -198.29     0.050
    -197.00    -0.002
    -195.71    -0.003
    -194.42     0.045
    -193.13    -0.002
    -191.85     0.004
    -190.56     0.020
    -189.27     0.058
    -187.98     0.050
    -186.69     0.057
    -185.40    -0.044
    -184.12    -0.043
    -182.83     0.094
    -181.54    -0.032
    -180.25     0.036
    -178.96    -0.036
    -177.68    -0.014
    -176.39     0.003
    -175.10    -0.012
    -173.81    -0.120
    -172.52    -0.041
    -171.23     0.022
    -169.95     0.076
    -168.66     0.062
    -167.37     0.023
    -166.08    -0.065
    -164.79    -0.013
    -163.50     0.036
    -162.22     0.024
    -160.93     0.030
    -159.64    -0.039
    -158.35     0.081
    -157.06     0.040
    -155.78    -0.015
    -154.49    -0.053
    -153.20    -0.010
    -151.91    -0.006
    -150.62    -0.002
    -149.33     0.020
    -148.05     0.007
    -146.76    -0.022
    -145.47     0.075
    -144.18    -0.112
    -142.89    -0.078
    -141.60    -0.034
    -140.32     0.049
    -139.03     0.089
    -137.74     0.054
    -136.45     0.047
    -135.16     0.020
    -133.88     0.126
    -132.59     0.096
    -131.30     0.125
    -130.01     0.083
    -128.72     0.104
    -127.43     0.063
    -126.15     0.159
    -124.86     0.223
    -123.57     0.175
    -122.28     0.232
    -120.99     0.320
    -119.70     0.402
    -118.42     0.476
    -117.13     0.501
    -115.84     0.566
    -114.55     0.652
    -113.26     0.692
    -111.98     0.872
    -110.69     0.934
    -109.40     1.035
    -108.11     1.026
    -106.82     1.127
    -105.53     1.113
    -104.25     1.183
    -102.96     1.158
    -101.67     1.130
    -100.38     1.125
     -99.09     1.157
     -97.80     1.046
     -96.52     1.086
     -95.23     1.020
     -93.94     1.016
     -92.65     1.048
     -91.36     0.873
     -90.08     0.904
     -88.79     0.811
     -87.50     0.703
     -86.21     0.619
     -84.92     0.499
     -83.63     0.472
     -82.35     0.289
     -81.06     0.306
     -79.77     0.292
     -78.48     0.300
     -77.19     0.297
     -75.90     0.276
     -74.62     0.274
     -73.33     0.158
     -72.04     0.110
     -70.75     0.279
     -69.46     0.181
     -68.18     0.232
     -66.89     0.153
     -65.60     0.054
     -64.31     0.132
     -63.02     0.287
     -61.73     0.219
     -60.45     0.237
     -59.16     0.309
     -57.87     0.323
     -56.58     0.311
     -55.29     0.287
     -54.00     0.406
     -52.72     0.401
     -51.43     0.430
     -50.14     0.524
     -48.85     0.545
     -47.56     0.530
     -46.28     0.573
     -44.99     0.600
     -43.70     0.690
     -42.41     0.764
     -41.12     0.859
     -39.83     0.844
     -38.55     1.102
     -37.26     1.331
     -35.97     1.571
     -34.68     1.705
     -33.39     2.104
     -32.10     2.673
     -30.82     3.314
     -29.53     4.181
     -28.24     5.015
     -26.95     5.994
     -25.66     6.737
     -24.38     6.413
     -23.09     5.301
     -21.80     4.471
     -20.51     4.160
     -19.22     4.219
     -17.93     4.439
     -16.65     4.721
     -15.36     5.111
     -14.07     5.463
     -12.78     6.286
     -11.49     7.170
     -10.20     7.971
      -8.92     8.520
      -7.63     8.923
      -6.34    10.004
      -5.05    12.707
      -3.76    17.002
      -2.48    21.037
      -1.19    23.367
       0.10    24.732
       1.39    26.902
       2.68    30.305
       3.97    30.585
       5.25    23.889
       6.54    15.312
       7.83     9.263
       9.12     6.143
      10.41     4.292
      11.70     3.120
      12.98     2.341
      14.27     1.936
      15.56     1.573
      16.85     1.293
      18.14     1.176
      19.42     0.970
      20.71     0.780
      22.00     0.725
      23.29     0.515
      24.58     0.592
      25.87     0.644
      27.15     0.542
      28.44     0.318
      29.73     0.293
      31.02     0.185
      32.31     0.183
      33.60     0.140
      34.88     0.096
      36.17     0.025
      37.46     0.133
      38.75     0.080
      40.04    -0.035
      41.32    -0.046
      42.61     0.013
      43.90     0.072
      45.19    -0.036
      46.48    -0.056
      47.77     0.002
      49.05    -0.004
      50.34    -0.028
      51.63    -0.018
      52.92     0.090
      54.21    -0.032
      55.50    -0.038
      56.78     0.092
      58.07     0.019
      59.36     0.026
      60.65     0.005
      61.94     0.104
      63.22     0.100
      64.51     0.019
      65.80    -0.119
      67.09    -0.063
      68.38    -0.031
      69.67    -0.099
      70.95     0.014
      72.24    -0.013
      73.53     0.029
      74.82    -0.005
      76.11    -0.044
      77.40     0.023
      78.68     0.029
      79.97    -0.058
      81.26    -0.063
      82.55     0.057
      83.84    -0.051
      85.12     0.006
      86.41    -0.008
      87.70    -0.015
      88.99     0.021
      90.28    -0.047
      91.57    -0.052
      92.85     0.085
      94.14     0.013
      95.43    -0.007
      96.72    -0.028
      98.01    -0.051
      99.30     0.059
     100.58    -0.020
     101.87     0.037
     103.16    -0.002
     104.45     0.021
     105.74     0.001
     107.02    -0.000
     108.31    -0.094
     109.60    -0.053
     110.89    -0.016
     112.18    -0.059
     113.47    -0.063
     114.75     0.009
     116.04    -0.018
     117.33     0.026
     118.62    -0.019
     119.91    -0.043
     121.20     0.004
     122.48     0.023
     123.77    -0.043
     125.06    -0.062
     126.35     0.034
     127.64    -0.034
     128.92    -0.022
     130.21    -0.026
     131.50    -0.018
     132.79    -0.042
     134.08    -0.011
     135.37     0.010
     136.65    -0.046
     137.94     0.046
     139.23    -0.047
     140.52     0.021
     141.81     0.072
     143.09     0.020
     144.38    -0.008
     145.67    -0.027
     146.96     0.029
     148.25    -0.019
     149.54     0.064
     150.82     0.010
     152.11     0.059
     153.40    -0.068
     154.69    -0.051
     155.98     0.071
     157.27     0.007
     158.55    -0.145
     159.84     0.011
     161.13     0.007
     162.42    -0.027
     163.71     0.070
     164.99     0.078
     166.28    -0.056
     167.57    -0.060
     168.86    -0.055
     170.15     0.021
     171.44     0.041
     172.72    -0.055
     174.01    -0.006
     175.30    -0.020
     176.59    -0.027
     177.88     0.107
     179.17     0.002
     180.45    -0.125
     181.74     0.019
     183.03     0.041
     184.32    -0.106
     185.61    -0.007
     186.89     0.031
     188.18    -0.000
     189.47     0.033
     190.76     0.036
     192.05     0.017
     193.34    -0.059
     194.62    -0.054
     195.91     0.045
     197.20     0.000
     198.49     0.023
     199.78    -0.017
     201.07     0.014
     202.35    -0.044
     203.64     0.079
     204.93     0.053
     206.22     0.050
     207.51    -0.003
     208.79    -0.066
     210.08    -0.077
     211.37    -0.014
     212.66     0.070
     213.95     0.056
     215.24    -0.054
     216.52    -0.006
     217.81    -0.029
     219.10    -0.015
     220.39     0.044
     221.68     0.010
     222.97    -0.028
     224.25    -0.010
     225.54    -0.005
     226.83    -0.008
     228.12    -0.042
     229.41     0.077
     230.69     0.083
     231.98    -0.034
     233.27    -0.007
     234.56    -0.114
     235.85     0.003
     237.14     0.033
     238.42     0.052
     239.71    -0.075
     241.00     0.033
     242.29     0.019
     243.58    -0.105
     244.87     0.003
     246.15     0.013
     247.44    -0.008
     248.73     0.090
     250.02     0.011
     251.31     0.090
     252.59     0.058
     253.88    -0.037
     255.17    -0.037
     256.46     0.032
     257.75     0.066
     259.04     0.007
     260.32     0.034
     261.61     0.024
     262.90    -0.034
     264.19    -0.034
     265.48     0.055
     266.77    -0.024
     268.05    -0.052
     269.34    -0.010
     270.63    -0.013
     271.92    -0.066
     273.21    -0.026
     274.49    -0.012
     275.78     0.061
     277.07     0.001
     278.36    -0.008
     279.65     0.136
     280.94    -0.005
     282.22    -0.096
     283.51    -0.051
     284.80    -0.012
     286.09    -0.039
     287.38    -0.032
     288.67    -0.005
     289.95     0.037
     291.24     0.034
     292.53     0.125
     293.82     0.064
     295.11     0.007
     296.39     0.043
     297.68    -0.036
     298.97     0.014
     300.26    -0.050
     301.55    -0.019
     302.84    -0.014
     304.12    -0.014
     305.41     0.002
     306.70     0.064
     307.99    -0.005
     309.28    -0.003
     310.57     0.046
     311.85    -0.041
     313.14    -0.025
     314.43     0.002
     315.72    -0.019
     317.01     0.075
     318.29    -0.028
     319.58     0.102
     320.87     0.017
     322.16     0.016
     323.45     0.084
     324.74    -0.023
     326.02    -0.014
     327.31     0.075
     328.60     0.026
     329.89    -0.073
     331.18    -0.090
     332.47    -0.036
     333.75     0.076
     335.04     0.027
     336.33     0.074
     337.62     0.009
     338.91     0.039
     340.19    -0.018
     341.48     0.019
     342.77     0.034
     344.06     0.100
     345.35    -0.024
     346.64     0.029
     347.92    -0.073
     349.21    -0.040
     350.50    -0.070
     351.79     0.046
     353.08    -0.002
     354.37     0.004
     355.65     0.016
     356.94     0.004
     358.23    -0.003
     359.52    -0.041
     360.81     0.022
     362.09    -0.056
     363.38    -0.020
     364.67    -0.077
     365.96     0.009
     367.25     0.189
     368.54     0.067
     369.82     0.009
     371.11     0.022
     372.40     0.015
     373.69     0.001
     374.98    -0.032
     376.27     0.015
     377.55     0.102
     378.84     0.055
     380.13     0.043
     381.42     0.125
     382.71     0.005
     383.99     0.008
     385.28    -0.058
     386.57    -0.022
     387.86    -0.008
     389.15     0.086
     390.44     0.091
     391.72     0.047
     393.01     0.029
     394.30    -0.053
     395.59    -0.069
     396.88    -0.107
     398.17    -0.084
     399.45    -0.026
%%GASS      0  datapoints: v_lsr [km/s] and T_B [K]
%%LAB     777  datapoints: v_lsr [km/s] and T_B [K]
    -399.87    -0.060
    -398.84     0.095
    -397.81    -0.021
    -396.78    -0.131
    -395.75    -0.152
    -394.72     0.013
    -393.69     0.126
    -392.66    -0.069
    -391.63     0.015
    -390.60     0.017
    -389.57    -0.084
    -388.54    -0.048
    -387.51     0.075
    -386.48    -0.158
    -385.45     0.126
    -384.42    -0.072
    -383.38    -0.019
    -382.35     0.062
    -381.32    -0.126
    -380.29    -0.087
    -379.26     0.069
    -378.23    -0.059
    -377.20    -0.030
    -376.17    -0.165
    -375.14    -0.250
    -374.11    -0.086
    -373.08     0.041
    -372.05     0.115
    -371.02    -0.061
    -369.99     0.056
    -368.96     0.073
    -367.93    -0.001
    -366.89     0.022
    -365.86     0.169
    -364.83    -0.058
    -363.80     0.065
    -362.77     0.066
    -361.74    -0.089
    -360.71     0.122
    -359.68     0.059
    -358.65    -0.038
    -357.62    -0.082
    -356.59    -0.079
    -355.56     0.112
    -354.53     0.147
    -353.50     0.035
    -352.47    -0.001
    -351.44    -0.118
    -350.41     0.024
    -349.37    -0.086
    -348.34     0.017
    -347.31     0.098
    -346.28    -0.101
    -345.25    -0.045
    -344.22     0.018
    -343.19    -0.147
    -342.16     0.009
    -341.13    -0.127
    -340.10    -0.048
    -339.07     0.169
    -338.04    -0.086
    -337.01    -0.025
    -335.98     0.047
    -334.95     0.004
    -333.92     0.169
    -332.88     0.089
    -331.85    -0.009
    -330.82    -0.009
    -329.79    -0.004
    -328.76    -0.063
    -327.73    -0.048
    -326.70     0.033
    -325.67     0.021
    -324.64    -0.036
    -323.61     0.076
    -322.58     0.033
    -321.55     0.025
    -320.52    -0.048
    -319.49    -0.092
    -318.46    -0.045
    -317.43     0.002
    -316.40    -0.130
    -315.36    -0.059
    -314.33    -0.093
    -313.30     0.204
    -312.27     0.051
    -311.24    -0.025
    -310.21     0.003
    -309.18    -0.088
    -308.15     0.021
    -307.12     0.115
    -306.09     0.092
    -305.06    -0.079
    -304.03    -0.032
    -303.00    -0.023
    -301.97     0.045
    -300.94     0.053
    -299.91    -0.042
    -298.88     0.085
    -297.84     0.004
    -296.81    -0.108
    -295.78    -0.152
    -294.75     0.015
    -293.72    -0.038
    -292.69    -0.008
    -291.66     0.098
    -290.63    -0.021
    -289.60     0.086
    -288.57     0.041
    -287.54    -0.014
    -286.51     0.024
    -285.48    -0.081
    -284.45     0.060
    -283.42     0.067
    -282.39    -0.029
    -281.35    -0.019
    -280.32     0.099
    -279.29     0.012
    -278.26     0.073
    -277.23    -0.051
    -276.20     0.066
    -275.17     0.040
    -274.14    -0.065
    -273.11    -0.007
    -272.08     0.026
    -271.05    -0.023
    -270.02     0.129
    -268.99     0.008
    -267.96     0.085
    -266.93    -0.050
    -265.90    -0.005
    -264.87     0.082
    -263.83    -0.007
    -262.80     0.088
    -261.77    -0.005
    -260.74     0.082
    -259.71    -0.084
    -258.68     0.050
    -257.65     0.060
    -256.62    -0.131
    -255.59    -0.111
    -254.56    -0.023
    -253.53    -0.053
    -252.50     0.059
    -251.47    -0.049
    -250.44     0.009
    -249.41     0.015
    -248.38    -0.116
    -247.34    -0.056
    -246.31    -0.050
    -245.28     0.095
    -244.25    -0.138
    -243.22    -0.003
    -242.19     0.022
    -241.16    -0.124
    -240.13    -0.055
    -239.10     0.097
    -238.07     0.097
    -237.04     0.147
    -236.01     0.080
    -234.98     0.104
    -233.95     0.047
    -232.92    -0.047
    -231.89     0.096
    -230.86    -0.005
    -229.82     0.007
    -228.79     0.006
    -227.76     0.052
    -226.73     0.108
    -225.70    -0.027
    -224.67     0.006
    -223.64    -0.027
    -222.61     0.019
    -221.58     0.089
    -220.55    -0.013
    -219.52    -0.090
    -218.49     0.052
    -217.46    -0.087
    -216.43     0.081
    -215.40    -0.103
    -214.37     0.109
    -213.33    -0.095
    -212.30     0.132
    -211.27     0.071
    -210.24     0.147
    -209.21    -0.033
    -208.18    -0.072
    -207.15     0.085
    -206.12    -0.105
    -205.09    -0.105
    -204.06     0.126
    -203.03    -0.113
    -202.00    -0.065
    -200.97    -0.005
    -199.94     0.062
    -198.91    -0.011
    -197.88    -0.104
    -196.85     0.151
    -195.81     0.027
    -194.78    -0.047
    -193.75    -0.041
    -192.72    -0.050
    -191.69     0.088
    -190.66    -0.079
    -189.63     0.014
    -188.60     0.022
    -187.57    -0.113
    -186.54     0.109
    -185.51    -0.047
    -184.48    -0.007
    -183.45     0.023
    -182.42    -0.001
    -181.39     0.044
    -180.36    -0.145
    -179.33     0.130
    -178.29    -0.002
    -177.26     0.013
    -176.23    -0.015
    -175.20     0.023
    -174.17     0.081
    -173.14     0.020
    -172.11    -0.059
    -171.08     0.204
    -170.05    -0.071
    -169.02    -0.036
    -167.99    -0.075
    -166.96    -0.051
    -165.93    -0.045
    -164.90     0.107
    -163.87    -0.046
    -162.84    -0.031
    -161.80     0.142
    -160.77    -0.013
    -159.74    -0.143
    -158.71     0.106
    -157.68     0.161
    -156.65     0.074
    -155.62    -0.069
    -154.59     0.023
    -153.56     0.023
    -152.53     0.064
    -151.50     0.123
    -150.47     0.033
    -149.44    -0.061
    -148.41     0.043
    -147.38     0.003
    -146.35     0.088
    -145.32    -0.087
    -144.28     0.036
    -143.25     0.086
    -142.22     0.094
    -141.19    -0.032
    -140.16    -0.082
    -139.13    -0.029
    -138.10     0.118
    -137.07     0.061
    -136.04     0.067
    -135.01     0.057
    -133.98     0.039
    -132.95     0.131
    -131.92    -0.015
    -130.89    -0.126
    -129.86    -0.048
    -128.83     0.047
    -127.79     0.256
    -126.76     0.146
    -125.73     0.202
    -124.70     0.225
    -123.67     0.164
    -122.64     0.210
    -121.61     0.287
    -120.58     0.299
    -119.55     0.418
    -118.52     0.411
    -117.49     0.516
    -116.46     0.481
    -115.43     0.519
    -114.40     0.674
    -113.37     0.633
    -112.34     0.764
    -111.31     0.960
    -110.27     0.817
    -109.24     0.821
    -108.21     0.955
    -107.18     1.086
    -106.15     1.035
    -105.12     1.134
    -104.09     1.042
    -103.06     1.132
    -102.03     1.027
    -101.00     1.233
     -99.97     0.988
     -98.94     1.010
     -97.91     0.817
     -96.88     1.001
     -95.85     0.931
     -94.82     0.980
     -93.78     0.863
     -92.75     0.599
     -91.72     0.688
     -90.69     0.757
     -89.66     0.641
     -88.63     0.738
     -87.60     0.510
     -86.57     0.501
     -85.54     0.336
     -84.51     0.502
     -83.48     0.386
     -82.45     0.240
     -81.42     0.258
     -80.39     0.236
     -79.36     0.375
     -78.33     0.279
     -77.30     0.207
     -76.26     0.222
     -75.23     0.169
     -74.20     0.244
     -73.17     0.276
     -72.14     0.185
     -71.11     0.104
     -70.08     0.244
     -69.05     0.133
     -68.02     0.251
     -66.99     0.155
     -65.96     0.135
     -64.93     0.053
     -63.90     0.266
     -62.87     0.128
     -61.84     0.232
     -60.81     0.313
     -59.78     0.327
     -58.74     0.169
     -57.71     0.437
     -56.68     0.347
     -55.65     0.410
     -54.62     0.368
     -53.59     0.424
     -52.56     0.384
     -51.53     0.349
     -50.50     0.378
     -49.47     0.598
     -48.44     0.533
     -47.41     0.493
     -46.38     0.556
     -45.35     0.650
     -44.32     0.800
     -43.29     0.670
     -42.25     1.005
     -41.22     1.091
     -40.19     0.960
     -39.16     0.967
     -38.13     1.174
     -37.10     1.274
     -36.07     1.416
     -35.04     1.748
     -34.01     1.863
     -32.98     2.252
     -31.95     2.677
     -30.92     3.240
     -29.89     3.768
     -28.86     4.544
     -27.83     5.248
     -26.80     6.374
     -25.77     6.783
     -24.73     6.628
     -23.70     6.204
     -22.67     5.385
     -21.64     4.815
     -20.61     4.502
     -19.58     4.168
     -18.55     4.524
     -17.52     4.649
     -16.49     4.839
     -15.46     5.275
     -14.43     5.638
     -13.40     6.142
     -12.37     6.847
     -11.34     7.600
     -10.31     8.199
      -9.28     8.776
      -8.24     9.625
      -7.21     9.768
      -6.18    10.506
      -5.15    12.074
      -4.12    14.931
      -3.09    18.331
      -2.06    21.119
      -1.03    23.606
       0.00    25.405
       1.03    26.701
       2.06    28.520
       3.09    31.042
       4.12    30.939
       5.15    25.282
       6.18    17.397
       7.21    11.040
       8.24     7.447
       9.28     5.354
      10.31     3.889
      11.34     3.065
      12.37     2.496
      13.40     1.939
      14.43     1.484
      15.46     1.177
      16.49     1.172
      17.52     0.897
      18.55     0.941
      19.58     0.815
      20.61     0.737
      21.64     0.659
      22.67     0.574
      23.70     0.402
      24.73     0.573
      25.77     0.460
      26.80     0.388
      27.83     0.152
      28.86     0.139
      29.89     0.149
      30.92     0.187
      31.95     0.113
      32.98     0.180
      34.01     0.162
      35.04     0.196
      36.07     0.111
      37.10     0.076
      38.13    -0.001
      39.16     0.147
      40.19    -0.025
      41.22     0.006
      42.25    -0.120
      43.29    -0.032
      44.32    -0.095
      45.35    -0.049
      46.38    -0.121
      47.41     0.095
      48.44    -0.164
      49.47     0.140
      50.50    -0.033
      51.53     0.015
      52.56    -0.020
      53.59     0.041
      54.62     0.074
      55.65     0.167
      56.68     0.029
      57.71     0.134
      58.74    -0.080
      59.78    -0.111
      60.81    -0.032
      61.84     0.096
      62.87    -0.007
      63.90    -0.026
      64.93    -0.005
      65.96     0.114
      66.99    -0.004
      68.02     0.079
      69.05     0.035
      70.08     0.008
      71.11    -0.065
      72.14     0.116
      73.17     0.102
      74.20     0.006
      75.23     0.073
      76.26     0.206
      77.30     0.015
      78.33     0.106
      79.36    -0.078
      80.39     0.131
      81.42     0.081
      82.45     0.021
      83.48    -0.066
      84.51     0.002
      85.54    -0.110
      86.57    -0.105
      87.60    -0.001
      88.63     0.094
      89.66     0.054
      90.69     0.151
      91.72    -0.032
      92.75     0.027
      93.78     0.061
      94.82     0.005
      95.85    -0.109
      96.88     0.148
      97.91    -0.095
      98.94    -0.016
      99.97     0.078
     101.00    -0.051
     102.03     0.102
     103.06     0.136
     104.09     0.016
     105.12     0.087
     106.15    -0.068
     107.18    -0.039
     108.21     0.021
     109.24     0.027
     110.27    -0.008
     111.31    -0.005
     112.34     0.014
     113.37    -0.087
     114.40     0.115
     115.43     0.039
     116.46    -0.142
     117.49    -0.087
     118.52     0.056
     119.55     0.016
     120.58     0.001
     121.61     0.107
     122.64     0.033
     123.67    -0.103
     124.70    -0.128
     125.73     0.094
     126.76    -0.078
     127.79    -0.028
     128.83     0.009
     129.86     0.061
     130.89     0.081
     131.92     0.015
     132.95     0.040
     133.98    -0.113
     135.01     0.081
     136.04     0.050
     137.07    -0.060
     138.10    -0.011
     139.13     0.090
     140.16     0.103
     141.19    -0.031
     142.22     0.064
     143.25     0.120
     144.28     0.029
     145.32     0.230
     146.35     0.031
     147.38    -0.077
     148.41     0.020
     149.44     0.134
     150.47    -0.036
     151.50     0.011
     152.53     0.005
     153.56    -0.058
     154.59     0.039
     155.62    -0.034
     156.65     0.084
     157.68     0.069
     158.71    -0.026
     159.74     0.162
     160.77     0.016
     161.80     0.026
     162.84    -0.054
     163.87    -0.011
     164.90    -0.131
     165.93     0.077
     166.96     0.119
     167.99    -0.133
     169.02    -0.047
     170.05     0.041
     171.08     0.113
     172.11    -0.099
     173.14     0.040
     174.17    -0.003
     175.20    -0.150
     176.23    -0.037
     177.26    -0.185
     178.29    -0.031
     179.33     0.001
     180.36    -0.043
     181.39     0.196
     182.42     0.010
     183.45     0.141
     184.48     0.033
     185.51     0.062
     186.54     0.140
     187.57     0.100
     188.60    -0.121
     189.63     0.073
     190.66    -0.037
     191.69    -0.091
     192.72    -0.069
     193.75     0.090
     194.78    -0.092
     195.81    -0.011
     196.85     0.081
     197.88    -0.035
     198.91     0.011
     199.94     0.159
     200.97    -0.003
     202.00    -0.027
     203.03    -0.049
     204.06     0.181
     205.09    -0.076
     206.12    -0.135
     207.15    -0.102
     208.18     0.080
     209.21    -0.047
     210.24     0.059
     211.27    -0.018
     212.30     0.003
     213.33     0.050
     214.37    -0.179
     215.40    -0.049
     216.43    -0.086
     217.46    -0.056
     218.49     0.022
     219.52     0.114
     220.55     0.017
     221.58    -0.090
     222.61    -0.025
     223.64    -0.047
     224.67    -0.087
     225.70     0.014
     226.73     0.116
     227.76     0.003
     228.79     0.111
     229.82     0.071
     230.86     0.139
     231.89     0.069
     232.92     0.006
     233.95     0.065
     234.98    -0.087
     236.01    -0.178
     237.04    -0.026
     238.07    -0.097
     239.10     0.079
     240.13    -0.103
     241.16     0.017
     242.19     0.063
     243.22    -0.058
     244.25     0.069
     245.28    -0.045
     246.31     0.148
     247.34     0.048
     248.38     0.044
     249.41     0.022
     250.44     0.120
     251.47     0.041
     252.50    -0.071
     253.53    -0.001
     254.56     0.052
     255.59     0.001
     256.62    -0.038
     257.65    -0.068
     258.68    -0.096
     259.71    -0.021
     260.74    -0.072
     261.77    -0.079
     262.80     0.067
     263.83    -0.070
     264.87    -0.044
     265.90    -0.160
     266.93    -0.093
     267.96     0.002
     268.99    -0.053
     270.02     0.156
     271.05    -0.041
     272.08     0.023
     273.11    -0.070
     274.14    -0.030
     275.17    -0.081
     276.20     0.108
     277.23     0.004
     278.26     0.188
     279.29     0.051
     280.32     0.047
     281.35    -0.067
     282.39     0.018
     283.42    -0.036
     284.45    -0.021
     285.48    -0.283
     286.51    -0.119
     287.54    -0.045
     288.57     0.024
     289.60     0.060
     290.63     0.009
     291.66     0.026
     292.69     0.060
     293.72     0.185
     294.75     0.043
     295.78    -0.054
     296.81    -0.035
     297.84    -0.023
     298.88     0.066
     299.91     0.050
     300.94     0.157
     301.97    -0.122
     303.00    -0.048
     304.03    -0.057
     305.06    -0.082
     306.09    -0.103
     307.12     0.111
     308.15    -0.138
     309.18     0.032
     310.21     0.110
     311.24    -0.021
     312.27     0.093
     313.30     0.014
     314.33     0.006
     315.36     0.013
     316.40     0.014
     317.43    -0.009
     318.46     0.044
     319.49     0.058
     320.52     0.024
     321.55    -0.036
     322.58    -0.010
     323.61    -0.075
     324.64     0.019
     325.67    -0.036
     326.70     0.010
     327.73    -0.122
     328.76    -0.092
     329.79     0.074
     330.82    -0.024
     331.85     0.028
     332.88    -0.034
     333.92     0.014
     334.95     0.001
     335.98     0.082
     337.01    -0.067
     338.04     0.061
     339.07    -0.124
     340.10     0.134
     341.13    -0.136
     342.16     0.037
     343.19    -0.089
     344.22    -0.046
     345.25    -0.024
     346.28     0.016
     347.31    -0.034
     348.34     0.124
     349.37     0.091
     350.41    -0.159
     351.44    -0.059
     352.47    -0.010
     353.50     0.092
     354.53    -0.008
     355.56     0.023
     356.59    -0.048
     357.62     0.084
     358.65    -0.048
     359.68    -0.092
     360.71    -0.088
     361.74    -0.053
     362.77     0.099
     363.80     0.073
     364.83     0.142
     365.86    -0.006
     366.89    -0.050
     367.93     0.031
     368.96     0.002
     369.99     0.037
     371.02     0.016
     372.05    -0.110
     373.08     0.101
     374.11    -0.010
     375.14    -0.025
     376.17    -0.012
     377.20     0.044
     378.23     0.051
     379.26     0.044
     380.29    -0.212
     381.32     0.119
     382.35     0.011
     383.38     0.075
     384.42    -0.069
     385.45     0.228
     386.48    -0.011
     387.51     0.021
     388.54    -0.029
     389.57     0.163
     390.60     0.172
     391.63    -0.001
     392.66     0.057
     393.69     0.148
     394.72     0.071
     395.75     0.103
     396.78    -0.019
     397.81     0.071
     398.84     0.114
     399.87     0.068
