%%   92.50000  -5.00000    0   0.20000
% LAB  survey ------------------
% wanted position:  l, b, RA, DEC, and interpolated  NH
% 92.50 ;  -5.00 ; 325.78 ;  46.45 ;  0.242E+22
% nearest position: l, b, RA, DEC, and observed NH
% 92.50 ;  -5.00 ; 325.78 ;  46.45 ;  0.242E+22
% GASS III survey --------------
% NH - median within 6 arcmin radius   0.00    
% NH - mean within specified beam      0.00    
% EBHIS survey -----------------
% NH  within specified beam           0.233E+22
%%EBHIS   621  datapoints: v_lsr [km/s] and T_B [K]
    -399.25    -0.003
    -397.96    -0.084
    -396.68     0.014
    -395.39     0.031
    -394.10     0.066
    -392.81    -0.048
    -391.52     0.166
    -390.23     0.107
    -388.95    -0.103
    -387.66     0.057
    -386.37    -0.013
    -385.08    -0.038
    -383.79     0.094
    -382.50     0.035
    -381.22     0.064
    -379.93    -0.027
    -378.64     0.107
    -377.35     0.004
    -376.06     0.054
    -374.78    -0.086
    -373.49    -0.205
    -372.20    -0.139
    -370.91    -0.114
    -369.62    -0.012
    -368.33    -0.092
    -367.05    -0.018
    -365.76    -0.019
    -364.47    -0.022
    -363.18     0.041
    -361.89     0.028
    -360.60     0.003
    -359.32     0.028
    -358.03    -0.058
    -356.74    -0.057
    -355.45    -0.054
    -354.16    -0.047
    -352.88     0.145
    -351.59     0.112
    -350.30    -0.065
    -349.01    -0.022
    -347.72     0.042
    -346.43    -0.072
    -345.15     0.135
    -343.86     0.030
    -342.57     0.081
    -341.28     0.006
    -339.99    -0.007
    -338.70    -0.023
    -337.42    -0.047
    -336.13    -0.053
    -334.84    -0.068
    -333.55    -0.112
    -332.26    -0.012
    -330.98     0.084
    -329.69     0.009
    -328.40    -0.070
    -327.11     0.038
    -325.82     0.035
    -324.53    -0.021
    -323.25    -0.099
    -321.96    -0.071
    -320.67     0.161
    -319.38    -0.083
    -318.09    -0.105
    -316.80    -0.073
    -315.52     0.045
    -314.23     0.022
    -312.94    -0.042
    -311.65     0.096
    -310.36    -0.048
    -309.08     0.055
    -307.79    -0.040
    -306.50    -0.016
    -305.21    -0.044
    -303.92     0.114
    -302.63     0.057
    -301.35    -0.222
    -300.06    -0.079
    -298.77    -0.090
    -297.48     0.053
    -296.19     0.149
    -294.90     0.156
    -293.62     0.136
    -292.33     0.080
    -291.04    -0.075
    -289.75    -0.046
    -288.46     0.021
    -287.18    -0.011
    -285.89    -0.033
    -284.60    -0.066
    -283.31    -0.022
    -282.02     0.040
    -280.73     0.036
    -279.45     0.119
    -278.16     0.026
    -276.87    -0.046
    -275.58    -0.048
    -274.29    -0.022
    -273.00    -0.128
    -271.72     0.106
    -270.43     0.034
    -269.14     0.079
    -267.85     0.085
    -266.56     0.111
    -265.28    -0.017
    -263.99     0.036
    -262.70    -0.039
    -261.41     0.015
    -260.12     0.037
    -258.83     0.004
    -257.55     0.152
    -256.26    -0.050
    -254.97     0.060
    -253.68    -0.017
    -252.39    -0.029
    -251.10     0.047
    -249.82     0.067
    -248.53     0.026
    -247.24    -0.035
    -245.95     0.058
    -244.66     0.066
    -243.38    -0.013
    -242.09    -0.000
    -240.80     0.010
    -239.51    -0.061
    -238.22    -0.003
    -236.93     0.120
    -235.65     0.102
    -234.36     0.039
    -233.07    -0.017
    -231.78     0.056
    -230.49    -0.192
    -229.20     0.084
    -227.92     0.046
    -226.63     0.068
    -225.34     0.125
    -224.05    -0.071
    -222.76    -0.082
    -221.48     0.063
    -220.19     0.242
    -218.90     0.060
    -217.61    -0.085
    -216.32     0.050
    -215.03    -0.036
    -213.75    -0.053
    -212.46    -0.019
    -211.17     0.057
    -209.88    -0.017
    -208.59    -0.017
    -207.30     0.070
    -206.02     0.009
    -204.73     0.055
    -203.44     0.017
    -202.15    -0.046
    -200.86    -0.008
    -199.58    -0.131
    -198.29    -0.021
    -197.00    -0.010
    -195.71    -0.081
    -194.42     0.119
    -193.13     0.026
    -191.85     0.020
    -190.56    -0.036
    -189.27    -0.076
    -187.98    -0.070
    -186.69    -0.098
    -185.40    -0.166
    -184.12    -0.042
    -182.83    -0.070
    -181.54    -0.047
    -180.25    -0.025
    -178.96    -0.104
    -177.68    -0.057
    -176.39    -0.074
    -175.10    -0.092
    -173.81    -0.048
    -172.52    -0.005
    -171.23    -0.003
    -169.95    -0.046
    -168.66    -0.167
    -167.37     0.106
    -166.08    -0.098
    -164.79    -0.041
    -163.50     0.057
    -162.22    -0.016
    -160.93     0.117
    -159.64     0.089
    -158.35     0.122
    -157.06     0.004
    -155.78     0.133
    -154.49    -0.033
    -153.20    -0.011
    -151.91    -0.020
    -150.62    -0.016
    -149.33     0.092
    -148.05     0.050
    -146.76    -0.142
    -145.47     0.043
    -144.18     0.206
    -142.89     0.173
    -141.60     0.030
    -140.32     0.012
    -139.03     0.138
    -137.74    -0.024
    -136.45     0.045
    -135.16     0.209
    -133.88     0.149
    -132.59     0.202
    -131.30     0.291
    -130.01     0.182
    -128.72     0.182
    -127.43     0.337
    -126.15     0.242
    -124.86     0.326
    -123.57     0.365
    -122.28     0.392
    -120.99     0.485
    -119.70     0.660
    -118.42     0.729
    -117.13     0.763
    -115.84     0.873
    -114.55     0.828
    -113.26     1.050
    -111.98     1.205
    -110.69     1.165
    -109.40     1.272
    -108.11     1.238
    -106.82     1.299
    -105.53     1.356
    -104.25     1.528
    -102.96     1.394
    -101.67     1.345
    -100.38     1.298
     -99.09     1.373
     -97.80     1.261
     -96.52     1.256
     -95.23     1.254
     -93.94     1.190
     -92.65     1.253
     -91.36     1.216
     -90.08     1.139
     -88.79     1.110
     -87.50     1.194
     -86.21     1.330
     -84.92     1.258
     -83.63     1.380
     -82.35     1.657
     -81.06     1.681
     -79.77     1.866
     -78.48     2.227
     -77.19     2.879
     -75.90     3.623
     -74.62     4.279
     -73.33     5.211
     -72.04     6.309
     -70.75     7.043
     -69.46     7.724
     -68.18     7.825
     -66.89     7.043
     -65.60     5.643
     -64.31     4.751
     -63.02     4.114
     -61.73     3.705
     -60.45     3.424
     -59.16     3.380
     -57.87     3.292
     -56.58     3.312
     -55.29     3.334
     -54.00     3.235
     -52.72     3.290
     -51.43     3.311
     -50.14     3.504
     -48.85     3.401
     -47.56     3.499
     -46.28     3.501
     -44.99     3.625
     -43.70     3.873
     -42.41     3.998
     -41.12     4.160
     -39.83     4.596
     -38.55     4.823
     -37.26     5.214
     -35.97     5.635
     -34.68     6.539
     -33.39     7.967
     -32.10     9.120
     -30.82    10.618
     -29.53    12.186
     -28.24    13.229
     -26.95    13.989
     -25.66    14.564
     -24.38    15.300
     -23.09    16.073
     -21.80    16.225
     -20.51    16.297
     -19.22    15.755
     -17.93    15.371
     -16.65    15.302
     -15.36    16.020
     -14.07    17.040
     -12.78    18.481
     -11.49    20.404
     -10.20    22.561
      -8.92    24.938
      -7.63    27.928
      -6.34    30.384
      -5.05    32.505
      -3.76    33.995
      -2.48    34.781
      -1.19    37.023
       0.10    40.288
       1.39    42.363
       2.68    41.041
       3.97    33.978
       5.25    23.883
       6.54    15.081
       7.83    10.720
       9.12     9.051
      10.41     8.500
      11.70     7.637
      12.98     6.526
      14.27     5.353
      15.56     4.478
      16.85     4.057
      18.14     3.384
      19.42     2.930
      20.71     2.912
      22.00     3.006
      23.29     2.847
      24.58     2.632
      25.87     2.123
      27.15     1.494
      28.44     1.238
      29.73     0.876
      31.02     0.700
      32.31     0.611
      33.60     0.511
      34.88     0.395
      36.17     0.216
      37.46    -0.029
      38.75    -0.035
      40.04    -0.038
      41.32     0.023
      42.61    -0.008
      43.90     0.174
      45.19     0.144
      46.48     0.094
      47.77     0.238
      49.05     0.198
      50.34     0.262
      51.63     0.277
      52.92     0.402
      54.21     0.364
      55.50     0.332
      56.78     0.399
      58.07     0.226
      59.36     0.272
      60.65     0.443
      61.94     0.423
      63.22     0.308
      64.51     0.143
      65.80     0.153
      67.09     0.090
      68.38     0.241
      69.67     0.010
      70.95    -0.045
      72.24    -0.062
      73.53    -0.057
      74.82    -0.132
      76.11    -0.047
      77.40    -0.149
      78.68    -0.045
      79.97     0.029
      81.26    -0.008
      82.55     0.049
      83.84     0.008
      85.12     0.030
      86.41    -0.062
      87.70     0.056
      88.99     0.004
      90.28    -0.017
      91.57     0.034
      92.85    -0.024
      94.14     0.066
      95.43    -0.001
      96.72    -0.013
      98.01     0.031
      99.30    -0.001
     100.58     0.061
     101.87     0.119
     103.16     0.156
     104.45     0.050
     105.74    -0.045
     107.02     0.010
     108.31    -0.128
     109.60    -0.007
     110.89     0.193
     112.18    -0.034
     113.47     0.059
     114.75     0.100
     116.04    -0.061
     117.33    -0.037
     118.62     0.087
     119.91     0.103
     121.20     0.089
     122.48    -0.046
     123.77     0.013
     125.06    -0.003
     126.35    -0.108
     127.64    -0.098
     128.92     0.019
     130.21    -0.026
     131.50     0.146
     132.79    -0.028
     134.08     0.044
     135.37     0.053
     136.65    -0.028
     137.94    -0.093
     139.23    -0.005
     140.52    -0.198
     141.81    -0.236
     143.09    -0.051
     144.38     0.080
     145.67    -0.041
     146.96     0.017
     148.25     0.088
     149.54     0.129
     150.82    -0.024
     152.11    -0.040
     153.40     0.089
     154.69    -0.156
     155.98    -0.080
     157.27    -0.012
     158.55     0.122
     159.84     0.046
     161.13     0.107
     162.42     0.015
     163.71     0.046
     164.99     0.009
     166.28     0.060
     167.57    -0.008
     168.86    -0.038
     170.15     0.027
     171.44     0.073
     172.72     0.100
     174.01     0.025
     175.30    -0.005
     176.59     0.066
     177.88     0.170
     179.17     0.079
     180.45     0.044
     181.74     0.090
     183.03     0.063
     184.32     0.004
     185.61     0.149
     186.89    -0.036
     188.18    -0.162
     189.47     0.033
     190.76     0.086
     192.05     0.086
     193.34    -0.074
     194.62     0.045
     195.91     0.091
     197.20     0.138
     198.49     0.056
     199.78     0.085
     201.07    -0.019
     202.35    -0.030
     203.64    -0.109
     204.93     0.034
     206.22    -0.033
     207.51    -0.019
     208.79    -0.063
     210.08     0.044
     211.37     0.100
     212.66     0.048
     213.95     0.065
     215.24     0.051
     216.52    -0.042
     217.81     0.195
     219.10     0.004
     220.39    -0.083
     221.68    -0.051
     222.97     0.098
     224.25    -0.101
     225.54    -0.099
     226.83     0.024
     228.12    -0.020
     229.41     0.056
     230.69    -0.059
     231.98    -0.031
     233.27     0.097
     234.56     0.005
     235.85    -0.064
     237.14    -0.033
     238.42    -0.043
     239.71    -0.077
     241.00    -0.069
     242.29     0.110
     243.58     0.078
     244.87    -0.031
     246.15    -0.056
     247.44    -0.086
     248.73    -0.104
     250.02     0.009
     251.31     0.014
     252.59     0.006
     253.88     0.041
     255.17    -0.001
     256.46     0.027
     257.75     0.015
     259.04     0.000
     260.32     0.076
     261.61    -0.190
     262.90     0.142
     264.19    -0.060
     265.48     0.045
     266.77    -0.043
     268.05    -0.137
     269.34    -0.101
     270.63    -0.089
     271.92     0.051
     273.21     0.098
     274.49    -0.047
     275.78    -0.024
     277.07    -0.048
     278.36    -0.037
     279.65     0.004
     280.94     0.086
     282.22    -0.039
     283.51    -0.053
     284.80    -0.046
     286.09    -0.094
     287.38    -0.125
     288.67    -0.053
     289.95    -0.091
     291.24    -0.040
     292.53    -0.013
     293.82    -0.164
     295.11    -0.110
     296.39    -0.126
     297.68     0.010
     298.97    -0.170
     300.26    -0.080
     301.55    -0.021
     302.84     0.139
     304.12    -0.013
     305.41     0.042
     306.70    -0.101
     307.99     0.068
     309.28     0.132
     310.57     0.001
     311.85    -0.044
     313.14     0.021
     314.43    -0.053
     315.72    -0.027
     317.01    -0.057
     318.29    -0.102
     319.58     0.079
     320.87    -0.051
     322.16    -0.021
     323.45    -0.030
     324.74     0.005
     326.02    -0.125
     327.31    -0.018
     328.60     0.043
     329.89    -0.060
     331.18     0.065
     332.47     0.079
     333.75    -0.009
     335.04     0.049
     336.33     0.024
     337.62     0.018
     338.91    -0.109
     340.19    -0.101
     341.48     0.045
     342.77     0.038
     344.06     0.111
     345.35     0.197
     346.64     0.147
     347.92     0.000
     349.21     0.066
     350.50     0.181
     351.79    -0.049
     353.08     0.090
     354.37     0.153
     355.65     0.137
     356.94     0.107
     358.23     0.099
     359.52    -0.082
     360.81    -0.054
     362.09    -0.019
     363.38     0.041
     364.67    -0.046
     365.96     0.014
     367.25     0.023
     368.54     0.081
     369.82     0.083
     371.11     0.042
     372.40    -0.007
     373.69     0.025
     374.98     0.020
     376.27    -0.002
     377.55     0.047
     378.84     0.047
     380.13     0.045
     381.42     0.043
     382.71     0.097
     383.99     0.052
     385.28    -0.002
     386.57    -0.027
     387.86    -0.038
     389.15    -0.086
     390.44    -0.027
     391.72    -0.021
     393.01    -0.012
     394.30    -0.184
     395.59     0.058
     396.88     0.050
     398.17    -0.027
     399.45    -0.128
%%GASS      0  datapoints: v_lsr [km/s] and T_B [K]
%%LAB     777  datapoints: v_lsr [km/s] and T_B [K]
    -399.85     0.021
    -398.82     0.163
    -397.79     0.011
    -396.76    -0.096
    -395.73    -0.104
    -394.70     0.079
    -393.67     0.002
    -392.64     0.004
    -391.61    -0.077
    -390.58     0.016
    -389.55    -0.089
    -388.51    -0.028
    -387.48     0.026
    -386.45     0.059
    -385.42     0.118
    -384.39     0.042
    -383.36    -0.205
    -382.33     0.027
    -381.30    -0.077
    -380.27     0.070
    -379.24    -0.042
    -378.21     0.076
    -377.18    -0.003
    -376.15    -0.084
    -375.12     0.076
    -374.09    -0.027
    -373.06    -0.043
    -372.03    -0.019
    -371.00     0.084
    -369.97    -0.005
    -368.93     0.096
    -367.90     0.010
    -366.87     0.058
    -365.84    -0.007
    -364.81    -0.094
    -363.78    -0.040
    -362.75     0.031
    -361.72     0.034
    -360.69    -0.065
    -359.66    -0.021
    -358.63    -0.017
    -357.60    -0.100
    -356.57     0.173
    -355.54     0.094
    -354.51     0.009
    -353.48     0.029
    -352.45     0.182
    -351.42    -0.147
    -350.38    -0.073
    -349.35    -0.045
    -348.32     0.096
    -347.29    -0.007
    -346.26    -0.003
    -345.23     0.075
    -344.20     0.075
    -343.17     0.011
    -342.14     0.046
    -341.11    -0.021
    -340.08     0.069
    -339.05     0.087
    -338.02    -0.098
    -336.99    -0.162
    -335.96    -0.099
    -334.93    -0.150
    -333.90     0.003
    -332.87     0.011
    -331.83     0.026
    -330.80    -0.017
    -329.77    -0.019
    -328.74    -0.178
    -327.71    -0.066
    -326.68     0.009
    -325.65     0.037
    -324.62    -0.064
    -323.59    -0.144
    -322.56    -0.148
    -321.53    -0.054
    -320.50     0.003
    -319.47     0.151
    -318.44    -0.003
    -317.41     0.152
    -316.38     0.094
    -315.35    -0.108
    -314.32     0.046
    -313.29     0.039
    -312.25    -0.027
    -311.22     0.028
    -310.19    -0.126
    -309.16    -0.046
    -308.13    -0.090
    -307.10     0.067
    -306.07    -0.003
    -305.04    -0.031
    -304.01     0.057
    -302.98     0.055
    -301.95    -0.040
    -300.92     0.049
    -299.89     0.147
    -298.86    -0.012
    -297.83    -0.070
    -296.80    -0.099
    -295.77    -0.064
    -294.74    -0.005
    -293.70    -0.094
    -292.67    -0.061
    -291.64     0.033
    -290.61    -0.048
    -289.58    -0.012
    -288.55     0.177
    -287.52    -0.011
    -286.49     0.041
    -285.46     0.035
    -284.43     0.045
    -283.40     0.075
    -282.37     0.013
    -281.34    -0.024
    -280.31     0.056
    -279.28     0.096
    -278.25    -0.031
    -277.22     0.097
    -276.19     0.057
    -275.16    -0.088
    -274.12    -0.160
    -273.09     0.018
    -272.06    -0.086
    -271.03    -0.031
    -270.00     0.068
    -268.97    -0.044
    -267.94     0.056
    -266.91    -0.059
    -265.88     0.040
    -264.85     0.053
    -263.82    -0.003
    -262.79     0.080
    -261.76    -0.013
    -260.73     0.079
    -259.70     0.011
    -258.67    -0.029
    -257.64     0.065
    -256.61    -0.003
    -255.57     0.090
    -254.54     0.132
    -253.51     0.071
    -252.48    -0.017
    -251.45    -0.079
    -250.42     0.157
    -249.39    -0.014
    -248.36    -0.010
    -247.33     0.032
    -246.30    -0.099
    -245.27     0.067
    -244.24     0.022
    -243.21    -0.064
    -242.18     0.083
    -241.15     0.087
    -240.12     0.049
    -239.09    -0.030
    -238.06     0.035
    -237.02     0.135
    -235.99     0.009
    -234.96     0.060
    -233.93     0.017
    -232.90     0.007
    -231.87    -0.116
    -230.84     0.041
    -229.81    -0.060
    -228.78     0.082
    -227.75    -0.042
    -226.72     0.134
    -225.69     0.043
    -224.66     0.074
    -223.63     0.105
    -222.60     0.074
    -221.57    -0.001
    -220.54    -0.052
    -219.51     0.099
    -218.48     0.024
    -217.44     0.099
    -216.41     0.150
    -215.38    -0.111
    -214.35    -0.069
    -213.32     0.012
    -212.29     0.036
    -211.26    -0.109
    -210.23    -0.149
    -209.20    -0.188
    -208.17     0.080
    -207.14    -0.051
    -206.11     0.071
    -205.08    -0.015
    -204.05    -0.098
    -203.02     0.010
    -201.99     0.117
    -200.96     0.020
    -199.93     0.056
    -198.89    -0.016
    -197.86    -0.042
    -196.83     0.057
    -195.80     0.114
    -194.77    -0.058
    -193.74     0.048
    -192.71     0.003
    -191.68     0.013
    -190.65     0.057
    -189.62     0.134
    -188.59    -0.148
    -187.56     0.014
    -186.53     0.167
    -185.50     0.034
    -184.47    -0.048
    -183.44     0.124
    -182.41    -0.059
    -181.38     0.053
    -180.35    -0.001
    -179.31    -0.032
    -178.28    -0.051
    -177.25     0.069
    -176.22     0.017
    -175.19     0.043
    -174.16     0.056
    -173.13    -0.062
    -172.10     0.004
    -171.07    -0.068
    -170.04     0.100
    -169.01     0.073
    -167.98    -0.134
    -166.95     0.079
    -165.92    -0.117
    -164.89     0.059
    -163.86    -0.083
    -162.83     0.010
    -161.80    -0.047
    -160.76    -0.056
    -159.73     0.039
    -158.70     0.103
    -157.67    -0.005
    -156.64    -0.055
    -155.61     0.013
    -154.58     0.009
    -153.55    -0.095
    -152.52     0.021
    -151.49     0.078
    -150.46     0.159
    -149.43     0.022
    -148.40     0.079
    -147.37    -0.063
    -146.34    -0.058
    -145.31    -0.001
    -144.28    -0.042
    -143.25     0.044
    -142.21    -0.092
    -141.18    -0.029
    -140.15     0.076
    -139.12     0.172
    -138.09     0.279
    -137.06     0.087
    -136.03     0.367
    -135.00     0.368
    -133.97     0.292
    -132.94     0.396
    -131.91     0.479
    -130.88     0.286
    -129.85     0.371
    -128.82     0.357
    -127.79     0.454
    -126.76     0.378
    -125.73     0.591
    -124.70     0.445
    -123.67     0.529
    -122.63     0.464
    -121.60     0.503
    -120.57     0.389
    -119.54     0.616
    -118.51     0.682
    -117.48     0.751
    -116.45     0.765
    -115.42     0.799
    -114.39     0.796
    -113.36     0.912
    -112.33     1.064
    -111.30     1.159
    -110.27     1.015
    -109.24     1.318
    -108.21     1.285
    -107.18     1.421
    -106.15     1.395
    -105.12     1.361
    -104.08     1.369
    -103.05     1.563
    -102.02     1.358
    -100.99     1.254
     -99.96     1.340
     -98.93     1.351
     -97.90     1.413
     -96.87     1.350
     -95.84     1.272
     -94.81     1.298
     -93.78     1.311
     -92.75     1.259
     -91.72     1.278
     -90.69     1.440
     -89.66     1.375
     -88.63     1.302
     -87.60     1.194
     -86.57     1.385
     -85.54     1.328
     -84.50     1.436
     -83.47     1.427
     -82.44     1.501
     -81.41     1.596
     -80.38     1.776
     -79.35     2.045
     -78.32     2.210
     -77.29     2.545
     -76.26     2.676
     -75.23     3.155
     -74.20     3.743
     -73.17     3.898
     -72.14     4.475
     -71.11     4.993
     -70.08     4.975
     -69.05     5.242
     -68.02     5.073
     -66.99     4.745
     -65.95     4.388
     -64.92     4.171
     -63.89     3.734
     -62.86     3.293
     -61.83     3.081
     -60.80     3.014
     -59.77     3.127
     -58.74     2.894
     -57.71     2.899
     -56.68     2.926
     -55.65     3.084
     -54.62     3.197
     -53.59     2.870
     -52.56     2.892
     -51.53     3.016
     -50.50     2.951
     -49.47     2.857
     -48.44     2.940
     -47.40     3.046
     -46.37     3.219
     -45.34     3.415
     -44.31     3.833
     -43.28     4.045
     -42.25     4.335
     -41.22     4.617
     -40.19     4.920
     -39.16     5.298
     -38.13     5.594
     -37.10     6.050
     -36.07     6.574
     -35.04     6.956
     -34.01     7.647
     -32.98     8.275
     -31.95     9.133
     -30.92     9.571
     -29.89    10.312
     -28.86    11.087
     -27.82    11.984
     -26.79    12.709
     -25.76    13.241
     -24.73    13.802
     -23.70    14.430
     -22.67    14.869
     -21.64    15.789
     -20.61    16.211
     -19.58    16.514
     -18.55    16.932
     -17.52    16.824
     -16.49    16.800
     -15.46    17.318
     -14.43    17.969
     -13.40    19.586
     -12.37    21.404
     -11.34    23.683
     -10.31    25.674
      -9.27    27.455
      -8.24    29.582
      -7.21    31.496
      -6.18    33.379
      -5.15    35.576
      -4.12    37.493
      -3.09    39.171
      -2.06    41.116
      -1.03    42.324
       0.00    44.676
       1.03    45.500
       2.06    44.605
       3.09    39.907
       4.12    32.592
       5.15    24.374
       6.18    18.228
       7.21    13.964
       8.24    11.542
       9.27    10.402
      10.31     9.959
      11.34     9.538
      12.37     8.932
      13.40     7.433
      14.43     6.312
      15.46     5.436
      16.49     4.801
      17.52     4.429
      18.55     3.923
      19.58     3.468
      20.61     3.160
      21.64     3.201
      22.67     2.771
      23.70     2.658
      24.73     2.665
      25.76     2.108
      26.79     1.766
      27.82     1.209
      28.86     1.142
      29.89     0.870
      30.92     0.667
      31.95     0.695
      32.98     0.382
      34.01     0.253
      35.04     0.318
      36.07     0.176
      37.10     0.312
      38.13     0.290
      39.16     0.246
      40.19     0.272
      41.22     0.086
      42.25     0.108
      43.28     0.121
      44.31     0.241
      45.34     0.303
      46.37     0.330
      47.40     0.279
      48.44     0.308
      49.47     0.338
      50.50     0.243
      51.53     0.387
      52.56     0.371
      53.59     0.422
      54.62     0.324
      55.65     0.347
      56.68     0.138
      57.71     0.315
      58.74     0.251
      59.77     0.370
      60.80     0.301
      61.83     0.083
      62.86     0.167
      63.89     0.224
      64.92     0.163
      65.95     0.016
      66.99    -0.005
      68.02     0.203
      69.05     0.086
      70.08    -0.054
      71.11     0.104
      72.14     0.043
      73.17    -0.014
      74.20     0.106
      75.23     0.024
      76.26     0.229
      77.29    -0.160
      78.32     0.083
      79.35    -0.026
      80.38     0.060
      81.41    -0.024
      82.44     0.125
      83.47    -0.086
      84.50     0.071
      85.54     0.006
      86.57     0.043
      87.60    -0.053
      88.63     0.000
      89.66     0.188
      90.69     0.016
      91.72    -0.055
      92.75     0.003
      93.78     0.066
      94.81    -0.004
      95.84     0.117
      96.87    -0.014
      97.90     0.001
      98.93    -0.047
      99.96     0.027
     100.99     0.006
     102.02    -0.029
     103.05    -0.094
     104.08     0.103
     105.12    -0.109
     106.15    -0.128
     107.18     0.014
     108.21     0.007
     109.24     0.004
     110.27     0.015
     111.30     0.098
     112.33     0.020
     113.36    -0.059
     114.39    -0.070
     115.42    -0.017
     116.45    -0.033
     117.48     0.064
     118.51    -0.107
     119.54     0.011
     120.57    -0.012
     121.60     0.008
     122.63    -0.127
     123.67     0.096
     124.70    -0.118
     125.73     0.064
     126.76     0.015
     127.79    -0.015
     128.82     0.104
     129.85    -0.062
     130.88    -0.004
     131.91     0.053
     132.94    -0.044
     133.97     0.016
     135.00     0.016
     136.03    -0.033
     137.06    -0.091
     138.09     0.121
     139.12    -0.065
     140.15    -0.072
     141.18    -0.065
     142.21    -0.061
     143.25     0.003
     144.28    -0.001
     145.31     0.029
     146.34    -0.081
     147.37    -0.019
     148.40     0.090
     149.43     0.050
     150.46     0.045
     151.49     0.008
     152.52    -0.125
     153.55     0.083
     154.58    -0.065
     155.61     0.063
     156.64     0.120
     157.67    -0.001
     158.70     0.131
     159.73     0.030
     160.76     0.132
     161.80    -0.047
     162.83     0.115
     163.86    -0.051
     164.89    -0.082
     165.92     0.036
     166.95     0.148
     167.98    -0.035
     169.01     0.173
     170.04    -0.157
     171.07     0.029
     172.10     0.024
     173.13     0.049
     174.16    -0.040
     175.19     0.092
     176.22     0.010
     177.25     0.060
     178.28    -0.019
     179.31    -0.055
     180.35     0.050
     181.38    -0.025
     182.41    -0.128
     183.44     0.127
     184.47    -0.068
     185.50     0.062
     186.53     0.020
     187.56     0.177
     188.59    -0.084
     189.62     0.084
     190.65     0.046
     191.68     0.027
     192.71    -0.074
     193.74     0.096
     194.77    -0.086
     195.80     0.046
     196.83    -0.111
     197.86     0.085
     198.89    -0.051
     199.93     0.004
     200.96    -0.042
     201.99    -0.031
     203.02    -0.142
     204.05    -0.018
     205.08    -0.013
     206.11     0.006
     207.14    -0.112
     208.17     0.099
     209.20     0.026
     210.23     0.043
     211.26    -0.107
     212.29     0.163
     213.32     0.025
     214.35     0.023
     215.38    -0.127
     216.41    -0.041
     217.44    -0.039
     218.48     0.015
     219.51    -0.102
     220.54    -0.037
     221.57     0.055
     222.60     0.070
     223.63    -0.048
     224.66     0.074
     225.69    -0.070
     226.72     0.051
     227.75    -0.168
     228.78     0.129
     229.81     0.072
     230.84     0.249
     231.87     0.059
     232.90    -0.031
     233.93    -0.072
     234.96    -0.059
     235.99    -0.097
     237.02     0.087
     238.06    -0.026
     239.09    -0.111
     240.12    -0.027
     241.15     0.033
     242.18    -0.037
     243.21     0.123
     244.24     0.048
     245.27     0.052
     246.30     0.153
     247.33     0.255
     248.36    -0.036
     249.39    -0.068
     250.42    -0.100
     251.45     0.058
     252.48    -0.191
     253.51     0.085
     254.54     0.047
     255.57     0.094
     256.61     0.018
     257.64    -0.068
     258.67    -0.005
     259.70    -0.013
     260.73     0.022
     261.76     0.066
     262.79    -0.220
     263.82    -0.085
     264.85    -0.020
     265.88     0.122
     266.91    -0.051
     267.94     0.134
     268.97     0.009
     270.00     0.085
     271.03     0.060
     272.06    -0.050
     273.09     0.073
     274.12     0.100
     275.16     0.052
     276.19     0.062
     277.22     0.159
     278.25    -0.032
     279.28     0.050
     280.31    -0.158
     281.34     0.061
     282.37    -0.171
     283.40     0.067
     284.43    -0.123
     285.46    -0.098
     286.49     0.038
     287.52     0.031
     288.55     0.127
     289.58     0.032
     290.61    -0.035
     291.64    -0.041
     292.67     0.034
     293.70    -0.234
     294.74    -0.144
     295.77    -0.052
     296.80     0.023
     297.83    -0.072
     298.86     0.203
     299.89    -0.066
     300.92     0.073
     301.95    -0.025
     302.98     0.054
     304.01     0.219
     305.04     0.115
     306.07     0.032
     307.10    -0.039
     308.13    -0.020
     309.16     0.079
     310.19    -0.040
     311.22    -0.106
     312.25    -0.100
     313.29     0.027
     314.32     0.124
     315.35    -0.146
     316.38    -0.105
     317.41    -0.024
     318.44    -0.099
     319.47     0.022
     320.50    -0.014
     321.53     0.120
     322.56     0.034
     323.59    -0.070
     324.62    -0.038
     325.65    -0.088
     326.68     0.040
     327.71     0.195
     328.74     0.014
     329.77     0.072
     330.80    -0.005
     331.83    -0.083
     332.87    -0.106
     333.90     0.049
     334.93    -0.155
     335.96    -0.011
     336.99     0.036
     338.02     0.024
     339.05     0.064
     340.08     0.023
     341.11     0.017
     342.14     0.026
     343.17     0.055
     344.20     0.019
     345.23    -0.021
     346.26    -0.003
     347.29    -0.100
     348.32    -0.042
     349.35    -0.100
     350.38     0.000
     351.42     0.076
     352.45     0.145
     353.48    -0.056
     354.51     0.002
     355.54    -0.080
     356.57     0.038
     357.60    -0.117
     358.63     0.099
     359.66     0.025
     360.69    -0.017
     361.72    -0.068
     362.75     0.005
     363.78     0.027
     364.81    -0.024
     365.84    -0.076
     366.87     0.077
     367.90     0.000
     368.93    -0.035
     369.97    -0.012
     371.00     0.027
     372.03    -0.075
     373.06    -0.093
     374.09    -0.086
     375.12     0.091
     376.15    -0.010
     377.18     0.069
     378.21     0.027
     379.24     0.148
     380.27    -0.109
     381.30     0.039
     382.33    -0.064
     383.36     0.078
     384.39    -0.041
     385.42     0.139
     386.45    -0.025
     387.48    -0.062
     388.51    -0.100
     389.55    -0.027
     390.58     0.048
     391.61    -0.022
     392.64     0.173
     393.67     0.062
     394.70    -0.085
     395.73    -0.005
     396.76     0.080
     397.79     0.067
     398.82    -0.050
     399.85     0.108
