%%  100.00000  -5.00000    0   0.20000
% LAB  survey ------------------
% wanted position:  l, b, RA, DEC, and interpolated  NH
%100.00 ;  -5.00 ; 334.81 ;  50.97 ;  0.288E+22
% nearest position: l, b, RA, DEC, and observed NH
%100.00 ;  -5.00 ; 334.81 ;  50.97 ;  0.288E+22
% GASS III survey --------------
% NH - median within 6 arcmin radius   0.00    
% NH - mean within specified beam      0.00    
% EBHIS survey -----------------
% NH  within specified beam           0.284E+22
%%EBHIS   621  datapoints: v_lsr [km/s] and T_B [K]
    -399.25    -0.105
    -397.96    -0.090
    -396.68    -0.038
    -395.39    -0.036
    -394.10     0.041
    -392.81    -0.002
    -391.52     0.007
    -390.23     0.008
    -388.95     0.028
    -387.66    -0.027
    -386.37     0.146
    -385.08     0.090
    -383.79     0.029
    -382.50     0.043
    -381.22     0.099
    -379.93     0.028
    -378.64     0.057
    -377.35     0.073
    -376.06    -0.057
    -374.78     0.012
    -373.49    -0.071
    -372.20     0.047
    -370.91     0.082
    -369.62     0.060
    -368.33     0.000
    -367.05     0.066
    -365.76    -0.069
    -364.47    -0.201
    -363.18    -0.010
    -361.89     0.062
    -360.60    -0.070
    -359.32     0.014
    -358.03     0.045
    -356.74     0.019
    -355.45    -0.018
    -354.16    -0.078
    -352.88    -0.072
    -351.59    -0.033
    -350.30    -0.061
    -349.01     0.048
    -347.72    -0.018
    -346.43    -0.023
    -345.15    -0.008
    -343.86    -0.094
    -342.57     0.084
    -341.28     0.064
    -339.99     0.029
    -338.70     0.074
    -337.42     0.071
    -336.13     0.181
    -334.84     0.008
    -333.55     0.066
    -332.26     0.069
    -330.98    -0.054
    -329.69     0.022
    -328.40    -0.020
    -327.11    -0.035
    -325.82    -0.034
    -324.53    -0.144
    -323.25    -0.055
    -321.96     0.080
    -320.67     0.056
    -319.38    -0.082
    -318.09    -0.057
    -316.80    -0.060
    -315.52    -0.013
    -314.23     0.067
    -312.94     0.101
    -311.65     0.115
    -310.36     0.095
    -309.08     0.080
    -307.79     0.054
    -306.50    -0.048
    -305.21    -0.046
    -303.92    -0.030
    -302.63     0.054
    -301.35    -0.011
    -300.06    -0.071
    -298.77     0.019
    -297.48     0.006
    -296.19    -0.033
    -294.90    -0.011
    -293.62     0.048
    -292.33     0.036
    -291.04    -0.066
    -289.75    -0.057
    -288.46    -0.042
    -287.18     0.045
    -285.89    -0.045
    -284.60    -0.022
    -283.31    -0.027
    -282.02    -0.062
    -280.73    -0.030
    -279.45     0.089
    -278.16     0.144
    -276.87     0.011
    -275.58     0.149
    -274.29     0.059
    -273.00     0.029
    -271.72     0.008
    -270.43    -0.056
    -269.14     0.008
    -267.85    -0.109
    -266.56    -0.084
    -265.28    -0.108
    -263.99    -0.100
    -262.70    -0.106
    -261.41    -0.021
    -260.12     0.089
    -258.83    -0.108
    -257.55    -0.116
    -256.26    -0.101
    -254.97    -0.131
    -253.68    -0.145
    -252.39     0.162
    -251.10    -0.053
    -249.82    -0.048
    -248.53    -0.012
    -247.24    -0.024
    -245.95     0.013
    -244.66     0.015
    -243.38    -0.032
    -242.09     0.037
    -240.80    -0.049
    -239.51    -0.091
    -238.22    -0.002
    -236.93    -0.040
    -235.65     0.074
    -234.36    -0.085
    -233.07     0.071
    -231.78     0.047
    -230.49    -0.028
    -229.20     0.048
    -227.92     0.033
    -226.63    -0.036
    -225.34     0.010
    -224.05     0.065
    -222.76    -0.110
    -221.48    -0.039
    -220.19    -0.087
    -218.90     0.061
    -217.61     0.113
    -216.32     0.115
    -215.03     0.030
    -213.75     0.011
    -212.46     0.087
    -211.17     0.136
    -209.88     0.080
    -208.59    -0.001
    -207.30     0.091
    -206.02    -0.048
    -204.73    -0.027
    -203.44     0.138
    -202.15    -0.109
    -200.86     0.034
    -199.58     0.065
    -198.29    -0.068
    -197.00    -0.127
    -195.71    -0.090
    -194.42     0.079
    -193.13    -0.017
    -191.85     0.007
    -190.56     0.021
    -189.27    -0.023
    -187.98    -0.032
    -186.69    -0.069
    -185.40     0.058
    -184.12     0.006
    -182.83     0.065
    -181.54     0.032
    -180.25     0.079
    -178.96     0.023
    -177.68    -0.029
    -176.39     0.057
    -175.10    -0.003
    -173.81    -0.058
    -172.52    -0.037
    -171.23    -0.069
    -169.95    -0.092
    -168.66     0.114
    -167.37    -0.084
    -166.08     0.030
    -164.79     0.037
    -163.50     0.002
    -162.22     0.080
    -160.93     0.106
    -159.64     0.034
    -158.35    -0.141
    -157.06     0.102
    -155.78     0.056
    -154.49    -0.027
    -153.20     0.128
    -151.91     0.022
    -150.62    -0.012
    -149.33    -0.043
    -148.05     0.065
    -146.76     0.122
    -145.47     0.131
    -144.18     0.144
    -142.89     0.176
    -141.60     0.030
    -140.32     0.246
    -139.03     0.215
    -137.74     0.192
    -136.45     0.143
    -135.16     0.258
    -133.88     0.211
    -132.59     0.288
    -131.30     0.351
    -130.01     0.340
    -128.72     0.334
    -127.43     0.318
    -126.15     0.429
    -124.86     0.514
    -123.57     0.462
    -122.28     0.540
    -120.99     0.542
    -119.70     0.668
    -118.42     0.701
    -117.13     0.806
    -115.84     0.933
    -114.55     1.171
    -113.26     1.070
    -111.98     1.206
    -110.69     1.432
    -109.40     1.573
    -108.11     1.570
    -106.82     1.710
    -105.53     1.869
    -104.25     1.969
    -102.96     2.067
    -101.67     2.128
    -100.38     2.113
     -99.09     1.995
     -97.80     2.115
     -96.52     2.093
     -95.23     2.144
     -93.94     2.161
     -92.65     2.148
     -91.36     2.047
     -90.08     1.997
     -88.79     2.046
     -87.50     1.902
     -86.21     2.027
     -84.92     2.141
     -83.63     2.192
     -82.35     2.199
     -81.06     2.398
     -79.77     2.596
     -78.48     2.736
     -77.19     2.987
     -75.90     3.292
     -74.62     3.602
     -73.33     3.931
     -72.04     4.471
     -70.75     4.912
     -69.46     5.513
     -68.18     6.133
     -66.89     6.891
     -65.60     7.584
     -64.31     8.299
     -63.02     9.026
     -61.73     9.865
     -60.45    10.824
     -59.16    11.996
     -57.87    14.060
     -56.58    17.157
     -55.29    21.768
     -54.00    25.982
     -52.72    26.624
     -51.43    25.463
     -50.14    23.976
     -48.85    23.525
     -47.56    23.320
     -46.28    23.715
     -44.99    24.169
     -43.70    24.097
     -42.41    24.348
     -41.12    24.762
     -39.83    25.881
     -38.55    27.044
     -37.26    26.894
     -35.97    25.693
     -34.68    23.736
     -33.39    20.874
     -32.10    17.991
     -30.82    14.849
     -29.53    12.652
     -28.24    10.422
     -26.95     8.890
     -25.66     7.677
     -24.38     6.669
     -23.09     6.083
     -21.80     5.735
     -20.51     5.671
     -19.22     5.625
     -17.93     5.763
     -16.65     5.850
     -15.36     6.154
     -14.07     7.240
     -12.78     9.377
     -11.49    12.826
     -10.20    16.503
      -8.92    17.212
      -7.63    16.821
      -6.34    17.537
      -5.05    19.731
      -3.76    24.428
      -2.48    29.929
      -1.19    33.473
       0.10    34.987
       1.39    34.578
       2.68    32.589
       3.97    29.028
       5.25    24.166
       6.54    19.636
       7.83    15.660
       9.12    12.542
      10.41     9.856
      11.70     7.654
      12.98     5.946
      14.27     4.594
      15.56     3.255
      16.85     2.465
      18.14     1.890
      19.42     1.515
      20.71     1.133
      22.00     0.893
      23.29     0.649
      24.58     0.357
      25.87     0.271
      27.15     0.304
      28.44     0.180
      29.73     0.083
      31.02     0.066
      32.31     0.101
      33.60     0.021
      34.88     0.040
      36.17    -0.088
      37.46    -0.146
      38.75     0.012
      40.04    -0.087
      41.32     0.027
      42.61    -0.049
      43.90    -0.024
      45.19     0.004
      46.48    -0.105
      47.77    -0.053
      49.05    -0.073
      50.34    -0.021
      51.63    -0.092
      52.92    -0.053
      54.21    -0.078
      55.50    -0.116
      56.78    -0.025
      58.07    -0.070
      59.36     0.058
      60.65     0.064
      61.94    -0.034
      63.22    -0.003
      64.51     0.137
      65.80     0.065
      67.09    -0.093
      68.38    -0.103
      69.67    -0.028
      70.95     0.128
      72.24    -0.098
      73.53    -0.111
      74.82     0.012
      76.11    -0.144
      77.40    -0.082
      78.68    -0.061
      79.97    -0.000
      81.26    -0.107
      82.55     0.009
      83.84    -0.037
      85.12     0.117
      86.41     0.122
      87.70    -0.010
      88.99    -0.129
      90.28    -0.060
      91.57     0.045
      92.85     0.016
      94.14     0.132
      95.43    -0.015
      96.72     0.051
      98.01     0.019
      99.30     0.027
     100.58     0.049
     101.87    -0.095
     103.16    -0.009
     104.45     0.076
     105.74     0.034
     107.02    -0.055
     108.31     0.048
     109.60     0.025
     110.89    -0.136
     112.18    -0.003
     113.47    -0.008
     114.75    -0.041
     116.04    -0.055
     117.33    -0.037
     118.62    -0.055
     119.91     0.034
     121.20     0.031
     122.48     0.121
     123.77    -0.095
     125.06     0.006
     126.35    -0.043
     127.64    -0.042
     128.92    -0.013
     130.21     0.115
     131.50     0.084
     132.79     0.043
     134.08     0.114
     135.37     0.042
     136.65     0.068
     137.94     0.085
     139.23    -0.038
     140.52     0.081
     141.81    -0.027
     143.09     0.008
     144.38     0.118
     145.67     0.056
     146.96     0.122
     148.25    -0.031
     149.54    -0.086
     150.82    -0.018
     152.11    -0.083
     153.40    -0.058
     154.69     0.044
     155.98     0.067
     157.27     0.047
     158.55    -0.095
     159.84    -0.028
     161.13    -0.174
     162.42     0.078
     163.71     0.061
     164.99     0.045
     166.28    -0.048
     167.57    -0.047
     168.86     0.030
     170.15    -0.059
     171.44     0.018
     172.72     0.046
     174.01     0.059
     175.30    -0.010
     176.59    -0.092
     177.88    -0.034
     179.17     0.050
     180.45     0.069
     181.74    -0.118
     183.03     0.059
     184.32     0.103
     185.61     0.019
     186.89     0.063
     188.18     0.081
     189.47     0.036
     190.76     0.096
     192.05    -0.082
     193.34    -0.008
     194.62    -0.061
     195.91    -0.064
     197.20    -0.099
     198.49    -0.080
     199.78     0.017
     201.07     0.078
     202.35     0.063
     203.64     0.104
     204.93     0.072
     206.22    -0.019
     207.51    -0.020
     208.79    -0.133
     210.08    -0.016
     211.37     0.020
     212.66    -0.052
     213.95    -0.026
     215.24     0.038
     216.52    -0.065
     217.81     0.033
     219.10    -0.027
     220.39    -0.100
     221.68     0.087
     222.97     0.013
     224.25    -0.036
     225.54    -0.040
     226.83     0.049
     228.12    -0.007
     229.41    -0.112
     230.69     0.159
     231.98     0.015
     233.27     0.149
     234.56     0.168
     235.85    -0.013
     237.14    -0.047
     238.42     0.046
     239.71     0.010
     241.00    -0.140
     242.29     0.049
     243.58    -0.025
     244.87    -0.013
     246.15    -0.053
     247.44     0.003
     248.73    -0.033
     250.02     0.085
     251.31     0.086
     252.59    -0.020
     253.88     0.059
     255.17     0.100
     256.46    -0.084
     257.75     0.091
     259.04     0.048
     260.32    -0.019
     261.61    -0.012
     262.90     0.007
     264.19     0.056
     265.48    -0.045
     266.77    -0.091
     268.05     0.066
     269.34    -0.058
     270.63    -0.060
     271.92    -0.003
     273.21    -0.009
     274.49    -0.008
     275.78     0.031
     277.07    -0.039
     278.36     0.014
     279.65    -0.033
     280.94    -0.180
     282.22    -0.061
     283.51    -0.055
     284.80    -0.000
     286.09     0.041
     287.38     0.022
     288.67     0.077
     289.95     0.231
     291.24     0.056
     292.53     0.093
     293.82    -0.006
     295.11     0.095
     296.39     0.052
     297.68     0.021
     298.97     0.081
     300.26    -0.039
     301.55    -0.109
     302.84    -0.041
     304.12     0.023
     305.41     0.066
     306.70     0.058
     307.99    -0.005
     309.28     0.054
     310.57     0.054
     311.85    -0.120
     313.14     0.021
     314.43    -0.037
     315.72     0.051
     317.01    -0.098
     318.29     0.092
     319.58    -0.010
     320.87     0.057
     322.16     0.160
     323.45     0.046
     324.74    -0.049
     326.02    -0.031
     327.31    -0.123
     328.60     0.034
     329.89     0.063
     331.18    -0.052
     332.47    -0.131
     333.75    -0.060
     335.04     0.054
     336.33    -0.101
     337.62     0.043
     338.91     0.010
     340.19    -0.019
     341.48     0.088
     342.77    -0.146
     344.06    -0.006
     345.35     0.046
     346.64     0.022
     347.92    -0.040
     349.21     0.051
     350.50     0.023
     351.79    -0.105
     353.08    -0.035
     354.37    -0.085
     355.65     0.070
     356.94    -0.050
     358.23    -0.146
     359.52     0.112
     360.81    -0.008
     362.09    -0.072
     363.38     0.058
     364.67     0.105
     365.96     0.070
     367.25    -0.093
     368.54    -0.019
     369.82     0.076
     371.11     0.087
     372.40     0.024
     373.69    -0.031
     374.98     0.008
     376.27    -0.001
     377.55     0.069
     378.84    -0.033
     380.13    -0.011
     381.42     0.000
     382.71    -0.065
     383.99     0.000
     385.28     0.076
     386.57    -0.013
     387.86    -0.109
     389.15     0.086
     390.44     0.013
     391.72     0.054
     393.01     0.028
     394.30     0.016
     395.59     0.058
     396.88     0.073
     398.17     0.028
     399.45    -0.016
%%GASS      0  datapoints: v_lsr [km/s] and T_B [K]
%%LAB     777  datapoints: v_lsr [km/s] and T_B [K]
    -399.84    -0.054
    -398.81     0.081
    -397.78     0.025
    -396.75    -0.075
    -395.72     0.084
    -394.69    -0.033
    -393.66    -0.021
    -392.63    -0.082
    -391.60    -0.033
    -390.56    -0.013
    -389.53    -0.013
    -388.50    -0.105
    -387.47     0.020
    -386.44    -0.005
    -385.41     0.037
    -384.38     0.025
    -383.35     0.022
    -382.32     0.083
    -381.29    -0.019
    -380.26    -0.056
    -379.23     0.112
    -378.20     0.101
    -377.17     0.043
    -376.14    -0.006
    -375.11     0.046
    -374.08     0.152
    -373.05    -0.067
    -372.02     0.050
    -370.98    -0.064
    -369.95    -0.053
    -368.92    -0.014
    -367.89    -0.192
    -366.86     0.144
    -365.83     0.127
    -364.80     0.048
    -363.77     0.076
    -362.74     0.163
    -361.71     0.012
    -360.68     0.074
    -359.65     0.116
    -358.62    -0.118
    -357.59    -0.076
    -356.56     0.065
    -355.53     0.160
    -354.50    -0.026
    -353.47    -0.004
    -352.44     0.119
    -351.41    -0.079
    -350.37     0.080
    -349.34     0.181
    -348.31     0.230
    -347.28    -0.013
    -346.25    -0.060
    -345.22    -0.163
    -344.19     0.008
    -343.16     0.024
    -342.13     0.025
    -341.10    -0.047
    -340.07    -0.020
    -339.04     0.046
    -338.01    -0.023
    -336.98    -0.091
    -335.95    -0.084
    -334.92     0.176
    -333.89    -0.013
    -332.86     0.140
    -331.83    -0.055
    -330.79    -0.067
    -329.76    -0.009
    -328.73     0.113
    -327.70     0.109
    -326.67    -0.188
    -325.64    -0.092
    -324.61    -0.127
    -323.58     0.087
    -322.55    -0.111
    -321.52    -0.073
    -320.49    -0.074
    -319.46     0.001
    -318.43    -0.089
    -317.40    -0.029
    -316.37     0.059
    -315.34     0.061
    -314.31     0.024
    -313.28    -0.026
    -312.25     0.038
    -311.22     0.095
    -310.18    -0.058
    -309.15    -0.047
    -308.12    -0.154
    -307.09     0.115
    -306.06    -0.033
    -305.03     0.050
    -304.00    -0.090
    -302.97     0.218
    -301.94    -0.089
    -300.91    -0.003
    -299.88     0.014
    -298.85     0.060
    -297.82     0.092
    -296.79    -0.042
    -295.76     0.008
    -294.73     0.046
    -293.70    -0.156
    -292.67     0.001
    -291.64    -0.038
    -290.60    -0.016
    -289.57    -0.129
    -288.54     0.078
    -287.51    -0.018
    -286.48    -0.010
    -285.45    -0.047
    -284.42     0.010
    -283.39    -0.137
    -282.36    -0.053
    -281.33    -0.124
    -280.30    -0.071
    -279.27    -0.027
    -278.24     0.003
    -277.21    -0.020
    -276.18     0.111
    -275.15     0.026
    -274.12     0.055
    -273.09    -0.113
    -272.06     0.129
    -271.03    -0.077
    -269.99    -0.025
    -268.96    -0.043
    -267.93     0.150
    -266.90     0.075
    -265.87     0.063
    -264.84    -0.003
    -263.81    -0.056
    -262.78     0.011
    -261.75     0.082
    -260.72    -0.118
    -259.69     0.085
    -258.66    -0.060
    -257.63     0.008
    -256.60     0.061
    -255.57     0.095
    -254.54     0.016
    -253.51    -0.006
    -252.48     0.006
    -251.45     0.032
    -250.41    -0.027
    -249.38    -0.041
    -248.35    -0.073
    -247.32     0.182
    -246.29     0.060
    -245.26    -0.015
    -244.23    -0.021
    -243.20     0.020
    -242.17    -0.115
    -241.14    -0.144
    -240.11    -0.022
    -239.08     0.063
    -238.05    -0.104
    -237.02     0.024
    -235.99     0.069
    -234.96    -0.157
    -233.93    -0.123
    -232.90    -0.090
    -231.87    -0.036
    -230.84    -0.107
    -229.80    -0.032
    -228.77    -0.037
    -227.74    -0.152
    -226.71     0.091
    -225.68     0.144
    -224.65     0.042
    -223.62     0.107
    -222.59    -0.052
    -221.56     0.024
    -220.53    -0.090
    -219.50     0.139
    -218.47     0.212
    -217.44    -0.049
    -216.41    -0.074
    -215.38     0.117
    -214.35     0.011
    -213.32     0.081
    -212.29     0.042
    -211.26    -0.012
    -210.22    -0.065
    -209.19     0.005
    -208.16    -0.010
    -207.13    -0.020
    -206.10     0.031
    -205.07    -0.010
    -204.04    -0.035
    -203.01    -0.044
    -201.98    -0.020
    -200.95     0.089
    -199.92    -0.036
    -198.89    -0.161
    -197.86     0.106
    -196.83    -0.103
    -195.80     0.141
    -194.77     0.108
    -193.74     0.020
    -192.71    -0.064
    -191.68     0.050
    -190.65    -0.058
    -189.61    -0.024
    -188.58    -0.005
    -187.55    -0.046
    -186.52    -0.036
    -185.49     0.062
    -184.46    -0.070
    -183.43     0.168
    -182.40     0.053
    -181.37    -0.029
    -180.34     0.089
    -179.31    -0.105
    -178.28    -0.075
    -177.25    -0.014
    -176.22    -0.016
    -175.19    -0.037
    -174.16    -0.039
    -173.13     0.098
    -172.10    -0.035
    -171.07     0.150
    -170.03    -0.081
    -169.00     0.032
    -167.97    -0.050
    -166.94     0.122
    -165.91    -0.023
    -164.88     0.115
    -163.85    -0.054
    -162.82     0.235
    -161.79     0.095
    -160.76     0.058
    -159.73     0.040
    -158.70     0.080
    -157.67    -0.079
    -156.64     0.160
    -155.61     0.145
    -154.58     0.092
    -153.55    -0.059
    -152.52     0.107
    -151.49     0.071
    -150.45     0.242
    -149.42     0.022
    -148.39     0.074
    -147.36     0.070
    -146.33     0.141
    -145.30     0.130
    -144.27     0.156
    -143.24     0.078
    -142.21    -0.072
    -141.18     0.209
    -140.15     0.311
    -139.12     0.073
    -138.09     0.320
    -137.06     0.139
    -136.03     0.041
    -135.00     0.305
    -133.97     0.333
    -132.94     0.136
    -131.91     0.277
    -130.88     0.212
    -129.84     0.366
    -128.81     0.070
    -127.78     0.413
    -126.75     0.343
    -125.72     0.341
    -124.69     0.380
    -123.66     0.487
    -122.63     0.620
    -121.60     0.675
    -120.57     0.618
    -119.54     0.594
    -118.51     0.741
    -117.48     0.939
    -116.45     1.026
    -115.42     0.915
    -114.39     1.085
    -113.36     1.377
    -112.33     1.360
    -111.30     1.289
    -110.26     1.472
    -109.23     1.729
    -108.20     1.588
    -107.17     1.738
    -106.14     1.769
    -105.11     1.925
    -104.08     1.969
    -103.05     2.036
    -102.02     2.061
    -100.99     2.099
     -99.96     2.028
     -98.93     2.155
     -97.90     2.215
     -96.87     2.265
     -95.84     2.154
     -94.81     2.297
     -93.78     2.352
     -92.75     2.150
     -91.72     2.330
     -90.69     2.360
     -89.65     2.323
     -88.62     2.566
     -87.59     2.528
     -86.56     2.575
     -85.53     2.634
     -84.50     2.594
     -83.47     2.552
     -82.44     2.755
     -81.41     2.907
     -80.38     2.947
     -79.35     3.086
     -78.32     3.382
     -77.29     3.558
     -76.26     3.891
     -75.23     3.954
     -74.20     4.193
     -73.17     4.548
     -72.14     4.905
     -71.11     5.330
     -70.07     5.833
     -69.04     6.325
     -68.01     7.070
     -66.98     7.431
     -65.95     8.214
     -64.92     8.952
     -63.89     9.435
     -62.86    10.035
     -61.83    10.774
     -60.80    11.232
     -59.77    11.845
     -58.74    12.657
     -57.71    13.793
     -56.68    15.215
     -55.65    17.457
     -54.62    20.120
     -53.59    22.122
     -52.56    22.869
     -51.53    23.139
     -50.50    22.453
     -49.46    22.089
     -48.43    22.144
     -47.40    22.790
     -46.37    23.525
     -45.34    24.357
     -44.31    25.414
     -43.28    25.951
     -42.25    26.936
     -41.22    28.206
     -40.19    29.612
     -39.16    30.653
     -38.13    30.230
     -37.10    29.142
     -36.07    27.442
     -35.04    25.447
     -34.01    22.942
     -32.98    20.261
     -31.95    17.527
     -30.92    14.966
     -29.88    12.371
     -28.85    10.686
     -27.82     9.208
     -26.79     7.957
     -25.76     7.430
     -24.73     6.643
     -23.70     6.201
     -22.67     5.834
     -21.64     5.729
     -20.61     5.517
     -19.58     5.667
     -18.55     5.718
     -17.52     5.975
     -16.49     6.396
     -15.46     6.608
     -14.43     7.034
     -13.40     7.700
     -12.37     8.589
     -11.34    10.550
     -10.31    12.939
      -9.27    15.467
      -8.24    16.891
      -7.21    17.891
      -6.18    19.541
      -5.15    21.318
      -4.12    24.402
      -3.09    27.838
      -2.06    31.390
      -1.03    33.766
       0.00    34.995
       1.03    35.737
       2.06    34.516
       3.09    32.002
       4.12    28.899
       5.15    25.330
       6.18    21.354
       7.21    17.684
       8.24    14.300
       9.27    11.529
      10.31     9.772
      11.34     8.281
      12.37     6.646
      13.40     5.504
      14.43     4.371
      15.46     3.532
      16.49     2.863
      17.52     2.086
      18.55     1.728
      19.58     1.331
      20.61     1.250
      21.64     0.892
      22.67     0.886
      23.70     0.481
      24.73     0.569
      25.76     0.376
      26.79     0.248
      27.82     0.269
      28.85     0.396
      29.88     0.240
      30.92     0.134
      31.95     0.135
      32.98     0.255
      34.01     0.028
      35.04     0.153
      36.07     0.082
      37.10     0.085
      38.13    -0.169
      39.16     0.128
      40.19     0.030
      41.22    -0.109
      42.25     0.013
      43.28     0.256
      44.31     0.062
      45.34    -0.013
      46.37    -0.001
      47.40     0.055
      48.43     0.029
      49.46     0.056
      50.50     0.106
      51.53     0.080
      52.56     0.288
      53.59    -0.075
      54.62    -0.089
      55.65     0.050
      56.68     0.026
      57.71    -0.085
      58.74    -0.066
      59.77     0.086
      60.80     0.070
      61.83    -0.042
      62.86     0.025
      63.89    -0.001
      64.92    -0.043
      65.95    -0.016
      66.98     0.132
      68.01     0.106
      69.04     0.084
      70.07     0.061
      71.11    -0.080
      72.14     0.057
      73.17     0.069
      74.20    -0.095
      75.23     0.048
      76.26    -0.047
      77.29     0.143
      78.32     0.083
      79.35    -0.002
      80.38     0.105
      81.41     0.103
      82.44    -0.046
      83.47     0.071
      84.50     0.126
      85.53    -0.015
      86.56    -0.014
      87.59    -0.099
      88.62    -0.058
      89.65    -0.009
      90.69     0.084
      91.72    -0.054
      92.75     0.027
      93.78    -0.121
      94.81    -0.009
      95.84     0.160
      96.87    -0.049
      97.90    -0.086
      98.93    -0.093
      99.96     0.010
     100.99     0.030
     102.02    -0.130
     103.05    -0.023
     104.08     0.008
     105.11     0.112
     106.14     0.051
     107.17    -0.117
     108.20    -0.165
     109.23    -0.089
     110.26    -0.035
     111.30    -0.143
     112.33    -0.058
     113.36     0.057
     114.39     0.056
     115.42    -0.109
     116.45    -0.143
     117.48     0.079
     118.51    -0.116
     119.54     0.082
     120.57     0.020
     121.60     0.201
     122.63     0.050
     123.66    -0.049
     124.69    -0.019
     125.72     0.185
     126.75     0.195
     127.78    -0.027
     128.81     0.090
     129.84     0.103
     130.88     0.082
     131.91     0.144
     132.94     0.027
     133.97     0.241
     135.00    -0.012
     136.03     0.063
     137.06    -0.010
     138.09    -0.029
     139.12    -0.104
     140.15    -0.007
     141.18     0.010
     142.21     0.034
     143.24     0.056
     144.27     0.147
     145.30    -0.176
     146.33    -0.015
     147.36     0.050
     148.39     0.019
     149.42     0.122
     150.46     0.007
     151.49     0.009
     152.52     0.049
     153.55     0.082
     154.58     0.162
     155.61     0.025
     156.64     0.052
     157.67    -0.059
     158.70    -0.119
     159.73     0.018
     160.76     0.132
     161.79    -0.074
     162.82    -0.011
     163.85     0.001
     164.88     0.077
     165.91    -0.167
     166.94     0.061
     167.97     0.026
     169.00    -0.077
     170.03    -0.064
     171.07    -0.014
     172.10    -0.087
     173.13    -0.068
     174.16    -0.053
     175.19     0.083
     176.22    -0.020
     177.25    -0.114
     178.28     0.060
     179.31     0.121
     180.34    -0.132
     181.37     0.138
     182.40    -0.163
     183.43     0.082
     184.46     0.024
     185.49    -0.086
     186.52    -0.122
     187.55     0.047
     188.58    -0.015
     189.61    -0.137
     190.65    -0.003
     191.68     0.126
     192.71     0.193
     193.74     0.083
     194.77    -0.102
     195.80    -0.025
     196.83     0.074
     197.86     0.055
     198.89    -0.095
     199.92     0.008
     200.95     0.017
     201.98     0.099
     203.01    -0.069
     204.04     0.057
     205.07    -0.014
     206.10    -0.073
     207.13    -0.081
     208.16     0.040
     209.19    -0.027
     210.22    -0.011
     211.26     0.036
     212.29     0.185
     213.32    -0.109
     214.35     0.007
     215.38    -0.010
     216.41     0.107
     217.44     0.097
     218.47     0.121
     219.50    -0.078
     220.53     0.081
     221.56    -0.009
     222.59     0.003
     223.62    -0.007
     224.65    -0.114
     225.68     0.015
     226.71     0.069
     227.74     0.073
     228.77    -0.000
     229.80     0.093
     230.84    -0.036
     231.87    -0.166
     232.90     0.138
     233.93     0.055
     234.96    -0.010
     235.99    -0.010
     237.02    -0.035
     238.05     0.067
     239.08    -0.047
     240.11     0.060
     241.14     0.157
     242.17     0.059
     243.20     0.147
     244.23    -0.140
     245.26    -0.027
     246.29    -0.027
     247.32     0.153
     248.35    -0.053
     249.38     0.002
     250.41    -0.124
     251.45    -0.150
     252.48     0.079
     253.51    -0.045
     254.54    -0.110
     255.57    -0.088
     256.60    -0.055
     257.63     0.106
     258.66    -0.057
     259.69    -0.032
     260.72     0.050
     261.75    -0.013
     262.78    -0.001
     263.81    -0.122
     264.84     0.051
     265.87     0.067
     266.90    -0.082
     267.93    -0.089
     268.96    -0.069
     269.99     0.078
     271.03     0.020
     272.06     0.100
     273.09    -0.030
     274.12    -0.132
     275.15     0.054
     276.18     0.177
     277.21     0.071
     278.24     0.013
     279.27     0.001
     280.30     0.058
     281.33     0.040
     282.36    -0.120
     283.39    -0.090
     284.42    -0.049
     285.45    -0.084
     286.48     0.128
     287.51     0.078
     288.54    -0.073
     289.57    -0.097
     290.60    -0.026
     291.64     0.046
     292.67    -0.052
     293.70    -0.190
     294.73     0.146
     295.76    -0.079
     296.79    -0.017
     297.82    -0.098
     298.85    -0.054
     299.88    -0.032
     300.91     0.144
     301.94    -0.055
     302.97     0.072
     304.00     0.015
     305.03    -0.061
     306.06     0.016
     307.09     0.007
     308.12     0.063
     309.15     0.036
     310.18    -0.046
     311.22    -0.055
     312.25    -0.092
     313.28     0.004
     314.31     0.091
     315.34     0.116
     316.37    -0.036
     317.40    -0.002
     318.43    -0.056
     319.46    -0.048
     320.49    -0.001
     321.52    -0.024
     322.55    -0.174
     323.58     0.008
     324.61    -0.031
     325.64     0.060
     326.67    -0.041
     327.70     0.061
     328.73     0.014
     329.76     0.104
     330.79    -0.008
     331.83    -0.196
     332.86     0.121
     333.89     0.034
     334.92    -0.098
     335.95     0.080
     336.98     0.016
     338.01    -0.113
     339.04    -0.060
     340.07     0.041
     341.10    -0.070
     342.13     0.020
     343.16     0.110
     344.19    -0.056
     345.22    -0.154
     346.25    -0.017
     347.28    -0.063
     348.31     0.058
     349.34     0.106
     350.37    -0.046
     351.41     0.133
     352.44    -0.003
     353.47     0.139
     354.50    -0.070
     355.53     0.155
     356.56     0.037
     357.59    -0.114
     358.62     0.112
     359.65    -0.028
     360.68     0.088
     361.71    -0.066
     362.74     0.059
     363.77    -0.067
     364.80     0.030
     365.83     0.024
     366.86    -0.044
     367.89     0.091
     368.92     0.039
     369.95    -0.018
     370.98     0.096
     372.02    -0.075
     373.05    -0.036
     374.08     0.055
     375.11     0.006
     376.14    -0.021
     377.17    -0.076
     378.20    -0.026
     379.23    -0.016
     380.26    -0.042
     381.29     0.019
     382.32    -0.012
     383.35     0.139
     384.38    -0.111
     385.41     0.051
     386.44     0.016
     387.47    -0.163
     388.50     0.073
     389.53     0.066
     390.56     0.165
     391.60     0.087
     392.63    -0.009
     393.66     0.150
     394.69    -0.036
     395.72    -0.030
     396.75    -0.179
     397.78    -0.057
     398.81     0.005
     399.84    -0.077
