%%   87.50000  20.00000    0   0.20000
% LAB  survey ------------------
% wanted position:  l, b, RA, DEC, and interpolated  NH
% 87.50 ;  20.00 ; 287.55 ;  56.87 ;  0.509E+21
% nearest position: l, b, RA, DEC, and observed NH
% 87.50 ;  20.00 ; 287.55 ;  56.87 ;  0.509E+21
% GASS III survey --------------
% NH - median within 6 arcmin radius   0.00    
% NH - mean within specified beam      0.00    
% EBHIS survey -----------------
% NH  within specified beam           0.540E+21
%%EBHIS   621  datapoints: v_lsr [km/s] and T_B [K]
    -399.25     0.006
    -397.96    -0.053
    -396.68    -0.048
    -395.39    -0.010
    -394.10     0.114
    -392.81     0.182
    -391.52     0.062
    -390.23    -0.048
    -388.95     0.013
    -387.66     0.074
    -386.37    -0.008
    -385.08    -0.025
    -383.79     0.056
    -382.50    -0.045
    -381.22    -0.069
    -379.93    -0.010
    -378.64     0.038
    -377.35    -0.011
    -376.06    -0.079
    -374.78     0.055
    -373.49     0.001
    -372.20    -0.076
    -370.91    -0.033
    -369.62    -0.010
    -368.33     0.008
    -367.05    -0.069
    -365.76    -0.017
    -364.47    -0.026
    -363.18     0.062
    -361.89     0.050
    -360.60    -0.053
    -359.32    -0.046
    -358.03    -0.033
    -356.74    -0.075
    -355.45    -0.021
    -354.16     0.015
    -352.88     0.054
    -351.59    -0.052
    -350.30    -0.047
    -349.01     0.080
    -347.72     0.027
    -346.43    -0.030
    -345.15     0.035
    -343.86     0.048
    -342.57     0.004
    -341.28     0.055
    -339.99     0.020
    -338.70    -0.014
    -337.42     0.004
    -336.13     0.068
    -334.84     0.031
    -333.55    -0.075
    -332.26    -0.065
    -330.98     0.028
    -329.69    -0.029
    -328.40     0.153
    -327.11    -0.081
    -325.82    -0.068
    -324.53    -0.024
    -323.25     0.059
    -321.96     0.025
    -320.67    -0.103
    -319.38     0.096
    -318.09     0.026
    -316.80    -0.052
    -315.52    -0.028
    -314.23    -0.027
    -312.94    -0.059
    -311.65    -0.038
    -310.36    -0.013
    -309.08    -0.044
    -307.79    -0.070
    -306.50    -0.115
    -305.21    -0.008
    -303.92     0.093
    -302.63     0.013
    -301.35    -0.023
    -300.06     0.026
    -298.77    -0.035
    -297.48     0.007
    -296.19     0.034
    -294.90    -0.141
    -293.62     0.079
    -292.33     0.075
    -291.04     0.006
    -289.75    -0.012
    -288.46     0.070
    -287.18    -0.079
    -285.89    -0.016
    -284.60     0.002
    -283.31    -0.062
    -282.02     0.060
    -280.73     0.002
    -279.45     0.021
    -278.16     0.001
    -276.87     0.007
    -275.58    -0.009
    -274.29    -0.028
    -273.00    -0.028
    -271.72     0.033
    -270.43    -0.049
    -269.14    -0.013
    -267.85     0.059
    -266.56     0.080
    -265.28    -0.135
    -263.99     0.058
    -262.70     0.072
    -261.41    -0.044
    -260.12    -0.053
    -258.83    -0.028
    -257.55     0.057
    -256.26     0.065
    -254.97     0.122
    -253.68    -0.030
    -252.39    -0.009
    -251.10     0.052
    -249.82    -0.014
    -248.53    -0.046
    -247.24    -0.033
    -245.95     0.016
    -244.66     0.006
    -243.38     0.039
    -242.09    -0.010
    -240.80     0.083
    -239.51     0.011
    -238.22    -0.058
    -236.93     0.047
    -235.65     0.041
    -234.36     0.103
    -233.07     0.060
    -231.78    -0.031
    -230.49     0.020
    -229.20     0.005
    -227.92    -0.046
    -226.63    -0.123
    -225.34    -0.076
    -224.05     0.019
    -222.76     0.027
    -221.48    -0.053
    -220.19    -0.079
    -218.90     0.029
    -217.61    -0.032
    -216.32     0.009
    -215.03     0.089
    -213.75     0.047
    -212.46     0.055
    -211.17     0.008
    -209.88    -0.068
    -208.59     0.037
    -207.30     0.029
    -206.02     0.111
    -204.73    -0.017
    -203.44     0.018
    -202.15     0.029
    -200.86    -0.003
    -199.58    -0.024
    -198.29     0.065
    -197.00     0.014
    -195.71    -0.065
    -194.42     0.009
    -193.13    -0.023
    -191.85    -0.085
    -190.56    -0.003
    -189.27     0.084
    -187.98     0.012
    -186.69     0.037
    -185.40    -0.039
    -184.12    -0.082
    -182.83    -0.024
    -181.54     0.071
    -180.25    -0.019
    -178.96     0.014
    -177.68    -0.025
    -176.39    -0.115
    -175.10    -0.029
    -173.81    -0.014
    -172.52    -0.021
    -171.23    -0.008
    -169.95    -0.085
    -168.66     0.027
    -167.37     0.054
    -166.08    -0.062
    -164.79     0.012
    -163.50    -0.028
    -162.22     0.016
    -160.93     0.091
    -159.64     0.005
    -158.35     0.150
    -157.06    -0.084
    -155.78     0.114
    -154.49    -0.017
    -153.20     0.031
    -151.91     0.156
    -150.62     0.106
    -149.33     0.146
    -148.05     0.190
    -146.76     0.186
    -145.47     0.167
    -144.18     0.196
    -142.89     0.133
    -141.60     0.265
    -140.32     0.285
    -139.03     0.339
    -137.74     0.330
    -136.45     0.410
    -135.16     0.316
    -133.88     0.374
    -132.59     0.322
    -131.30     0.353
    -130.01     0.380
    -128.72     0.417
    -127.43     0.389
    -126.15     0.338
    -124.86     0.277
    -123.57     0.371
    -122.28     0.260
    -120.99     0.295
    -119.70     0.335
    -118.42     0.314
    -117.13     0.272
    -115.84     0.186
    -114.55     0.179
    -113.26     0.185
    -111.98     0.170
    -110.69     0.125
    -109.40     0.159
    -108.11     0.213
    -106.82     0.369
    -105.53     0.268
    -104.25     0.270
    -102.96     0.301
    -101.67     0.203
    -100.38     0.263
     -99.09     0.345
     -97.80     0.315
     -96.52     0.224
     -95.23     0.161
     -93.94     0.278
     -92.65     0.290
     -91.36     0.138
     -90.08     0.221
     -88.79     0.117
     -87.50     0.154
     -86.21     0.193
     -84.92     0.106
     -83.63     0.171
     -82.35     0.303
     -81.06     0.160
     -79.77    -0.074
     -78.48     0.034
     -77.19     0.130
     -75.90     0.054
     -74.62     0.237
     -73.33     0.141
     -72.04     0.176
     -70.75     0.083
     -69.46     0.207
     -68.18     0.161
     -66.89     0.123
     -65.60     0.086
     -64.31     0.175
     -63.02     0.198
     -61.73     0.170
     -60.45     0.215
     -59.16     0.059
     -57.87     0.234
     -56.58     0.248
     -55.29     0.216
     -54.00     0.137
     -52.72     0.247
     -51.43     0.291
     -50.14     0.303
     -48.85     0.232
     -47.56     0.342
     -46.28     0.318
     -44.99     0.464
     -43.70     0.556
     -42.41     0.562
     -41.12     0.551
     -39.83     0.718
     -38.55     0.738
     -37.26     0.858
     -35.97     1.039
     -34.68     1.316
     -33.39     1.529
     -32.10     1.490
     -30.82     1.559
     -29.53     1.368
     -28.24     1.447
     -26.95     1.772
     -25.66     2.012
     -24.38     2.126
     -23.09     2.427
     -21.80     2.709
     -20.51     3.013
     -19.22     3.315
     -17.93     3.748
     -16.65     4.364
     -15.36     4.880
     -14.07     5.688
     -12.78     6.498
     -11.49     7.297
     -10.20     8.284
      -8.92     9.256
      -7.63     9.753
      -6.34    10.368
      -5.05    10.965
      -3.76    10.453
      -2.48     9.453
      -1.19    10.259
       0.10    13.785
       1.39    10.813
       2.68     6.820
       3.97     5.449
       5.25     4.479
       6.54     3.934
       7.83     3.298
       9.12     2.826
      10.41     2.469
      11.70     2.022
      12.98     1.748
      14.27     1.484
      15.56     1.337
      16.85     1.255
      18.14     0.950
      19.42     0.801
      20.71     0.741
      22.00     0.652
      23.29     0.563
      24.58     0.355
      25.87     0.357
      27.15     0.358
      28.44     0.373
      29.73     0.265
      31.02     0.215
      32.31     0.228
      33.60     0.100
      34.88     0.072
      36.17     0.075
      37.46     0.027
      38.75     0.047
      40.04     0.088
      41.32     0.058
      42.61     0.100
      43.90     0.072
      45.19     0.071
      46.48     0.063
      47.77    -0.019
      49.05     0.059
      50.34     0.030
      51.63     0.065
      52.92    -0.018
      54.21    -0.074
      55.50    -0.010
      56.78    -0.014
      58.07     0.039
      59.36     0.047
      60.65    -0.052
      61.94    -0.084
      63.22    -0.106
      64.51     0.032
      65.80    -0.002
      67.09    -0.063
      68.38    -0.047
      69.67    -0.003
      70.95    -0.022
      72.24    -0.025
      73.53     0.002
      74.82     0.015
      76.11    -0.096
      77.40     0.081
      78.68     0.061
      79.97     0.038
      81.26     0.021
      82.55    -0.087
      83.84    -0.036
      85.12    -0.002
      86.41     0.092
      87.70     0.007
      88.99     0.042
      90.28    -0.084
      91.57    -0.192
      92.85    -0.149
      94.14     0.068
      95.43    -0.070
      96.72     0.038
      98.01     0.009
      99.30     0.011
     100.58    -0.003
     101.87    -0.022
     103.16    -0.079
     104.45    -0.038
     105.74     0.101
     107.02     0.058
     108.31     0.018
     109.60     0.095
     110.89     0.063
     112.18     0.045
     113.47     0.013
     114.75    -0.065
     116.04    -0.075
     117.33    -0.070
     118.62    -0.069
     119.91    -0.051
     121.20    -0.073
     122.48     0.043
     123.77     0.016
     125.06    -0.032
     126.35     0.030
     127.64    -0.038
     128.92     0.017
     130.21     0.088
     131.50    -0.007
     132.79     0.038
     134.08     0.105
     135.37     0.132
     136.65     0.161
     137.94    -0.010
     139.23     0.027
     140.52    -0.089
     141.81     0.035
     143.09     0.109
     144.38    -0.033
     145.67    -0.018
     146.96     0.073
     148.25    -0.055
     149.54    -0.067
     150.82    -0.013
     152.11    -0.072
     153.40    -0.064
     154.69    -0.073
     155.98    -0.022
     157.27    -0.042
     158.55     0.054
     159.84     0.010
     161.13    -0.076
     162.42    -0.047
     163.71     0.048
     164.99    -0.020
     166.28    -0.146
     167.57     0.089
     168.86     0.038
     170.15     0.075
     171.44     0.072
     172.72    -0.020
     174.01     0.022
     175.30    -0.012
     176.59    -0.033
     177.88     0.007
     179.17     0.082
     180.45    -0.093
     181.74    -0.053
     183.03    -0.039
     184.32    -0.022
     185.61    -0.091
     186.89     0.031
     188.18    -0.024
     189.47    -0.008
     190.76    -0.032
     192.05     0.041
     193.34    -0.000
     194.62     0.077
     195.91     0.106
     197.20    -0.012
     198.49     0.028
     199.78     0.062
     201.07    -0.066
     202.35     0.113
     203.64     0.059
     204.93     0.035
     206.22    -0.062
     207.51    -0.011
     208.79    -0.001
     210.08    -0.007
     211.37     0.047
     212.66     0.067
     213.95    -0.029
     215.24    -0.032
     216.52    -0.050
     217.81     0.045
     219.10     0.022
     220.39    -0.054
     221.68    -0.024
     222.97     0.049
     224.25     0.040
     225.54    -0.005
     226.83     0.092
     228.12    -0.063
     229.41    -0.083
     230.69     0.067
     231.98     0.050
     233.27    -0.049
     234.56     0.002
     235.85    -0.033
     237.14    -0.083
     238.42    -0.089
     239.71    -0.078
     241.00     0.101
     242.29     0.066
     243.58     0.091
     244.87     0.001
     246.15    -0.030
     247.44    -0.005
     248.73    -0.003
     250.02     0.049
     251.31    -0.016
     252.59     0.068
     253.88     0.042
     255.17     0.053
     256.46    -0.045
     257.75    -0.002
     259.04     0.009
     260.32    -0.014
     261.61     0.002
     262.90    -0.088
     264.19    -0.054
     265.48    -0.025
     266.77    -0.036
     268.05    -0.065
     269.34    -0.051
     270.63     0.043
     271.92     0.030
     273.21     0.005
     274.49    -0.000
     275.78     0.038
     277.07    -0.021
     278.36    -0.050
     279.65    -0.173
     280.94    -0.002
     282.22     0.060
     283.51     0.029
     284.80    -0.098
     286.09     0.009
     287.38     0.095
     288.67     0.094
     289.95     0.031
     291.24     0.005
     292.53     0.043
     293.82     0.013
     295.11     0.023
     296.39     0.059
     297.68     0.058
     298.97    -0.070
     300.26    -0.090
     301.55    -0.035
     302.84     0.001
     304.12     0.001
     305.41    -0.051
     306.70     0.036
     307.99     0.102
     309.28     0.063
     310.57     0.053
     311.85     0.086
     313.14     0.003
     314.43     0.001
     315.72    -0.022
     317.01    -0.029
     318.29    -0.048
     319.58     0.078
     320.87     0.044
     322.16     0.036
     323.45    -0.018
     324.74    -0.079
     326.02     0.064
     327.31    -0.064
     328.60    -0.057
     329.89    -0.010
     331.18    -0.078
     332.47     0.040
     333.75     0.047
     335.04     0.082
     336.33    -0.037
     337.62     0.032
     338.91     0.012
     340.19    -0.052
     341.48    -0.015
     342.77    -0.040
     344.06     0.018
     345.35    -0.004
     346.64    -0.025
     347.92    -0.052
     349.21     0.014
     350.50     0.028
     351.79     0.066
     353.08    -0.058
     354.37     0.075
     355.65     0.061
     356.94     0.091
     358.23    -0.117
     359.52    -0.017
     360.81    -0.028
     362.09    -0.002
     363.38     0.108
     364.67     0.013
     365.96    -0.027
     367.25     0.066
     368.54    -0.015
     369.82    -0.082
     371.11    -0.008
     372.40    -0.026
     373.69    -0.044
     374.98    -0.049
     376.27     0.099
     377.55    -0.096
     378.84    -0.081
     380.13     0.057
     381.42    -0.010
     382.71     0.049
     383.99     0.072
     385.28     0.019
     386.57     0.053
     387.86     0.050
     389.15     0.007
     390.44    -0.004
     391.72    -0.008
     393.01     0.028
     394.30    -0.016
     395.59     0.041
     396.88    -0.119
     398.17    -0.029
     399.45     0.051
%%GASS      0  datapoints: v_lsr [km/s] and T_B [K]
%%LAB     777  datapoints: v_lsr [km/s] and T_B [K]
    -399.83     0.101
    -398.80     0.137
    -397.77    -0.064
    -396.74    -0.046
    -395.71     0.108
    -394.68    -0.120
    -393.65    -0.043
    -392.62    -0.019
    -391.59    -0.189
    -390.56    -0.087
    -389.53     0.006
    -388.49     0.050
    -387.46     0.003
    -386.43    -0.009
    -385.40     0.038
    -384.37    -0.055
    -383.34    -0.015
    -382.31    -0.034
    -381.28    -0.003
    -380.25     0.085
    -379.22    -0.010
    -378.19     0.065
    -377.16     0.056
    -376.13     0.113
    -375.10     0.092
    -374.07     0.045
    -373.04     0.025
    -372.01     0.034
    -370.98    -0.078
    -369.95     0.017
    -368.92     0.020
    -367.89    -0.017
    -366.85     0.045
    -365.82    -0.031
    -364.79    -0.006
    -363.76     0.034
    -362.73    -0.066
    -361.70    -0.139
    -360.67     0.048
    -359.64     0.149
    -358.61    -0.193
    -357.58    -0.064
    -356.55    -0.015
    -355.52     0.059
    -354.49     0.121
    -353.46     0.089
    -352.43     0.145
    -351.40    -0.043
    -350.37     0.043
    -349.34    -0.031
    -348.31     0.017
    -347.28    -0.056
    -346.24     0.110
    -345.21    -0.053
    -344.18     0.035
    -343.15    -0.049
    -342.12     0.010
    -341.09    -0.078
    -340.06     0.094
    -339.03    -0.037
    -338.00    -0.003
    -336.97     0.065
    -335.94     0.020
    -334.91    -0.045
    -333.88    -0.213
    -332.85    -0.107
    -331.82    -0.061
    -330.79    -0.033
    -329.76     0.142
    -328.73    -0.071
    -327.70    -0.082
    -326.67    -0.166
    -325.63     0.038
    -324.60    -0.047
    -323.57     0.079
    -322.54    -0.060
    -321.51     0.129
    -320.48    -0.083
    -319.45    -0.021
    -318.42    -0.133
    -317.39     0.039
    -316.36    -0.057
    -315.33    -0.098
    -314.30     0.138
    -313.27    -0.011
    -312.24    -0.054
    -311.21     0.015
    -310.18     0.050
    -309.15    -0.081
    -308.12     0.050
    -307.09    -0.017
    -306.06    -0.104
    -305.03     0.036
    -303.99     0.079
    -302.96     0.054
    -301.93     0.035
    -300.90     0.045
    -299.87     0.057
    -298.84    -0.026
    -297.81    -0.105
    -296.78     0.117
    -295.75     0.011
    -294.72     0.138
    -293.69     0.003
    -292.66    -0.086
    -291.63    -0.015
    -290.60    -0.012
    -289.57     0.208
    -288.54    -0.012
    -287.51    -0.032
    -286.48     0.032
    -285.45    -0.119
    -284.42     0.088
    -283.38    -0.122
    -282.35     0.024
    -281.32    -0.105
    -280.29     0.042
    -279.26     0.004
    -278.23    -0.009
    -277.20    -0.037
    -276.17     0.036
    -275.14     0.039
    -274.11     0.047
    -273.08     0.016
    -272.05     0.165
    -271.02    -0.049
    -269.99    -0.065
    -268.96     0.075
    -267.93     0.094
    -266.90     0.014
    -265.87    -0.092
    -264.84     0.012
    -263.81     0.113
    -262.78    -0.008
    -261.74    -0.045
    -260.71     0.024
    -259.68     0.015
    -258.65     0.074
    -257.62    -0.061
    -256.59     0.021
    -255.56     0.003
    -254.53     0.103
    -253.50     0.287
    -252.47     0.131
    -251.44    -0.033
    -250.41    -0.004
    -249.38     0.043
    -248.35    -0.009
    -247.32     0.097
    -246.29     0.007
    -245.26     0.023
    -244.23     0.061
    -243.20    -0.041
    -242.17    -0.063
    -241.13    -0.061
    -240.10     0.029
    -239.07     0.142
    -238.04    -0.021
    -237.01     0.120
    -235.98     0.026
    -234.95     0.081
    -233.92    -0.141
    -232.89    -0.072
    -231.86     0.035
    -230.83     0.006
    -229.80     0.026
    -228.77     0.013
    -227.74     0.045
    -226.71     0.023
    -225.68    -0.168
    -224.65     0.026
    -223.62    -0.089
    -222.59     0.077
    -221.56    -0.061
    -220.52    -0.037
    -219.49    -0.061
    -218.46     0.007
    -217.43    -0.110
    -216.40     0.114
    -215.37    -0.251
    -214.34    -0.138
    -213.31    -0.022
    -212.28     0.025
    -211.25    -0.153
    -210.22     0.214
    -209.19     0.159
    -208.16     0.075
    -207.13    -0.069
    -206.10     0.125
    -205.07    -0.047
    -204.04     0.018
    -203.01    -0.151
    -201.98     0.032
    -200.95     0.054
    -199.92    -0.002
    -198.88    -0.001
    -197.85    -0.155
    -196.82     0.082
    -195.79     0.144
    -194.76    -0.088
    -193.73    -0.003
    -192.70     0.048
    -191.67     0.128
    -190.64     0.069
    -189.61    -0.089
    -188.58     0.235
    -187.55     0.022
    -186.52     0.026
    -185.49    -0.106
    -184.46     0.107
    -183.43    -0.049
    -182.40    -0.010
    -181.37     0.052
    -180.34    -0.113
    -179.31    -0.069
    -178.27     0.007
    -177.24     0.058
    -176.21     0.053
    -175.18    -0.025
    -174.15    -0.001
    -173.12     0.151
    -172.09    -0.077
    -171.06     0.031
    -170.03     0.060
    -169.00    -0.007
    -167.97    -0.164
    -166.94    -0.173
    -165.91    -0.178
    -164.88    -0.010
    -163.85    -0.003
    -162.82    -0.056
    -161.79    -0.062
    -160.76    -0.016
    -159.73     0.017
    -158.70     0.035
    -157.67    -0.117
    -156.63    -0.171
    -155.60    -0.071
    -154.57     0.058
    -153.54     0.025
    -152.51     0.087
    -151.48     0.197
    -150.45     0.036
    -149.42     0.028
    -148.39     0.099
    -147.36    -0.004
    -146.33    -0.009
    -145.30     0.063
    -144.27     0.126
    -143.24     0.410
    -142.21     0.192
    -141.18     0.255
    -140.15     0.212
    -139.12     0.229
    -138.09     0.324
    -137.06     0.186
    -136.02     0.286
    -134.99     0.270
    -133.96     0.421
    -132.93     0.192
    -131.90     0.206
    -130.87     0.438
    -129.84     0.340
    -128.81     0.236
    -127.78     0.304
    -126.75     0.261
    -125.72     0.420
    -124.69     0.213
    -123.66     0.169
    -122.63     0.344
    -121.60     0.217
    -120.57     0.252
    -119.54     0.280
    -118.51     0.233
    -117.48     0.102
    -116.45     0.233
    -115.41     0.048
    -114.38     0.276
    -113.35    -0.006
    -112.32     0.216
    -111.29     0.263
    -110.26     0.162
    -109.23     0.097
    -108.20     0.044
    -107.17     0.150
    -106.14     0.159
    -105.11     0.203
    -104.08     0.043
    -103.05     0.272
    -102.02     0.168
    -100.99     0.114
     -99.96     0.080
     -98.93     0.153
     -97.90     0.038
     -96.87     0.141
     -95.84     0.148
     -94.81     0.219
     -93.77     0.049
     -92.74     0.058
     -91.71     0.328
     -90.68     0.141
     -89.65     0.137
     -88.62     0.049
     -87.59     0.033
     -86.56     0.037
     -85.53     0.163
     -84.50     0.149
     -83.47     0.000
     -82.44     0.055
     -81.41     0.084
     -80.38     0.135
     -79.35     0.109
     -78.32     0.025
     -77.29     0.009
     -76.26    -0.099
     -75.23     0.095
     -74.20    -0.070
     -73.16    -0.106
     -72.13     0.164
     -71.10    -0.046
     -70.07     0.043
     -69.04     0.073
     -68.01    -0.080
     -66.98    -0.035
     -65.95    -0.041
     -64.92     0.089
     -63.89    -0.068
     -62.86     0.088
     -61.83     0.084
     -60.80     0.131
     -59.77     0.054
     -58.74    -0.034
     -57.71     0.015
     -56.68     0.081
     -55.65     0.038
     -54.62     0.161
     -53.59     0.060
     -52.55     0.044
     -51.52     0.243
     -50.49     0.221
     -49.46     0.252
     -48.43     0.362
     -47.40     0.411
     -46.37     0.426
     -45.34     0.458
     -44.31     0.443
     -43.28     0.292
     -42.25     0.550
     -41.22     0.533
     -40.19     0.631
     -39.16     0.815
     -38.13     0.818
     -37.10     0.926
     -36.07     1.031
     -35.04     1.022
     -34.01     1.304
     -32.98     1.184
     -31.95     1.483
     -30.91     1.595
     -29.88     1.582
     -28.85     1.665
     -27.82     1.712
     -26.79     1.755
     -25.76     1.857
     -24.73     2.210
     -23.70     2.288
     -22.67     2.339
     -21.64     2.605
     -20.61     2.801
     -19.58     2.985
     -18.55     3.330
     -17.52     3.507
     -16.49     3.992
     -15.46     4.370
     -14.43     5.090
     -13.40     5.545
     -12.37     6.180
     -11.34     6.804
     -10.30     7.542
      -9.27     8.176
      -8.24     8.887
      -7.21     9.525
      -6.18     9.835
      -5.15    10.239
      -4.12    10.403
      -3.09    10.370
      -2.06    10.374
      -1.03    11.102
       0.00    14.236
       1.03    13.620
       2.06     8.802
       3.09     6.469
       4.12     5.400
       5.15     4.433
       6.18     3.922
       7.21     3.293
       8.24     2.951
       9.27     2.699
      10.30     2.283
      11.34     1.841
      12.37     1.601
      13.40     1.316
      14.43     1.141
      15.46     0.885
      16.49     0.953
      17.52     0.651
      18.55     0.670
      19.58     0.607
      20.61     0.530
      21.64     0.573
      22.67     0.404
      23.70     0.278
      24.73     0.408
      25.76     0.269
      26.79     0.281
      27.82     0.228
      28.85     0.060
      29.88     0.184
      30.91     0.295
      31.95     0.143
      32.98     0.201
      34.01     0.114
      35.04     0.037
      36.07     0.107
      37.10     0.099
      38.13    -0.151
      39.16     0.019
      40.19     0.012
      41.22    -0.052
      42.25    -0.003
      43.28     0.043
      44.31     0.007
      45.34    -0.044
      46.37    -0.140
      47.40     0.041
      48.43    -0.103
      49.46     0.116
      50.49    -0.072
      51.52    -0.036
      52.55     0.052
      53.59     0.058
      54.62     0.010
      55.65     0.175
      56.68     0.052
      57.71    -0.089
      58.74    -0.009
      59.77     0.021
      60.80    -0.032
      61.83    -0.067
      62.86    -0.124
      63.89     0.144
      64.92    -0.101
      65.95    -0.019
      66.98    -0.012
      68.01     0.011
      69.04     0.126
      70.07     0.019
      71.10     0.096
      72.13     0.037
      73.16    -0.076
      74.20     0.103
      75.23    -0.001
      76.26     0.121
      77.29    -0.101
      78.32    -0.088
      79.35     0.004
      80.38     0.126
      81.41    -0.033
      82.44    -0.042
      83.47    -0.065
      84.50     0.136
      85.53     0.037
      86.56    -0.009
      87.59     0.022
      88.62     0.179
      89.65    -0.032
      90.68     0.094
      91.71    -0.028
      92.74    -0.037
      93.77     0.065
      94.81    -0.012
      95.84     0.043
      96.87    -0.032
      97.90    -0.111
      98.93    -0.017
      99.96    -0.022
     100.99    -0.031
     102.02    -0.105
     103.05     0.020
     104.08    -0.161
     105.11     0.277
     106.14    -0.003
     107.17     0.080
     108.20    -0.051
     109.23     0.207
     110.26     0.038
     111.29    -0.126
     112.32     0.032
     113.35     0.017
     114.38     0.005
     115.41    -0.010
     116.45     0.073
     117.48     0.142
     118.51    -0.008
     119.54    -0.058
     120.57     0.051
     121.60    -0.104
     122.63    -0.025
     123.66    -0.023
     124.69     0.061
     125.72     0.044
     126.75     0.040
     127.78    -0.016
     128.81     0.103
     129.84    -0.046
     130.87    -0.055
     131.90    -0.028
     132.93     0.087
     133.96     0.080
     134.99    -0.094
     136.02    -0.056
     137.06    -0.018
     138.09     0.111
     139.12     0.190
     140.15    -0.053
     141.18    -0.037
     142.21     0.124
     143.24     0.136
     144.27     0.034
     145.30    -0.065
     146.33    -0.079
     147.36    -0.066
     148.39     0.120
     149.42     0.088
     150.45     0.084
     151.48     0.082
     152.51     0.016
     153.54    -0.027
     154.57     0.046
     155.60    -0.088
     156.63    -0.032
     157.67    -0.001
     158.70     0.023
     159.73     0.107
     160.76     0.023
     161.79    -0.057
     162.82     0.090
     163.85    -0.058
     164.88    -0.039
     165.91    -0.009
     166.94     0.088
     167.97     0.064
     169.00     0.167
     170.03    -0.029
     171.06    -0.024
     172.09     0.005
     173.12     0.052
     174.15    -0.037
     175.18    -0.168
     176.21     0.080
     177.24     0.077
     178.27    -0.076
     179.31     0.071
     180.34     0.133
     181.37    -0.064
     182.40     0.182
     183.43    -0.137
     184.46    -0.064
     185.49     0.113
     186.52     0.037
     187.55     0.115
     188.58    -0.115
     189.61     0.058
     190.64    -0.014
     191.67     0.048
     192.70     0.053
     193.73    -0.138
     194.76     0.061
     195.79     0.045
     196.82    -0.000
     197.85    -0.071
     198.88     0.058
     199.92     0.130
     200.95     0.115
     201.98    -0.051
     203.01    -0.070
     204.04     0.060
     205.07    -0.152
     206.10     0.040
     207.13    -0.040
     208.16    -0.053
     209.19    -0.097
     210.22     0.139
     211.25    -0.117
     212.28     0.124
     213.31    -0.064
     214.34     0.144
     215.37     0.010
     216.40     0.057
     217.43     0.064
     218.46     0.048
     219.49    -0.084
     220.52     0.026
     221.56     0.070
     222.59    -0.076
     223.62    -0.041
     224.65    -0.067
     225.68    -0.099
     226.71    -0.205
     227.74    -0.024
     228.77    -0.209
     229.80    -0.078
     230.83    -0.028
     231.86    -0.089
     232.89     0.147
     233.92     0.057
     234.95     0.204
     235.98     0.034
     237.01     0.018
     238.04     0.007
     239.07     0.008
     240.10     0.029
     241.13     0.142
     242.17     0.070
     243.20     0.027
     244.23     0.051
     245.26     0.007
     246.29    -0.004
     247.32     0.142
     248.35    -0.077
     249.38    -0.054
     250.41    -0.016
     251.44     0.049
     252.47    -0.011
     253.50     0.042
     254.53    -0.066
     255.56     0.058
     256.59     0.002
     257.62     0.116
     258.65    -0.079
     259.68    -0.121
     260.71    -0.059
     261.74    -0.086
     262.78     0.049
     263.81     0.089
     264.84     0.021
     265.87     0.034
     266.90    -0.093
     267.93    -0.005
     268.96    -0.053
     269.99     0.055
     271.02    -0.062
     272.05     0.053
     273.08     0.064
     274.11     0.001
     275.14    -0.096
     276.17     0.023
     277.20     0.012
     278.23    -0.019
     279.26     0.020
     280.29     0.108
     281.32    -0.004
     282.35    -0.015
     283.38    -0.235
     284.42     0.066
     285.45     0.054
     286.48     0.007
     287.51    -0.165
     288.54    -0.078
     289.57    -0.031
     290.60     0.081
     291.63    -0.108
     292.66    -0.180
     293.69    -0.125
     294.72     0.074
     295.75    -0.065
     296.78    -0.171
     297.81    -0.085
     298.84     0.024
     299.87     0.063
     300.90     0.109
     301.93     0.031
     302.96     0.046
     303.99     0.014
     305.03    -0.002
     306.06    -0.067
     307.09    -0.094
     308.12     0.016
     309.15     0.076
     310.18     0.089
     311.21    -0.003
     312.24    -0.073
     313.27     0.143
     314.30     0.117
     315.33     0.018
     316.36     0.006
     317.39     0.173
     318.42    -0.032
     319.45    -0.048
     320.48     0.014
     321.51    -0.056
     322.54    -0.064
     323.57     0.076
     324.60    -0.003
     325.63     0.116
     326.67    -0.109
     327.70    -0.141
     328.73    -0.067
     329.76     0.094
     330.79     0.032
     331.82    -0.022
     332.85    -0.009
     333.88     0.033
     334.91    -0.062
     335.94     0.019
     336.97     0.083
     338.00     0.026
     339.03     0.079
     340.06    -0.095
     341.09     0.015
     342.12    -0.083
     343.15     0.097
     344.18     0.127
     345.21    -0.137
     346.24     0.026
     347.28     0.054
     348.31     0.105
     349.34     0.065
     350.37    -0.038
     351.40    -0.076
     352.43     0.001
     353.46    -0.062
     354.49     0.009
     355.52    -0.001
     356.55     0.129
     357.58    -0.149
     358.61    -0.212
     359.64    -0.020
     360.67    -0.007
     361.70    -0.164
     362.73     0.031
     363.76    -0.084
     364.79     0.053
     365.82     0.039
     366.85    -0.025
     367.89     0.071
     368.92    -0.003
     369.95     0.041
     370.98     0.136
     372.01    -0.023
     373.04     0.026
     374.07    -0.098
     375.10     0.029
     376.13     0.021
     377.16     0.079
     378.19    -0.067
     379.22     0.035
     380.25     0.035
     381.28    -0.069
     382.31     0.019
     383.34    -0.043
     384.37     0.167
     385.40    -0.042
     386.43     0.087
     387.46     0.002
     388.49     0.015
     389.53     0.083
     390.56     0.038
     391.59     0.029
     392.62    -0.118
     393.65     0.025
     394.68    -0.063
     395.71     0.038
     396.74    -0.008
     397.77     0.068
     398.80    -0.147
     399.83    -0.186
