%%   77.50000  10.00000    0   0.20000
% LAB  survey ------------------
% wanted position:  l, b, RA, DEC, and interpolated  NH
% 77.50 ;  10.00 ; 295.75 ;  43.97 ;  0.169E+22
% nearest position: l, b, RA, DEC, and observed NH
% 77.50 ;  10.00 ; 295.75 ;  43.97 ;  0.169E+22
% GASS III survey --------------
% NH - median within 6 arcmin radius   0.00    
% NH - mean within specified beam      0.00    
% EBHIS survey -----------------
% NH  within specified beam           0.164E+22
%%EBHIS   621  datapoints: v_lsr [km/s] and T_B [K]
    -399.25     0.057
    -397.96     0.060
    -396.68     0.081
    -395.39     0.009
    -394.10    -0.096
    -392.81    -0.081
    -391.52     0.109
    -390.23     0.017
    -388.95     0.018
    -387.66     0.018
    -386.37    -0.055
    -385.08    -0.054
    -383.79    -0.025
    -382.50     0.063
    -381.22    -0.009
    -379.93     0.008
    -378.64    -0.044
    -377.35     0.050
    -376.06     0.038
    -374.78    -0.007
    -373.49     0.013
    -372.20    -0.187
    -370.91    -0.158
    -369.62    -0.071
    -368.33    -0.068
    -367.05    -0.147
    -365.76     0.029
    -364.47     0.078
    -363.18     0.028
    -361.89    -0.004
    -360.60    -0.014
    -359.32     0.037
    -358.03    -0.016
    -356.74    -0.034
    -355.45    -0.036
    -354.16    -0.027
    -352.88    -0.026
    -351.59     0.041
    -350.30    -0.049
    -349.01     0.031
    -347.72    -0.031
    -346.43    -0.060
    -345.15    -0.025
    -343.86     0.121
    -342.57     0.071
    -341.28     0.042
    -339.99     0.102
    -338.70     0.057
    -337.42     0.135
    -336.13     0.053
    -334.84    -0.011
    -333.55     0.042
    -332.26     0.111
    -330.98     0.099
    -329.69     0.021
    -328.40     0.061
    -327.11     0.051
    -325.82    -0.001
    -324.53     0.110
    -323.25     0.048
    -321.96     0.087
    -320.67     0.035
    -319.38    -0.052
    -318.09     0.033
    -316.80     0.119
    -315.52     0.083
    -314.23     0.101
    -312.94     0.023
    -311.65    -0.085
    -310.36    -0.164
    -309.08    -0.069
    -307.79    -0.051
    -306.50     0.038
    -305.21    -0.046
    -303.92    -0.006
    -302.63     0.085
    -301.35    -0.014
    -300.06     0.072
    -298.77     0.129
    -297.48     0.005
    -296.19    -0.045
    -294.90     0.022
    -293.62     0.032
    -292.33     0.108
    -291.04     0.001
    -289.75    -0.099
    -288.46     0.076
    -287.18    -0.111
    -285.89    -0.097
    -284.60    -0.074
    -283.31     0.007
    -282.02     0.026
    -280.73    -0.030
    -279.45    -0.060
    -278.16     0.031
    -276.87     0.045
    -275.58    -0.125
    -274.29    -0.068
    -273.00     0.010
    -271.72     0.060
    -270.43     0.048
    -269.14     0.018
    -267.85    -0.014
    -266.56    -0.106
    -265.28    -0.007
    -263.99    -0.058
    -262.70     0.009
    -261.41    -0.144
    -260.12    -0.092
    -258.83     0.004
    -257.55    -0.009
    -256.26    -0.020
    -254.97    -0.049
    -253.68    -0.076
    -252.39     0.093
    -251.10     0.018
    -249.82     0.007
    -248.53    -0.037
    -247.24    -0.074
    -245.95     0.088
    -244.66     0.066
    -243.38    -0.081
    -242.09    -0.075
    -240.80     0.058
    -239.51    -0.040
    -238.22    -0.047
    -236.93    -0.007
    -235.65     0.063
    -234.36     0.081
    -233.07    -0.065
    -231.78    -0.069
    -230.49     0.060
    -229.20     0.019
    -227.92    -0.059
    -226.63    -0.136
    -225.34    -0.077
    -224.05     0.007
    -222.76    -0.068
    -221.48    -0.115
    -220.19     0.061
    -218.90     0.079
    -217.61     0.004
    -216.32    -0.012
    -215.03    -0.087
    -213.75     0.014
    -212.46     0.009
    -211.17     0.060
    -209.88    -0.037
    -208.59    -0.024
    -207.30    -0.066
    -206.02    -0.024
    -204.73     0.008
    -203.44     0.031
    -202.15    -0.054
    -200.86    -0.021
    -199.58     0.010
    -198.29     0.071
    -197.00     0.029
    -195.71     0.075
    -194.42    -0.091
    -193.13    -0.099
    -191.85    -0.180
    -190.56     0.021
    -189.27     0.087
    -187.98     0.068
    -186.69     0.011
    -185.40     0.067
    -184.12     0.034
    -182.83     0.062
    -181.54     0.047
    -180.25     0.077
    -178.96    -0.091
    -177.68    -0.068
    -176.39     0.070
    -175.10    -0.021
    -173.81     0.165
    -172.52     0.139
    -171.23     0.092
    -169.95     0.074
    -168.66    -0.006
    -167.37    -0.057
    -166.08     0.063
    -164.79    -0.014
    -163.50    -0.019
    -162.22     0.099
    -160.93     0.010
    -159.64     0.017
    -158.35     0.003
    -157.06    -0.078
    -155.78    -0.041
    -154.49     0.076
    -153.20     0.086
    -151.91     0.104
    -150.62     0.033
    -149.33     0.024
    -148.05    -0.050
    -146.76    -0.000
    -145.47     0.018
    -144.18     0.091
    -142.89     0.008
    -141.60     0.059
    -140.32     0.225
    -139.03     0.240
    -137.74     0.230
    -136.45     0.310
    -135.16     0.410
    -133.88     0.531
    -132.59     0.602
    -131.30     0.733
    -130.01     0.780
    -128.72     0.819
    -127.43     0.941
    -126.15     1.128
    -124.86     1.180
    -123.57     1.434
    -122.28     1.573
    -120.99     1.541
    -119.70     1.622
    -118.42     1.705
    -117.13     1.782
    -115.84     1.940
    -114.55     1.969
    -113.26     1.961
    -111.98     2.030
    -110.69     2.026
    -109.40     2.133
    -108.11     1.900
    -106.82     1.779
    -105.53     1.585
    -104.25     1.474
    -102.96     1.315
    -101.67     1.299
    -100.38     1.128
     -99.09     1.057
     -97.80     1.023
     -96.52     1.070
     -95.23     1.130
     -93.94     1.263
     -92.65     1.158
     -91.36     1.376
     -90.08     1.699
     -88.79     1.904
     -87.50     2.317
     -86.21     2.722
     -84.92     3.113
     -83.63     3.251
     -82.35     3.161
     -81.06     2.913
     -79.77     2.560
     -78.48     2.303
     -77.19     2.050
     -75.90     1.980
     -74.62     1.853
     -73.33     1.672
     -72.04     1.526
     -70.75     1.394
     -69.46     1.350
     -68.18     1.318
     -66.89     1.387
     -65.60     1.466
     -64.31     1.485
     -63.02     1.385
     -61.73     1.333
     -60.45     1.167
     -59.16     1.012
     -57.87     0.887
     -56.58     0.799
     -55.29     0.678
     -54.00     0.619
     -52.72     0.518
     -51.43     0.549
     -50.14     0.370
     -48.85     0.444
     -47.56     0.524
     -46.28     0.538
     -44.99     0.581
     -43.70     0.562
     -42.41     0.601
     -41.12     0.709
     -39.83     0.871
     -38.55     0.964
     -37.26     0.873
     -35.97     1.190
     -34.68     1.211
     -33.39     1.425
     -32.10     1.531
     -30.82     1.704
     -29.53     1.804
     -28.24     2.248
     -26.95     2.506
     -25.66     2.772
     -24.38     3.252
     -23.09     3.678
     -21.80     4.221
     -20.51     4.583
     -19.22     5.371
     -17.93     6.216
     -16.65     7.271
     -15.36     8.449
     -14.07     9.699
     -12.78    10.902
     -11.49    11.971
     -10.20    12.436
      -8.92    12.515
      -7.63    13.180
      -6.34    14.491
      -5.05    16.164
      -3.76    17.357
      -2.48    18.526
      -1.19    20.885
       0.10    24.609
       1.39    29.100
       2.68    32.041
       3.97    33.428
       5.25    33.719
       6.54    32.937
       7.83    31.981
       9.12    31.832
      10.41    28.346
      11.70    21.264
      12.98    14.722
      14.27    10.668
      15.56     8.287
      16.85     6.628
      18.14     5.295
      19.42     4.417
      20.71     3.698
      22.00     3.073
      23.29     2.570
      24.58     2.140
      25.87     1.649
      27.15     1.379
      28.44     1.059
      29.73     0.903
      31.02     0.686
      32.31     0.598
      33.60     0.405
      34.88     0.352
      36.17     0.341
      37.46     0.335
      38.75     0.137
      40.04     0.240
      41.32     0.170
      42.61     0.223
      43.90     0.086
      45.19     0.128
      46.48     0.064
      47.77    -0.013
      49.05     0.204
      50.34     0.126
      51.63     0.088
      52.92     0.053
      54.21     0.055
      55.50     0.016
      56.78     0.060
      58.07     0.009
      59.36    -0.019
      60.65     0.086
      61.94    -0.013
      63.22    -0.227
      64.51    -0.112
      65.80    -0.091
      67.09    -0.072
      68.38    -0.003
      69.67    -0.146
      70.95    -0.007
      72.24    -0.013
      73.53     0.018
      74.82    -0.016
      76.11     0.049
      77.40     0.137
      78.68     0.055
      79.97    -0.008
      81.26     0.065
      82.55     0.121
      83.84     0.123
      85.12    -0.048
      86.41     0.076
      87.70    -0.007
      88.99    -0.097
      90.28     0.018
      91.57    -0.053
      92.85     0.133
      94.14     0.115
      95.43     0.059
      96.72     0.055
      98.01     0.158
      99.30     0.037
     100.58    -0.066
     101.87     0.012
     103.16     0.012
     104.45     0.028
     105.74    -0.023
     107.02     0.013
     108.31     0.036
     109.60     0.158
     110.89    -0.002
     112.18     0.059
     113.47     0.105
     114.75    -0.071
     116.04    -0.070
     117.33    -0.047
     118.62    -0.024
     119.91    -0.104
     121.20    -0.003
     122.48    -0.080
     123.77    -0.148
     125.06    -0.083
     126.35     0.043
     127.64     0.075
     128.92     0.161
     130.21     0.075
     131.50    -0.016
     132.79    -0.058
     134.08    -0.097
     135.37     0.002
     136.65    -0.003
     137.94    -0.030
     139.23    -0.027
     140.52    -0.097
     141.81    -0.012
     143.09     0.096
     144.38     0.021
     145.67     0.017
     146.96    -0.024
     148.25    -0.035
     149.54    -0.067
     150.82     0.142
     152.11     0.199
     153.40     0.091
     154.69     0.018
     155.98     0.008
     157.27    -0.010
     158.55    -0.059
     159.84    -0.037
     161.13    -0.022
     162.42    -0.030
     163.71     0.080
     164.99    -0.002
     166.28    -0.012
     167.57    -0.042
     168.86     0.039
     170.15     0.015
     171.44    -0.009
     172.72     0.027
     174.01    -0.047
     175.30    -0.046
     176.59     0.058
     177.88     0.179
     179.17     0.032
     180.45     0.069
     181.74     0.046
     183.03    -0.108
     184.32     0.042
     185.61    -0.085
     186.89     0.113
     188.18     0.089
     189.47     0.027
     190.76    -0.082
     192.05    -0.141
     193.34     0.040
     194.62     0.015
     195.91     0.031
     197.20    -0.011
     198.49     0.011
     199.78     0.014
     201.07     0.022
     202.35     0.025
     203.64     0.063
     204.93    -0.011
     206.22    -0.052
     207.51    -0.040
     208.79     0.063
     210.08     0.007
     211.37    -0.046
     212.66     0.005
     213.95    -0.062
     215.24    -0.002
     216.52    -0.057
     217.81    -0.133
     219.10     0.027
     220.39    -0.041
     221.68    -0.033
     222.97     0.104
     224.25     0.106
     225.54    -0.044
     226.83    -0.026
     228.12    -0.009
     229.41    -0.008
     230.69     0.067
     231.98     0.099
     233.27     0.052
     234.56     0.075
     235.85    -0.002
     237.14    -0.029
     238.42    -0.021
     239.71     0.024
     241.00    -0.055
     242.29     0.046
     243.58     0.153
     244.87    -0.045
     246.15     0.034
     247.44     0.083
     248.73     0.107
     250.02     0.074
     251.31    -0.004
     252.59     0.059
     253.88    -0.110
     255.17     0.027
     256.46     0.092
     257.75     0.123
     259.04     0.009
     260.32     0.001
     261.61     0.046
     262.90    -0.004
     264.19    -0.089
     265.48    -0.074
     266.77     0.119
     268.05    -0.008
     269.34     0.058
     270.63    -0.026
     271.92     0.005
     273.21     0.085
     274.49     0.184
     275.78    -0.006
     277.07    -0.072
     278.36    -0.143
     279.65     0.010
     280.94    -0.047
     282.22    -0.071
     283.51     0.022
     284.80     0.073
     286.09     0.058
     287.38     0.068
     288.67    -0.080
     289.95    -0.051
     291.24    -0.077
     292.53    -0.045
     293.82    -0.025
     295.11    -0.046
     296.39    -0.152
     297.68    -0.093
     298.97    -0.092
     300.26     0.027
     301.55    -0.109
     302.84     0.020
     304.12    -0.028
     305.41     0.047
     306.70    -0.033
     307.99    -0.032
     309.28    -0.019
     310.57     0.055
     311.85     0.005
     313.14     0.002
     314.43     0.029
     315.72     0.015
     317.01    -0.011
     318.29     0.095
     319.58     0.082
     320.87     0.160
     322.16    -0.011
     323.45    -0.063
     324.74    -0.191
     326.02    -0.025
     327.31     0.108
     328.60     0.045
     329.89    -0.021
     331.18    -0.130
     332.47    -0.044
     333.75    -0.120
     335.04    -0.039
     336.33     0.014
     337.62     0.080
     338.91     0.081
     340.19    -0.041
     341.48    -0.002
     342.77     0.037
     344.06     0.061
     345.35    -0.027
     346.64     0.038
     347.92    -0.105
     349.21    -0.015
     350.50     0.004
     351.79    -0.009
     353.08     0.040
     354.37    -0.052
     355.65     0.056
     356.94     0.057
     358.23     0.003
     359.52    -0.148
     360.81    -0.075
     362.09    -0.012
     363.38    -0.038
     364.67     0.076
     365.96     0.031
     367.25    -0.033
     368.54     0.042
     369.82    -0.141
     371.11    -0.063
     372.40    -0.123
     373.69    -0.087
     374.98     0.005
     376.27     0.108
     377.55    -0.006
     378.84    -0.027
     380.13     0.065
     381.42     0.007
     382.71     0.051
     383.99    -0.004
     385.28     0.029
     386.57    -0.012
     387.86    -0.019
     389.15    -0.071
     390.44     0.005
     391.72    -0.038
     393.01    -0.066
     394.30    -0.144
     395.59    -0.047
     396.88    -0.016
     398.17    -0.061
     399.45    -0.040
%%GASS      0  datapoints: v_lsr [km/s] and T_B [K]
%%LAB     777  datapoints: v_lsr [km/s] and T_B [K]
    -399.83    -0.081
    -398.80    -0.035
    -397.77    -0.044
    -396.74     0.086
    -395.71    -0.037
    -394.68     0.017
    -393.65     0.062
    -392.62     0.021
    -391.59     0.054
    -390.56     0.109
    -389.53     0.011
    -388.50     0.053
    -387.47    -0.066
    -386.44     0.001
    -385.41     0.025
    -384.38    -0.044
    -383.35    -0.056
    -382.31     0.054
    -381.28    -0.029
    -380.25    -0.058
    -379.22     0.071
    -378.19    -0.081
    -377.16     0.026
    -376.13    -0.028
    -375.10    -0.034
    -374.07    -0.020
    -373.04     0.024
    -372.01     0.058
    -370.98    -0.021
    -369.95    -0.085
    -368.92    -0.008
    -367.89     0.066
    -366.86    -0.081
    -365.83    -0.106
    -364.80    -0.099
    -363.77     0.053
    -362.74    -0.020
    -361.70     0.042
    -360.67     0.048
    -359.64    -0.002
    -358.61    -0.026
    -357.58     0.014
    -356.55    -0.042
    -355.52    -0.023
    -354.49    -0.106
    -353.46    -0.043
    -352.43     0.036
    -351.40     0.041
    -350.37     0.048
    -349.34     0.088
    -348.31    -0.006
    -347.28    -0.144
    -346.25     0.014
    -345.22    -0.060
    -344.19    -0.132
    -343.16    -0.022
    -342.13     0.134
    -341.09     0.027
    -340.06    -0.006
    -339.03     0.004
    -338.00     0.151
    -336.97    -0.138
    -335.94     0.009
    -334.91    -0.015
    -333.88     0.006
    -332.85    -0.022
    -331.82     0.036
    -330.79    -0.058
    -329.76    -0.040
    -328.73     0.019
    -327.70    -0.028
    -326.67     0.064
    -325.64     0.120
    -324.61     0.033
    -323.58     0.104
    -322.55     0.081
    -321.52     0.060
    -320.48    -0.026
    -319.45     0.033
    -318.42    -0.049
    -317.39     0.053
    -316.36     0.021
    -315.33     0.055
    -314.30    -0.047
    -313.27     0.177
    -312.24    -0.069
    -311.21    -0.200
    -310.18    -0.060
    -309.15     0.068
    -308.12    -0.143
    -307.09     0.010
    -306.06     0.014
    -305.03     0.059
    -304.00    -0.083
    -302.97    -0.071
    -301.94    -0.130
    -300.91    -0.078
    -299.87     0.022
    -298.84    -0.014
    -297.81     0.011
    -296.78    -0.012
    -295.75    -0.058
    -294.72    -0.019
    -293.69    -0.029
    -292.66     0.059
    -291.63     0.053
    -290.60    -0.059
    -289.57     0.065
    -288.54     0.048
    -287.51    -0.013
    -286.48     0.023
    -285.45     0.068
    -284.42     0.000
    -283.39     0.054
    -282.36    -0.069
    -281.33     0.008
    -280.30    -0.120
    -279.26    -0.055
    -278.23     0.069
    -277.20     0.044
    -276.17     0.143
    -275.14    -0.058
    -274.11    -0.060
    -273.08     0.207
    -272.05     0.068
    -271.02    -0.071
    -269.99    -0.053
    -268.96     0.078
    -267.93     0.037
    -266.90     0.016
    -265.87    -0.052
    -264.84    -0.025
    -263.81    -0.012
    -262.78     0.069
    -261.75     0.054
    -260.72    -0.143
    -259.69    -0.018
    -258.65    -0.136
    -257.62    -0.072
    -256.59    -0.012
    -255.56    -0.120
    -254.53    -0.147
    -253.50     0.045
    -252.47     0.051
    -251.44    -0.033
    -250.41     0.042
    -249.38     0.012
    -248.35     0.006
    -247.32     0.175
    -246.29     0.036
    -245.26    -0.047
    -244.23     0.018
    -243.20     0.067
    -242.17     0.078
    -241.14     0.059
    -240.11    -0.031
    -239.08     0.001
    -238.04    -0.001
    -237.01    -0.037
    -235.98    -0.121
    -234.95     0.020
    -233.92     0.031
    -232.89    -0.132
    -231.86     0.017
    -230.83    -0.056
    -229.80    -0.078
    -228.77     0.061
    -227.74     0.052
    -226.71     0.199
    -225.68     0.007
    -224.65    -0.042
    -223.62     0.101
    -222.59     0.070
    -221.56     0.110
    -220.53    -0.026
    -219.50     0.158
    -218.47     0.107
    -217.43     0.101
    -216.40     0.038
    -215.37    -0.048
    -214.34    -0.050
    -213.31     0.035
    -212.28     0.127
    -211.25    -0.123
    -210.22    -0.072
    -209.19     0.071
    -208.16     0.149
    -207.13     0.049
    -206.10     0.063
    -205.07     0.003
    -204.04     0.003
    -203.01    -0.002
    -201.98     0.033
    -200.95     0.146
    -199.92    -0.040
    -198.89     0.025
    -197.86     0.055
    -196.82    -0.030
    -195.79     0.027
    -194.76    -0.049
    -193.73     0.027
    -192.70    -0.040
    -191.67     0.122
    -190.64    -0.069
    -189.61     0.002
    -188.58     0.083
    -187.55     0.090
    -186.52     0.088
    -185.49     0.136
    -184.46    -0.001
    -183.43    -0.084
    -182.40     0.085
    -181.37    -0.102
    -180.34     0.058
    -179.31     0.035
    -178.28     0.114
    -177.25    -0.188
    -176.22    -0.151
    -175.18    -0.113
    -174.15     0.110
    -173.12     0.040
    -172.09     0.055
    -171.06     0.017
    -170.03    -0.037
    -169.00     0.087
    -167.97    -0.051
    -166.94     0.024
    -165.91     0.119
    -164.88     0.098
    -163.85    -0.098
    -162.82    -0.105
    -161.79    -0.159
    -160.76     0.037
    -159.73    -0.102
    -158.70     0.024
    -157.67    -0.114
    -156.64     0.119
    -155.61    -0.005
    -154.57     0.047
    -153.54     0.170
    -152.51    -0.107
    -151.48    -0.050
    -150.45     0.231
    -149.42     0.113
    -148.39     0.091
    -147.36    -0.050
    -146.33    -0.027
    -145.30     0.049
    -144.27     0.150
    -143.24     0.126
    -142.21    -0.056
    -141.18     0.126
    -140.15     0.209
    -139.12     0.249
    -138.09     0.167
    -137.06     0.068
    -136.03     0.220
    -135.00     0.270
    -133.96     0.433
    -132.93     0.458
    -131.90     0.503
    -130.87     0.656
    -129.84     0.753
    -128.81     0.737
    -127.78     0.897
    -126.75     1.092
    -125.72     1.343
    -124.69     1.285
    -123.66     1.306
    -122.63     1.398
    -121.60     1.671
    -120.57     1.477
    -119.54     1.809
    -118.51     1.689
    -117.48     1.926
    -116.45     1.848
    -115.42     1.927
    -114.39     1.809
    -113.35     1.879
    -112.32     1.722
    -111.29     1.680
    -110.26     1.642
    -109.23     1.656
    -108.20     1.656
    -107.17     1.619
    -106.14     1.570
    -105.11     1.377
    -104.08     1.207
    -103.05     1.366
    -102.02     1.278
    -100.99     1.328
     -99.96     1.172
     -98.93     1.153
     -97.90     1.310
     -96.87     1.251
     -95.84     1.403
     -94.81     1.262
     -93.78     1.506
     -92.74     1.641
     -91.71     1.633
     -90.68     2.024
     -89.65     1.990
     -88.62     2.288
     -87.59     2.480
     -86.56     2.601
     -85.53     2.839
     -84.50     2.986
     -83.47     2.995
     -82.44     3.258
     -81.41     2.978
     -80.38     2.938
     -79.35     2.674
     -78.32     2.849
     -77.29     2.477
     -76.26     2.477
     -75.23     2.152
     -74.20     2.072
     -73.17     2.058
     -72.13     2.001
     -71.10     1.647
     -70.07     1.665
     -69.04     1.633
     -68.01     1.676
     -66.98     1.528
     -65.95     1.397
     -64.92     1.115
     -63.89     1.183
     -62.86     1.032
     -61.83     1.124
     -60.80     1.160
     -59.77     0.948
     -58.74     0.934
     -57.71     0.888
     -56.68     0.795
     -55.65     0.907
     -54.62     0.870
     -53.59     0.719
     -52.56     0.673
     -51.52     0.646
     -50.49     0.559
     -49.46     0.426
     -48.43     0.623
     -47.40     0.647
     -46.37     0.692
     -45.34     0.612
     -44.31     0.691
     -43.28     0.714
     -42.25     0.767
     -41.22     0.763
     -40.19     0.898
     -39.16     1.039
     -38.13     1.105
     -37.10     1.176
     -36.07     1.087
     -35.04     1.310
     -34.01     1.435
     -32.98     1.606
     -31.95     1.742
     -30.91     1.815
     -29.88     1.954
     -28.85     2.052
     -27.82     2.250
     -26.79     2.407
     -25.76     2.780
     -24.73     3.031
     -23.70     3.370
     -22.67     3.676
     -21.64     4.185
     -20.61     4.551
     -19.58     4.945
     -18.55     5.894
     -17.52     6.674
     -16.49     7.617
     -15.46     8.877
     -14.43    10.114
     -13.40    11.000
     -12.37    12.301
     -11.34    13.561
     -10.30    14.153
      -9.27    14.526
      -8.24    14.713
      -7.21    14.932
      -6.18    15.893
      -5.15    17.022
      -4.12    17.939
      -3.09    18.981
      -2.06    20.500
      -1.03    22.253
       0.00    25.093
       1.03    28.229
       2.06    31.321
       3.09    33.370
       4.12    33.942
       5.15    33.691
       6.18    32.787
       7.21    32.359
       8.24    32.011
       9.27    31.026
      10.30    27.549
      11.34    22.530
      12.37    17.893
      13.40    13.739
      14.43    11.093
      15.46     8.986
      16.49     7.733
      17.52     6.502
      18.55     5.382
      19.58     4.328
      20.61     4.011
      21.64     3.008
      22.67     2.532
      23.70     2.139
      24.73     1.931
      25.76     1.460
      26.79     1.426
      27.82     1.051
      28.85     0.744
      29.88     0.816
      30.91     0.609
      31.95     0.669
      32.98     0.482
      34.01     0.302
      35.04     0.337
      36.07     0.355
      37.10     0.358
      38.13     0.136
      39.16     0.209
      40.19     0.048
      41.22     0.119
      42.25     0.237
      43.28     0.121
      44.31     0.049
      45.34     0.287
      46.37    -0.007
      47.40     0.152
      48.43    -0.068
      49.46     0.073
      50.49    -0.044
      51.52     0.029
      52.56     0.160
      53.59     0.035
      54.62     0.060
      55.65     0.078
      56.68     0.051
      57.71     0.019
      58.74    -0.009
      59.77     0.068
      60.80    -0.149
      61.83     0.074
      62.86     0.009
      63.89     0.242
      64.92     0.043
      65.95    -0.045
      66.98    -0.045
      68.01     0.082
      69.04    -0.001
      70.07     0.014
      71.10     0.129
      72.13     0.074
      73.17    -0.154
      74.20     0.100
      75.23    -0.062
      76.26     0.172
      77.29     0.076
      78.32     0.063
      79.35    -0.053
      80.38     0.079
      81.41    -0.153
      82.44    -0.081
      83.47     0.056
      84.50     0.030
      85.53     0.060
      86.56     0.099
      87.59     0.034
      88.62    -0.007
      89.65    -0.152
      90.68     0.086
      91.71     0.006
      92.74    -0.030
      93.78     0.004
      94.81     0.007
      95.84    -0.109
      96.87     0.285
      97.90     0.221
      98.93     0.123
      99.96     0.023
     100.99    -0.023
     102.02    -0.068
     103.05     0.010
     104.08    -0.097
     105.11     0.109
     106.14    -0.019
     107.17     0.188
     108.20    -0.200
     109.23     0.042
     110.26    -0.091
     111.29    -0.225
     112.32     0.102
     113.35    -0.161
     114.39     0.041
     115.42    -0.001
     116.45     0.059
     117.48     0.159
     118.51     0.045
     119.54    -0.030
     120.57     0.028
     121.60    -0.109
     122.63     0.073
     123.66     0.292
     124.69     0.161
     125.72     0.136
     126.75    -0.054
     127.78     0.084
     128.81     0.067
     129.84    -0.032
     130.87     0.014
     131.90    -0.037
     132.93     0.036
     133.96     0.107
     135.00     0.056
     136.03    -0.040
     137.06    -0.062
     138.09    -0.118
     139.12     0.051
     140.15    -0.007
     141.18    -0.100
     142.21    -0.007
     143.24    -0.019
     144.27    -0.000
     145.30     0.089
     146.33    -0.015
     147.36    -0.013
     148.39     0.089
     149.42    -0.044
     150.45    -0.009
     151.48     0.150
     152.51     0.077
     153.54    -0.018
     154.57    -0.167
     155.61     0.004
     156.64     0.082
     157.67     0.055
     158.70     0.166
     159.73     0.143
     160.76     0.074
     161.79    -0.137
     162.82    -0.108
     163.85    -0.044
     164.88    -0.115
     165.91     0.047
     166.94    -0.016
     167.97     0.004
     169.00     0.004
     170.03    -0.023
     171.06     0.133
     172.09    -0.057
     173.12     0.307
     174.15     0.070
     175.18     0.100
     176.22     0.040
     177.25    -0.086
     178.28    -0.197
     179.31     0.106
     180.34     0.034
     181.37     0.150
     182.40     0.038
     183.43     0.084
     184.46    -0.001
     185.49     0.021
     186.52     0.028
     187.55     0.051
     188.58     0.011
     189.61    -0.047
     190.64    -0.108
     191.67     0.017
     192.70    -0.099
     193.73    -0.056
     194.76     0.074
     195.79    -0.077
     196.83     0.008
     197.86     0.040
     198.89    -0.096
     199.92    -0.098
     200.95    -0.143
     201.98    -0.074
     203.01     0.096
     204.04    -0.093
     205.07    -0.062
     206.10     0.096
     207.13     0.068
     208.16     0.198
     209.19     0.000
     210.22    -0.086
     211.25    -0.066
     212.28     0.047
     213.31    -0.081
     214.34     0.056
     215.37     0.086
     216.40    -0.079
     217.43    -0.048
     218.47     0.066
     219.50     0.040
     220.53     0.060
     221.56    -0.052
     222.59     0.007
     223.62    -0.121
     224.65    -0.074
     225.68    -0.036
     226.71    -0.072
     227.74    -0.043
     228.77     0.066
     229.80     0.041
     230.83     0.010
     231.86     0.055
     232.89     0.053
     233.92    -0.141
     234.95     0.013
     235.98    -0.138
     237.01    -0.049
     238.04     0.006
     239.08     0.155
     240.11     0.103
     241.14     0.129
     242.17    -0.112
     243.20    -0.001
     244.23    -0.085
     245.26    -0.005
     246.29    -0.111
     247.32     0.150
     248.35    -0.049
     249.38    -0.024
     250.41     0.132
     251.44     0.125
     252.47    -0.096
     253.50     0.030
     254.53     0.080
     255.56     0.111
     256.59    -0.063
     257.62    -0.094
     258.65    -0.068
     259.69     0.070
     260.72     0.067
     261.75    -0.140
     262.78     0.048
     263.81    -0.074
     264.84     0.089
     265.87     0.084
     266.90    -0.156
     267.93    -0.103
     268.96    -0.082
     269.99    -0.066
     271.02     0.035
     272.05     0.106
     273.08     0.057
     274.11     0.104
     275.14    -0.069
     276.17     0.020
     277.20    -0.050
     278.23     0.057
     279.26    -0.040
     280.30     0.184
     281.33    -0.062
     282.36     0.004
     283.39    -0.175
     284.42    -0.080
     285.45    -0.098
     286.48     0.121
     287.51     0.160
     288.54     0.129
     289.57    -0.211
     290.60    -0.036
     291.63     0.032
     292.66    -0.091
     293.69     0.004
     294.72    -0.026
     295.75     0.092
     296.78     0.123
     297.81     0.020
     298.84     0.018
     299.87    -0.001
     300.91    -0.040
     301.94    -0.030
     302.97     0.141
     304.00    -0.097
     305.03     0.021
     306.06    -0.087
     307.09    -0.033
     308.12     0.027
     309.15    -0.027
     310.18    -0.072
     311.21     0.115
     312.24    -0.022
     313.27     0.090
     314.30    -0.017
     315.33     0.109
     316.36    -0.018
     317.39     0.062
     318.42     0.112
     319.45     0.065
     320.48    -0.048
     321.52    -0.027
     322.55     0.002
     323.58     0.002
     324.61    -0.085
     325.64    -0.063
     326.67    -0.045
     327.70    -0.151
     328.73    -0.145
     329.76     0.082
     330.79    -0.010
     331.82     0.146
     332.85     0.012
     333.88     0.069
     334.91     0.112
     335.94    -0.025
     336.97     0.053
     338.00     0.025
     339.03     0.024
     340.06     0.135
     341.09    -0.102
     342.13    -0.079
     343.16    -0.026
     344.19    -0.042
     345.22    -0.195
     346.25     0.010
     347.28    -0.021
     348.31     0.031
     349.34     0.024
     350.37    -0.048
     351.40    -0.032
     352.43     0.127
     353.46    -0.078
     354.49    -0.029
     355.52    -0.023
     356.55    -0.080
     357.58    -0.027
     358.61     0.004
     359.64     0.021
     360.67     0.037
     361.70    -0.010
     362.74     0.046
     363.77    -0.055
     364.80     0.029
     365.83    -0.053
     366.86     0.151
     367.89    -0.035
     368.92     0.050
     369.95     0.014
     370.98    -0.095
     372.01    -0.086
     373.04     0.027
     374.07     0.085
     375.10    -0.040
     376.13     0.149
     377.16     0.057
     378.19    -0.067
     379.22    -0.047
     380.25    -0.124
     381.28     0.082
     382.31    -0.031
     383.34    -0.001
     384.38     0.019
     385.41     0.091
     386.44    -0.090
     387.47    -0.014
     388.50     0.127
     389.53     0.043
     390.56    -0.075
     391.59    -0.076
     392.62     0.078
     393.65     0.086
     394.68     0.080
     395.71     0.050
     396.74    -0.036
     397.77     0.041
     398.80     0.159
     399.83     0.198
