%%   70.00000 -15.00000    0   0.20000
% LAB  survey ------------------
% wanted position:  l, b, RA, DEC, and interpolated  NH
% 70.00 ; -15.00 ; 315.61 ;  23.59 ;  0.917E+21
% nearest position: l, b, RA, DEC, and observed NH
% 70.00 ; -15.00 ; 315.61 ;  23.59 ;  0.917E+21
% GASS III survey --------------
% NH - median within 6 arcmin radius   0.00    
% NH - mean within specified beam      0.00    
% EBHIS survey -----------------
% NH  within specified beam           0.927E+21
%%EBHIS   621  datapoints: v_lsr [km/s] and T_B [K]
    -399.25     0.060
    -397.96     0.025
    -396.68    -0.043
    -395.39    -0.048
    -394.10    -0.020
    -392.81     0.110
    -391.52     0.055
    -390.23     0.017
    -388.95    -0.037
    -387.66     0.006
    -386.37     0.069
    -385.08    -0.000
    -383.79    -0.043
    -382.50     0.035
    -381.22     0.024
    -379.93     0.039
    -378.64    -0.014
    -377.35    -0.006
    -376.06    -0.001
    -374.78     0.019
    -373.49     0.207
    -372.20     0.090
    -370.91     0.025
    -369.62     0.004
    -368.33     0.015
    -367.05    -0.026
    -365.76    -0.018
    -364.47     0.096
    -363.18     0.033
    -361.89     0.018
    -360.60    -0.034
    -359.32    -0.013
    -358.03     0.022
    -356.74    -0.034
    -355.45     0.020
    -354.16    -0.021
    -352.88     0.067
    -351.59     0.076
    -350.30    -0.062
    -349.01    -0.119
    -347.72     0.030
    -346.43     0.028
    -345.15    -0.035
    -343.86    -0.049
    -342.57     0.012
    -341.28     0.017
    -339.99    -0.009
    -338.70     0.029
    -337.42    -0.072
    -336.13    -0.010
    -334.84     0.043
    -333.55     0.037
    -332.26    -0.040
    -330.98    -0.048
    -329.69     0.075
    -328.40     0.112
    -327.11    -0.037
    -325.82    -0.123
    -324.53    -0.136
    -323.25    -0.056
    -321.96    -0.000
    -320.67    -0.015
    -319.38     0.032
    -318.09    -0.034
    -316.80    -0.033
    -315.52    -0.045
    -314.23     0.094
    -312.94     0.028
    -311.65     0.019
    -310.36    -0.050
    -309.08     0.035
    -307.79     0.057
    -306.50    -0.108
    -305.21    -0.021
    -303.92    -0.052
    -302.63    -0.038
    -301.35    -0.044
    -300.06     0.031
    -298.77    -0.061
    -297.48     0.014
    -296.19     0.127
    -294.90     0.109
    -293.62     0.057
    -292.33     0.004
    -291.04     0.016
    -289.75     0.022
    -288.46    -0.115
    -287.18     0.035
    -285.89    -0.054
    -284.60    -0.000
    -283.31    -0.010
    -282.02     0.113
    -280.73     0.078
    -279.45    -0.016
    -278.16     0.071
    -276.87     0.015
    -275.58    -0.078
    -274.29    -0.045
    -273.00    -0.076
    -271.72    -0.045
    -270.43    -0.066
    -269.14     0.001
    -267.85     0.057
    -266.56     0.070
    -265.28    -0.001
    -263.99    -0.078
    -262.70    -0.026
    -261.41    -0.032
    -260.12    -0.021
    -258.83     0.022
    -257.55    -0.093
    -256.26    -0.021
    -254.97    -0.005
    -253.68     0.037
    -252.39     0.040
    -251.10     0.009
    -249.82     0.062
    -248.53    -0.105
    -247.24    -0.143
    -245.95     0.039
    -244.66     0.044
    -243.38     0.014
    -242.09    -0.001
    -240.80    -0.026
    -239.51     0.038
    -238.22     0.071
    -236.93     0.063
    -235.65     0.108
    -234.36    -0.007
    -233.07     0.056
    -231.78     0.043
    -230.49    -0.012
    -229.20    -0.080
    -227.92    -0.017
    -226.63    -0.064
    -225.34     0.031
    -224.05     0.010
    -222.76     0.091
    -221.48    -0.023
    -220.19    -0.084
    -218.90     0.109
    -217.61     0.087
    -216.32    -0.050
    -215.03     0.059
    -213.75     0.106
    -212.46    -0.022
    -211.17     0.083
    -209.88     0.113
    -208.59     0.070
    -207.30     0.014
    -206.02    -0.035
    -204.73    -0.095
    -203.44     0.026
    -202.15    -0.047
    -200.86    -0.112
    -199.58    -0.089
    -198.29    -0.004
    -197.00     0.119
    -195.71     0.009
    -194.42    -0.038
    -193.13     0.050
    -191.85     0.081
    -190.56    -0.033
    -189.27    -0.127
    -187.98     0.000
    -186.69    -0.028
    -185.40    -0.111
    -184.12    -0.046
    -182.83     0.089
    -181.54     0.154
    -180.25     0.079
    -178.96    -0.012
    -177.68    -0.050
    -176.39    -0.004
    -175.10     0.020
    -173.81    -0.045
    -172.52     0.011
    -171.23    -0.056
    -169.95    -0.022
    -168.66     0.000
    -167.37     0.023
    -166.08    -0.049
    -164.79    -0.042
    -163.50    -0.044
    -162.22    -0.161
    -160.93     0.033
    -159.64     0.010
    -158.35    -0.012
    -157.06    -0.092
    -155.78    -0.027
    -154.49    -0.074
    -153.20    -0.005
    -151.91     0.051
    -150.62     0.018
    -149.33     0.081
    -148.05     0.043
    -146.76    -0.064
    -145.47     0.086
    -144.18     0.087
    -142.89     0.036
    -141.60    -0.070
    -140.32    -0.109
    -139.03    -0.027
    -137.74     0.032
    -136.45     0.032
    -135.16     0.048
    -133.88     0.009
    -132.59     0.054
    -131.30     0.004
    -130.01    -0.071
    -128.72    -0.058
    -127.43    -0.043
    -126.15    -0.020
    -124.86    -0.059
    -123.57    -0.065
    -122.28    -0.036
    -120.99     0.028
    -119.70     0.151
    -118.42     0.071
    -117.13     0.014
    -115.84     0.041
    -114.55     0.043
    -113.26     0.021
    -111.98     0.021
    -110.69     0.020
    -109.40     0.014
    -108.11     0.000
    -106.82    -0.035
    -105.53    -0.018
    -104.25    -0.076
    -102.96     0.015
    -101.67     0.029
    -100.38     0.036
     -99.09     0.180
     -97.80     0.097
     -96.52     0.070
     -95.23    -0.033
     -93.94    -0.049
     -92.65     0.042
     -91.36     0.115
     -90.08     0.070
     -88.79     0.074
     -87.50     0.108
     -86.21     0.076
     -84.92     0.043
     -83.63     0.120
     -82.35     0.159
     -81.06     0.062
     -79.77     0.135
     -78.48     0.115
     -77.19     0.154
     -75.90     0.123
     -74.62     0.072
     -73.33     0.020
     -72.04     0.203
     -70.75     0.179
     -69.46     0.143
     -68.18     0.129
     -66.89     0.236
     -65.60     0.193
     -64.31     0.159
     -63.02     0.069
     -61.73     0.207
     -60.45     0.216
     -59.16     0.130
     -57.87     0.172
     -56.58     0.260
     -55.29     0.234
     -54.00     0.173
     -52.72     0.314
     -51.43     0.216
     -50.14     0.313
     -48.85     0.218
     -47.56     0.313
     -46.28     0.336
     -44.99     0.411
     -43.70     0.577
     -42.41     0.694
     -41.12     0.748
     -39.83     0.730
     -38.55     0.732
     -37.26     0.694
     -35.97     0.681
     -34.68     0.676
     -33.39     0.556
     -32.10     0.599
     -30.82     0.628
     -29.53     0.474
     -28.24     0.567
     -26.95     0.535
     -25.66     0.548
     -24.38     0.690
     -23.09     0.658
     -21.80     0.805
     -20.51     0.872
     -19.22     0.970
     -17.93     1.127
     -16.65     1.231
     -15.36     1.477
     -14.07     1.849
     -12.78     2.168
     -11.49     2.631
     -10.20     3.256
      -8.92     3.937
      -7.63     4.769
      -6.34     5.703
      -5.05     7.025
      -3.76     8.232
      -2.48     9.389
      -1.19    10.283
       0.10    11.393
       1.39    13.502
       2.68    17.216
       3.97    22.025
       5.25    26.146
       6.54    28.094
       7.83    27.517
       9.12    23.918
      10.41    18.926
      11.70    15.537
      12.98    13.644
      14.27    12.051
      15.56    10.442
      16.85     9.277
      18.14     8.335
      19.42     7.487
      20.71     6.668
      22.00     5.860
      23.29     5.091
      24.58     4.291
      25.87     3.693
      27.15     3.198
      28.44     2.720
      29.73     2.353
      31.02     1.976
      32.31     1.621
      33.60     1.435
      34.88     1.096
      36.17     0.910
      37.46     0.703
      38.75     0.556
      40.04     0.575
      41.32     0.483
      42.61     0.369
      43.90     0.304
      45.19     0.184
      46.48     0.177
      47.77     0.144
      49.05     0.172
      50.34     0.210
      51.63     0.152
      52.92     0.099
      54.21     0.154
      55.50     0.130
      56.78     0.168
      58.07     0.004
      59.36    -0.031
      60.65    -0.016
      61.94    -0.030
      63.22     0.027
      64.51    -0.063
      65.80     0.017
      67.09     0.022
      68.38     0.030
      69.67     0.012
      70.95    -0.025
      72.24     0.096
      73.53     0.008
      74.82     0.003
      76.11     0.045
      77.40     0.063
      78.68    -0.022
      79.97    -0.024
      81.26    -0.042
      82.55    -0.043
      83.84    -0.060
      85.12     0.040
      86.41     0.036
      87.70    -0.026
      88.99     0.024
      90.28    -0.024
      91.57    -0.100
      92.85    -0.074
      94.14     0.012
      95.43    -0.015
      96.72     0.052
      98.01    -0.011
      99.30    -0.106
     100.58    -0.084
     101.87     0.087
     103.16    -0.034
     104.45    -0.086
     105.74    -0.071
     107.02    -0.020
     108.31     0.021
     109.60    -0.027
     110.89     0.013
     112.18    -0.018
     113.47     0.063
     114.75     0.059
     116.04    -0.025
     117.33    -0.032
     118.62    -0.004
     119.91    -0.051
     121.20    -0.043
     122.48    -0.004
     123.77     0.010
     125.06     0.013
     126.35    -0.055
     127.64    -0.005
     128.92     0.069
     130.21     0.028
     131.50    -0.008
     132.79     0.064
     134.08     0.024
     135.37    -0.166
     136.65     0.043
     137.94    -0.099
     139.23    -0.046
     140.52     0.011
     141.81    -0.080
     143.09     0.134
     144.38    -0.036
     145.67    -0.004
     146.96     0.092
     148.25     0.063
     149.54    -0.018
     150.82    -0.079
     152.11    -0.013
     153.40     0.004
     154.69     0.074
     155.98     0.135
     157.27     0.084
     158.55    -0.110
     159.84    -0.122
     161.13     0.006
     162.42    -0.048
     163.71    -0.053
     164.99    -0.004
     166.28    -0.001
     167.57     0.017
     168.86     0.017
     170.15    -0.079
     171.44    -0.039
     172.72    -0.012
     174.01    -0.054
     175.30    -0.082
     176.59     0.082
     177.88    -0.025
     179.17    -0.066
     180.45     0.112
     181.74     0.111
     183.03    -0.104
     184.32     0.020
     185.61     0.104
     186.89     0.040
     188.18     0.025
     189.47    -0.016
     190.76     0.054
     192.05     0.123
     193.34    -0.035
     194.62    -0.051
     195.91    -0.147
     197.20    -0.010
     198.49    -0.074
     199.78     0.032
     201.07    -0.057
     202.35     0.048
     203.64     0.105
     204.93     0.020
     206.22     0.036
     207.51    -0.089
     208.79     0.010
     210.08     0.070
     211.37     0.083
     212.66    -0.016
     213.95     0.028
     215.24     0.087
     216.52    -0.068
     217.81     0.070
     219.10     0.043
     220.39    -0.061
     221.68    -0.006
     222.97    -0.008
     224.25    -0.050
     225.54     0.078
     226.83     0.035
     228.12    -0.066
     229.41    -0.010
     230.69     0.029
     231.98     0.024
     233.27    -0.021
     234.56    -0.116
     235.85    -0.118
     237.14    -0.036
     238.42    -0.100
     239.71    -0.060
     241.00     0.068
     242.29     0.017
     243.58     0.029
     244.87     0.011
     246.15     0.015
     247.44     0.125
     248.73     0.046
     250.02     0.107
     251.31     0.113
     252.59    -0.074
     253.88    -0.013
     255.17    -0.009
     256.46    -0.016
     257.75    -0.094
     259.04     0.104
     260.32     0.039
     261.61     0.096
     262.90    -0.007
     264.19    -0.064
     265.48    -0.051
     266.77     0.075
     268.05    -0.017
     269.34     0.021
     270.63     0.101
     271.92     0.029
     273.21    -0.049
     274.49     0.039
     275.78     0.029
     277.07     0.002
     278.36    -0.011
     279.65     0.008
     280.94     0.080
     282.22     0.051
     283.51    -0.057
     284.80    -0.055
     286.09     0.061
     287.38    -0.017
     288.67    -0.037
     289.95    -0.083
     291.24    -0.062
     292.53    -0.020
     293.82    -0.056
     295.11    -0.053
     296.39     0.079
     297.68     0.109
     298.97    -0.065
     300.26    -0.030
     301.55    -0.038
     302.84     0.001
     304.12    -0.061
     305.41    -0.054
     306.70    -0.031
     307.99     0.008
     309.28     0.081
     310.57     0.136
     311.85     0.029
     313.14     0.009
     314.43    -0.062
     315.72     0.003
     317.01    -0.046
     318.29     0.044
     319.58    -0.039
     320.87     0.093
     322.16     0.074
     323.45    -0.088
     324.74    -0.064
     326.02     0.005
     327.31    -0.016
     328.60     0.032
     329.89     0.020
     331.18     0.024
     332.47     0.011
     333.75     0.074
     335.04     0.068
     336.33    -0.006
     337.62    -0.050
     338.91    -0.014
     340.19     0.035
     341.48     0.112
     342.77     0.055
     344.06     0.022
     345.35     0.007
     346.64     0.114
     347.92     0.018
     349.21     0.052
     350.50    -0.035
     351.79    -0.149
     353.08    -0.022
     354.37    -0.091
     355.65    -0.053
     356.94    -0.005
     358.23     0.027
     359.52     0.162
     360.81    -0.010
     362.09    -0.042
     363.38    -0.062
     364.67     0.115
     365.96     0.042
     367.25     0.046
     368.54     0.026
     369.82     0.050
     371.11     0.036
     372.40     0.008
     373.69    -0.015
     374.98    -0.060
     376.27    -0.010
     377.55     0.038
     378.84     0.124
     380.13    -0.019
     381.42    -0.065
     382.71    -0.012
     383.99    -0.023
     385.28    -0.051
     386.57     0.068
     387.86     0.022
     389.15    -0.061
     390.44     0.023
     391.72    -0.076
     393.01    -0.105
     394.30    -0.024
     395.59     0.033
     396.88    -0.020
     398.17    -0.015
     399.45    -0.033
%%GASS      0  datapoints: v_lsr [km/s] and T_B [K]
%%LAB     777  datapoints: v_lsr [km/s] and T_B [K]
    -399.87    -0.051
    -398.84     0.113
    -397.81    -0.182
    -396.78     0.044
    -395.75     0.273
    -394.72     0.012
    -393.69    -0.092
    -392.66    -0.057
    -391.63    -0.023
    -390.60     0.090
    -389.57    -0.032
    -388.54    -0.114
    -387.51     0.181
    -386.47    -0.070
    -385.44    -0.043
    -384.41    -0.067
    -383.38     0.100
    -382.35    -0.052
    -381.32     0.179
    -380.29    -0.063
    -379.26    -0.038
    -378.23    -0.084
    -377.20    -0.088
    -376.17     0.104
    -375.14     0.041
    -374.11    -0.095
    -373.08    -0.025
    -372.05    -0.056
    -371.02    -0.017
    -369.99    -0.113
    -368.95     0.115
    -367.92    -0.028
    -366.89    -0.109
    -365.86     0.058
    -364.83    -0.015
    -363.80     0.145
    -362.77     0.100
    -361.74     0.100
    -360.71     0.143
    -359.68    -0.028
    -358.65    -0.013
    -357.62     0.077
    -356.59     0.088
    -355.56    -0.054
    -354.53    -0.024
    -353.50    -0.058
    -352.46    -0.123
    -351.43    -0.153
    -350.40    -0.079
    -349.37    -0.019
    -348.34     0.231
    -347.31     0.029
    -346.28     0.013
    -345.25     0.094
    -344.22    -0.063
    -343.19     0.032
    -342.16     0.030
    -341.13    -0.026
    -340.10    -0.065
    -339.07    -0.129
    -338.04     0.064
    -337.01    -0.105
    -335.98    -0.009
    -334.94     0.018
    -333.91    -0.155
    -332.88    -0.142
    -331.85     0.029
    -330.82     0.018
    -329.79     0.062
    -328.76    -0.041
    -327.73    -0.143
    -326.70    -0.133
    -325.67     0.073
    -324.64    -0.179
    -323.61     0.025
    -322.58    -0.121
    -321.55     0.002
    -320.52     0.053
    -319.49     0.085
    -318.46    -0.088
    -317.42     0.072
    -316.39    -0.031
    -315.36     0.053
    -314.33     0.019
    -313.30    -0.052
    -312.27    -0.094
    -311.24    -0.118
    -310.21    -0.109
    -309.18    -0.030
    -308.15    -0.051
    -307.12    -0.000
    -306.09    -0.002
    -305.06    -0.024
    -304.03    -0.062
    -303.00     0.093
    -301.97     0.090
    -300.93    -0.085
    -299.90    -0.040
    -298.87    -0.007
    -297.84    -0.002
    -296.81    -0.006
    -295.78    -0.103
    -294.75     0.087
    -293.72    -0.055
    -292.69    -0.006
    -291.66     0.097
    -290.63     0.085
    -289.60    -0.078
    -288.57     0.130
    -287.54    -0.167
    -286.51    -0.043
    -285.48     0.004
    -284.45    -0.049
    -283.41     0.013
    -282.38     0.204
    -281.35     0.046
    -280.32     0.106
    -279.29     0.032
    -278.26     0.104
    -277.23     0.053
    -276.20    -0.061
    -275.17     0.097
    -274.14    -0.037
    -273.11     0.094
    -272.08    -0.005
    -271.05    -0.030
    -270.02    -0.054
    -268.99    -0.003
    -267.96     0.061
    -266.93    -0.031
    -265.89     0.109
    -264.86    -0.055
    -263.83     0.034
    -262.80    -0.056
    -261.77    -0.044
    -260.74     0.184
    -259.71     0.186
    -258.68     0.125
    -257.65     0.111
    -256.62    -0.134
    -255.59     0.007
    -254.56    -0.069
    -253.53     0.012
    -252.50    -0.023
    -251.47     0.228
    -250.44     0.081
    -249.40     0.031
    -248.37     0.077
    -247.34     0.122
    -246.31     0.106
    -245.28     0.093
    -244.25    -0.047
    -243.22     0.088
    -242.19     0.028
    -241.16    -0.012
    -240.13    -0.014
    -239.10     0.233
    -238.07     0.080
    -237.04    -0.043
    -236.01    -0.107
    -234.98    -0.049
    -233.95     0.082
    -232.92    -0.023
    -231.88     0.032
    -230.85     0.038
    -229.82     0.055
    -228.79     0.011
    -227.76    -0.173
    -226.73    -0.008
    -225.70    -0.175
    -224.67    -0.015
    -223.64    -0.088
    -222.61    -0.198
    -221.58    -0.082
    -220.55     0.032
    -219.52    -0.087
    -218.49     0.085
    -217.46     0.034
    -216.43     0.054
    -215.40    -0.059
    -214.36     0.018
    -213.33    -0.154
    -212.30     0.047
    -211.27    -0.256
    -210.24     0.011
    -209.21     0.007
    -208.18     0.033
    -207.15     0.061
    -206.12     0.025
    -205.09     0.133
    -204.06     0.103
    -203.03    -0.142
    -202.00     0.025
    -200.97     0.191
    -199.94     0.058
    -198.91     0.001
    -197.88    -0.044
    -196.84     0.108
    -195.81    -0.036
    -194.78    -0.028
    -193.75     0.082
    -192.72    -0.006
    -191.69     0.040
    -190.66    -0.071
    -189.63     0.048
    -188.60    -0.162
    -187.57     0.047
    -186.54    -0.067
    -185.51     0.073
    -184.48    -0.079
    -183.45     0.155
    -182.42    -0.039
    -181.39    -0.055
    -180.35    -0.041
    -179.32     0.010
    -178.29    -0.028
    -177.26     0.050
    -176.23    -0.017
    -175.20     0.035
    -174.17     0.024
    -173.14     0.114
    -172.11     0.039
    -171.08    -0.073
    -170.05     0.165
    -169.02     0.025
    -167.99    -0.114
    -166.96     0.089
    -165.93    -0.168
    -164.90     0.010
    -163.87    -0.046
    -162.83     0.006
    -161.80    -0.079
    -160.77     0.169
    -159.74     0.080
    -158.71    -0.055
    -157.68    -0.028
    -156.65    -0.031
    -155.62     0.067
    -154.59     0.059
    -153.56     0.059
    -152.53    -0.077
    -151.50     0.031
    -150.47     0.132
    -149.44    -0.122
    -148.41     0.176
    -147.38     0.042
    -146.35     0.120
    -145.31    -0.070
    -144.28     0.004
    -143.25    -0.081
    -142.22    -0.078
    -141.19    -0.031
    -140.16     0.191
    -139.13     0.075
    -138.10    -0.015
    -137.07     0.049
    -136.04    -0.006
    -135.01    -0.067
    -133.98    -0.033
    -132.95    -0.101
    -131.92    -0.036
    -130.89    -0.042
    -129.86     0.042
    -128.82    -0.048
    -127.79    -0.131
    -126.76    -0.054
    -125.73     0.053
    -124.70    -0.229
    -123.67    -0.020
    -122.64     0.009
    -121.61     0.067
    -120.58    -0.050
    -119.55    -0.136
    -118.52    -0.002
    -117.49    -0.153
    -116.46    -0.001
    -115.43     0.013
    -114.40    -0.046
    -113.37     0.020
    -112.34     0.064
    -111.30     0.073
    -110.27     0.136
    -109.24    -0.107
    -108.21    -0.093
    -107.18    -0.064
    -106.15     0.131
    -105.12     0.007
    -104.09    -0.067
    -103.06    -0.004
    -102.03    -0.115
    -101.00     0.010
     -99.97    -0.004
     -98.94     0.056
     -97.91     0.016
     -96.88     0.022
     -95.85    -0.056
     -94.82     0.046
     -93.78    -0.015
     -92.75     0.159
     -91.72    -0.008
     -90.69     0.075
     -89.66     0.083
     -88.63    -0.129
     -87.60     0.133
     -86.57    -0.026
     -85.54     0.041
     -84.51     0.122
     -83.48     0.000
     -82.45     0.149
     -81.42     0.289
     -80.39    -0.039
     -79.36     0.114
     -78.33     0.106
     -77.29    -0.040
     -76.26     0.073
     -75.23     0.062
     -74.20     0.083
     -73.17     0.133
     -72.14     0.025
     -71.11     0.170
     -70.08     0.322
     -69.05    -0.046
     -68.02     0.292
     -66.99     0.123
     -65.96     0.095
     -64.93     0.249
     -63.90     0.064
     -62.87    -0.051
     -61.84     0.177
     -60.81     0.225
     -59.77     0.176
     -58.74     0.121
     -57.71     0.272
     -56.68     0.055
     -55.65     0.218
     -54.62     0.076
     -53.59     0.279
     -52.56     0.207
     -51.53     0.144
     -50.50     0.153
     -49.47     0.322
     -48.44     0.374
     -47.41     0.349
     -46.38     0.327
     -45.35     0.338
     -44.32     0.590
     -43.29     0.520
     -42.25     0.658
     -41.22     0.668
     -40.19     0.701
     -39.16     0.616
     -38.13     0.705
     -37.10     0.547
     -36.07     0.553
     -35.04     0.440
     -34.01     0.320
     -32.98     0.649
     -31.95     0.395
     -30.92     0.411
     -29.89     0.438
     -28.86     0.504
     -27.83     0.553
     -26.80     0.381
     -25.76     0.622
     -24.73     0.664
     -23.70     0.856
     -22.67     0.703
     -21.64     0.916
     -20.61     1.035
     -19.58     0.994
     -18.55     1.265
     -17.52     1.059
     -16.49     1.371
     -15.46     1.482
     -14.43     1.858
     -13.40     1.958
     -12.37     2.138
     -11.34     2.436
     -10.31     2.903
      -9.28     3.252
      -8.24     3.948
      -7.21     4.650
      -6.18     5.350
      -5.15     6.421
      -4.12     7.549
      -3.09     8.663
      -2.06    10.351
      -1.03    11.395
       0.00    12.592
       1.03    14.531
       2.06    17.291
       3.09    20.149
       4.12    24.043
       5.15    27.188
       6.18    28.275
       7.21    27.438
       8.24    26.016
       9.28    23.243
      10.31    19.159
      11.34    15.871
      12.37    14.292
      13.40    12.861
      14.43    11.417
      15.46    10.308
      16.49     9.415
      17.52     8.269
      18.55     7.466
      19.58     6.655
      20.61     5.900
      21.64     5.375
      22.67     4.688
      23.70     4.287
      24.73     3.706
      25.76     3.275
      26.80     2.940
      27.83     2.424
      28.86     2.100
      29.89     1.784
      30.92     1.460
      31.95     1.349
      32.98     1.262
      34.01     1.017
      35.04     1.026
      36.07     0.745
      37.10     0.770
      38.13     0.660
      39.16     0.593
      40.19     0.282
      41.22     0.395
      42.25     0.338
      43.29     0.268
      44.32     0.168
      45.35     0.246
      46.38     0.139
      47.41     0.149
      48.44     0.126
      49.47    -0.002
      50.50     0.218
      51.53     0.156
      52.56     0.172
      53.59     0.049
      54.62     0.009
      55.65     0.107
      56.68     0.009
      57.71     0.095
      58.74     0.087
      59.77    -0.049
      60.81     0.040
      61.84    -0.122
      62.87    -0.015
      63.90     0.047
      64.93    -0.213
      65.96     0.115
      66.99    -0.108
      68.02     0.045
      69.05     0.031
      70.08     0.017
      71.11     0.171
      72.14    -0.058
      73.17     0.149
      74.20     0.170
      75.23    -0.015
      76.26     0.015
      77.29     0.109
      78.33     0.152
      79.36    -0.145
      80.39     0.034
      81.42     0.225
      82.45     0.035
      83.48    -0.099
      84.51     0.103
      85.54    -0.014
      86.57    -0.155
      87.60     0.118
      88.63    -0.054
      89.66     0.085
      90.69     0.071
      91.72     0.034
      92.75    -0.094
      93.78    -0.121
      94.82     0.128
      95.85     0.031
      96.88     0.072
      97.91    -0.043
      98.94    -0.115
      99.97     0.005
     101.00     0.052
     102.03    -0.190
     103.06     0.126
     104.09    -0.100
     105.12     0.089
     106.15    -0.100
     107.18    -0.072
     108.21    -0.093
     109.24    -0.076
     110.27    -0.033
     111.30    -0.047
     112.34     0.026
     113.37    -0.098
     114.40     0.025
     115.43     0.174
     116.46     0.090
     117.49     0.145
     118.52     0.029
     119.55    -0.002
     120.58    -0.003
     121.61     0.099
     122.64     0.002
     123.67     0.052
     124.70     0.052
     125.73     0.204
     126.76    -0.046
     127.79     0.058
     128.82    -0.128
     129.86     0.015
     130.89     0.042
     131.92    -0.064
     132.95    -0.016
     133.98     0.083
     135.01     0.031
     136.04     0.208
     137.07    -0.111
     138.10    -0.026
     139.13    -0.012
     140.16    -0.042
     141.19     0.117
     142.22    -0.142
     143.25    -0.109
     144.28    -0.072
     145.31     0.017
     146.35     0.056
     147.38     0.035
     148.41     0.081
     149.44    -0.040
     150.47    -0.080
     151.50    -0.069
     152.53     0.010
     153.56     0.086
     154.59    -0.029
     155.62     0.029
     156.65     0.154
     157.68     0.176
     158.71     0.062
     159.74    -0.098
     160.77    -0.141
     161.80    -0.087
     162.83     0.048
     163.87    -0.040
     164.90     0.080
     165.93    -0.027
     166.96     0.066
     167.99     0.159
     169.02     0.103
     170.05     0.011
     171.08     0.040
     172.11    -0.105
     173.14    -0.074
     174.17     0.049
     175.20     0.003
     176.23     0.059
     177.26     0.186
     178.29    -0.032
     179.32    -0.028
     180.35     0.030
     181.39    -0.027
     182.42    -0.061
     183.45     0.031
     184.48     0.032
     185.51     0.039
     186.54    -0.015
     187.57    -0.026
     188.60     0.005
     189.63    -0.110
     190.66     0.124
     191.69     0.074
     192.72    -0.030
     193.75    -0.092
     194.78     0.102
     195.81     0.134
     196.84    -0.104
     197.88    -0.166
     198.91    -0.080
     199.94     0.002
     200.97    -0.047
     202.00     0.151
     203.03    -0.116
     204.06     0.066
     205.09     0.099
     206.12     0.109
     207.15     0.138
     208.18     0.038
     209.21    -0.101
     210.24    -0.077
     211.27    -0.124
     212.30     0.133
     213.33    -0.010
     214.36     0.001
     215.40    -0.041
     216.43    -0.215
     217.46     0.052
     218.49     0.040
     219.52    -0.088
     220.55    -0.020
     221.58    -0.098
     222.61     0.006
     223.64     0.004
     224.67     0.021
     225.70    -0.064
     226.73     0.032
     227.76     0.037
     228.79     0.042
     229.82    -0.319
     230.85     0.013
     231.88     0.004
     232.92    -0.005
     233.95     0.004
     234.98     0.052
     236.01     0.135
     237.04    -0.081
     238.07    -0.066
     239.10     0.101
     240.13     0.052
     241.16     0.103
     242.19     0.140
     243.22    -0.101
     244.25     0.163
     245.28    -0.091
     246.31     0.168
     247.34     0.015
     248.37    -0.033
     249.40    -0.023
     250.44     0.025
     251.47     0.050
     252.50     0.120
     253.53    -0.039
     254.56    -0.036
     255.59     0.173
     256.62     0.145
     257.65     0.011
     258.68    -0.009
     259.71    -0.122
     260.74     0.013
     261.77     0.024
     262.80    -0.026
     263.83    -0.039
     264.86     0.052
     265.89     0.201
     266.93    -0.069
     267.96    -0.086
     268.99    -0.181
     270.02     0.037
     271.05    -0.143
     272.08    -0.037
     273.11    -0.022
     274.14     0.007
     275.17    -0.057
     276.20     0.000
     277.23    -0.047
     278.26    -0.019
     279.29    -0.002
     280.32     0.079
     281.35    -0.104
     282.38     0.056
     283.41     0.044
     284.45     0.032
     285.48     0.111
     286.51    -0.112
     287.54     0.021
     288.57     0.085
     289.60    -0.047
     290.63     0.089
     291.66    -0.039
     292.69     0.024
     293.72     0.019
     294.75     0.039
     295.78     0.018
     296.81    -0.040
     297.84     0.072
     298.87    -0.006
     299.90     0.079
     300.93    -0.118
     301.97     0.102
     303.00    -0.003
     304.03    -0.026
     305.06    -0.014
     306.09    -0.005
     307.12    -0.013
     308.15    -0.083
     309.18    -0.093
     310.21     0.011
     311.24     0.076
     312.27     0.145
     313.30     0.080
     314.33     0.006
     315.36    -0.133
     316.39    -0.154
     317.42    -0.164
     318.46    -0.022
     319.49    -0.163
     320.52    -0.070
     321.55    -0.047
     322.58     0.048
     323.61     0.123
     324.64     0.071
     325.67     0.079
     326.70     0.040
     327.73     0.027
     328.76    -0.085
     329.79     0.013
     330.82    -0.079
     331.85    -0.049
     332.88    -0.074
     333.91    -0.123
     334.94    -0.005
     335.98     0.066
     337.01    -0.042
     338.04    -0.043
     339.07     0.114
     340.10    -0.115
     341.13    -0.106
     342.16     0.080
     343.19     0.051
     344.22    -0.045
     345.25     0.014
     346.28    -0.002
     347.31     0.049
     348.34    -0.152
     349.37     0.080
     350.40     0.031
     351.43     0.028
     352.46    -0.002
     353.50     0.132
     354.53    -0.014
     355.56     0.058
     356.59    -0.023
     357.62     0.031
     358.65     0.164
     359.68    -0.119
     360.71     0.080
     361.74    -0.076
     362.77     0.005
     363.80     0.030
     364.83     0.176
     365.86     0.014
     366.89    -0.020
     367.92    -0.130
     368.95     0.014
     369.99     0.013
     371.02     0.327
     372.05    -0.122
     373.08    -0.076
     374.11     0.015
     375.14     0.067
     376.17    -0.025
     377.20     0.147
     378.23    -0.084
     379.26    -0.003
     380.29     0.120
     381.32     0.108
     382.35    -0.110
     383.38     0.129
     384.41     0.118
     385.44     0.009
     386.47     0.059
     387.51     0.053
     388.54     0.054
     389.57     0.011
     390.60     0.116
     391.63     0.063
     392.66     0.072
     393.69     0.013
     394.72     0.184
     395.75     0.063
     396.78    -0.001
     397.81     0.135
     398.84     0.017
     399.87     0.153
