%%   97.50000  20.00000    0   0.20000
% LAB  survey ------------------
% wanted position:  l, b, RA, DEC, and interpolated  NH
% 97.50 ;  20.00 ; 294.42 ;  65.68 ;  0.749E+21
% nearest position: l, b, RA, DEC, and observed NH
% 97.50 ;  20.00 ; 294.42 ;  65.68 ;  0.749E+21
% GASS III survey --------------
% NH - median within 6 arcmin radius   0.00    
% NH - mean within specified beam      0.00    
% EBHIS survey -----------------
% NH  within specified beam           0.723E+21
%%EBHIS   621  datapoints: v_lsr [km/s] and T_B [K]
    -399.25     0.120
    -397.96    -0.032
    -396.68     0.030
    -395.39    -0.031
    -394.10     0.009
    -392.81    -0.007
    -391.52     0.027
    -390.23    -0.081
    -388.95    -0.069
    -387.66     0.077
    -386.37     0.057
    -385.08     0.036
    -383.79     0.122
    -382.50    -0.008
    -381.22     0.076
    -379.93     0.059
    -378.64    -0.085
    -377.35    -0.052
    -376.06     0.026
    -374.78     0.065
    -373.49     0.006
    -372.20     0.033
    -370.91     0.008
    -369.62     0.128
    -368.33    -0.003
    -367.05    -0.071
    -365.76    -0.053
    -364.47    -0.006
    -363.18    -0.093
    -361.89    -0.045
    -360.60     0.045
    -359.32     0.039
    -358.03     0.036
    -356.74    -0.067
    -355.45    -0.056
    -354.16     0.022
    -352.88     0.073
    -351.59     0.037
    -350.30    -0.071
    -349.01     0.024
    -347.72     0.027
    -346.43     0.108
    -345.15     0.110
    -343.86     0.033
    -342.57     0.011
    -341.28     0.011
    -339.99     0.001
    -338.70    -0.015
    -337.42    -0.053
    -336.13     0.046
    -334.84    -0.045
    -333.55    -0.078
    -332.26     0.021
    -330.98    -0.051
    -329.69    -0.081
    -328.40     0.011
    -327.11    -0.003
    -325.82     0.177
    -324.53    -0.018
    -323.25    -0.019
    -321.96     0.009
    -320.67     0.040
    -319.38     0.014
    -318.09     0.007
    -316.80    -0.004
    -315.52     0.025
    -314.23     0.018
    -312.94     0.008
    -311.65     0.019
    -310.36    -0.027
    -309.08     0.024
    -307.79    -0.065
    -306.50     0.031
    -305.21     0.033
    -303.92    -0.078
    -302.63    -0.049
    -301.35    -0.071
    -300.06    -0.052
    -298.77    -0.052
    -297.48    -0.056
    -296.19    -0.071
    -294.90    -0.005
    -293.62     0.068
    -292.33     0.010
    -291.04     0.082
    -289.75    -0.022
    -288.46    -0.035
    -287.18    -0.005
    -285.89     0.013
    -284.60    -0.054
    -283.31    -0.068
    -282.02    -0.062
    -280.73    -0.017
    -279.45    -0.020
    -278.16     0.018
    -276.87     0.034
    -275.58    -0.007
    -274.29     0.010
    -273.00     0.006
    -271.72     0.110
    -270.43     0.005
    -269.14     0.115
    -267.85    -0.032
    -266.56    -0.117
    -265.28     0.090
    -263.99     0.073
    -262.70     0.027
    -261.41     0.042
    -260.12    -0.066
    -258.83     0.033
    -257.55     0.033
    -256.26    -0.032
    -254.97    -0.001
    -253.68    -0.048
    -252.39    -0.076
    -251.10    -0.096
    -249.82     0.041
    -248.53     0.028
    -247.24     0.044
    -245.95    -0.086
    -244.66     0.046
    -243.38     0.104
    -242.09    -0.036
    -240.80     0.068
    -239.51    -0.013
    -238.22     0.017
    -236.93    -0.012
    -235.65    -0.075
    -234.36     0.027
    -233.07     0.007
    -231.78    -0.066
    -230.49    -0.022
    -229.20     0.087
    -227.92     0.028
    -226.63     0.062
    -225.34    -0.010
    -224.05    -0.012
    -222.76     0.084
    -221.48     0.075
    -220.19    -0.084
    -218.90    -0.026
    -217.61    -0.009
    -216.32    -0.069
    -215.03    -0.002
    -213.75     0.021
    -212.46     0.069
    -211.17    -0.070
    -209.88    -0.056
    -208.59    -0.021
    -207.30    -0.088
    -206.02    -0.096
    -204.73     0.067
    -203.44    -0.048
    -202.15     0.029
    -200.86     0.051
    -199.58     0.033
    -198.29     0.044
    -197.00     0.077
    -195.71     0.036
    -194.42    -0.042
    -193.13     0.052
    -191.85    -0.113
    -190.56    -0.037
    -189.27    -0.114
    -187.98    -0.067
    -186.69     0.036
    -185.40    -0.011
    -184.12    -0.032
    -182.83    -0.006
    -181.54     0.052
    -180.25     0.009
    -178.96    -0.061
    -177.68    -0.029
    -176.39     0.128
    -175.10    -0.038
    -173.81    -0.030
    -172.52     0.045
    -171.23     0.012
    -169.95    -0.146
    -168.66     0.073
    -167.37     0.050
    -166.08     0.010
    -164.79    -0.046
    -163.50    -0.051
    -162.22    -0.038
    -160.93    -0.010
    -159.64     0.053
    -158.35     0.025
    -157.06     0.061
    -155.78     0.053
    -154.49     0.013
    -153.20     0.034
    -151.91     0.098
    -150.62     0.033
    -149.33     0.050
    -148.05     0.089
    -146.76     0.155
    -145.47     0.161
    -144.18     0.140
    -142.89     0.172
    -141.60     0.262
    -140.32     0.277
    -139.03     0.190
    -137.74     0.203
    -136.45     0.161
    -135.16     0.215
    -133.88     0.193
    -132.59     0.249
    -131.30     0.354
    -130.01     0.270
    -128.72     0.174
    -127.43     0.085
    -126.15     0.124
    -124.86     0.139
    -123.57     0.110
    -122.28     0.101
    -120.99     0.183
    -119.70     0.289
    -118.42     0.149
    -117.13     0.194
    -115.84     0.147
    -114.55     0.123
    -113.26     0.230
    -111.98     0.221
    -110.69     0.128
    -109.40     0.022
    -108.11     0.144
    -106.82     0.121
    -105.53     0.092
    -104.25     0.152
    -102.96     0.118
    -101.67     0.073
    -100.38     0.095
     -99.09     0.102
     -97.80     0.178
     -96.52     0.108
     -95.23    -0.094
     -93.94    -0.053
     -92.65     0.054
     -91.36    -0.009
     -90.08     0.158
     -88.79     0.157
     -87.50     0.057
     -86.21     0.054
     -84.92     0.002
     -83.63     0.041
     -82.35     0.084
     -81.06     0.019
     -79.77     0.054
     -78.48    -0.005
     -77.19    -0.096
     -75.90    -0.024
     -74.62     0.094
     -73.33     0.019
     -72.04    -0.025
     -70.75     0.012
     -69.46     0.017
     -68.18     0.038
     -66.89     0.019
     -65.60    -0.025
     -64.31    -0.016
     -63.02     0.018
     -61.73    -0.047
     -60.45    -0.007
     -59.16     0.092
     -57.87     0.038
     -56.58     0.009
     -55.29     0.131
     -54.00     0.260
     -52.72     0.206
     -51.43     0.324
     -50.14     0.503
     -48.85     0.527
     -47.56     0.609
     -46.28     0.824
     -44.99     0.859
     -43.70     0.959
     -42.41     1.206
     -41.12     1.348
     -39.83     1.542
     -38.55     1.730
     -37.26     2.135
     -35.97     2.384
     -34.68     2.583
     -33.39     2.845
     -32.10     3.232
     -30.82     3.311
     -29.53     3.070
     -28.24     3.025
     -26.95     3.049
     -25.66     3.131
     -24.38     3.163
     -23.09     3.478
     -21.80     3.679
     -20.51     3.839
     -19.22     3.956
     -17.93     4.270
     -16.65     4.636
     -15.36     5.080
     -14.07     5.506
     -12.78     6.232
     -11.49     6.909
     -10.20     7.695
      -8.92     8.664
      -7.63     9.196
      -6.34     9.584
      -5.05    10.069
      -3.76    10.858
      -2.48    12.869
      -1.19    15.628
       0.10    17.224
       1.39    16.816
       2.68    15.176
       3.97    13.153
       5.25    10.864
       6.54     8.909
       7.83     7.650
       9.12     6.687
      10.41     5.912
      11.70     4.731
      12.98     3.466
      14.27     2.430
      15.56     1.893
      16.85     1.569
      18.14     1.469
      19.42     1.254
      20.71     1.079
      22.00     1.046
      23.29     0.772
      24.58     0.602
      25.87     0.380
      27.15     0.430
      28.44     0.326
      29.73     0.250
      31.02     0.147
      32.31     0.120
      33.60     0.085
      34.88     0.122
      36.17    -0.007
      37.46    -0.042
      38.75     0.132
      40.04     0.127
      41.32     0.053
      42.61    -0.044
      43.90     0.056
      45.19     0.089
      46.48     0.110
      47.77    -0.060
      49.05    -0.043
      50.34     0.043
      51.63     0.106
      52.92     0.079
      54.21     0.079
      55.50     0.032
      56.78     0.027
      58.07     0.082
      59.36     0.053
      60.65     0.056
      61.94     0.077
      63.22     0.018
      64.51     0.009
      65.80    -0.068
      67.09     0.016
      68.38     0.004
      69.67    -0.108
      70.95     0.005
      72.24    -0.056
      73.53     0.122
      74.82    -0.012
      76.11    -0.022
      77.40    -0.010
      78.68    -0.024
      79.97    -0.123
      81.26    -0.025
      82.55     0.042
      83.84    -0.070
      85.12    -0.026
      86.41    -0.053
      87.70     0.004
      88.99    -0.041
      90.28    -0.063
      91.57     0.002
      92.85    -0.008
      94.14     0.054
      95.43     0.016
      96.72    -0.134
      98.01    -0.087
      99.30    -0.026
     100.58     0.047
     101.87    -0.041
     103.16     0.073
     104.45     0.047
     105.74     0.070
     107.02     0.004
     108.31    -0.035
     109.60     0.089
     110.89     0.022
     112.18     0.034
     113.47    -0.127
     114.75    -0.120
     116.04    -0.024
     117.33    -0.094
     118.62     0.010
     119.91    -0.036
     121.20    -0.001
     122.48    -0.005
     123.77     0.047
     125.06    -0.049
     126.35    -0.035
     127.64    -0.119
     128.92    -0.009
     130.21     0.021
     131.50     0.047
     132.79     0.049
     134.08     0.010
     135.37    -0.001
     136.65    -0.044
     137.94    -0.029
     139.23     0.023
     140.52     0.078
     141.81     0.004
     143.09     0.091
     144.38    -0.065
     145.67    -0.052
     146.96     0.036
     148.25     0.191
     149.54     0.073
     150.82     0.081
     152.11    -0.014
     153.40    -0.007
     154.69    -0.052
     155.98     0.013
     157.27     0.012
     158.55     0.042
     159.84    -0.009
     161.13    -0.001
     162.42     0.051
     163.71     0.130
     164.99     0.081
     166.28    -0.069
     167.57     0.017
     168.86     0.047
     170.15    -0.073
     171.44     0.039
     172.72     0.083
     174.01     0.016
     175.30     0.058
     176.59    -0.000
     177.88    -0.113
     179.17     0.055
     180.45     0.069
     181.74     0.001
     183.03     0.012
     184.32     0.064
     185.61     0.003
     186.89     0.033
     188.18     0.050
     189.47    -0.100
     190.76    -0.057
     192.05    -0.000
     193.34    -0.154
     194.62    -0.055
     195.91    -0.082
     197.20    -0.089
     198.49    -0.026
     199.78    -0.045
     201.07    -0.107
     202.35    -0.016
     203.64     0.108
     204.93     0.004
     206.22    -0.065
     207.51    -0.042
     208.79    -0.041
     210.08     0.008
     211.37    -0.046
     212.66     0.074
     213.95    -0.013
     215.24     0.021
     216.52    -0.010
     217.81    -0.004
     219.10     0.001
     220.39     0.033
     221.68     0.056
     222.97    -0.022
     224.25    -0.043
     225.54     0.040
     226.83     0.053
     228.12    -0.025
     229.41    -0.084
     230.69    -0.026
     231.98    -0.028
     233.27     0.049
     234.56    -0.032
     235.85     0.051
     237.14     0.008
     238.42     0.088
     239.71     0.043
     241.00    -0.040
     242.29    -0.010
     243.58     0.056
     244.87     0.009
     246.15     0.014
     247.44    -0.010
     248.73    -0.024
     250.02     0.014
     251.31    -0.020
     252.59    -0.095
     253.88    -0.034
     255.17     0.012
     256.46     0.073
     257.75     0.044
     259.04     0.051
     260.32     0.008
     261.61     0.126
     262.90    -0.075
     264.19    -0.045
     265.48     0.011
     266.77    -0.016
     268.05    -0.046
     269.34    -0.011
     270.63     0.053
     271.92     0.095
     273.21     0.140
     274.49     0.010
     275.78     0.100
     277.07    -0.079
     278.36    -0.009
     279.65     0.009
     280.94    -0.008
     282.22    -0.045
     283.51     0.020
     284.80     0.012
     286.09     0.069
     287.38     0.007
     288.67    -0.017
     289.95    -0.039
     291.24    -0.019
     292.53     0.039
     293.82     0.043
     295.11     0.024
     296.39     0.018
     297.68     0.003
     298.97    -0.064
     300.26    -0.055
     301.55     0.029
     302.84     0.030
     304.12    -0.027
     305.41    -0.055
     306.70     0.040
     307.99    -0.014
     309.28     0.044
     310.57     0.018
     311.85     0.027
     313.14    -0.056
     314.43    -0.047
     315.72     0.017
     317.01    -0.007
     318.29     0.002
     319.58    -0.030
     320.87    -0.055
     322.16     0.019
     323.45    -0.031
     324.74    -0.077
     326.02    -0.106
     327.31    -0.144
     328.60    -0.091
     329.89    -0.014
     331.18    -0.016
     332.47    -0.034
     333.75    -0.042
     335.04    -0.077
     336.33    -0.023
     337.62    -0.041
     338.91    -0.011
     340.19     0.067
     341.48    -0.016
     342.77     0.085
     344.06     0.049
     345.35     0.029
     346.64    -0.056
     347.92    -0.024
     349.21     0.040
     350.50     0.023
     351.79     0.025
     353.08     0.019
     354.37    -0.014
     355.65    -0.029
     356.94    -0.019
     358.23    -0.016
     359.52    -0.046
     360.81     0.075
     362.09     0.027
     363.38    -0.091
     364.67    -0.032
     365.96     0.043
     367.25    -0.077
     368.54     0.090
     369.82     0.029
     371.11     0.164
     372.40    -0.016
     373.69    -0.035
     374.98    -0.100
     376.27    -0.025
     377.55     0.031
     378.84    -0.040
     380.13     0.025
     381.42    -0.052
     382.71     0.002
     383.99     0.089
     385.28     0.055
     386.57     0.013
     387.86    -0.001
     389.15    -0.136
     390.44    -0.019
     391.72     0.020
     393.01    -0.062
     394.30     0.042
     395.59     0.119
     396.88     0.012
     398.17     0.056
     399.45     0.064
%%GASS      0  datapoints: v_lsr [km/s] and T_B [K]
%%LAB     777  datapoints: v_lsr [km/s] and T_B [K]
    -399.84     0.098
    -398.80    -0.067
    -397.77     0.006
    -396.74    -0.119
    -395.71     0.033
    -394.68    -0.077
    -393.65     0.027
    -392.62    -0.045
    -391.59     0.021
    -390.56    -0.058
    -389.53     0.022
    -388.50     0.088
    -387.47     0.026
    -386.44    -0.253
    -385.41    -0.082
    -384.38     0.010
    -383.35     0.091
    -382.32     0.112
    -381.29    -0.031
    -380.26     0.054
    -379.23    -0.021
    -378.19    -0.111
    -377.16    -0.070
    -376.13     0.006
    -375.10    -0.177
    -374.07     0.001
    -373.04    -0.004
    -372.01    -0.010
    -370.98     0.068
    -369.95     0.016
    -368.92     0.109
    -367.89     0.028
    -366.86    -0.035
    -365.83     0.028
    -364.80    -0.058
    -363.77    -0.072
    -362.74    -0.027
    -361.71    -0.032
    -360.68     0.052
    -359.65    -0.070
    -358.62     0.049
    -357.58    -0.037
    -356.55     0.048
    -355.52    -0.081
    -354.49    -0.006
    -353.46    -0.070
    -352.43     0.056
    -351.40     0.034
    -350.37    -0.009
    -349.34     0.024
    -348.31     0.055
    -347.28    -0.047
    -346.25     0.017
    -345.22    -0.029
    -344.19    -0.075
    -343.16    -0.103
    -342.13    -0.049
    -341.10    -0.094
    -340.07    -0.017
    -339.04    -0.012
    -338.00    -0.001
    -336.97    -0.001
    -335.94     0.053
    -334.91    -0.033
    -333.88     0.107
    -332.85    -0.043
    -331.82     0.049
    -330.79    -0.033
    -329.76     0.066
    -328.73    -0.043
    -327.70     0.126
    -326.67    -0.091
    -325.64     0.106
    -324.61    -0.077
    -323.58     0.019
    -322.55     0.108
    -321.52    -0.032
    -320.49    -0.089
    -319.46     0.003
    -318.43     0.120
    -317.39     0.039
    -316.36     0.004
    -315.33    -0.041
    -314.30    -0.130
    -313.27     0.057
    -312.24     0.058
    -311.21    -0.010
    -310.18     0.007
    -309.15     0.008
    -308.12     0.128
    -307.09    -0.009
    -306.06    -0.061
    -305.03     0.054
    -304.00    -0.116
    -302.97     0.043
    -301.94     0.050
    -300.91     0.132
    -299.88    -0.007
    -298.85    -0.069
    -297.82     0.042
    -296.78     0.003
    -295.75    -0.108
    -294.72     0.008
    -293.69    -0.108
    -292.66     0.067
    -291.63     0.085
    -290.60     0.080
    -289.57     0.120
    -288.54     0.079
    -287.51    -0.074
    -286.48     0.046
    -285.45    -0.033
    -284.42     0.025
    -283.39     0.001
    -282.36    -0.026
    -281.33     0.006
    -280.30    -0.130
    -279.27    -0.043
    -278.24     0.017
    -277.21     0.028
    -276.17     0.106
    -275.14    -0.140
    -274.11     0.051
    -273.08     0.015
    -272.05     0.067
    -271.02     0.033
    -269.99    -0.050
    -268.96     0.085
    -267.93    -0.153
    -266.90     0.018
    -265.87     0.015
    -264.84    -0.073
    -263.81    -0.004
    -262.78    -0.058
    -261.75    -0.003
    -260.72    -0.002
    -259.69     0.091
    -258.66    -0.120
    -257.63    -0.018
    -256.60     0.063
    -255.56     0.043
    -254.53     0.047
    -253.50    -0.079
    -252.47    -0.073
    -251.44     0.076
    -250.41    -0.100
    -249.38     0.080
    -248.35    -0.045
    -247.32     0.075
    -246.29     0.113
    -245.26     0.081
    -244.23    -0.072
    -243.20     0.009
    -242.17    -0.092
    -241.14    -0.015
    -240.11     0.158
    -239.08     0.140
    -238.05     0.053
    -237.02    -0.036
    -235.99     0.032
    -234.95    -0.009
    -233.92     0.014
    -232.89     0.119
    -231.86     0.046
    -230.83     0.052
    -229.80    -0.039
    -228.77     0.063
    -227.74     0.049
    -226.71     0.043
    -225.68    -0.135
    -224.65     0.027
    -223.62     0.006
    -222.59     0.009
    -221.56     0.105
    -220.53     0.165
    -219.50    -0.072
    -218.47    -0.025
    -217.44    -0.021
    -216.41    -0.103
    -215.38    -0.005
    -214.34     0.257
    -213.31    -0.004
    -212.28    -0.028
    -211.25     0.101
    -210.22    -0.018
    -209.19     0.071
    -208.16    -0.016
    -207.13    -0.053
    -206.10     0.023
    -205.07     0.022
    -204.04     0.112
    -203.01    -0.135
    -201.98     0.214
    -200.95     0.023
    -199.92     0.005
    -198.89    -0.003
    -197.86    -0.049
    -196.83    -0.086
    -195.80    -0.028
    -194.77     0.031
    -193.73    -0.035
    -192.70    -0.118
    -191.67    -0.071
    -190.64    -0.025
    -189.61     0.022
    -188.58     0.087
    -187.55     0.053
    -186.52    -0.157
    -185.49    -0.039
    -184.46     0.027
    -183.43    -0.119
    -182.40     0.100
    -181.37     0.022
    -180.34    -0.057
    -179.31     0.040
    -178.28    -0.038
    -177.25     0.200
    -176.22    -0.125
    -175.19     0.011
    -174.15    -0.070
    -173.12    -0.086
    -172.09    -0.036
    -171.06     0.021
    -170.03     0.043
    -169.00    -0.082
    -167.97    -0.171
    -166.94    -0.097
    -165.91    -0.084
    -164.88    -0.076
    -163.85    -0.015
    -162.82     0.044
    -161.79     0.129
    -160.76    -0.088
    -159.73     0.020
    -158.70     0.032
    -157.67     0.110
    -156.64     0.072
    -155.61    -0.094
    -154.58     0.001
    -153.54    -0.015
    -152.51     0.016
    -151.48     0.130
    -150.45     0.093
    -149.42    -0.092
    -148.39    -0.027
    -147.36     0.068
    -146.33     0.222
    -145.30     0.100
    -144.27     0.083
    -143.24     0.199
    -142.21     0.143
    -141.18     0.191
    -140.15     0.134
    -139.12     0.022
    -138.09     0.209
    -137.06     0.134
    -136.03     0.160
    -135.00     0.008
    -133.97     0.213
    -132.93     0.138
    -131.90     0.261
    -130.87     0.330
    -129.84     0.109
    -128.81     0.188
    -127.78     0.123
    -126.75     0.154
    -125.72     0.138
    -124.69     0.219
    -123.66     0.267
    -122.63     0.148
    -121.60     0.116
    -120.57     0.174
    -119.54     0.274
    -118.51     0.120
    -117.48     0.075
    -116.45     0.136
    -115.42     0.151
    -114.39     0.006
    -113.36     0.158
    -112.32     0.093
    -111.29     0.095
    -110.26     0.091
    -109.23     0.075
    -108.20     0.179
    -107.17     0.150
    -106.14     0.013
    -105.11     0.147
    -104.08     0.065
    -103.05     0.056
    -102.02     0.020
    -100.99     0.141
     -99.96     0.204
     -98.93     0.084
     -97.90    -0.004
     -96.87     0.068
     -95.84     0.094
     -94.81     0.061
     -93.78    -0.045
     -92.75     0.125
     -91.71     0.126
     -90.68     0.145
     -89.65     0.099
     -88.62     0.084
     -87.59     0.016
     -86.56     0.117
     -85.53     0.084
     -84.50     0.090
     -83.47     0.065
     -82.44    -0.056
     -81.41     0.107
     -80.38     0.060
     -79.35    -0.019
     -78.32    -0.033
     -77.29    -0.082
     -76.26     0.079
     -75.23    -0.053
     -74.20    -0.023
     -73.17     0.092
     -72.14     0.010
     -71.10    -0.056
     -70.07    -0.025
     -69.04     0.032
     -68.01     0.151
     -66.98     0.123
     -65.95     0.107
     -64.92     0.066
     -63.89     0.018
     -62.86     0.044
     -61.83     0.067
     -60.80     0.059
     -59.77     0.017
     -58.74     0.037
     -57.71     0.118
     -56.68     0.229
     -55.65     0.095
     -54.62     0.212
     -53.59     0.274
     -52.56     0.271
     -51.53     0.285
     -50.49     0.417
     -49.46     0.499
     -48.43     0.463
     -47.40     0.642
     -46.37     0.791
     -45.34     0.952
     -44.31     1.130
     -43.28     0.996
     -42.25     1.205
     -41.22     1.449
     -40.19     1.610
     -39.16     1.742
     -38.13     1.795
     -37.10     2.072
     -36.07     2.267
     -35.04     2.487
     -34.01     2.691
     -32.98     2.962
     -31.95     3.079
     -30.92     3.106
     -29.88     3.283
     -28.85     3.289
     -27.82     3.285
     -26.79     3.307
     -25.76     3.647
     -24.73     3.692
     -23.70     3.982
     -22.67     4.349
     -21.64     4.175
     -20.61     4.389
     -19.58     4.594
     -18.55     4.721
     -17.52     5.118
     -16.49     5.191
     -15.46     5.417
     -14.43     5.804
     -13.40     6.253
     -12.37     6.750
     -11.34     7.065
     -10.31     7.606
      -9.27     8.408
      -8.24     8.742
      -7.21     8.783
      -6.18     9.139
      -5.15     9.313
      -4.12     9.725
      -3.09    10.714
      -2.06    12.524
      -1.03    14.528
       0.00    16.014
       1.03    16.236
       2.06    16.338
       3.09    15.599
       4.12    14.147
       5.15    12.292
       6.18    10.359
       7.21     9.304
       8.24     8.444
       9.27     7.714
      10.31     7.630
      11.34     7.226
      12.37     6.047
      13.40     4.298
      14.43     2.816
      15.46     2.140
      16.49     1.648
      17.52     1.444
      18.55     1.319
      19.58     1.281
      20.61     0.948
      21.64     0.823
      22.67     0.730
      23.70     0.745
      24.73     0.550
      25.76     0.455
      26.79     0.461
      27.82     0.449
      28.85     0.314
      29.88     0.197
      30.92     0.168
      31.95     0.050
      32.98     0.060
      34.01     0.125
      35.04     0.172
      36.07     0.036
      37.10     0.155
      38.13     0.027
      39.16     0.010
      40.19    -0.117
      41.22    -0.017
      42.25    -0.047
      43.28     0.043
      44.31    -0.040
      45.34     0.100
      46.37     0.098
      47.40     0.050
      48.43     0.085
      49.46     0.033
      50.49     0.090
      51.53    -0.024
      52.56    -0.008
      53.59    -0.063
      54.62     0.181
      55.65     0.058
      56.68     0.051
      57.71     0.017
      58.74     0.161
      59.77     0.013
      60.80     0.044
      61.83     0.014
      62.86     0.175
      63.89    -0.192
      64.92    -0.100
      65.95     0.087
      66.98     0.112
      68.01    -0.021
      69.04     0.077
      70.07    -0.085
      71.10    -0.111
      72.14     0.037
      73.17    -0.096
      74.20     0.066
      75.23    -0.087
      76.26    -0.010
      77.29    -0.087
      78.32     0.155
      79.35    -0.046
      80.38    -0.105
      81.41    -0.106
      82.44    -0.162
      83.47    -0.004
      84.50     0.053
      85.53    -0.018
      86.56     0.025
      87.59     0.031
      88.62    -0.070
      89.65    -0.075
      90.68    -0.049
      91.71    -0.004
      92.75    -0.069
      93.78    -0.019
      94.81     0.026
      95.84     0.017
      96.87    -0.029
      97.90     0.061
      98.93     0.058
      99.96     0.163
     100.99     0.078
     102.02     0.220
     103.05    -0.150
     104.08    -0.048
     105.11     0.050
     106.14    -0.124
     107.17    -0.098
     108.20    -0.136
     109.23    -0.053
     110.26    -0.020
     111.29    -0.007
     112.32    -0.020
     113.36    -0.115
     114.39    -0.107
     115.42     0.045
     116.45    -0.021
     117.48     0.087
     118.51     0.013
     119.54     0.103
     120.57    -0.057
     121.60    -0.057
     122.63     0.095
     123.66    -0.007
     124.69    -0.172
     125.72     0.066
     126.75     0.042
     127.78     0.022
     128.81    -0.156
     129.84     0.023
     130.87     0.009
     131.90    -0.176
     132.93    -0.001
     133.97     0.016
     135.00    -0.153
     136.03     0.149
     137.06     0.011
     138.09     0.065
     139.12    -0.063
     140.15     0.038
     141.18    -0.035
     142.21    -0.066
     143.24    -0.015
     144.27     0.066
     145.30     0.071
     146.33     0.013
     147.36     0.095
     148.39    -0.039
     149.42    -0.060
     150.45     0.040
     151.48    -0.082
     152.51    -0.014
     153.54     0.021
     154.58     0.120
     155.61     0.064
     156.64     0.046
     157.67     0.042
     158.70     0.042
     159.73    -0.022
     160.76     0.240
     161.79    -0.044
     162.82     0.094
     163.85     0.117
     164.88    -0.002
     165.91     0.035
     166.94     0.024
     167.97     0.040
     169.00     0.093
     170.03    -0.039
     171.06     0.076
     172.09     0.047
     173.12     0.140
     174.15     0.070
     175.19    -0.060
     176.22     0.044
     177.25    -0.191
     178.28    -0.017
     179.31    -0.016
     180.34    -0.111
     181.37     0.068
     182.40    -0.066
     183.43     0.059
     184.46    -0.013
     185.49    -0.105
     186.52     0.030
     187.55    -0.022
     188.58     0.134
     189.61    -0.107
     190.64    -0.042
     191.67     0.124
     192.70    -0.128
     193.73    -0.036
     194.77     0.011
     195.80     0.136
     196.83    -0.085
     197.86     0.021
     198.89    -0.011
     199.92     0.130
     200.95     0.017
     201.98    -0.052
     203.01    -0.030
     204.04     0.098
     205.07     0.050
     206.10     0.045
     207.13    -0.128
     208.16    -0.022
     209.19    -0.121
     210.22     0.076
     211.25     0.021
     212.28     0.042
     213.31    -0.057
     214.34     0.044
     215.38    -0.019
     216.41    -0.050
     217.44    -0.002
     218.47    -0.096
     219.50    -0.120
     220.53    -0.045
     221.56    -0.072
     222.59    -0.095
     223.62    -0.172
     224.65     0.030
     225.68    -0.153
     226.71     0.025
     227.74     0.077
     228.77     0.210
     229.80     0.011
     230.83     0.045
     231.86     0.074
     232.89    -0.048
     233.92    -0.066
     234.95    -0.021
     235.99    -0.019
     237.02     0.030
     238.05    -0.057
     239.08    -0.086
     240.11    -0.067
     241.14     0.043
     242.17    -0.081
     243.20    -0.096
     244.23    -0.012
     245.26    -0.040
     246.29     0.002
     247.32    -0.005
     248.35     0.036
     249.38    -0.071
     250.41    -0.029
     251.44     0.068
     252.47     0.137
     253.50     0.078
     254.53    -0.110
     255.56     0.082
     256.60     0.030
     257.63     0.015
     258.66    -0.019
     259.69    -0.006
     260.72     0.081
     261.75     0.047
     262.78    -0.010
     263.81    -0.002
     264.84     0.054
     265.87    -0.001
     266.90     0.067
     267.93    -0.038
     268.96     0.046
     269.99     0.011
     271.02    -0.037
     272.05     0.088
     273.08    -0.018
     274.11     0.142
     275.14    -0.009
     276.17    -0.074
     277.21    -0.145
     278.24     0.045
     279.27    -0.187
     280.30     0.085
     281.33     0.045
     282.36     0.046
     283.39    -0.123
     284.42     0.099
     285.45     0.085
     286.48     0.068
     287.51    -0.028
     288.54     0.051
     289.57     0.016
     290.60    -0.096
     291.63     0.057
     292.66     0.034
     293.69     0.056
     294.72     0.066
     295.75     0.166
     296.78     0.032
     297.82    -0.021
     298.85    -0.024
     299.88     0.148
     300.91     0.096
     301.94     0.122
     302.97     0.038
     304.00     0.060
     305.03     0.129
     306.06     0.045
     307.09    -0.008
     308.12    -0.006
     309.15     0.145
     310.18    -0.141
     311.21     0.136
     312.24     0.021
     313.27     0.107
     314.30    -0.095
     315.33     0.103
     316.36    -0.075
     317.39    -0.154
     318.43     0.019
     319.46     0.014
     320.49     0.065
     321.52    -0.023
     322.55     0.033
     323.58    -0.067
     324.61     0.044
     325.64     0.027
     326.67    -0.037
     327.70    -0.044
     328.73     0.015
     329.76     0.084
     330.79     0.089
     331.82    -0.010
     332.85    -0.062
     333.88     0.117
     334.91     0.126
     335.94    -0.051
     336.97    -0.040
     338.00     0.114
     339.04     0.126
     340.07     0.103
     341.10    -0.015
     342.13    -0.101
     343.16    -0.089
     344.19    -0.029
     345.22     0.098
     346.25    -0.028
     347.28     0.062
     348.31     0.075
     349.34    -0.118
     350.37    -0.154
     351.40    -0.126
     352.43     0.027
     353.46    -0.259
     354.49    -0.031
     355.52     0.023
     356.55     0.149
     357.58     0.019
     358.61    -0.068
     359.65     0.171
     360.68    -0.041
     361.71     0.076
     362.74    -0.047
     363.77     0.136
     364.80     0.031
     365.83    -0.128
     366.86     0.064
     367.89    -0.186
     368.92    -0.143
     369.95    -0.107
     370.98     0.106
     372.01    -0.128
     373.04     0.033
     374.07    -0.036
     375.10     0.059
     376.13     0.016
     377.16    -0.012
     378.19    -0.132
     379.23    -0.166
     380.26    -0.062
     381.29    -0.193
     382.32    -0.088
     383.35    -0.077
     384.38    -0.166
     385.41    -0.028
     386.44     0.085
     387.47    -0.033
     388.50    -0.034
     389.53     0.027
     390.56     0.089
     391.59    -0.054
     392.62    -0.125
     393.65    -0.132
     394.68    -0.174
     395.71     0.017
     396.74    -0.086
     397.77    -0.031
     398.80    -0.105
     399.84    -0.125
