%%  100.00000 -20.00000    0   0.20000
% LAB  survey ------------------
% wanted position:  l, b, RA, DEC, and interpolated  NH
%100.00 ; -20.00 ; 345.21 ;  37.90 ;  0.123E+22
% nearest position: l, b, RA, DEC, and observed NH
%100.00 ; -20.00 ; 345.21 ;  37.90 ;  0.123E+22
% GASS III survey --------------
% NH - median within 6 arcmin radius   0.00    
% NH - mean within specified beam      0.00    
% EBHIS survey -----------------
% NH  within specified beam           0.120E+22
%%EBHIS   621  datapoints: v_lsr [km/s] and T_B [K]
    -399.25     0.007
    -397.96    -0.135
    -396.68    -0.112
    -395.39    -0.009
    -394.10     0.010
    -392.81    -0.023
    -391.52    -0.156
    -390.23     0.043
    -388.95     0.056
    -387.66    -0.040
    -386.37     0.110
    -385.08     0.006
    -383.79     0.044
    -382.50     0.026
    -381.22    -0.004
    -379.93    -0.008
    -378.64     0.021
    -377.35    -0.084
    -376.06    -0.019
    -374.78     0.116
    -373.49     0.074
    -372.20    -0.055
    -370.91     0.000
    -369.62     0.040
    -368.33    -0.010
    -367.05     0.042
    -365.76     0.107
    -364.47     0.077
    -363.18     0.106
    -361.89    -0.097
    -360.60    -0.037
    -359.32     0.083
    -358.03     0.107
    -356.74     0.134
    -355.45     0.071
    -354.16    -0.019
    -352.88    -0.144
    -351.59     0.113
    -350.30     0.132
    -349.01    -0.081
    -347.72    -0.113
    -346.43     0.068
    -345.15     0.026
    -343.86     0.198
    -342.57     0.051
    -341.28     0.013
    -339.99     0.095
    -338.70    -0.021
    -337.42    -0.071
    -336.13    -0.024
    -334.84    -0.056
    -333.55    -0.086
    -332.26    -0.008
    -330.98     0.076
    -329.69     0.026
    -328.40    -0.055
    -327.11    -0.032
    -325.82    -0.090
    -324.53     0.022
    -323.25     0.088
    -321.96     0.026
    -320.67    -0.037
    -319.38    -0.075
    -318.09    -0.045
    -316.80     0.033
    -315.52    -0.005
    -314.23    -0.055
    -312.94    -0.004
    -311.65     0.081
    -310.36     0.021
    -309.08     0.062
    -307.79    -0.046
    -306.50    -0.020
    -305.21     0.018
    -303.92     0.099
    -302.63    -0.088
    -301.35    -0.008
    -300.06     0.066
    -298.77    -0.035
    -297.48     0.062
    -296.19     0.033
    -294.90    -0.103
    -293.62    -0.035
    -292.33    -0.070
    -291.04     0.021
    -289.75     0.049
    -288.46    -0.063
    -287.18    -0.083
    -285.89    -0.051
    -284.60    -0.198
    -283.31    -0.117
    -282.02     0.068
    -280.73     0.041
    -279.45     0.062
    -278.16    -0.020
    -276.87    -0.115
    -275.58    -0.032
    -274.29     0.049
    -273.00     0.110
    -271.72     0.015
    -270.43     0.018
    -269.14     0.161
    -267.85     0.076
    -266.56    -0.009
    -265.28    -0.044
    -263.99     0.180
    -262.70    -0.100
    -261.41    -0.016
    -260.12    -0.036
    -258.83     0.091
    -257.55    -0.011
    -256.26     0.087
    -254.97     0.089
    -253.68     0.003
    -252.39    -0.108
    -251.10     0.021
    -249.82     0.108
    -248.53    -0.163
    -247.24    -0.001
    -245.95    -0.003
    -244.66    -0.009
    -243.38    -0.038
    -242.09     0.028
    -240.80     0.039
    -239.51     0.076
    -238.22     0.088
    -236.93    -0.078
    -235.65     0.090
    -234.36     0.077
    -233.07    -0.055
    -231.78    -0.068
    -230.49     0.076
    -229.20     0.019
    -227.92    -0.098
    -226.63    -0.008
    -225.34     0.032
    -224.05    -0.118
    -222.76     0.010
    -221.48    -0.064
    -220.19     0.079
    -218.90    -0.018
    -217.61     0.066
    -216.32     0.123
    -215.03     0.116
    -213.75     0.048
    -212.46     0.053
    -211.17     0.020
    -209.88    -0.039
    -208.59     0.058
    -207.30     0.094
    -206.02    -0.111
    -204.73    -0.058
    -203.44    -0.003
    -202.15     0.067
    -200.86     0.126
    -199.58    -0.033
    -198.29     0.043
    -197.00    -0.028
    -195.71    -0.047
    -194.42    -0.022
    -193.13    -0.066
    -191.85     0.048
    -190.56     0.058
    -189.27     0.001
    -187.98     0.031
    -186.69     0.115
    -185.40     0.051
    -184.12    -0.049
    -182.83     0.066
    -181.54     0.014
    -180.25    -0.046
    -178.96     0.000
    -177.68     0.003
    -176.39     0.021
    -175.10     0.141
    -173.81    -0.002
    -172.52     0.021
    -171.23     0.017
    -169.95     0.017
    -168.66     0.020
    -167.37    -0.022
    -166.08     0.030
    -164.79     0.051
    -163.50     0.093
    -162.22     0.119
    -160.93    -0.062
    -159.64     0.022
    -158.35    -0.138
    -157.06    -0.041
    -155.78     0.062
    -154.49    -0.085
    -153.20    -0.024
    -151.91    -0.122
    -150.62    -0.016
    -149.33    -0.026
    -148.05    -0.116
    -146.76    -0.086
    -145.47    -0.095
    -144.18    -0.067
    -142.89    -0.037
    -141.60    -0.036
    -140.32    -0.002
    -139.03    -0.086
    -137.74     0.060
    -136.45     0.060
    -135.16     0.014
    -133.88    -0.038
    -132.59    -0.093
    -131.30    -0.017
    -130.01    -0.050
    -128.72    -0.078
    -127.43    -0.040
    -126.15    -0.106
    -124.86     0.009
    -123.57    -0.063
    -122.28    -0.046
    -120.99     0.107
    -119.70    -0.068
    -118.42    -0.076
    -117.13    -0.130
    -115.84     0.011
    -114.55     0.144
    -113.26    -0.070
    -111.98    -0.035
    -110.69     0.022
    -109.40     0.035
    -108.11     0.071
    -106.82    -0.012
    -105.53    -0.074
    -104.25     0.002
    -102.96     0.030
    -101.67     0.006
    -100.38    -0.076
     -99.09     0.088
     -97.80     0.053
     -96.52     0.075
     -95.23     0.138
     -93.94    -0.020
     -92.65     0.039
     -91.36    -0.088
     -90.08    -0.061
     -88.79     0.046
     -87.50    -0.009
     -86.21     0.073
     -84.92     0.105
     -83.63     0.045
     -82.35     0.074
     -81.06     0.143
     -79.77     0.290
     -78.48     0.185
     -77.19     0.087
     -75.90    -0.008
     -74.62    -0.016
     -73.33     0.110
     -72.04     0.167
     -70.75     0.236
     -69.46     0.175
     -68.18     0.176
     -66.89     0.200
     -65.60     0.177
     -64.31     0.301
     -63.02     0.279
     -61.73     0.222
     -60.45     0.332
     -59.16     0.425
     -57.87     0.310
     -56.58     0.349
     -55.29     0.429
     -54.00     0.463
     -52.72     0.494
     -51.43     0.649
     -50.14     0.862
     -48.85     1.180
     -47.56     1.370
     -46.28     1.552
     -44.99     1.749
     -43.70     2.054
     -42.41     2.442
     -41.12     2.751
     -39.83     3.214
     -38.55     3.650
     -37.26     4.409
     -35.97     5.360
     -34.68     6.442
     -33.39     6.921
     -32.10     6.244
     -30.82     5.087
     -29.53     4.218
     -28.24     4.121
     -26.95     4.219
     -25.66     4.678
     -24.38     5.075
     -23.09     5.688
     -21.80     6.371
     -20.51     7.776
     -19.22     9.456
     -17.93    10.914
     -16.65    12.208
     -15.36    12.266
     -14.07    10.799
     -12.78    10.167
     -11.49     9.457
     -10.20     9.954
      -8.92    12.693
      -7.63    16.757
      -6.34    18.630
      -5.05    17.361
      -3.76    16.233
      -2.48    16.750
      -1.19    22.915
       0.10    32.468
       1.39    36.306
       2.68    30.324
       3.97    24.021
       5.25    22.597
       6.54    19.255
       7.83    13.199
       9.12     7.501
      10.41     4.279
      11.70     2.702
      12.98     1.877
      14.27     1.309
      15.56     0.963
      16.85     0.603
      18.14     0.710
      19.42     0.469
      20.71     0.414
      22.00     0.304
      23.29     0.093
      24.58     0.118
      25.87     0.142
      27.15     0.147
      28.44    -0.013
      29.73     0.031
      31.02     0.089
      32.31    -0.005
      33.60    -0.027
      34.88    -0.074
      36.17    -0.010
      37.46    -0.207
      38.75    -0.085
      40.04    -0.006
      41.32     0.040
      42.61    -0.055
      43.90    -0.020
      45.19    -0.066
      46.48    -0.000
      47.77     0.034
      49.05     0.077
      50.34     0.088
      51.63    -0.075
      52.92    -0.107
      54.21    -0.134
      55.50     0.010
      56.78    -0.014
      58.07     0.042
      59.36     0.028
      60.65    -0.171
      61.94    -0.008
      63.22     0.062
      64.51     0.149
      65.80     0.001
      67.09    -0.017
      68.38     0.011
      69.67    -0.004
      70.95    -0.096
      72.24     0.022
      73.53    -0.049
      74.82    -0.058
      76.11    -0.135
      77.40     0.078
      78.68     0.063
      79.97     0.080
      81.26    -0.053
      82.55    -0.071
      83.84     0.019
      85.12     0.053
      86.41     0.035
      87.70    -0.080
      88.99    -0.191
      90.28    -0.025
      91.57    -0.127
      92.85     0.054
      94.14    -0.004
      95.43    -0.061
      96.72    -0.035
      98.01    -0.113
      99.30     0.118
     100.58    -0.020
     101.87     0.044
     103.16     0.178
     104.45     0.136
     105.74     0.131
     107.02     0.103
     108.31    -0.061
     109.60    -0.023
     110.89     0.003
     112.18    -0.033
     113.47    -0.082
     114.75    -0.176
     116.04     0.064
     117.33     0.004
     118.62     0.029
     119.91     0.037
     121.20    -0.021
     122.48    -0.061
     123.77    -0.077
     125.06     0.034
     126.35    -0.144
     127.64     0.079
     128.92     0.070
     130.21     0.084
     131.50    -0.048
     132.79    -0.141
     134.08     0.070
     135.37    -0.004
     136.65    -0.076
     137.94    -0.032
     139.23     0.194
     140.52     0.048
     141.81     0.035
     143.09     0.027
     144.38    -0.015
     145.67    -0.026
     146.96    -0.084
     148.25     0.004
     149.54     0.111
     150.82    -0.004
     152.11    -0.007
     153.40     0.011
     154.69     0.029
     155.98     0.011
     157.27     0.040
     158.55     0.042
     159.84     0.088
     161.13     0.099
     162.42     0.048
     163.71     0.158
     164.99     0.181
     166.28     0.108
     167.57    -0.050
     168.86    -0.091
     170.15    -0.071
     171.44    -0.052
     172.72    -0.102
     174.01     0.004
     175.30     0.016
     176.59    -0.004
     177.88    -0.110
     179.17    -0.145
     180.45    -0.100
     181.74    -0.123
     183.03    -0.008
     184.32     0.046
     185.61     0.017
     186.89    -0.005
     188.18    -0.139
     189.47     0.022
     190.76     0.133
     192.05     0.103
     193.34     0.113
     194.62     0.028
     195.91    -0.046
     197.20    -0.035
     198.49     0.015
     199.78    -0.002
     201.07    -0.034
     202.35     0.051
     203.64     0.137
     204.93    -0.107
     206.22    -0.071
     207.51     0.030
     208.79     0.063
     210.08     0.063
     211.37     0.003
     212.66    -0.049
     213.95    -0.054
     215.24     0.133
     216.52    -0.019
     217.81     0.006
     219.10     0.133
     220.39    -0.029
     221.68    -0.123
     222.97    -0.077
     224.25    -0.057
     225.54    -0.131
     226.83    -0.095
     228.12    -0.047
     229.41     0.032
     230.69     0.000
     231.98    -0.028
     233.27    -0.038
     234.56    -0.198
     235.85    -0.100
     237.14    -0.042
     238.42    -0.048
     239.71    -0.047
     241.00     0.094
     242.29     0.030
     243.58     0.045
     244.87    -0.026
     246.15    -0.112
     247.44     0.057
     248.73     0.000
     250.02     0.073
     251.31    -0.035
     252.59     0.038
     253.88     0.030
     255.17     0.031
     256.46     0.092
     257.75     0.070
     259.04     0.080
     260.32     0.113
     261.61     0.022
     262.90     0.180
     264.19    -0.012
     265.48     0.108
     266.77     0.006
     268.05    -0.027
     269.34     0.088
     270.63    -0.002
     271.92    -0.116
     273.21    -0.077
     274.49     0.030
     275.78     0.030
     277.07     0.047
     278.36     0.079
     279.65     0.077
     280.94     0.011
     282.22     0.128
     283.51    -0.026
     284.80    -0.102
     286.09    -0.059
     287.38    -0.057
     288.67     0.023
     289.95    -0.080
     291.24    -0.115
     292.53     0.045
     293.82     0.020
     295.11    -0.089
     296.39    -0.004
     297.68     0.082
     298.97    -0.059
     300.26     0.053
     301.55    -0.024
     302.84    -0.067
     304.12    -0.021
     305.41    -0.058
     306.70     0.011
     307.99     0.064
     309.28    -0.065
     310.57     0.115
     311.85    -0.002
     313.14    -0.024
     314.43     0.012
     315.72    -0.030
     317.01     0.016
     318.29     0.054
     319.58    -0.003
     320.87    -0.133
     322.16    -0.181
     323.45    -0.087
     324.74     0.118
     326.02     0.042
     327.31    -0.033
     328.60     0.089
     329.89     0.039
     331.18     0.015
     332.47    -0.055
     333.75    -0.031
     335.04    -0.089
     336.33     0.023
     337.62     0.110
     338.91     0.109
     340.19    -0.096
     341.48     0.077
     342.77    -0.035
     344.06    -0.160
     345.35    -0.070
     346.64    -0.031
     347.92     0.095
     349.21     0.063
     350.50    -0.015
     351.79     0.059
     353.08     0.076
     354.37     0.086
     355.65     0.130
     356.94     0.091
     358.23    -0.004
     359.52    -0.113
     360.81    -0.003
     362.09     0.043
     363.38    -0.111
     364.67     0.016
     365.96     0.137
     367.25    -0.068
     368.54     0.009
     369.82     0.015
     371.11    -0.089
     372.40    -0.018
     373.69    -0.068
     374.98    -0.008
     376.27     0.023
     377.55     0.080
     378.84     0.047
     380.13    -0.012
     381.42    -0.073
     382.71     0.007
     383.99    -0.060
     385.28    -0.010
     386.57     0.007
     387.86     0.005
     389.15     0.027
     390.44     0.070
     391.72     0.047
     393.01     0.104
     394.30     0.033
     395.59    -0.048
     396.88    -0.035
     398.17     0.081
     399.45     0.008
%%GASS      0  datapoints: v_lsr [km/s] and T_B [K]
%%LAB     777  datapoints: v_lsr [km/s] and T_B [K]
    -399.88    -0.097
    -398.84    -0.010
    -397.81    -0.008
    -396.78    -0.056
    -395.75     0.102
    -394.72    -0.065
    -393.69    -0.125
    -392.66    -0.037
    -391.63     0.108
    -390.60     0.017
    -389.57    -0.026
    -388.54    -0.048
    -387.51    -0.077
    -386.48    -0.053
    -385.45     0.011
    -384.42     0.036
    -383.39     0.124
    -382.35     0.023
    -381.32    -0.143
    -380.29    -0.008
    -379.26     0.004
    -378.23    -0.013
    -377.20     0.018
    -376.17     0.092
    -375.14     0.025
    -374.11    -0.184
    -373.08     0.034
    -372.05    -0.019
    -371.02     0.041
    -369.99     0.016
    -368.96     0.009
    -367.93     0.041
    -366.90    -0.072
    -365.87     0.047
    -364.83     0.115
    -363.80     0.278
    -362.77     0.164
    -361.74    -0.001
    -360.71     0.015
    -359.68     0.115
    -358.65     0.030
    -357.62     0.051
    -356.59     0.011
    -355.56    -0.040
    -354.53     0.005
    -353.50    -0.085
    -352.47    -0.138
    -351.44    -0.140
    -350.41    -0.008
    -349.38    -0.060
    -348.34     0.086
    -347.31    -0.017
    -346.28    -0.054
    -345.25    -0.017
    -344.22    -0.106
    -343.19    -0.046
    -342.16    -0.094
    -341.13    -0.020
    -340.10    -0.177
    -339.07     0.131
    -338.04     0.141
    -337.01     0.113
    -335.98     0.085
    -334.95    -0.069
    -333.92     0.027
    -332.89     0.099
    -331.86     0.027
    -330.82    -0.075
    -329.79     0.010
    -328.76     0.009
    -327.73     0.159
    -326.70     0.004
    -325.67     0.091
    -324.64     0.068
    -323.61    -0.023
    -322.58     0.013
    -321.55     0.106
    -320.52    -0.076
    -319.49     0.153
    -318.46     0.015
    -317.43     0.006
    -316.40    -0.055
    -315.37     0.159
    -314.33     0.024
    -313.30     0.140
    -312.27    -0.149
    -311.24     0.044
    -310.21    -0.016
    -309.18     0.300
    -308.15    -0.020
    -307.12    -0.086
    -306.09     0.053
    -305.06     0.085
    -304.03     0.084
    -303.00     0.121
    -301.97     0.036
    -300.94    -0.006
    -299.91     0.163
    -298.88     0.136
    -297.85    -0.062
    -296.81     0.063
    -295.78     0.037
    -294.75    -0.143
    -293.72     0.024
    -292.69     0.078
    -291.66    -0.042
    -290.63    -0.060
    -289.60    -0.086
    -288.57     0.041
    -287.54     0.011
    -286.51     0.099
    -285.48    -0.155
    -284.45     0.001
    -283.42    -0.093
    -282.39     0.001
    -281.36     0.027
    -280.32    -0.010
    -279.29     0.051
    -278.26     0.059
    -277.23     0.101
    -276.20     0.019
    -275.17     0.093
    -274.14    -0.082
    -273.11     0.059
    -272.08     0.080
    -271.05    -0.083
    -270.02     0.050
    -268.99     0.007
    -267.96     0.022
    -266.93    -0.121
    -265.90     0.037
    -264.87    -0.044
    -263.84     0.073
    -262.80    -0.120
    -261.77     0.055
    -260.74     0.066
    -259.71     0.052
    -258.68    -0.050
    -257.65     0.083
    -256.62    -0.022
    -255.59     0.065
    -254.56    -0.087
    -253.53     0.026
    -252.50    -0.049
    -251.47    -0.031
    -250.44    -0.049
    -249.41    -0.151
    -248.38     0.024
    -247.35    -0.031
    -246.31     0.001
    -245.28     0.031
    -244.25    -0.105
    -243.22     0.036
    -242.19    -0.024
    -241.16    -0.143
    -240.13    -0.047
    -239.10     0.081
    -238.07    -0.136
    -237.04     0.106
    -236.01    -0.042
    -234.98     0.153
    -233.95    -0.096
    -232.92     0.069
    -231.89     0.098
    -230.86     0.009
    -229.83     0.127
    -228.79    -0.224
    -227.76    -0.169
    -226.73    -0.032
    -225.70    -0.098
    -224.67     0.115
    -223.64    -0.096
    -222.61     0.038
    -221.58    -0.020
    -220.55     0.070
    -219.52    -0.087
    -218.49    -0.114
    -217.46    -0.155
    -216.43     0.058
    -215.40    -0.014
    -214.37     0.104
    -213.34     0.162
    -212.30    -0.004
    -211.27     0.187
    -210.24     0.039
    -209.21    -0.152
    -208.18     0.023
    -207.15    -0.095
    -206.12    -0.087
    -205.09    -0.083
    -204.06     0.012
    -203.03    -0.001
    -202.00     0.015
    -200.97     0.043
    -199.94    -0.123
    -198.91    -0.158
    -197.88    -0.116
    -196.85    -0.007
    -195.82    -0.039
    -194.78    -0.034
    -193.75     0.052
    -192.72     0.049
    -191.69    -0.025
    -190.66    -0.162
    -189.63     0.117
    -188.60     0.003
    -187.57     0.166
    -186.54    -0.192
    -185.51    -0.078
    -184.48     0.035
    -183.45    -0.143
    -182.42     0.030
    -181.39     0.001
    -180.36     0.077
    -179.33     0.017
    -178.29     0.108
    -177.26     0.088
    -176.23     0.103
    -175.20     0.205
    -174.17    -0.054
    -173.14     0.170
    -172.11    -0.035
    -171.08    -0.046
    -170.05    -0.038
    -169.02     0.021
    -167.99     0.087
    -166.96     0.047
    -165.93    -0.065
    -164.90    -0.038
    -163.87    -0.106
    -162.84    -0.116
    -161.81    -0.023
    -160.77    -0.137
    -159.74    -0.019
    -158.71     0.040
    -157.68     0.071
    -156.65     0.139
    -155.62     0.181
    -154.59    -0.044
    -153.56     0.024
    -152.53     0.207
    -151.50     0.084
    -150.47    -0.013
    -149.44     0.094
    -148.41    -0.022
    -147.38    -0.023
    -146.35     0.036
    -145.32    -0.091
    -144.28    -0.111
    -143.25    -0.029
    -142.22    -0.122
    -141.19    -0.146
    -140.16     0.070
    -139.13     0.033
    -138.10    -0.027
    -137.07     0.051
    -136.04     0.114
    -135.01    -0.040
    -133.98     0.042
    -132.95     0.006
    -131.92     0.042
    -130.89    -0.110
    -129.86     0.081
    -128.83     0.104
    -127.80    -0.082
    -126.76     0.103
    -125.73     0.072
    -124.70    -0.052
    -123.67    -0.007
    -122.64    -0.017
    -121.61    -0.001
    -120.58    -0.023
    -119.55    -0.050
    -118.52     0.020
    -117.49     0.017
    -116.46    -0.032
    -115.43     0.085
    -114.40     0.062
    -113.37    -0.021
    -112.34     0.129
    -111.31     0.149
    -110.27     0.179
    -109.24     0.010
    -108.21    -0.044
    -107.18     0.139
    -106.15     0.029
    -105.12     0.108
    -104.09     0.091
    -103.06     0.155
    -102.03     0.011
    -101.00     0.121
     -99.97     0.109
     -98.94     0.034
     -97.91    -0.100
     -96.88     0.028
     -95.85    -0.021
     -94.82     0.270
     -93.79     0.107
     -92.75     0.099
     -91.72     0.086
     -90.69     0.044
     -89.66    -0.009
     -88.63    -0.070
     -87.60    -0.069
     -86.57     0.062
     -85.54     0.169
     -84.51     0.200
     -83.48     0.199
     -82.45     0.182
     -81.42     0.150
     -80.39     0.161
     -79.36     0.210
     -78.33     0.245
     -77.30     0.246
     -76.26     0.195
     -75.23     0.134
     -74.20     0.124
     -73.17     0.233
     -72.14     0.327
     -71.11     0.220
     -70.08     0.139
     -69.05     0.194
     -68.02     0.288
     -66.99     0.330
     -65.96     0.301
     -64.93     0.313
     -63.90     0.387
     -62.87     0.395
     -61.84     0.370
     -60.81     0.403
     -59.78     0.474
     -58.74     0.509
     -57.71     0.502
     -56.68     0.555
     -55.65     0.682
     -54.62     0.762
     -53.59     0.874
     -52.56     0.829
     -51.53     0.826
     -50.50     1.192
     -49.47     1.321
     -48.44     1.533
     -47.41     1.745
     -46.38     1.858
     -45.35     1.987
     -44.32     2.290
     -43.29     2.456
     -42.25     2.602
     -41.22     2.805
     -40.19     3.204
     -39.16     3.782
     -38.13     4.277
     -37.10     5.092
     -36.07     5.518
     -35.04     6.344
     -34.01     6.843
     -32.98     6.896
     -31.95     6.381
     -30.92     5.830
     -29.89     5.063
     -28.86     4.668
     -27.83     4.439
     -26.80     4.570
     -25.77     4.801
     -24.73     5.228
     -23.70     5.362
     -22.67     5.774
     -21.64     6.433
     -20.61     7.153
     -19.58     8.243
     -18.55     9.394
     -17.52    10.496
     -16.49    11.321
     -15.46    11.755
     -14.43    11.607
     -13.40    11.519
     -12.37    11.432
     -11.34    11.165
     -10.31    10.993
      -9.28    11.362
      -8.24    13.432
      -7.21    15.518
      -6.18    16.628
      -5.15    17.102
      -4.12    18.145
      -3.09    17.818
      -2.06    18.423
      -1.03    23.469
       0.00    31.376
       1.03    36.529
       2.06    34.639
       3.09    27.998
       4.12    23.002
       5.15    21.345
       6.18    20.584
       7.21    17.428
       8.24    12.303
       9.28     7.946
      10.31     5.150
      11.34     3.270
      12.37     2.235
      13.40     1.550
      14.43     1.343
      15.46     1.052
      16.49     0.850
      17.52     0.523
      18.55     0.595
      19.58     0.404
      20.61     0.326
      21.64     0.364
      22.67     0.301
      23.70     0.068
      24.73     0.327
      25.77     0.094
      26.80     0.168
      27.83     0.232
      28.86     0.023
      29.89     0.202
      30.92     0.182
      31.95     0.010
      32.98     0.124
      34.01     0.235
      35.04     0.125
      36.07    -0.027
      37.10    -0.020
      38.13    -0.072
      39.16     0.098
      40.19    -0.053
      41.22    -0.094
      42.25     0.010
      43.29     0.149
      44.32     0.089
      45.35     0.120
      46.38     0.033
      47.41     0.176
      48.44     0.046
      49.47    -0.077
      50.50    -0.027
      51.53     0.038
      52.56     0.034
      53.59     0.138
      54.62     0.052
      55.65     0.156
      56.68     0.048
      57.71     0.127
      58.74    -0.008
      59.78    -0.122
      60.81     0.010
      61.84     0.039
      62.87     0.046
      63.90     0.087
      64.93    -0.082
      65.96     0.099
      66.99    -0.059
      68.02    -0.019
      69.05    -0.042
      70.08    -0.108
      71.11     0.115
      72.14     0.009
      73.17     0.068
      74.20     0.134
      75.23     0.001
      76.26     0.171
      77.30    -0.134
      78.33     0.010
      79.36    -0.031
      80.39    -0.048
      81.42    -0.043
      82.45    -0.008
      83.48    -0.105
      84.51    -0.079
      85.54    -0.079
      86.57    -0.058
      87.60    -0.038
      88.63     0.022
      89.66    -0.129
      90.69     0.018
      91.72     0.075
      92.75    -0.106
      93.79     0.041
      94.82    -0.092
      95.85     0.090
      96.88     0.159
      97.91     0.041
      98.94    -0.010
      99.97     0.061
     101.00     0.084
     102.03    -0.073
     103.06    -0.025
     104.09     0.238
     105.12     0.025
     106.15    -0.091
     107.18     0.009
     108.21     0.049
     109.24     0.131
     110.27    -0.027
     111.31    -0.041
     112.34    -0.071
     113.37     0.102
     114.40     0.023
     115.43    -0.062
     116.46    -0.135
     117.49    -0.043
     118.52    -0.001
     119.55    -0.020
     120.58     0.025
     121.61    -0.055
     122.64     0.171
     123.67    -0.022
     124.70     0.048
     125.73    -0.033
     126.76     0.167
     127.80    -0.081
     128.83    -0.014
     129.86    -0.079
     130.89    -0.083
     131.92    -0.088
     132.95    -0.046
     133.98    -0.027
     135.01    -0.052
     136.04    -0.100
     137.07    -0.056
     138.10    -0.007
     139.13    -0.012
     140.16    -0.020
     141.19     0.128
     142.22     0.073
     143.25     0.026
     144.28    -0.033
     145.32     0.060
     146.35     0.011
     147.38     0.068
     148.41     0.161
     149.44    -0.013
     150.47    -0.060
     151.50    -0.117
     152.53    -0.034
     153.56    -0.082
     154.59     0.007
     155.62    -0.070
     156.65     0.046
     157.68    -0.094
     158.71     0.066
     159.74    -0.143
     160.77     0.039
     161.81    -0.013
     162.84     0.003
     163.87    -0.040
     164.90    -0.090
     165.93    -0.028
     166.96     0.067
     167.99    -0.150
     169.02     0.153
     170.05    -0.094
     171.08     0.115
     172.11     0.087
     173.14     0.170
     174.17    -0.073
     175.20    -0.044
     176.23    -0.016
     177.26     0.128
     178.29     0.035
     179.33    -0.015
     180.36     0.046
     181.39     0.113
     182.42     0.001
     183.45     0.004
     184.48    -0.100
     185.51     0.047
     186.54    -0.061
     187.57     0.214
     188.60    -0.066
     189.63     0.079
     190.66    -0.007
     191.69     0.052
     192.72     0.061
     193.75    -0.080
     194.78    -0.054
     195.82     0.000
     196.85    -0.089
     197.88     0.084
     198.91    -0.094
     199.94    -0.036
     200.97     0.063
     202.00     0.069
     203.03    -0.064
     204.06    -0.002
     205.09    -0.005
     206.12    -0.045
     207.15     0.045
     208.18     0.018
     209.21    -0.077
     210.24    -0.044
     211.27    -0.017
     212.30    -0.044
     213.34     0.051
     214.37     0.043
     215.40    -0.168
     216.43     0.052
     217.46     0.006
     218.49    -0.018
     219.52    -0.085
     220.55     0.034
     221.58    -0.007
     222.61     0.013
     223.64    -0.025
     224.67     0.057
     225.70     0.009
     226.73    -0.088
     227.76    -0.009
     228.79    -0.038
     229.83    -0.101
     230.86     0.105
     231.89    -0.103
     232.92     0.037
     233.95     0.013
     234.98     0.015
     236.01    -0.055
     237.04     0.027
     238.07    -0.058
     239.10    -0.072
     240.13    -0.139
     241.16    -0.006
     242.19     0.011
     243.22     0.048
     244.25     0.045
     245.28    -0.021
     246.31    -0.030
     247.35    -0.080
     248.38    -0.133
     249.41     0.050
     250.44    -0.041
     251.47     0.086
     252.50     0.129
     253.53     0.071
     254.56    -0.008
     255.59     0.035
     256.62    -0.054
     257.65     0.062
     258.68    -0.064
     259.71    -0.012
     260.74    -0.064
     261.77     0.117
     262.80     0.017
     263.84     0.066
     264.87    -0.014
     265.90    -0.023
     266.93     0.020
     267.96     0.103
     268.99    -0.071
     270.02     0.142
     271.05     0.014
     272.08     0.002
     273.11     0.120
     274.14    -0.016
     275.17     0.115
     276.20    -0.035
     277.23    -0.012
     278.26     0.019
     279.29    -0.069
     280.32     0.033
     281.36    -0.153
     282.39    -0.063
     283.42     0.043
     284.45     0.035
     285.48    -0.042
     286.51     0.001
     287.54    -0.052
     288.57     0.059
     289.60     0.142
     290.63     0.065
     291.66    -0.043
     292.69    -0.075
     293.72    -0.130
     294.75    -0.045
     295.78     0.011
     296.81     0.044
     297.85     0.113
     298.88     0.101
     299.91     0.023
     300.94     0.009
     301.97    -0.013
     303.00     0.106
     304.03     0.035
     305.06     0.049
     306.09    -0.014
     307.12    -0.100
     308.15     0.037
     309.18     0.054
     310.21    -0.030
     311.24     0.014
     312.27    -0.001
     313.30     0.035
     314.33    -0.098
     315.37     0.051
     316.40     0.109
     317.43     0.183
     318.46    -0.060
     319.49     0.098
     320.52    -0.005
     321.55    -0.050
     322.58    -0.041
     323.61     0.054
     324.64     0.029
     325.67    -0.064
     326.70     0.077
     327.73     0.012
     328.76    -0.072
     329.79    -0.020
     330.82     0.113
     331.86     0.010
     332.89    -0.019
     333.92    -0.115
     334.95     0.004
     335.98    -0.083
     337.01     0.074
     338.04    -0.048
     339.07     0.202
     340.10    -0.036
     341.13     0.026
     342.16    -0.002
     343.19    -0.051
     344.22     0.087
     345.25    -0.052
     346.28     0.007
     347.31    -0.093
     348.34     0.111
     349.38     0.061
     350.41    -0.038
     351.44    -0.014
     352.47     0.018
     353.50    -0.052
     354.53    -0.027
     355.56    -0.159
     356.59    -0.046
     357.62     0.047
     358.65     0.125
     359.68    -0.045
     360.71    -0.049
     361.74    -0.007
     362.77     0.090
     363.80    -0.237
     364.83     0.059
     365.87    -0.059
     366.90    -0.017
     367.93     0.051
     368.96    -0.025
     369.99     0.076
     371.02    -0.066
     372.05    -0.091
     373.08     0.132
     374.11    -0.025
     375.14    -0.021
     376.17     0.044
     377.20    -0.136
     378.23    -0.019
     379.26    -0.001
     380.29    -0.080
     381.32    -0.131
     382.35    -0.001
     383.39    -0.013
     384.42    -0.113
     385.45     0.038
     386.48    -0.008
     387.51     0.023
     388.54     0.376
     389.57     0.116
     390.60    -0.059
     391.63     0.002
     392.66    -0.021
     393.69     0.029
     394.72    -0.129
     395.75     0.021
     396.78    -0.049
     397.81    -0.051
     398.84    -0.015
     399.88     0.054
