%%   95.00000   2.50000    0   0.20000
% LAB  survey ------------------
% wanted position:  l, b, RA, DEC, and interpolated  NH
% 95.00 ;   2.50 ; 320.71 ;  53.65 ;  0.117E+23
% nearest position: l, b, RA, DEC, and observed NH
% 95.00 ;   2.50 ; 320.71 ;  53.65 ;  0.117E+23
% GASS III survey --------------
% NH - median within 6 arcmin radius   0.00    
% NH - mean within specified beam      0.00    
% EBHIS survey -----------------
% NH  within specified beam           0.117E+23
%%EBHIS   621  datapoints: v_lsr [km/s] and T_B [K]
    -399.25    -0.025
    -397.96    -0.068
    -396.68    -0.052
    -395.39    -0.104
    -394.10    -0.033
    -392.81     0.161
    -391.52     0.013
    -390.23     0.055
    -388.95     0.088
    -387.66     0.077
    -386.37    -0.024
    -385.08    -0.079
    -383.79     0.040
    -382.50     0.012
    -381.22    -0.048
    -379.93    -0.008
    -378.64    -0.125
    -377.35    -0.061
    -376.06    -0.046
    -374.78    -0.051
    -373.49    -0.092
    -372.20    -0.083
    -370.91     0.012
    -369.62    -0.032
    -368.33     0.060
    -367.05    -0.026
    -365.76     0.043
    -364.47     0.031
    -363.18    -0.020
    -361.89     0.022
    -360.60     0.006
    -359.32     0.001
    -358.03     0.113
    -356.74    -0.002
    -355.45     0.015
    -354.16    -0.010
    -352.88    -0.054
    -351.59     0.118
    -350.30     0.072
    -349.01    -0.008
    -347.72    -0.065
    -346.43    -0.118
    -345.15     0.047
    -343.86     0.037
    -342.57    -0.028
    -341.28     0.124
    -339.99     0.087
    -338.70    -0.025
    -337.42    -0.032
    -336.13     0.073
    -334.84     0.010
    -333.55     0.061
    -332.26    -0.002
    -330.98    -0.084
    -329.69    -0.037
    -328.40     0.180
    -327.11     0.062
    -325.82     0.144
    -324.53     0.077
    -323.25    -0.043
    -321.96    -0.053
    -320.67    -0.085
    -319.38    -0.072
    -318.09    -0.174
    -316.80     0.141
    -315.52     0.010
    -314.23     0.109
    -312.94     0.012
    -311.65     0.103
    -310.36     0.035
    -309.08     0.199
    -307.79    -0.118
    -306.50    -0.058
    -305.21     0.189
    -303.92     0.049
    -302.63    -0.009
    -301.35    -0.003
    -300.06     0.080
    -298.77     0.143
    -297.48    -0.032
    -296.19     0.011
    -294.90     0.011
    -293.62     0.048
    -292.33     0.020
    -291.04    -0.026
    -289.75    -0.087
    -288.46    -0.030
    -287.18    -0.010
    -285.89     0.005
    -284.60     0.045
    -283.31     0.034
    -282.02     0.036
    -280.73     0.082
    -279.45     0.021
    -278.16    -0.014
    -276.87    -0.036
    -275.58    -0.076
    -274.29     0.098
    -273.00     0.008
    -271.72    -0.077
    -270.43    -0.027
    -269.14    -0.133
    -267.85    -0.050
    -266.56     0.114
    -265.28     0.027
    -263.99    -0.070
    -262.70     0.074
    -261.41     0.030
    -260.12    -0.046
    -258.83     0.090
    -257.55    -0.002
    -256.26     0.024
    -254.97    -0.086
    -253.68     0.019
    -252.39    -0.014
    -251.10     0.055
    -249.82    -0.075
    -248.53    -0.202
    -247.24    -0.119
    -245.95     0.021
    -244.66     0.071
    -243.38    -0.023
    -242.09    -0.008
    -240.80    -0.070
    -239.51    -0.038
    -238.22     0.048
    -236.93     0.116
    -235.65    -0.014
    -234.36    -0.064
    -233.07    -0.026
    -231.78    -0.065
    -230.49     0.016
    -229.20     0.101
    -227.92     0.150
    -226.63     0.147
    -225.34    -0.058
    -224.05     0.045
    -222.76    -0.082
    -221.48    -0.019
    -220.19     0.069
    -218.90    -0.049
    -217.61    -0.100
    -216.32     0.052
    -215.03     0.057
    -213.75    -0.027
    -212.46     0.031
    -211.17     0.003
    -209.88     0.104
    -208.59     0.052
    -207.30     0.045
    -206.02     0.021
    -204.73     0.021
    -203.44     0.038
    -202.15     0.079
    -200.86    -0.032
    -199.58    -0.113
    -198.29    -0.046
    -197.00     0.023
    -195.71    -0.095
    -194.42     0.085
    -193.13     0.031
    -191.85    -0.154
    -190.56    -0.028
    -189.27    -0.140
    -187.98    -0.064
    -186.69     0.106
    -185.40    -0.075
    -184.12     0.028
    -182.83    -0.060
    -181.54    -0.078
    -180.25    -0.062
    -178.96     0.083
    -177.68     0.070
    -176.39    -0.031
    -175.10     0.030
    -173.81     0.052
    -172.52    -0.007
    -171.23    -0.002
    -169.95     0.011
    -168.66     0.025
    -167.37     0.193
    -166.08    -0.020
    -164.79     0.163
    -163.50     0.120
    -162.22    -0.068
    -160.93     0.050
    -159.64     0.076
    -158.35    -0.089
    -157.06     0.176
    -155.78     0.055
    -154.49    -0.023
    -153.20     0.083
    -151.91     0.004
    -150.62     0.144
    -149.33     0.131
    -148.05     0.167
    -146.76     0.154
    -145.47     0.127
    -144.18     0.111
    -142.89     0.083
    -141.60     0.032
    -140.32     0.213
    -139.03     0.243
    -137.74     0.247
    -136.45     0.387
    -135.16     0.566
    -133.88     0.369
    -132.59     0.524
    -131.30     0.707
    -130.01     0.825
    -128.72     1.036
    -127.43     1.381
    -126.15     1.538
    -124.86     1.721
    -123.57     1.799
    -122.28     2.119
    -120.99     2.300
    -119.70     2.536
    -118.42     2.849
    -117.13     3.303
    -115.84     3.883
    -114.55     4.431
    -113.26     5.180
    -111.98     6.444
    -110.69     8.131
    -109.40    10.150
    -108.11    12.231
    -106.82    14.043
    -105.53    16.072
    -104.25    18.322
    -102.96    21.973
    -101.67    29.124
    -100.38    39.482
     -99.09    51.913
     -97.80    60.566
     -96.52    65.597
     -95.23    66.596
     -93.94    65.279
     -92.65    61.799
     -91.36    58.694
     -90.08    55.405
     -88.79    50.460
     -87.50    44.052
     -86.21    37.512
     -84.92    33.099
     -83.63    31.008
     -82.35    31.176
     -81.06    32.682
     -79.77    36.728
     -78.48    43.237
     -77.19    52.581
     -75.90    61.098
     -74.62    67.426
     -73.33    69.197
     -72.04    67.909
     -70.75    65.692
     -69.46    62.352
     -68.18    59.005
     -66.89    57.479
     -65.60    56.618
     -64.31    54.678
     -63.02    51.211
     -61.73    45.674
     -60.45    41.250
     -59.16    39.345
     -57.87    41.205
     -56.58    44.943
     -55.29    50.105
     -54.00    53.844
     -52.72    55.379
     -51.43    52.913
     -50.14    47.512
     -48.85    42.453
     -47.56    39.014
     -46.28    37.081
     -44.99    37.349
     -43.70    38.986
     -42.41    41.102
     -41.12    45.054
     -39.83    46.428
     -38.55    47.016
     -37.26    45.999
     -35.97    43.043
     -34.68    39.430
     -33.39    36.072
     -32.10    33.521
     -30.82    32.150
     -29.53    32.556
     -28.24    34.996
     -26.95    38.143
     -25.66    43.645
     -24.38    50.422
     -23.09    56.862
     -21.80    63.591
     -20.51    71.422
     -19.22    79.947
     -17.93    87.284
     -16.65    91.965
     -15.36    93.254
     -14.07    92.668
     -12.78    91.248
     -11.49    89.267
     -10.20    85.994
      -8.92    81.105
      -7.63    77.217
      -6.34    75.519
      -5.05    74.529
      -3.76    72.811
      -2.48    70.969
      -1.19    70.208
       0.10    67.574
       1.39    63.058
       2.68    59.176
       3.97    56.209
       5.25    51.051
       6.54    45.676
       7.83    40.601
       9.12    34.841
      10.41    28.808
      11.70    21.273
      12.98    12.723
      14.27     6.590
      15.56     3.671
      16.85     2.256
      18.14     1.363
      19.42     1.057
      20.71     0.789
      22.00     0.680
      23.29     0.520
      24.58     0.319
      25.87     0.497
      27.15     0.229
      28.44     0.185
      29.73     0.103
      31.02     0.166
      32.31    -0.041
      33.60    -0.074
      34.88    -0.039
      36.17    -0.073
      37.46     0.040
      38.75     0.028
      40.04    -0.008
      41.32     0.008
      42.61     0.022
      43.90    -0.085
      45.19     0.024
      46.48     0.094
      47.77     0.032
      49.05     0.017
      50.34     0.050
      51.63    -0.037
      52.92     0.047
      54.21     0.179
      55.50     0.125
      56.78     0.064
      58.07     0.019
      59.36    -0.104
      60.65    -0.027
      61.94     0.023
      63.22    -0.069
      64.51    -0.022
      65.80     0.050
      67.09    -0.041
      68.38     0.033
      69.67    -0.054
      70.95     0.213
      72.24     0.007
      73.53    -0.080
      74.82    -0.109
      76.11    -0.024
      77.40    -0.102
      78.68     0.067
      79.97    -0.024
      81.26     0.056
      82.55    -0.036
      83.84     0.017
      85.12     0.047
      86.41     0.098
      87.70     0.042
      88.99    -0.075
      90.28    -0.109
      91.57    -0.079
      92.85     0.029
      94.14     0.029
      95.43    -0.082
      96.72     0.027
      98.01     0.074
      99.30    -0.106
     100.58    -0.060
     101.87     0.072
     103.16    -0.127
     104.45    -0.051
     105.74    -0.001
     107.02     0.063
     108.31     0.124
     109.60     0.103
     110.89     0.140
     112.18     0.082
     113.47    -0.057
     114.75    -0.116
     116.04     0.101
     117.33     0.002
     118.62     0.014
     119.91    -0.122
     121.20    -0.093
     122.48    -0.149
     123.77    -0.047
     125.06     0.014
     126.35    -0.017
     127.64    -0.040
     128.92    -0.014
     130.21    -0.026
     131.50     0.101
     132.79    -0.074
     134.08    -0.003
     135.37     0.060
     136.65     0.030
     137.94     0.007
     139.23    -0.018
     140.52     0.013
     141.81    -0.032
     143.09    -0.111
     144.38    -0.138
     145.67     0.039
     146.96     0.010
     148.25     0.054
     149.54     0.071
     150.82    -0.027
     152.11     0.117
     153.40     0.045
     154.69     0.113
     155.98    -0.026
     157.27    -0.070
     158.55     0.088
     159.84     0.078
     161.13     0.103
     162.42     0.076
     163.71    -0.124
     164.99    -0.137
     166.28    -0.115
     167.57     0.036
     168.86    -0.170
     170.15    -0.214
     171.44    -0.055
     172.72    -0.091
     174.01     0.023
     175.30    -0.013
     176.59    -0.132
     177.88    -0.061
     179.17    -0.039
     180.45     0.096
     181.74     0.049
     183.03     0.070
     184.32     0.019
     185.61    -0.092
     186.89     0.032
     188.18    -0.021
     189.47    -0.092
     190.76    -0.043
     192.05    -0.005
     193.34     0.088
     194.62     0.043
     195.91     0.175
     197.20     0.003
     198.49     0.132
     199.78     0.165
     201.07     0.071
     202.35    -0.030
     203.64     0.019
     204.93     0.013
     206.22     0.018
     207.51     0.101
     208.79    -0.079
     210.08    -0.021
     211.37     0.120
     212.66     0.174
     213.95    -0.008
     215.24    -0.102
     216.52     0.032
     217.81    -0.070
     219.10    -0.003
     220.39     0.039
     221.68     0.072
     222.97    -0.013
     224.25    -0.041
     225.54    -0.012
     226.83     0.015
     228.12    -0.004
     229.41    -0.005
     230.69     0.072
     231.98     0.055
     233.27     0.046
     234.56     0.047
     235.85    -0.062
     237.14     0.114
     238.42     0.056
     239.71     0.013
     241.00    -0.027
     242.29     0.006
     243.58    -0.010
     244.87     0.012
     246.15     0.058
     247.44     0.022
     248.73    -0.029
     250.02     0.005
     251.31    -0.013
     252.59    -0.014
     253.88     0.037
     255.17     0.107
     256.46    -0.037
     257.75    -0.016
     259.04     0.036
     260.32     0.001
     261.61     0.067
     262.90    -0.065
     264.19     0.022
     265.48    -0.065
     266.77     0.111
     268.05     0.119
     269.34    -0.065
     270.63     0.012
     271.92     0.029
     273.21     0.057
     274.49     0.058
     275.78    -0.116
     277.07     0.048
     278.36     0.021
     279.65    -0.103
     280.94    -0.123
     282.22    -0.047
     283.51     0.130
     284.80    -0.021
     286.09     0.031
     287.38    -0.018
     288.67    -0.103
     289.95    -0.236
     291.24    -0.064
     292.53     0.071
     293.82     0.066
     295.11    -0.048
     296.39    -0.026
     297.68    -0.186
     298.97    -0.040
     300.26    -0.061
     301.55     0.149
     302.84     0.034
     304.12     0.027
     305.41     0.030
     306.70     0.022
     307.99    -0.122
     309.28     0.075
     310.57     0.014
     311.85     0.058
     313.14    -0.058
     314.43    -0.127
     315.72    -0.073
     317.01     0.032
     318.29     0.016
     319.58     0.023
     320.87    -0.018
     322.16     0.008
     323.45    -0.022
     324.74    -0.075
     326.02     0.081
     327.31    -0.022
     328.60     0.000
     329.89    -0.153
     331.18    -0.052
     332.47     0.071
     333.75    -0.068
     335.04     0.047
     336.33    -0.025
     337.62     0.033
     338.91     0.030
     340.19    -0.034
     341.48    -0.017
     342.77     0.017
     344.06     0.036
     345.35    -0.018
     346.64    -0.110
     347.92    -0.048
     349.21    -0.034
     350.50     0.092
     351.79     0.006
     353.08     0.053
     354.37     0.024
     355.65     0.051
     356.94    -0.011
     358.23    -0.041
     359.52    -0.009
     360.81     0.013
     362.09    -0.017
     363.38     0.028
     364.67    -0.028
     365.96     0.031
     367.25    -0.034
     368.54    -0.043
     369.82     0.147
     371.11     0.181
     372.40    -0.028
     373.69     0.039
     374.98     0.073
     376.27    -0.169
     377.55    -0.082
     378.84     0.006
     380.13     0.035
     381.42    -0.046
     382.71     0.058
     383.99    -0.049
     385.28    -0.144
     386.57    -0.037
     387.86    -0.027
     389.15     0.040
     390.44     0.030
     391.72    -0.073
     393.01    -0.104
     394.30    -0.004
     395.59    -0.030
     396.88    -0.086
     398.17    -0.040
     399.45    -0.010
%%GASS      0  datapoints: v_lsr [km/s] and T_B [K]
%%LAB     777  datapoints: v_lsr [km/s] and T_B [K]
    -399.83     0.078
    -398.80     0.005
    -397.77     0.008
    -396.74    -0.027
    -395.71     0.008
    -394.68     0.029
    -393.65     0.114
    -392.62     0.002
    -391.59    -0.028
    -390.56    -0.185
    -389.53     0.101
    -388.50    -0.215
    -387.47     0.015
    -386.44     0.146
    -385.41     0.095
    -384.38    -0.044
    -383.35     0.045
    -382.31     0.097
    -381.28     0.027
    -380.25    -0.140
    -379.22     0.116
    -378.19     0.002
    -377.16    -0.009
    -376.13     0.125
    -375.10    -0.075
    -374.07    -0.006
    -373.04     0.052
    -372.01     0.007
    -370.98     0.095
    -369.95    -0.105
    -368.92     0.077
    -367.89    -0.171
    -366.86     0.139
    -365.83     0.031
    -364.80     0.037
    -363.77    -0.072
    -362.74     0.029
    -361.70    -0.116
    -360.67     0.133
    -359.64    -0.020
    -358.61     0.074
    -357.58     0.001
    -356.55    -0.040
    -355.52     0.007
    -354.49    -0.095
    -353.46     0.094
    -352.43    -0.123
    -351.40    -0.056
    -350.37    -0.070
    -349.34    -0.124
    -348.31    -0.041
    -347.28    -0.028
    -346.25     0.103
    -345.22    -0.034
    -344.19     0.146
    -343.16    -0.145
    -342.13     0.085
    -341.09    -0.005
    -340.06    -0.105
    -339.03     0.020
    -338.00    -0.047
    -336.97    -0.123
    -335.94     0.160
    -334.91    -0.076
    -333.88     0.008
    -332.85    -0.044
    -331.82    -0.011
    -330.79    -0.065
    -329.76    -0.017
    -328.73    -0.025
    -327.70     0.017
    -326.67     0.056
    -325.64     0.020
    -324.61    -0.053
    -323.58     0.158
    -322.55    -0.146
    -321.52     0.040
    -320.48    -0.066
    -319.45     0.034
    -318.42    -0.018
    -317.39    -0.047
    -316.36    -0.014
    -315.33     0.017
    -314.30    -0.024
    -313.27     0.001
    -312.24    -0.118
    -311.21    -0.100
    -310.18     0.062
    -309.15    -0.020
    -308.12    -0.060
    -307.09    -0.031
    -306.06    -0.014
    -305.03     0.055
    -304.00    -0.002
    -302.97    -0.008
    -301.94    -0.044
    -300.91    -0.143
    -299.87     0.062
    -298.84     0.117
    -297.81     0.065
    -296.78     0.052
    -295.75    -0.002
    -294.72     0.074
    -293.69     0.021
    -292.66     0.167
    -291.63    -0.003
    -290.60     0.047
    -289.57     0.078
    -288.54    -0.050
    -287.51    -0.005
    -286.48    -0.001
    -285.45    -0.049
    -284.42     0.174
    -283.39     0.030
    -282.36     0.013
    -281.33     0.039
    -280.30     0.026
    -279.26     0.058
    -278.23     0.059
    -277.20    -0.025
    -276.17     0.055
    -275.14     0.002
    -274.11     0.079
    -273.08     0.030
    -272.05    -0.092
    -271.02     0.046
    -269.99    -0.052
    -268.96    -0.069
    -267.93    -0.028
    -266.90     0.046
    -265.87     0.029
    -264.84     0.023
    -263.81     0.039
    -262.78    -0.044
    -261.75     0.075
    -260.72    -0.036
    -259.69     0.001
    -258.65     0.024
    -257.62     0.005
    -256.59     0.061
    -255.56     0.059
    -254.53    -0.068
    -253.50    -0.025
    -252.47    -0.089
    -251.44    -0.136
    -250.41    -0.043
    -249.38     0.077
    -248.35    -0.057
    -247.32     0.114
    -246.29     0.036
    -245.26     0.042
    -244.23     0.015
    -243.20     0.011
    -242.17     0.164
    -241.14     0.058
    -240.11    -0.193
    -239.08     0.029
    -238.04     0.004
    -237.01     0.058
    -235.98    -0.018
    -234.95     0.240
    -233.92     0.047
    -232.89     0.046
    -231.86     0.030
    -230.83    -0.132
    -229.80     0.107
    -228.77    -0.011
    -227.74    -0.066
    -226.71     0.039
    -225.68    -0.082
    -224.65    -0.031
    -223.62    -0.037
    -222.59     0.205
    -221.56     0.090
    -220.53    -0.012
    -219.50    -0.155
    -218.47     0.037
    -217.43     0.081
    -216.40     0.047
    -215.37    -0.151
    -214.34     0.018
    -213.31    -0.033
    -212.28     0.085
    -211.25    -0.149
    -210.22    -0.037
    -209.19     0.021
    -208.16     0.138
    -207.13     0.042
    -206.10     0.138
    -205.07     0.082
    -204.04    -0.047
    -203.01    -0.063
    -201.98    -0.017
    -200.95     0.109
    -199.92     0.027
    -198.89     0.145
    -197.86     0.062
    -196.83    -0.082
    -195.79     0.107
    -194.76    -0.078
    -193.73    -0.133
    -192.70     0.061
    -191.67     0.079
    -190.64    -0.053
    -189.61     0.196
    -188.58     0.027
    -187.55     0.020
    -186.52     0.050
    -185.49     0.040
    -184.46     0.002
    -183.43     0.052
    -182.40    -0.076
    -181.37     0.031
    -180.34    -0.145
    -179.31     0.066
    -178.28    -0.076
    -177.25     0.157
    -176.22     0.114
    -175.18     0.066
    -174.15     0.015
    -173.12     0.050
    -172.09     0.042
    -171.06    -0.127
    -170.03    -0.133
    -169.00    -0.140
    -167.97     0.034
    -166.94    -0.047
    -165.91    -0.126
    -164.88    -0.204
    -163.85     0.155
    -162.82     0.093
    -161.79    -0.043
    -160.76     0.117
    -159.73     0.046
    -158.70     0.126
    -157.67    -0.020
    -156.64     0.138
    -155.61     0.097
    -154.57     0.018
    -153.54     0.107
    -152.51    -0.002
    -151.48     0.049
    -150.45     0.021
    -149.42     0.065
    -148.39     0.176
    -147.36    -0.053
    -146.33     0.018
    -145.30     0.184
    -144.27     0.171
    -143.24     0.091
    -142.21     0.295
    -141.18     0.238
    -140.15     0.254
    -139.12     0.325
    -138.09     0.470
    -137.06     0.333
    -136.03     0.363
    -135.00     0.435
    -133.96     0.521
    -132.93     0.585
    -131.90     0.659
    -130.87     0.547
    -129.84     0.807
    -128.81     1.056
    -127.78     1.321
    -126.75     1.401
    -125.72     1.656
    -124.69     2.018
    -123.66     2.127
    -122.63     2.218
    -121.60     2.504
    -120.57     2.437
    -119.54     2.998
    -118.51     3.085
    -117.48     3.237
    -116.45     3.736
    -115.42     4.098
    -114.39     4.386
    -113.35     5.206
    -112.32     5.787
    -111.29     6.899
    -110.26     8.049
    -109.23     9.469
    -108.20    11.367
    -107.17    12.784
    -106.14    14.180
    -105.11    15.998
    -104.08    17.724
    -103.05    20.749
    -102.02    24.939
    -100.99    31.639
     -99.96    40.591
     -98.93    49.831
     -97.90    57.371
     -96.87    62.806
     -95.84    65.840
     -94.81    66.673
     -93.78    66.375
     -92.74    63.568
     -91.71    60.189
     -90.68    57.622
     -89.65    54.547
     -88.62    51.272
     -87.59    46.582
     -86.56    41.450
     -85.53    37.415
     -84.50    34.408
     -83.47    32.971
     -82.44    32.546
     -81.41    33.415
     -80.38    35.940
     -79.35    39.926
     -78.32    45.627
     -77.29    51.852
     -76.26    58.641
     -75.23    64.065
     -74.20    68.200
     -73.17    69.244
     -72.13    69.105
     -71.10    67.670
     -70.07    65.392
     -69.04    62.635
     -68.01    60.577
     -66.98    58.849
     -65.95    58.141
     -64.92    56.989
     -63.89    55.748
     -62.86    53.045
     -61.83    48.519
     -60.80    44.067
     -59.77    41.752
     -58.74    41.205
     -57.71    42.639
     -56.68    45.343
     -55.65    48.774
     -54.62    51.636
     -53.59    53.670
     -52.56    54.761
     -51.52    53.385
     -50.49    49.559
     -49.46    45.397
     -48.43    42.026
     -47.40    39.837
     -46.37    38.901
     -45.34    38.674
     -44.31    39.160
     -43.28    40.255
     -42.25    42.452
     -41.22    44.594
     -40.19    46.425
     -39.16    47.538
     -38.13    47.257
     -37.10    46.607
     -36.07    44.371
     -35.04    41.671
     -34.01    39.116
     -32.98    36.333
     -31.95    33.671
     -30.91    32.236
     -29.88    32.674
     -28.85    33.384
     -27.82    35.054
     -26.79    37.875
     -25.76    41.841
     -24.73    47.058
     -23.70    53.029
     -22.67    58.612
     -21.64    64.529
     -20.61    71.073
     -19.58    78.102
     -18.55    84.808
     -17.52    90.195
     -16.49    93.474
     -15.46    95.137
     -14.43    94.707
     -13.40    92.971
     -12.37    91.860
     -11.34    90.402
     -10.30    87.073
      -9.27    83.531
      -8.24    79.807
      -7.21    77.254
      -6.18    75.948
      -5.15    74.558
      -4.12    73.083
      -3.09    71.294
      -2.06    69.859
      -1.03    68.300
       0.00    66.794
       1.03    63.791
       2.06    59.954
       3.09    56.950
       4.12    54.397
       5.15    51.091
       6.18    46.070
       7.21    41.565
       8.24    38.025
       9.27    33.022
      10.30    28.489
      11.34    23.475
      12.37    17.262
      13.40    10.976
      14.43     6.350
      15.46     3.603
      16.49     2.272
      17.52     1.414
      18.55     1.075
      19.58     0.781
      20.61     0.774
      21.64     0.259
      22.67     0.323
      23.70     0.183
      24.73     0.291
      25.76     0.261
      26.79     0.168
      27.82    -0.033
      28.85     0.111
      29.88     0.015
      30.91     0.050
      31.95     0.002
      32.98     0.055
      34.01     0.021
      35.04    -0.025
      36.07    -0.018
      37.10    -0.049
      38.13     0.027
      39.16     0.144
      40.19     0.079
      41.22     0.107
      42.25     0.001
      43.28    -0.070
      44.31    -0.194
      45.34    -0.073
      46.37     0.040
      47.40     0.030
      48.43     0.088
      49.46     0.077
      50.49    -0.169
      51.52     0.081
      52.56     0.132
      53.59     0.120
      54.62    -0.028
      55.65    -0.011
      56.68     0.103
      57.71     0.176
      58.74     0.001
      59.77     0.157
      60.80    -0.031
      61.83     0.113
      62.86    -0.027
      63.89    -0.025
      64.92     0.002
      65.95     0.075
      66.98    -0.168
      68.01     0.014
      69.04    -0.066
      70.07     0.101
      71.10    -0.001
      72.13    -0.043
      73.17     0.074
      74.20     0.122
      75.23    -0.065
      76.26     0.049
      77.29     0.002
      78.32     0.069
      79.35    -0.072
      80.38     0.097
      81.41     0.049
      82.44     0.103
      83.47     0.077
      84.50     0.079
      85.53    -0.047
      86.56    -0.057
      87.59     0.045
      88.62    -0.059
      89.65     0.010
      90.68    -0.089
      91.71    -0.043
      92.74     0.157
      93.78     0.149
      94.81    -0.044
      95.84     0.031
      96.87    -0.110
      97.90     0.046
      98.93    -0.060
      99.96     0.088
     100.99    -0.038
     102.02    -0.108
     103.05    -0.127
     104.08    -0.178
     105.11    -0.073
     106.14    -0.044
     107.17     0.269
     108.20    -0.073
     109.23     0.017
     110.26    -0.021
     111.29    -0.009
     112.32    -0.130
     113.35     0.007
     114.39     0.014
     115.42     0.030
     116.45    -0.091
     117.48     0.069
     118.51     0.045
     119.54     0.120
     120.57    -0.072
     121.60     0.014
     122.63    -0.140
     123.66     0.034
     124.69    -0.094
     125.72     0.077
     126.75    -0.040
     127.78    -0.001
     128.81    -0.070
     129.84    -0.098
     130.87     0.148
     131.90    -0.076
     132.93     0.119
     133.96     0.026
     135.00     0.008
     136.03     0.052
     137.06     0.031
     138.09     0.004
     139.12    -0.082
     140.15     0.292
     141.18    -0.082
     142.21     0.059
     143.24    -0.102
     144.27    -0.068
     145.30     0.155
     146.33     0.097
     147.36     0.007
     148.39     0.029
     149.42    -0.011
     150.45     0.007
     151.48     0.090
     152.51     0.145
     153.54     0.135
     154.57    -0.060
     155.61    -0.015
     156.64    -0.017
     157.67     0.097
     158.70    -0.121
     159.73    -0.116
     160.76     0.111
     161.79     0.004
     162.82     0.091
     163.85     0.193
     164.88    -0.082
     165.91    -0.006
     166.94     0.167
     167.97     0.004
     169.00    -0.069
     170.03     0.043
     171.06    -0.116
     172.09    -0.219
     173.12    -0.132
     174.15    -0.040
     175.18    -0.034
     176.22    -0.082
     177.25    -0.072
     178.28     0.142
     179.31     0.013
     180.34     0.190
     181.37    -0.025
     182.40    -0.017
     183.43     0.128
     184.46     0.013
     185.49     0.062
     186.52     0.062
     187.55     0.036
     188.58     0.075
     189.61    -0.011
     190.64    -0.015
     191.67     0.045
     192.70    -0.014
     193.73     0.020
     194.76    -0.188
     195.79     0.015
     196.83    -0.072
     197.86    -0.110
     198.89    -0.024
     199.92    -0.081
     200.95    -0.102
     201.98     0.023
     203.01     0.013
     204.04     0.081
     205.07    -0.155
     206.10    -0.014
     207.13     0.015
     208.16     0.029
     209.19     0.050
     210.22    -0.009
     211.25    -0.012
     212.28     0.056
     213.31     0.299
     214.34     0.039
     215.37    -0.030
     216.40    -0.113
     217.43     0.001
     218.47     0.001
     219.50     0.034
     220.53     0.055
     221.56     0.141
     222.59     0.079
     223.62     0.007
     224.65     0.142
     225.68    -0.024
     226.71     0.062
     227.74    -0.085
     228.77     0.071
     229.80    -0.101
     230.83    -0.053
     231.86    -0.014
     232.89     0.015
     233.92    -0.209
     234.95     0.106
     235.98    -0.012
     237.01    -0.107
     238.04     0.136
     239.08     0.171
     240.11     0.045
     241.14     0.049
     242.17    -0.059
     243.20     0.212
     244.23    -0.052
     245.26     0.091
     246.29     0.088
     247.32     0.110
     248.35    -0.120
     249.38    -0.178
     250.41     0.117
     251.44    -0.024
     252.47     0.002
     253.50     0.036
     254.53    -0.146
     255.56    -0.094
     256.59     0.014
     257.62     0.213
     258.65    -0.070
     259.69     0.125
     260.72     0.014
     261.75    -0.100
     262.78    -0.041
     263.81     0.097
     264.84    -0.228
     265.87    -0.027
     266.90     0.170
     267.93     0.062
     268.96    -0.044
     269.99     0.160
     271.02     0.087
     272.05    -0.188
     273.08     0.061
     274.11    -0.047
     275.14     0.004
     276.17     0.007
     277.20    -0.053
     278.23     0.015
     279.26    -0.030
     280.30    -0.002
     281.33    -0.095
     282.36     0.010
     283.39     0.036
     284.42    -0.124
     285.45     0.024
     286.48     0.165
     287.51     0.023
     288.54     0.011
     289.57    -0.082
     290.60     0.005
     291.63    -0.044
     292.66     0.010
     293.69     0.045
     294.72     0.005
     295.75    -0.084
     296.78    -0.049
     297.81     0.040
     298.84     0.141
     299.87    -0.151
     300.91     0.068
     301.94     0.110
     302.97    -0.022
     304.00     0.190
     305.03     0.005
     306.06    -0.200
     307.09    -0.092
     308.12    -0.015
     309.15    -0.021
     310.18    -0.020
     311.21    -0.084
     312.24     0.011
     313.27     0.052
     314.30    -0.105
     315.33     0.122
     316.36     0.176
     317.39     0.116
     318.42     0.005
     319.45    -0.065
     320.48    -0.033
     321.52    -0.001
     322.55    -0.142
     323.58    -0.009
     324.61    -0.024
     325.64    -0.107
     326.67    -0.145
     327.70     0.052
     328.73     0.100
     329.76     0.142
     330.79    -0.002
     331.82    -0.030
     332.85     0.082
     333.88     0.205
     334.91    -0.043
     335.94     0.087
     336.97     0.014
     338.00     0.030
     339.03     0.066
     340.06     0.120
     341.09     0.055
     342.13    -0.021
     343.16    -0.020
     344.19     0.043
     345.22    -0.113
     346.25    -0.069
     347.28    -0.085
     348.31     0.097
     349.34    -0.050
     350.37     0.042
     351.40     0.050
     352.43     0.077
     353.46    -0.018
     354.49    -0.252
     355.52    -0.104
     356.55    -0.021
     357.58    -0.085
     358.61    -0.107
     359.64     0.014
     360.67     0.027
     361.70    -0.101
     362.74    -0.005
     363.77    -0.021
     364.80     0.058
     365.83    -0.033
     366.86    -0.158
     367.89     0.221
     368.92     0.078
     369.95     0.036
     370.98     0.043
     372.01    -0.098
     373.04    -0.043
     374.07    -0.073
     375.10    -0.020
     376.13    -0.060
     377.16     0.082
     378.19     0.053
     379.22    -0.021
     380.25     0.013
     381.28     0.002
     382.31     0.040
     383.35    -0.011
     384.38    -0.025
     385.41    -0.063
     386.44     0.139
     387.47     0.053
     388.50    -0.102
     389.53    -0.184
     390.56     0.055
     391.59     0.039
     392.62     0.190
     393.65     0.042
     394.68    -0.022
     395.71     0.045
     396.74    -0.017
     397.77     0.026
     398.80     0.040
     399.83     0.062
