%%   95.00000  17.50000    0   0.20000
% LAB  survey ------------------
% wanted position:  l, b, RA, DEC, and interpolated  NH
% 95.00 ;  17.50 ; 297.49 ;  62.50 ;  0.600E+21
% nearest position: l, b, RA, DEC, and observed NH
% 95.00 ;  17.50 ; 297.49 ;  62.50 ;  0.600E+21
% GASS III survey --------------
% NH - median within 6 arcmin radius   0.00    
% NH - mean within specified beam      0.00    
% EBHIS survey -----------------
% NH  within specified beam           0.643E+21
%%EBHIS   621  datapoints: v_lsr [km/s] and T_B [K]
    -399.25     0.008
    -397.96     0.105
    -396.68     0.008
    -395.39     0.054
    -394.10    -0.070
    -392.81     0.017
    -391.52     0.187
    -390.23    -0.005
    -388.95    -0.017
    -387.66     0.054
    -386.37    -0.043
    -385.08    -0.007
    -383.79    -0.205
    -382.50     0.008
    -381.22     0.005
    -379.93    -0.003
    -378.64     0.064
    -377.35    -0.045
    -376.06    -0.028
    -374.78     0.111
    -373.49    -0.006
    -372.20     0.025
    -370.91    -0.001
    -369.62    -0.166
    -368.33    -0.002
    -367.05     0.011
    -365.76    -0.179
    -364.47    -0.123
    -363.18    -0.028
    -361.89    -0.049
    -360.60     0.082
    -359.32     0.034
    -358.03    -0.063
    -356.74     0.026
    -355.45    -0.016
    -354.16     0.121
    -352.88     0.056
    -351.59     0.004
    -350.30     0.080
    -349.01    -0.120
    -347.72     0.041
    -346.43    -0.013
    -345.15    -0.024
    -343.86    -0.005
    -342.57    -0.030
    -341.28     0.039
    -339.99     0.023
    -338.70    -0.032
    -337.42     0.075
    -336.13     0.015
    -334.84     0.048
    -333.55     0.101
    -332.26     0.078
    -330.98    -0.069
    -329.69     0.053
    -328.40     0.015
    -327.11    -0.037
    -325.82    -0.037
    -324.53    -0.157
    -323.25     0.050
    -321.96     0.090
    -320.67     0.061
    -319.38    -0.072
    -318.09    -0.004
    -316.80    -0.110
    -315.52     0.004
    -314.23     0.165
    -312.94     0.086
    -311.65     0.097
    -310.36    -0.150
    -309.08    -0.036
    -307.79    -0.131
    -306.50     0.003
    -305.21     0.142
    -303.92    -0.117
    -302.63    -0.101
    -301.35    -0.028
    -300.06    -0.077
    -298.77     0.040
    -297.48    -0.036
    -296.19    -0.025
    -294.90     0.034
    -293.62    -0.019
    -292.33    -0.073
    -291.04     0.007
    -289.75     0.073
    -288.46     0.129
    -287.18     0.023
    -285.89     0.044
    -284.60    -0.000
    -283.31     0.000
    -282.02    -0.064
    -280.73    -0.052
    -279.45     0.017
    -278.16    -0.013
    -276.87    -0.079
    -275.58     0.086
    -274.29     0.032
    -273.00     0.167
    -271.72     0.049
    -270.43    -0.060
    -269.14     0.010
    -267.85     0.003
    -266.56    -0.060
    -265.28     0.029
    -263.99    -0.070
    -262.70     0.066
    -261.41    -0.048
    -260.12     0.087
    -258.83     0.027
    -257.55     0.077
    -256.26    -0.058
    -254.97    -0.019
    -253.68     0.040
    -252.39    -0.077
    -251.10    -0.096
    -249.82    -0.036
    -248.53     0.127
    -247.24     0.007
    -245.95    -0.008
    -244.66     0.045
    -243.38     0.102
    -242.09    -0.049
    -240.80    -0.132
    -239.51     0.029
    -238.22     0.017
    -236.93     0.016
    -235.65     0.079
    -234.36     0.087
    -233.07     0.048
    -231.78    -0.051
    -230.49     0.036
    -229.20    -0.078
    -227.92    -0.067
    -226.63    -0.060
    -225.34     0.003
    -224.05    -0.091
    -222.76     0.043
    -221.48     0.116
    -220.19    -0.052
    -218.90     0.004
    -217.61     0.019
    -216.32     0.020
    -215.03     0.026
    -213.75    -0.051
    -212.46    -0.101
    -211.17    -0.005
    -209.88     0.002
    -208.59    -0.025
    -207.30    -0.008
    -206.02    -0.121
    -204.73     0.025
    -203.44    -0.085
    -202.15    -0.105
    -200.86     0.025
    -199.58     0.001
    -198.29     0.008
    -197.00    -0.054
    -195.71     0.050
    -194.42    -0.087
    -193.13     0.004
    -191.85     0.094
    -190.56    -0.030
    -189.27    -0.135
    -187.98     0.082
    -186.69     0.003
    -185.40     0.019
    -184.12     0.111
    -182.83     0.098
    -181.54     0.061
    -180.25    -0.054
    -178.96     0.099
    -177.68    -0.085
    -176.39    -0.145
    -175.10    -0.053
    -173.81     0.057
    -172.52    -0.062
    -171.23    -0.054
    -169.95     0.143
    -168.66    -0.019
    -167.37     0.020
    -166.08     0.053
    -164.79    -0.024
    -163.50    -0.019
    -162.22     0.071
    -160.93    -0.092
    -159.64    -0.073
    -158.35     0.007
    -157.06    -0.054
    -155.78     0.007
    -154.49     0.042
    -153.20     0.066
    -151.91     0.016
    -150.62     0.207
    -149.33     0.046
    -148.05     0.219
    -146.76     0.262
    -145.47     0.253
    -144.18     0.276
    -142.89     0.204
    -141.60     0.301
    -140.32     0.290
    -139.03     0.333
    -137.74     0.329
    -136.45     0.330
    -135.16     0.389
    -133.88     0.474
    -132.59     0.370
    -131.30     0.527
    -130.01     0.561
    -128.72     0.623
    -127.43     0.438
    -126.15     0.521
    -124.86     0.601
    -123.57     0.566
    -122.28     0.627
    -120.99     0.445
    -119.70     0.378
    -118.42     0.315
    -117.13     0.385
    -115.84     0.360
    -114.55     0.315
    -113.26     0.311
    -111.98     0.270
    -110.69     0.274
    -109.40     0.275
    -108.11    -0.014
    -106.82     0.166
    -105.53     0.123
    -104.25     0.237
    -102.96     0.313
    -101.67     0.175
    -100.38     0.126
     -99.09     0.135
     -97.80     0.278
     -96.52     0.298
     -95.23     0.203
     -93.94     0.109
     -92.65     0.209
     -91.36     0.256
     -90.08     0.374
     -88.79     0.332
     -87.50     0.416
     -86.21     0.428
     -84.92     0.450
     -83.63     0.609
     -82.35     0.674
     -81.06     0.634
     -79.77     0.624
     -78.48     0.715
     -77.19     0.497
     -75.90     0.549
     -74.62     0.575
     -73.33     0.443
     -72.04     0.497
     -70.75     0.676
     -69.46     0.570
     -68.18     0.440
     -66.89     0.395
     -65.60     0.477
     -64.31     0.298
     -63.02     0.361
     -61.73     0.173
     -60.45     0.407
     -59.16     0.346
     -57.87     0.266
     -56.58     0.255
     -55.29     0.426
     -54.00     0.555
     -52.72     0.401
     -51.43     0.491
     -50.14     0.695
     -48.85     0.768
     -47.56     0.815
     -46.28     0.886
     -44.99     1.084
     -43.70     1.105
     -42.41     1.342
     -41.12     1.452
     -39.83     1.687
     -38.55     1.812
     -37.26     2.009
     -35.97     2.109
     -34.68     2.392
     -33.39     2.536
     -32.10     2.617
     -30.82     2.624
     -29.53     2.493
     -28.24     2.471
     -26.95     2.275
     -25.66     2.521
     -24.38     2.459
     -23.09     2.460
     -21.80     2.533
     -20.51     2.835
     -19.22     2.965
     -17.93     3.349
     -16.65     3.752
     -15.36     4.245
     -14.07     4.719
     -12.78     5.159
     -11.49     6.135
     -10.20     6.933
      -8.92     7.783
      -7.63     8.358
      -6.34     8.548
      -5.05     8.701
      -3.76     8.697
      -2.48     8.832
      -1.19     9.264
       0.10     9.653
       1.39    10.110
       2.68     9.908
       3.97    10.190
       5.25    10.519
       6.54     9.605
       7.83     7.891
       9.12     6.353
      10.41     5.109
      11.70     4.142
      12.98     3.344
      14.27     2.771
      15.56     2.098
      16.85     1.588
      18.14     1.382
      19.42     1.148
      20.71     0.841
      22.00     0.712
      23.29     0.686
      24.58     0.470
      25.87     0.417
      27.15     0.381
      28.44     0.303
      29.73     0.219
      31.02     0.133
      32.31    -0.033
      33.60     0.052
      34.88     0.127
      36.17     0.080
      37.46     0.042
      38.75     0.044
      40.04     0.059
      41.32     0.210
      42.61     0.050
      43.90    -0.098
      45.19     0.035
      46.48     0.062
      47.77     0.032
      49.05     0.051
      50.34     0.004
      51.63     0.036
      52.92     0.134
      54.21     0.121
      55.50     0.059
      56.78     0.069
      58.07     0.077
      59.36     0.063
      60.65     0.145
      61.94     0.081
      63.22     0.099
      64.51     0.091
      65.80    -0.100
      67.09    -0.069
      68.38     0.090
      69.67    -0.088
      70.95     0.008
      72.24     0.042
      73.53     0.060
      74.82     0.018
      76.11    -0.030
      77.40     0.042
      78.68     0.037
      79.97     0.100
      81.26    -0.005
      82.55    -0.164
      83.84    -0.045
      85.12    -0.060
      86.41     0.003
      87.70    -0.000
      88.99     0.068
      90.28     0.059
      91.57     0.010
      92.85    -0.085
      94.14    -0.054
      95.43    -0.127
      96.72    -0.100
      98.01    -0.210
      99.30    -0.080
     100.58    -0.024
     101.87     0.070
     103.16     0.078
     104.45    -0.164
     105.74    -0.015
     107.02     0.044
     108.31    -0.090
     109.60    -0.038
     110.89    -0.026
     112.18     0.007
     113.47    -0.082
     114.75    -0.001
     116.04     0.042
     117.33     0.050
     118.62    -0.022
     119.91     0.031
     121.20    -0.013
     122.48    -0.100
     123.77    -0.121
     125.06     0.012
     126.35     0.038
     127.64    -0.016
     128.92    -0.059
     130.21     0.021
     131.50     0.082
     132.79     0.013
     134.08     0.081
     135.37    -0.095
     136.65    -0.005
     137.94     0.019
     139.23    -0.063
     140.52     0.042
     141.81     0.064
     143.09     0.020
     144.38     0.136
     145.67     0.066
     146.96     0.073
     148.25    -0.033
     149.54    -0.070
     150.82     0.106
     152.11     0.017
     153.40     0.018
     154.69    -0.012
     155.98     0.068
     157.27     0.049
     158.55     0.030
     159.84     0.045
     161.13    -0.029
     162.42    -0.006
     163.71     0.005
     164.99    -0.005
     166.28     0.046
     167.57     0.082
     168.86     0.099
     170.15     0.022
     171.44    -0.050
     172.72    -0.067
     174.01     0.033
     175.30     0.076
     176.59    -0.027
     177.88     0.059
     179.17     0.046
     180.45    -0.031
     181.74     0.013
     183.03     0.066
     184.32     0.018
     185.61    -0.032
     186.89     0.033
     188.18    -0.039
     189.47     0.082
     190.76    -0.019
     192.05     0.164
     193.34     0.107
     194.62    -0.078
     195.91    -0.071
     197.20    -0.121
     198.49    -0.110
     199.78    -0.020
     201.07     0.098
     202.35    -0.022
     203.64    -0.075
     204.93    -0.042
     206.22     0.016
     207.51     0.014
     208.79     0.079
     210.08     0.008
     211.37     0.143
     212.66    -0.041
     213.95     0.064
     215.24    -0.149
     216.52     0.043
     217.81    -0.053
     219.10    -0.017
     220.39    -0.054
     221.68     0.020
     222.97    -0.006
     224.25     0.004
     225.54     0.041
     226.83    -0.140
     228.12    -0.005
     229.41     0.071
     230.69     0.160
     231.98     0.056
     233.27     0.135
     234.56     0.043
     235.85     0.015
     237.14    -0.007
     238.42     0.053
     239.71    -0.019
     241.00    -0.001
     242.29    -0.075
     243.58    -0.151
     244.87    -0.039
     246.15    -0.120
     247.44    -0.017
     248.73     0.017
     250.02     0.044
     251.31     0.066
     252.59    -0.050
     253.88    -0.171
     255.17    -0.093
     256.46    -0.086
     257.75    -0.026
     259.04     0.045
     260.32    -0.037
     261.61    -0.037
     262.90    -0.028
     264.19     0.047
     265.48    -0.043
     266.77    -0.072
     268.05     0.080
     269.34     0.026
     270.63    -0.001
     271.92     0.032
     273.21     0.158
     274.49     0.155
     275.78     0.048
     277.07    -0.012
     278.36     0.004
     279.65    -0.009
     280.94    -0.076
     282.22    -0.038
     283.51    -0.053
     284.80    -0.040
     286.09     0.076
     287.38     0.065
     288.67     0.188
     289.95    -0.231
     291.24    -0.011
     292.53     0.026
     293.82    -0.071
     295.11     0.031
     296.39     0.001
     297.68    -0.056
     298.97    -0.121
     300.26    -0.006
     301.55    -0.048
     302.84    -0.097
     304.12     0.018
     305.41     0.203
     306.70     0.162
     307.99     0.080
     309.28    -0.016
     310.57    -0.024
     311.85     0.003
     313.14     0.037
     314.43    -0.137
     315.72    -0.124
     317.01    -0.159
     318.29     0.060
     319.58     0.051
     320.87     0.118
     322.16     0.105
     323.45     0.117
     324.74    -0.018
     326.02    -0.027
     327.31    -0.040
     328.60    -0.032
     329.89    -0.064
     331.18    -0.003
     332.47     0.087
     333.75     0.064
     335.04     0.052
     336.33     0.042
     337.62    -0.044
     338.91    -0.084
     340.19     0.000
     341.48     0.117
     342.77    -0.055
     344.06     0.105
     345.35     0.059
     346.64    -0.028
     347.92    -0.058
     349.21     0.022
     350.50     0.013
     351.79    -0.000
     353.08    -0.102
     354.37    -0.070
     355.65     0.030
     356.94    -0.090
     358.23    -0.124
     359.52     0.101
     360.81     0.020
     362.09     0.070
     363.38     0.011
     364.67    -0.006
     365.96     0.003
     367.25    -0.024
     368.54    -0.029
     369.82     0.013
     371.11    -0.043
     372.40    -0.007
     373.69     0.002
     374.98    -0.045
     376.27     0.006
     377.55     0.049
     378.84     0.063
     380.13    -0.083
     381.42    -0.012
     382.71    -0.011
     383.99    -0.029
     385.28     0.042
     386.57     0.055
     387.86    -0.136
     389.15    -0.181
     390.44     0.033
     391.72    -0.038
     393.01     0.013
     394.30     0.050
     395.59     0.051
     396.88     0.030
     398.17     0.061
     399.45     0.038
%%GASS      0  datapoints: v_lsr [km/s] and T_B [K]
%%LAB     777  datapoints: v_lsr [km/s] and T_B [K]
    -399.83     0.035
    -398.80     0.051
    -397.77    -0.038
    -396.74    -0.080
    -395.71     0.011
    -394.68    -0.048
    -393.65    -0.054
    -392.62     0.007
    -391.59     0.059
    -390.56     0.002
    -389.53     0.078
    -388.50    -0.110
    -387.47    -0.061
    -386.44    -0.048
    -385.41    -0.005
    -384.38     0.200
    -383.35     0.042
    -382.32    -0.098
    -381.29     0.079
    -380.25    -0.048
    -379.22     0.149
    -378.19    -0.013
    -377.16     0.062
    -376.13    -0.044
    -375.10    -0.127
    -374.07     0.021
    -373.04     0.131
    -372.01     0.050
    -370.98    -0.009
    -369.95    -0.178
    -368.92     0.016
    -367.89    -0.082
    -366.86    -0.021
    -365.83    -0.141
    -364.80     0.027
    -363.77     0.031
    -362.74     0.002
    -361.71    -0.042
    -360.68     0.056
    -359.64     0.104
    -358.61    -0.119
    -357.58    -0.122
    -356.55    -0.141
    -355.52    -0.079
    -354.49     0.083
    -353.46     0.004
    -352.43     0.162
    -351.40    -0.181
    -350.37    -0.055
    -349.34    -0.011
    -348.31    -0.029
    -347.28    -0.007
    -346.25     0.114
    -345.22    -0.049
    -344.19     0.082
    -343.16    -0.005
    -342.13    -0.027
    -341.10     0.090
    -340.07     0.017
    -339.03    -0.128
    -338.00     0.000
    -336.97     0.047
    -335.94     0.046
    -334.91    -0.040
    -333.88     0.025
    -332.85    -0.013
    -331.82     0.062
    -330.79     0.102
    -329.76     0.023
    -328.73     0.020
    -327.70    -0.070
    -326.67    -0.042
    -325.64    -0.154
    -324.61     0.081
    -323.58     0.028
    -322.55     0.077
    -321.52    -0.068
    -320.49     0.146
    -319.46     0.033
    -318.42    -0.056
    -317.39     0.065
    -316.36    -0.070
    -315.33     0.108
    -314.30    -0.019
    -313.27     0.145
    -312.24    -0.098
    -311.21    -0.230
    -310.18    -0.019
    -309.15     0.001
    -308.12     0.033
    -307.09     0.040
    -306.06     0.149
    -305.03     0.118
    -304.00    -0.057
    -302.97    -0.024
    -301.94     0.005
    -300.91    -0.098
    -299.88     0.134
    -298.85     0.062
    -297.81    -0.012
    -296.78     0.134
    -295.75     0.024
    -294.72    -0.065
    -293.69    -0.021
    -292.66    -0.005
    -291.63    -0.103
    -290.60     0.065
    -289.57     0.116
    -288.54    -0.026
    -287.51    -0.056
    -286.48    -0.052
    -285.45     0.066
    -284.42    -0.043
    -283.39    -0.040
    -282.36     0.088
    -281.33     0.140
    -280.30     0.158
    -279.27     0.077
    -278.24     0.117
    -277.20    -0.041
    -276.17     0.074
    -275.14     0.044
    -274.11     0.041
    -273.08    -0.056
    -272.05     0.031
    -271.02     0.064
    -269.99     0.078
    -268.96     0.065
    -267.93    -0.101
    -266.90     0.072
    -265.87    -0.022
    -264.84    -0.020
    -263.81     0.123
    -262.78    -0.079
    -261.75     0.086
    -260.72     0.014
    -259.69    -0.043
    -258.66    -0.031
    -257.63    -0.068
    -256.59     0.118
    -255.56    -0.012
    -254.53     0.032
    -253.50    -0.029
    -252.47     0.013
    -251.44     0.050
    -250.41     0.004
    -249.38     0.055
    -248.35     0.015
    -247.32     0.138
    -246.29    -0.030
    -245.26    -0.095
    -244.23     0.119
    -243.20    -0.057
    -242.17     0.000
    -241.14     0.113
    -240.11    -0.001
    -239.08     0.010
    -238.05    -0.016
    -237.02     0.064
    -235.98    -0.033
    -234.95     0.047
    -233.92    -0.040
    -232.89    -0.083
    -231.86    -0.109
    -230.83     0.099
    -229.80    -0.059
    -228.77     0.141
    -227.74    -0.031
    -226.71     0.038
    -225.68     0.077
    -224.65     0.027
    -223.62     0.060
    -222.59    -0.041
    -221.56    -0.204
    -220.53     0.151
    -219.50    -0.198
    -218.47    -0.065
    -217.44    -0.146
    -216.41     0.165
    -215.37    -0.105
    -214.34     0.044
    -213.31    -0.007
    -212.28    -0.023
    -211.25     0.163
    -210.22    -0.121
    -209.19    -0.041
    -208.16    -0.096
    -207.13    -0.029
    -206.10    -0.042
    -205.07    -0.135
    -204.04    -0.020
    -203.01     0.046
    -201.98    -0.151
    -200.95     0.015
    -199.92     0.112
    -198.89    -0.062
    -197.86     0.019
    -196.83    -0.192
    -195.80    -0.032
    -194.76    -0.034
    -193.73     0.009
    -192.70    -0.025
    -191.67     0.101
    -190.64    -0.084
    -189.61    -0.174
    -188.58    -0.093
    -187.55    -0.043
    -186.52     0.061
    -185.49     0.000
    -184.46    -0.119
    -183.43    -0.009
    -182.40    -0.103
    -181.37     0.022
    -180.34    -0.045
    -179.31    -0.065
    -178.28     0.002
    -177.25    -0.141
    -176.22    -0.150
    -175.19     0.026
    -174.15     0.027
    -173.12     0.104
    -172.09    -0.072
    -171.06    -0.029
    -170.03    -0.082
    -169.00    -0.050
    -167.97     0.069
    -166.94    -0.055
    -165.91    -0.047
    -164.88    -0.031
    -163.85    -0.067
    -162.82     0.052
    -161.79    -0.195
    -160.76    -0.047
    -159.73     0.018
    -158.70    -0.124
    -157.67    -0.033
    -156.64    -0.107
    -155.61     0.095
    -154.58     0.005
    -153.54     0.025
    -152.51    -0.068
    -151.48    -0.096
    -150.45     0.080
    -149.42     0.082
    -148.39     0.053
    -147.36     0.044
    -146.33     0.081
    -145.30     0.175
    -144.27     0.062
    -143.24     0.042
    -142.21     0.121
    -141.18     0.018
    -140.15     0.100
    -139.12     0.037
    -138.09     0.097
    -137.06     0.136
    -136.03     0.258
    -135.00     0.270
    -133.97     0.283
    -132.93     0.231
    -131.90     0.307
    -130.87     0.384
    -129.84     0.367
    -128.81     0.211
    -127.78     0.262
    -126.75     0.237
    -125.72     0.406
    -124.69     0.401
    -123.66     0.358
    -122.63     0.326
    -121.60     0.388
    -120.57     0.431
    -119.54     0.425
    -118.51     0.249
    -117.48     0.078
    -116.45     0.283
    -115.42     0.345
    -114.39     0.352
    -113.36     0.274
    -112.32     0.183
    -111.29     0.054
    -110.26     0.257
    -109.23     0.242
    -108.20     0.070
    -107.17     0.105
    -106.14     0.097
    -105.11     0.172
    -104.08    -0.088
    -103.05     0.118
    -102.02    -0.037
    -100.99    -0.041
     -99.96     0.042
     -98.93     0.090
     -97.90     0.172
     -96.87     0.068
     -95.84     0.236
     -94.81     0.153
     -93.78     0.050
     -92.75     0.001
     -91.71     0.021
     -90.68     0.150
     -89.65     0.069
     -88.62     0.251
     -87.59     0.115
     -86.56     0.265
     -85.53     0.098
     -84.50     0.182
     -83.47     0.340
     -82.44     0.226
     -81.41     0.229
     -80.38     0.399
     -79.35     0.284
     -78.32     0.274
     -77.29     0.344
     -76.26     0.260
     -75.23     0.165
     -74.20     0.337
     -73.17     0.424
     -72.14     0.327
     -71.10     0.177
     -70.07     0.265
     -69.04     0.201
     -68.01     0.269
     -66.98     0.273
     -65.95     0.195
     -64.92     0.286
     -63.89     0.259
     -62.86     0.150
     -61.83     0.112
     -60.80     0.119
     -59.77     0.305
     -58.74     0.198
     -57.71     0.253
     -56.68     0.149
     -55.65     0.334
     -54.62     0.410
     -53.59     0.312
     -52.56     0.511
     -51.53     0.319
     -50.49     0.532
     -49.46     0.505
     -48.43     0.676
     -47.40     0.805
     -46.37     0.887
     -45.34     0.801
     -44.31     1.224
     -43.28     1.347
     -42.25     1.461
     -41.22     1.512
     -40.19     1.572
     -39.16     1.700
     -38.13     1.748
     -37.10     1.866
     -36.07     1.828
     -35.04     2.107
     -34.01     2.051
     -32.98     2.322
     -31.95     2.320
     -30.92     2.579
     -29.88     2.292
     -28.85     2.322
     -27.82     2.383
     -26.79     2.360
     -25.76     2.101
     -24.73     2.294
     -23.70     2.273
     -22.67     2.307
     -21.64     2.448
     -20.61     2.461
     -19.58     2.579
     -18.55     3.027
     -17.52     3.168
     -16.49     3.334
     -15.46     3.676
     -14.43     4.136
     -13.40     4.533
     -12.37     5.311
     -11.34     5.842
     -10.30     6.501
      -9.27     7.345
      -8.24     7.595
      -7.21     8.226
      -6.18     8.415
      -5.15     8.858
      -4.12     9.066
      -3.09     9.185
      -2.06     9.416
      -1.03     9.536
       0.00     9.839
       1.03    10.004
       2.06    10.042
       3.09     9.882
       4.12    10.132
       5.15    10.245
       6.18    10.235
       7.21     9.042
       8.24     7.493
       9.27     6.292
      10.30     5.356
      11.34     4.302
      12.37     3.922
      13.40     3.088
      14.43     2.566
      15.46     2.194
      16.49     2.047
      17.52     1.664
      18.55     1.517
      19.58     1.355
      20.61     1.067
      21.64     0.825
      22.67     0.536
      23.70     0.466
      24.73     0.427
      25.76     0.387
      26.79     0.253
      27.82     0.247
      28.85     0.276
      29.88     0.013
      30.92     0.079
      31.95     0.012
      32.98     0.081
      34.01     0.097
      35.04     0.262
      36.07     0.149
      37.10     0.083
      38.13     0.237
      39.16     0.086
      40.19     0.036
      41.22     0.092
      42.25     0.060
      43.28     0.108
      44.31     0.035
      45.34     0.006
      46.37     0.099
      47.40     0.087
      48.43     0.042
      49.46     0.078
      50.49     0.098
      51.53    -0.008
      52.56     0.007
      53.59     0.204
      54.62     0.089
      55.65     0.240
      56.68     0.015
      57.71     0.074
      58.74    -0.012
      59.77     0.283
      60.80    -0.030
      61.83     0.089
      62.86     0.081
      63.89     0.087
      64.92     0.032
      65.95     0.041
      66.98     0.063
      68.01     0.062
      69.04    -0.113
      70.07    -0.007
      71.10    -0.009
      72.14     0.033
      73.17     0.070
      74.20    -0.048
      75.23     0.112
      76.26    -0.128
      77.29     0.042
      78.32     0.062
      79.35     0.027
      80.38    -0.075
      81.41     0.043
      82.44     0.060
      83.47    -0.091
      84.50    -0.276
      85.53    -0.089
      86.56    -0.061
      87.59     0.024
      88.62    -0.065
      89.65    -0.040
      90.68     0.015
      91.71     0.013
      92.75    -0.073
      93.78    -0.080
      94.81     0.048
      95.84    -0.123
      96.87    -0.103
      97.90    -0.084
      98.93    -0.022
      99.96     0.060
     100.99    -0.140
     102.02     0.063
     103.05    -0.049
     104.08    -0.074
     105.11    -0.149
     106.14    -0.019
     107.17     0.106
     108.20    -0.308
     109.23    -0.117
     110.26     0.074
     111.29    -0.003
     112.32    -0.099
     113.36    -0.003
     114.39     0.114
     115.42     0.095
     116.45    -0.069
     117.48     0.178
     118.51    -0.146
     119.54    -0.059
     120.57     0.008
     121.60     0.036
     122.63    -0.098
     123.66     0.116
     124.69    -0.149
     125.72    -0.004
     126.75    -0.095
     127.78    -0.007
     128.81     0.160
     129.84     0.038
     130.87    -0.119
     131.90    -0.021
     132.93    -0.116
     133.97    -0.130
     135.00    -0.133
     136.03     0.035
     137.06    -0.095
     138.09     0.004
     139.12    -0.047
     140.15     0.060
     141.18    -0.040
     142.21     0.031
     143.24     0.079
     144.27     0.118
     145.30    -0.189
     146.33     0.165
     147.36    -0.015
     148.39     0.016
     149.42    -0.138
     150.45    -0.019
     151.48    -0.134
     152.51     0.065
     153.54    -0.034
     154.58     0.152
     155.61     0.068
     156.64    -0.112
     157.67    -0.092
     158.70     0.003
     159.73     0.092
     160.76    -0.064
     161.79     0.007
     162.82     0.011
     163.85     0.152
     164.88    -0.041
     165.91     0.021
     166.94    -0.042
     167.97     0.024
     169.00     0.050
     170.03     0.115
     171.06    -0.097
     172.09    -0.050
     173.12     0.051
     174.15    -0.120
     175.19     0.096
     176.22     0.045
     177.25    -0.017
     178.28    -0.122
     179.31     0.124
     180.34     0.135
     181.37    -0.068
     182.40     0.046
     183.43    -0.004
     184.46     0.035
     185.49    -0.030
     186.52     0.095
     187.55     0.083
     188.58    -0.151
     189.61     0.121
     190.64    -0.037
     191.67     0.041
     192.70     0.046
     193.73     0.082
     194.76    -0.040
     195.80    -0.010
     196.83    -0.108
     197.86     0.129
     198.89     0.071
     199.92    -0.056
     200.95    -0.150
     201.98     0.015
     203.01     0.033
     204.04    -0.021
     205.07    -0.141
     206.10    -0.008
     207.13    -0.063
     208.16     0.024
     209.19    -0.137
     210.22    -0.065
     211.25    -0.017
     212.28     0.159
     213.31     0.032
     214.34     0.073
     215.37     0.011
     216.41     0.111
     217.44    -0.051
     218.47     0.036
     219.50    -0.083
     220.53    -0.009
     221.56     0.038
     222.59     0.100
     223.62    -0.032
     224.65    -0.152
     225.68     0.065
     226.71    -0.077
     227.74     0.202
     228.77    -0.013
     229.80    -0.025
     230.83     0.088
     231.86    -0.200
     232.89    -0.028
     233.92    -0.041
     234.95     0.150
     235.98     0.060
     237.02     0.054
     238.05    -0.002
     239.08     0.032
     240.11    -0.119
     241.14    -0.029
     242.17    -0.159
     243.20     0.107
     244.23     0.034
     245.26     0.121
     246.29     0.029
     247.32    -0.008
     248.35    -0.068
     249.38     0.159
     250.41     0.211
     251.44    -0.063
     252.47    -0.029
     253.50    -0.131
     254.53     0.034
     255.56     0.067
     256.59     0.068
     257.63     0.167
     258.66     0.158
     259.69    -0.073
     260.72     0.047
     261.75     0.139
     262.78    -0.034
     263.81    -0.038
     264.84    -0.007
     265.87     0.056
     266.90    -0.109
     267.93     0.053
     268.96     0.091
     269.99    -0.016
     271.02     0.066
     272.05     0.122
     273.08    -0.046
     274.11     0.081
     275.14    -0.085
     276.17    -0.157
     277.20    -0.197
     278.24    -0.032
     279.27    -0.091
     280.30    -0.003
     281.33    -0.155
     282.36     0.098
     283.39     0.047
     284.42    -0.114
     285.45    -0.128
     286.48    -0.113
     287.51    -0.122
     288.54     0.015
     289.57     0.079
     290.60    -0.020
     291.63     0.120
     292.66    -0.097
     293.69     0.077
     294.72    -0.011
     295.75     0.025
     296.78     0.059
     297.81    -0.126
     298.85     0.037
     299.88     0.022
     300.91    -0.005
     301.94     0.155
     302.97    -0.131
     304.00    -0.112
     305.03    -0.059
     306.06    -0.015
     307.09    -0.167
     308.12    -0.041
     309.15     0.140
     310.18     0.078
     311.21     0.039
     312.24    -0.116
     313.27     0.015
     314.30    -0.110
     315.33     0.005
     316.36    -0.014
     317.39     0.179
     318.42    -0.015
     319.46     0.026
     320.49    -0.018
     321.52     0.101
     322.55    -0.079
     323.58     0.170
     324.61    -0.019
     325.64     0.184
     326.67     0.049
     327.70     0.108
     328.73    -0.012
     329.76     0.141
     330.79     0.036
     331.82     0.134
     332.85     0.044
     333.88    -0.081
     334.91     0.046
     335.94     0.077
     336.97     0.023
     338.00     0.174
     339.03     0.063
     340.07     0.112
     341.10    -0.151
     342.13    -0.050
     343.16    -0.145
     344.19     0.134
     345.22    -0.209
     346.25     0.009
     347.28     0.051
     348.31    -0.024
     349.34     0.006
     350.37    -0.090
     351.40    -0.193
     352.43    -0.004
     353.46    -0.024
     354.49     0.104
     355.52     0.059
     356.55     0.153
     357.58    -0.052
     358.61     0.114
     359.64    -0.013
     360.68     0.069
     361.71    -0.029
     362.74    -0.026
     363.77     0.014
     364.80    -0.087
     365.83     0.064
     366.86    -0.180
     367.89     0.090
     368.92     0.029
     369.95    -0.170
     370.98    -0.108
     372.01    -0.011
     373.04     0.043
     374.07    -0.091
     375.10    -0.057
     376.13     0.141
     377.16    -0.030
     378.19    -0.037
     379.22    -0.149
     380.25    -0.100
     381.29    -0.092
     382.32    -0.010
     383.35     0.084
     384.38    -0.003
     385.41    -0.077
     386.44    -0.086
     387.47     0.132
     388.50     0.063
     389.53     0.064
     390.56    -0.039
     391.59     0.006
     392.62    -0.052
     393.65    -0.099
     394.68     0.095
     395.71     0.017
     396.74     0.101
     397.77    -0.140
     398.80    -0.020
     399.83     0.149
