%%   85.00000   7.50000    0   0.20000
% LAB  survey ------------------
% wanted position:  l, b, RA, DEC, and interpolated  NH
% 85.00 ;   7.50 ; 304.39 ;  49.07 ;  0.455E+22
% nearest position: l, b, RA, DEC, and observed NH
% 85.00 ;   7.50 ; 304.39 ;  49.07 ;  0.455E+22
% GASS III survey --------------
% NH - median within 6 arcmin radius   0.00    
% NH - mean within specified beam      0.00    
% EBHIS survey -----------------
% NH  within specified beam           0.452E+22
%%EBHIS   621  datapoints: v_lsr [km/s] and T_B [K]
    -399.25     0.059
    -397.96     0.029
    -396.68     0.069
    -395.39    -0.006
    -394.10     0.014
    -392.81     0.024
    -391.52     0.045
    -390.23     0.017
    -388.95     0.012
    -387.66     0.030
    -386.37    -0.082
    -385.08    -0.048
    -383.79    -0.037
    -382.50    -0.043
    -381.22    -0.031
    -379.93    -0.075
    -378.64    -0.010
    -377.35     0.065
    -376.06    -0.033
    -374.78    -0.031
    -373.49     0.040
    -372.20     0.016
    -370.91     0.008
    -369.62     0.017
    -368.33     0.059
    -367.05     0.019
    -365.76    -0.062
    -364.47     0.003
    -363.18     0.044
    -361.89     0.024
    -360.60     0.015
    -359.32    -0.051
    -358.03     0.067
    -356.74     0.064
    -355.45     0.090
    -354.16     0.063
    -352.88     0.025
    -351.59     0.038
    -350.30    -0.062
    -349.01    -0.011
    -347.72    -0.046
    -346.43     0.060
    -345.15     0.040
    -343.86    -0.029
    -342.57    -0.053
    -341.28     0.032
    -339.99    -0.007
    -338.70    -0.020
    -337.42    -0.014
    -336.13     0.097
    -334.84    -0.050
    -333.55    -0.024
    -332.26     0.037
    -330.98    -0.017
    -329.69     0.025
    -328.40    -0.064
    -327.11    -0.054
    -325.82     0.118
    -324.53     0.031
    -323.25    -0.034
    -321.96    -0.003
    -320.67     0.026
    -319.38     0.061
    -318.09     0.029
    -316.80    -0.031
    -315.52     0.034
    -314.23     0.034
    -312.94     0.055
    -311.65    -0.005
    -310.36     0.044
    -309.08     0.002
    -307.79    -0.007
    -306.50    -0.047
    -305.21     0.030
    -303.92    -0.078
    -302.63     0.105
    -301.35     0.035
    -300.06    -0.026
    -298.77     0.011
    -297.48     0.010
    -296.19     0.049
    -294.90    -0.009
    -293.62    -0.038
    -292.33    -0.055
    -291.04     0.057
    -289.75     0.101
    -288.46     0.019
    -287.18    -0.024
    -285.89     0.003
    -284.60    -0.048
    -283.31    -0.033
    -282.02    -0.011
    -280.73    -0.013
    -279.45     0.041
    -278.16     0.028
    -276.87     0.001
    -275.58    -0.037
    -274.29    -0.007
    -273.00     0.036
    -271.72     0.079
    -270.43     0.043
    -269.14     0.028
    -267.85     0.021
    -266.56    -0.000
    -265.28    -0.052
    -263.99    -0.028
    -262.70    -0.060
    -261.41     0.046
    -260.12    -0.045
    -258.83     0.049
    -257.55     0.007
    -256.26    -0.019
    -254.97    -0.062
    -253.68    -0.042
    -252.39    -0.071
    -251.10    -0.016
    -249.82    -0.001
    -248.53     0.146
    -247.24     0.004
    -245.95     0.004
    -244.66    -0.018
    -243.38    -0.005
    -242.09     0.030
    -240.80    -0.034
    -239.51     0.020
    -238.22     0.011
    -236.93    -0.034
    -235.65    -0.054
    -234.36     0.045
    -233.07     0.047
    -231.78     0.026
    -230.49    -0.003
    -229.20    -0.052
    -227.92     0.004
    -226.63     0.021
    -225.34     0.022
    -224.05     0.011
    -222.76     0.064
    -221.48     0.078
    -220.19     0.010
    -218.90     0.040
    -217.61    -0.015
    -216.32    -0.061
    -215.03    -0.024
    -213.75     0.002
    -212.46    -0.011
    -211.17    -0.019
    -209.88    -0.075
    -208.59    -0.063
    -207.30    -0.090
    -206.02     0.018
    -204.73     0.044
    -203.44    -0.017
    -202.15    -0.127
    -200.86    -0.051
    -199.58    -0.086
    -198.29    -0.042
    -197.00     0.087
    -195.71     0.040
    -194.42     0.037
    -193.13     0.001
    -191.85     0.024
    -190.56    -0.083
    -189.27     0.012
    -187.98     0.016
    -186.69    -0.016
    -185.40    -0.071
    -184.12    -0.046
    -182.83     0.041
    -181.54     0.099
    -180.25     0.038
    -178.96     0.025
    -177.68    -0.057
    -176.39     0.003
    -175.10     0.057
    -173.81     0.060
    -172.52     0.051
    -171.23     0.049
    -169.95     0.000
    -168.66    -0.027
    -167.37    -0.081
    -166.08    -0.002
    -164.79     0.032
    -163.50    -0.040
    -162.22     0.016
    -160.93     0.029
    -159.64     0.001
    -158.35     0.067
    -157.06     0.005
    -155.78    -0.093
    -154.49    -0.024
    -153.20     0.090
    -151.91     0.074
    -150.62     0.107
    -149.33     0.179
    -148.05     0.158
    -146.76     0.213
    -145.47     0.227
    -144.18     0.216
    -142.89     0.199
    -141.60     0.296
    -140.32     0.412
    -139.03     0.467
    -137.74     0.566
    -136.45     0.682
    -135.16     0.770
    -133.88     0.873
    -132.59     1.007
    -131.30     1.161
    -130.01     1.205
    -128.72     1.349
    -127.43     1.577
    -126.15     1.866
    -124.86     1.884
    -123.57     1.868
    -122.28     1.972
    -120.99     2.070
    -119.70     2.159
    -118.42     2.337
    -117.13     2.461
    -115.84     2.703
    -114.55     3.041
    -113.26     3.249
    -111.98     3.426
    -110.69     3.601
    -109.40     3.971
    -108.11     4.279
    -106.82     4.771
    -105.53     5.279
    -104.25     5.926
    -102.96     6.572
    -101.67     7.031
    -100.38     7.556
     -99.09     7.979
     -97.80     8.336
     -96.52     8.745
     -95.23     9.425
     -93.94    10.487
     -92.65    11.896
     -91.36    13.508
     -90.08    14.691
     -88.79    15.198
     -87.50    14.763
     -86.21    13.165
     -84.92    11.145
     -83.63     9.290
     -82.35     8.148
     -81.06     7.091
     -79.77     6.323
     -78.48     5.689
     -77.19     5.265
     -75.90     4.773
     -74.62     4.368
     -73.33     3.918
     -72.04     3.667
     -70.75     3.526
     -69.46     3.328
     -68.18     3.220
     -66.89     3.307
     -65.60     3.403
     -64.31     3.542
     -63.02     3.688
     -61.73     3.879
     -60.45     4.359
     -59.16     4.560
     -57.87     4.505
     -56.58     4.891
     -55.29     5.241
     -54.00     5.524
     -52.72     5.790
     -51.43     5.864
     -50.14     5.846
     -48.85     5.892
     -47.56     5.690
     -46.28     5.141
     -44.99     4.605
     -43.70     4.350
     -42.41     4.322
     -41.12     4.250
     -39.83     4.431
     -38.55     4.920
     -37.26     5.773
     -35.97     6.601
     -34.68     7.484
     -33.39     8.517
     -32.10     9.734
     -30.82    10.989
     -29.53    12.548
     -28.24    14.557
     -26.95    17.404
     -25.66    20.509
     -24.38    22.438
     -23.09    22.892
     -21.80    22.919
     -20.51    23.518
     -19.22    24.894
     -17.93    26.574
     -16.65    27.918
     -15.36    28.986
     -14.07    30.086
     -12.78    31.774
     -11.49    35.665
     -10.20    41.962
      -8.92    49.832
      -7.63    56.017
      -6.34    56.300
      -5.05    56.208
      -3.76    58.146
      -2.48    60.745
      -1.19    62.092
       0.10    63.382
       1.39    63.987
       2.68    64.077
       3.97    62.817
       5.25    60.281
       6.54    58.028
       7.83    54.073
       9.12    47.945
      10.41    40.892
      11.70    33.104
      12.98    24.560
      14.27    17.622
      15.56    13.113
      16.85     9.856
      18.14     7.545
      19.42     5.979
      20.71     4.816
      22.00     4.121
      23.29     3.543
      24.58     3.041
      25.87     2.663
      27.15     2.449
      28.44     2.357
      29.73     2.359
      31.02     2.280
      32.31     1.945
      33.60     1.525
      34.88     1.212
      36.17     0.951
      37.46     0.722
      38.75     0.422
      40.04     0.378
      41.32     0.205
      42.61     0.169
      43.90     0.165
      45.19    -0.013
      46.48    -0.013
      47.77    -0.071
      49.05     0.020
      50.34    -0.027
      51.63     0.091
      52.92     0.067
      54.21     0.092
      55.50    -0.042
      56.78    -0.046
      58.07     0.030
      59.36    -0.027
      60.65    -0.095
      61.94     0.013
      63.22    -0.067
      64.51    -0.111
      65.80    -0.025
      67.09     0.019
      68.38    -0.064
      69.67    -0.099
      70.95    -0.053
      72.24    -0.062
      73.53     0.027
      74.82    -0.012
      76.11     0.024
      77.40     0.025
      78.68     0.044
      79.97     0.005
      81.26    -0.044
      82.55     0.037
      83.84    -0.027
      85.12     0.022
      86.41    -0.049
      87.70    -0.028
      88.99     0.072
      90.28     0.016
      91.57    -0.033
      92.85     0.082
      94.14     0.050
      95.43    -0.043
      96.72    -0.017
      98.01    -0.015
      99.30    -0.141
     100.58    -0.039
     101.87    -0.027
     103.16     0.049
     104.45     0.080
     105.74     0.065
     107.02     0.050
     108.31     0.040
     109.60     0.036
     110.89     0.061
     112.18     0.046
     113.47     0.090
     114.75     0.100
     116.04    -0.005
     117.33    -0.046
     118.62     0.053
     119.91    -0.006
     121.20     0.046
     122.48     0.012
     123.77    -0.003
     125.06    -0.082
     126.35    -0.094
     127.64    -0.005
     128.92     0.040
     130.21     0.038
     131.50     0.052
     132.79     0.091
     134.08     0.038
     135.37     0.051
     136.65     0.096
     137.94     0.083
     139.23    -0.061
     140.52    -0.101
     141.81    -0.025
     143.09     0.006
     144.38     0.022
     145.67     0.014
     146.96    -0.014
     148.25    -0.061
     149.54    -0.096
     150.82    -0.053
     152.11    -0.039
     153.40     0.083
     154.69    -0.054
     155.98    -0.082
     157.27    -0.057
     158.55     0.028
     159.84    -0.005
     161.13    -0.008
     162.42     0.001
     163.71     0.014
     164.99    -0.029
     166.28     0.004
     167.57     0.012
     168.86     0.111
     170.15     0.015
     171.44    -0.026
     172.72     0.064
     174.01     0.075
     175.30    -0.010
     176.59    -0.034
     177.88    -0.015
     179.17    -0.007
     180.45     0.008
     181.74     0.043
     183.03     0.043
     184.32    -0.059
     185.61     0.045
     186.89     0.066
     188.18    -0.040
     189.47     0.018
     190.76    -0.022
     192.05    -0.001
     193.34     0.025
     194.62     0.016
     195.91     0.011
     197.20     0.090
     198.49     0.221
     199.78     0.031
     201.07    -0.122
     202.35    -0.046
     203.64    -0.019
     204.93     0.041
     206.22    -0.070
     207.51    -0.037
     208.79    -0.038
     210.08    -0.017
     211.37    -0.016
     212.66     0.013
     213.95     0.020
     215.24    -0.052
     216.52     0.015
     217.81     0.084
     219.10    -0.076
     220.39     0.034
     221.68    -0.036
     222.97    -0.047
     224.25    -0.005
     225.54    -0.031
     226.83    -0.009
     228.12    -0.046
     229.41     0.029
     230.69     0.035
     231.98     0.054
     233.27     0.059
     234.56     0.003
     235.85    -0.004
     237.14     0.105
     238.42     0.029
     239.71    -0.029
     241.00     0.001
     242.29     0.003
     243.58     0.044
     244.87    -0.026
     246.15    -0.020
     247.44     0.046
     248.73     0.076
     250.02    -0.010
     251.31    -0.017
     252.59     0.022
     253.88     0.025
     255.17     0.062
     256.46     0.021
     257.75    -0.023
     259.04    -0.027
     260.32     0.043
     261.61     0.009
     262.90    -0.028
     264.19    -0.003
     265.48     0.091
     266.77     0.057
     268.05    -0.011
     269.34     0.060
     270.63     0.027
     271.92    -0.046
     273.21    -0.069
     274.49    -0.113
     275.78     0.021
     277.07    -0.027
     278.36    -0.039
     279.65     0.038
     280.94     0.005
     282.22     0.037
     283.51    -0.054
     284.80    -0.045
     286.09     0.005
     287.38     0.010
     288.67     0.087
     289.95     0.056
     291.24     0.055
     292.53     0.072
     293.82    -0.009
     295.11    -0.084
     296.39    -0.097
     297.68     0.024
     298.97     0.063
     300.26     0.028
     301.55     0.038
     302.84    -0.067
     304.12    -0.075
     305.41    -0.019
     306.70     0.045
     307.99     0.093
     309.28    -0.027
     310.57    -0.008
     311.85    -0.029
     313.14    -0.006
     314.43    -0.014
     315.72     0.044
     317.01    -0.063
     318.29    -0.039
     319.58     0.054
     320.87     0.018
     322.16     0.010
     323.45    -0.041
     324.74     0.025
     326.02    -0.000
     327.31    -0.036
     328.60     0.015
     329.89     0.048
     331.18     0.009
     332.47    -0.076
     333.75    -0.046
     335.04    -0.003
     336.33    -0.005
     337.62    -0.032
     338.91     0.042
     340.19     0.115
     341.48    -0.065
     342.77    -0.031
     344.06     0.084
     345.35     0.013
     346.64     0.021
     347.92    -0.028
     349.21    -0.070
     350.50    -0.063
     351.79    -0.023
     353.08     0.023
     354.37     0.093
     355.65     0.070
     356.94     0.036
     358.23     0.070
     359.52    -0.074
     360.81    -0.008
     362.09     0.044
     363.38     0.047
     364.67    -0.011
     365.96    -0.080
     367.25    -0.072
     368.54    -0.036
     369.82     0.005
     371.11    -0.005
     372.40     0.017
     373.69     0.016
     374.98     0.011
     376.27     0.040
     377.55     0.061
     378.84    -0.031
     380.13    -0.020
     381.42     0.024
     382.71    -0.031
     383.99     0.054
     385.28     0.115
     386.57    -0.012
     387.86    -0.034
     389.15    -0.045
     390.44     0.057
     391.72     0.017
     393.01     0.042
     394.30    -0.029
     395.59    -0.109
     396.88    -0.037
     398.17     0.029
     399.45     0.061
%%GASS      0  datapoints: v_lsr [km/s] and T_B [K]
%%LAB     777  datapoints: v_lsr [km/s] and T_B [K]
    -399.84     0.023
    -398.81     0.065
    -397.78     0.146
    -396.74     0.057
    -395.71    -0.001
    -394.68    -0.092
    -393.65    -0.047
    -392.62    -0.001
    -391.59    -0.037
    -390.56    -0.081
    -389.53     0.075
    -388.50     0.067
    -387.47     0.107
    -386.44     0.078
    -385.41     0.076
    -384.38     0.012
    -383.35     0.053
    -382.32     0.010
    -381.29     0.047
    -380.26    -0.072
    -379.23     0.007
    -378.20    -0.134
    -377.17     0.098
    -376.13    -0.123
    -375.10    -0.031
    -374.07     0.005
    -373.04    -0.024
    -372.01     0.046
    -370.98    -0.065
    -369.95    -0.092
    -368.92    -0.164
    -367.89    -0.024
    -366.86    -0.124
    -365.83    -0.025
    -364.80     0.169
    -363.77    -0.051
    -362.74     0.103
    -361.71    -0.184
    -360.68    -0.019
    -359.65     0.146
    -358.62    -0.123
    -357.59     0.021
    -356.56     0.169
    -355.52    -0.110
    -354.49    -0.022
    -353.46    -0.080
    -352.43    -0.051
    -351.40     0.152
    -350.37     0.121
    -349.34     0.026
    -348.31    -0.009
    -347.28    -0.091
    -346.25     0.008
    -345.22     0.019
    -344.19     0.091
    -343.16    -0.010
    -342.13     0.068
    -341.10    -0.019
    -340.07     0.019
    -339.04     0.023
    -338.01     0.153
    -336.98     0.086
    -335.95     0.088
    -334.91    -0.103
    -333.88     0.057
    -332.85    -0.088
    -331.82     0.097
    -330.79    -0.058
    -329.76     0.054
    -328.73     0.062
    -327.70    -0.028
    -326.67     0.010
    -325.64    -0.018
    -324.61    -0.074
    -323.58    -0.131
    -322.55    -0.026
    -321.52    -0.005
    -320.49     0.036
    -319.46    -0.048
    -318.43    -0.071
    -317.40    -0.167
    -316.37    -0.120
    -315.33     0.124
    -314.30     0.075
    -313.27    -0.148
    -312.24    -0.156
    -311.21    -0.007
    -310.18    -0.086
    -309.15     0.147
    -308.12    -0.019
    -307.09     0.154
    -306.06    -0.059
    -305.03     0.063
    -304.00    -0.073
    -302.97    -0.038
    -301.94     0.089
    -300.91    -0.107
    -299.88     0.073
    -298.85    -0.072
    -297.82    -0.042
    -296.79    -0.109
    -295.76     0.228
    -294.72     0.038
    -293.69    -0.053
    -292.66     0.040
    -291.63     0.102
    -290.60     0.115
    -289.57    -0.005
    -288.54    -0.001
    -287.51    -0.040
    -286.48     0.055
    -285.45    -0.075
    -284.42    -0.016
    -283.39    -0.014
    -282.36    -0.092
    -281.33     0.117
    -280.30    -0.006
    -279.27     0.033
    -278.24    -0.053
    -277.21    -0.099
    -276.18     0.115
    -275.15    -0.033
    -274.11     0.078
    -273.08     0.005
    -272.05     0.187
    -271.02     0.025
    -269.99     0.119
    -268.96     0.030
    -267.93     0.026
    -266.90     0.123
    -265.87    -0.076
    -264.84     0.065
    -263.81     0.056
    -262.78    -0.038
    -261.75     0.089
    -260.72    -0.080
    -259.69     0.233
    -258.66    -0.028
    -257.63     0.065
    -256.60    -0.102
    -255.57    -0.060
    -254.54    -0.015
    -253.50     0.149
    -252.47    -0.019
    -251.44     0.169
    -250.41     0.131
    -249.38     0.023
    -248.35    -0.062
    -247.32     0.090
    -246.29    -0.020
    -245.26    -0.024
    -244.23     0.124
    -243.20     0.052
    -242.17    -0.091
    -241.14    -0.025
    -240.11    -0.010
    -239.08     0.115
    -238.05    -0.019
    -237.02    -0.095
    -235.99    -0.164
    -234.96     0.224
    -233.92    -0.039
    -232.89     0.008
    -231.86    -0.046
    -230.83     0.015
    -229.80    -0.095
    -228.77    -0.302
    -227.74    -0.065
    -226.71     0.118
    -225.68     0.081
    -224.65     0.001
    -223.62     0.033
    -222.59    -0.005
    -221.56    -0.045
    -220.53     0.033
    -219.50    -0.235
    -218.47    -0.176
    -217.44    -0.115
    -216.41     0.016
    -215.38    -0.087
    -214.35    -0.038
    -213.31     0.020
    -212.28     0.159
    -211.25     0.009
    -210.22    -0.014
    -209.19    -0.055
    -208.16     0.054
    -207.13     0.048
    -206.10     0.029
    -205.07     0.034
    -204.04    -0.026
    -203.01     0.004
    -201.98    -0.061
    -200.95    -0.049
    -199.92    -0.059
    -198.89     0.053
    -197.86     0.031
    -196.83     0.085
    -195.80     0.035
    -194.77    -0.113
    -193.74    -0.047
    -192.70     0.251
    -191.67     0.030
    -190.64    -0.010
    -189.61    -0.024
    -188.58    -0.041
    -187.55     0.029
    -186.52     0.131
    -185.49     0.061
    -184.46     0.047
    -183.43    -0.021
    -182.40     0.003
    -181.37     0.165
    -180.34     0.127
    -179.31     0.041
    -178.28    -0.014
    -177.25     0.074
    -176.22    -0.053
    -175.19    -0.118
    -174.16     0.112
    -173.13     0.003
    -172.09    -0.065
    -171.06     0.055
    -170.03    -0.021
    -169.00     0.073
    -167.97     0.109
    -166.94     0.022
    -165.91     0.055
    -164.88     0.171
    -163.85     0.001
    -162.82    -0.083
    -161.79     0.110
    -160.76     0.007
    -159.73    -0.129
    -158.70     0.122
    -157.67     0.038
    -156.64     0.139
    -155.61    -0.083
    -154.58     0.010
    -153.55    -0.075
    -152.51    -0.031
    -151.48     0.025
    -150.45     0.041
    -149.42    -0.025
    -148.39     0.317
    -147.36     0.263
    -146.33     0.245
    -145.30     0.215
    -144.27     0.194
    -143.24     0.182
    -142.21     0.274
    -141.18     0.451
    -140.15     0.413
    -139.12     0.571
    -138.09     0.691
    -137.06     0.804
    -136.03     0.854
    -135.00     0.868
    -133.97     0.772
    -132.94     1.002
    -131.90     1.238
    -130.87     1.095
    -129.84     1.295
    -128.81     1.437
    -127.78     1.373
    -126.75     1.655
    -125.72     1.905
    -124.69     1.931
    -123.66     2.079
    -122.63     2.282
    -121.60     2.374
    -120.57     2.395
    -119.54     2.459
    -118.51     2.618
    -117.48     2.866
    -116.45     3.010
    -115.42     3.203
    -114.39     3.442
    -113.36     3.765
    -112.33     4.179
    -111.29     4.349
    -110.26     4.482
    -109.23     4.950
    -108.20     4.939
    -107.17     5.117
    -106.14     5.486
    -105.11     5.682
    -104.08     5.855
    -103.05     6.125
    -102.02     6.129
    -100.99     6.493
     -99.96     6.735
     -98.93     7.190
     -97.90     7.399
     -96.87     7.720
     -95.84     8.058
     -94.81     8.673
     -93.78     9.476
     -92.75    10.542
     -91.72    11.608
     -90.68    12.613
     -89.65    13.412
     -88.62    13.481
     -87.59    13.257
     -86.56    12.542
     -85.53    11.614
     -84.50    10.743
     -83.47     9.663
     -82.44     8.789
     -81.41     7.838
     -80.38     6.860
     -79.35     6.233
     -78.32     5.813
     -77.29     5.480
     -76.26     5.012
     -75.23     4.534
     -74.20     4.180
     -73.17     3.789
     -72.14     3.750
     -71.10     3.430
     -70.07     3.446
     -69.04     3.407
     -68.01     3.210
     -66.98     3.519
     -65.95     3.425
     -64.92     3.525
     -63.89     3.698
     -62.86     3.804
     -61.83     4.129
     -60.80     4.707
     -59.77     4.981
     -58.74     5.376
     -57.71     5.954
     -56.68     6.733
     -55.65     7.153
     -54.62     7.166
     -53.59     7.571
     -52.56     7.629
     -51.53     7.538
     -50.49     7.746
     -49.46     7.657
     -48.43     7.217
     -47.40     6.821
     -46.37     6.306
     -45.34     5.873
     -44.31     5.313
     -43.28     4.853
     -42.25     4.922
     -41.22     4.697
     -40.19     5.004
     -39.16     4.905
     -38.13     5.152
     -37.10     5.545
     -36.07     5.857
     -35.04     6.406
     -34.01     6.934
     -32.98     7.407
     -31.95     8.127
     -30.92     8.971
     -29.88     9.724
     -28.85    10.940
     -27.82    12.263
     -26.79    14.219
     -25.76    16.677
     -24.73    19.086
     -23.70    20.961
     -22.67    22.491
     -21.64    23.297
     -20.61    23.910
     -19.58    24.391
     -18.55    25.296
     -17.52    25.828
     -16.49    26.646
     -15.46    27.396
     -14.43    28.532
     -13.40    30.350
     -12.37    33.355
     -11.34    37.493
     -10.31    42.240
      -9.27    47.510
      -8.24    52.260
      -7.21    55.404
      -6.18    56.327
      -5.15    57.211
      -4.12    59.117
      -3.09    61.499
      -2.06    63.893
      -1.03    66.121
       0.00    67.199
       1.03    67.087
       2.06    66.016
       3.09    65.225
       4.12    64.235
       5.15    62.424
       6.18    60.565
       7.21    58.085
       8.24    53.773
       9.27    47.436
      10.31    41.313
      11.34    35.449
      12.37    29.520
      13.40    23.279
      14.43    17.641
      15.46    13.322
      16.49    10.650
      17.52     8.575
      18.55     7.157
      19.58     6.309
      20.61     5.210
      21.64     4.587
      22.67     4.228
      23.70     3.423
      24.73     3.251
      25.76     2.912
      26.79     2.829
      27.82     2.492
      28.85     2.252
      29.88     2.334
      30.92     2.215
      31.95     1.821
      32.98     1.333
      34.01     1.081
      35.04     0.780
      36.07     0.636
      37.10     0.253
      38.13     0.388
      39.16     0.296
      40.19     0.006
      41.22     0.237
      42.25     0.029
      43.28     0.228
      44.31    -0.037
      45.34    -0.044
      46.37    -0.026
      47.40    -0.022
      48.43    -0.076
      49.46     0.183
      50.49    -0.083
      51.53    -0.003
      52.56     0.136
      53.59     0.025
      54.62     0.127
      55.65    -0.058
      56.68    -0.103
      57.71     0.047
      58.74    -0.120
      59.77     0.051
      60.80    -0.102
      61.83     0.040
      62.86    -0.102
      63.89     0.226
      64.92     0.008
      65.95     0.052
      66.98    -0.057
      68.01     0.034
      69.04     0.028
      70.07     0.081
      71.10    -0.003
      72.14     0.107
      73.17    -0.136
      74.20     0.094
      75.23     0.075
      76.26     0.038
      77.29    -0.026
      78.32    -0.110
      79.35    -0.021
      80.38     0.103
      81.41     0.100
      82.44    -0.046
      83.47     0.162
      84.50     0.111
      85.53    -0.129
      86.56     0.086
      87.59     0.111
      88.62     0.078
      89.65    -0.074
      90.68     0.138
      91.72    -0.024
      92.75     0.146
      93.78    -0.029
      94.81     0.000
      95.84     0.087
      96.87     0.056
      97.90    -0.156
      98.93     0.151
      99.96     0.060
     100.99     0.089
     102.02     0.110
     103.05     0.081
     104.08     0.042
     105.11    -0.138
     106.14     0.055
     107.17    -0.076
     108.20     0.109
     109.23     0.093
     110.26     0.129
     111.29     0.095
     112.33     0.094
     113.36     0.327
     114.39    -0.038
     115.42     0.142
     116.45     0.004
     117.48    -0.024
     118.51    -0.013
     119.54    -0.084
     120.57    -0.031
     121.60     0.048
     122.63    -0.041
     123.66    -0.096
     124.69    -0.224
     125.72     0.044
     126.75     0.193
     127.78     0.190
     128.81     0.136
     129.84     0.077
     130.87     0.169
     131.90    -0.074
     132.94     0.169
     133.97     0.021
     135.00    -0.075
     136.03    -0.058
     137.06    -0.120
     138.09    -0.084
     139.12     0.055
     140.15     0.169
     141.18    -0.021
     142.21    -0.024
     143.24    -0.103
     144.27    -0.129
     145.30    -0.033
     146.33     0.092
     147.36     0.070
     148.39     0.006
     149.42    -0.205
     150.45    -0.014
     151.48     0.004
     152.51     0.115
     153.55    -0.078
     154.58     0.081
     155.61     0.038
     156.64     0.349
     157.67     0.111
     158.70     0.008
     159.73     0.034
     160.76     0.126
     161.79     0.086
     162.82    -0.052
     163.85     0.149
     164.88     0.019
     165.91    -0.003
     166.94    -0.019
     167.97     0.045
     169.00    -0.106
     170.03     0.044
     171.06     0.052
     172.09     0.025
     173.13     0.019
     174.16    -0.130
     175.19     0.014
     176.22    -0.068
     177.25     0.032
     178.28     0.072
     179.31    -0.017
     180.34    -0.215
     181.37     0.023
     182.40    -0.035
     183.43     0.107
     184.46    -0.042
     185.49     0.038
     186.52    -0.065
     187.55    -0.046
     188.58     0.020
     189.61    -0.084
     190.64    -0.179
     191.67     0.023
     192.70    -0.053
     193.74     0.059
     194.77     0.009
     195.80    -0.005
     196.83    -0.150
     197.86     0.104
     198.89    -0.118
     199.92     0.152
     200.95     0.017
     201.98    -0.007
     203.01    -0.095
     204.04     0.093
     205.07    -0.081
     206.10     0.004
     207.13    -0.186
     208.16     0.016
     209.19    -0.019
     210.22     0.054
     211.25    -0.119
     212.28    -0.017
     213.31     0.048
     214.35    -0.041
     215.38    -0.028
     216.41     0.047
     217.44     0.119
     218.47     0.056
     219.50    -0.049
     220.53    -0.099
     221.56     0.052
     222.59     0.149
     223.62     0.020
     224.65     0.024
     225.68     0.230
     226.71    -0.009
     227.74     0.093
     228.77     0.063
     229.80    -0.059
     230.83    -0.042
     231.86    -0.122
     232.89     0.114
     233.92     0.009
     234.96     0.010
     235.99    -0.171
     237.02    -0.015
     238.05    -0.049
     239.08    -0.058
     240.11    -0.060
     241.14     0.052
     242.17     0.027
     243.20     0.129
     244.23    -0.112
     245.26     0.097
     246.29    -0.046
     247.32     0.111
     248.35     0.046
     249.38     0.082
     250.41    -0.129
     251.44     0.050
     252.47     0.075
     253.50     0.070
     254.54    -0.115
     255.57    -0.036
     256.60    -0.096
     257.63     0.068
     258.66     0.030
     259.69     0.072
     260.72     0.149
     261.75     0.007
     262.78    -0.043
     263.81    -0.049
     264.84    -0.051
     265.87     0.030
     266.90    -0.115
     267.93     0.116
     268.96     0.234
     269.99     0.046
     271.02    -0.040
     272.05     0.043
     273.08    -0.111
     274.11     0.135
     275.15     0.090
     276.18     0.051
     277.21    -0.061
     278.24    -0.073
     279.27    -0.074
     280.30     0.030
     281.33    -0.102
     282.36    -0.027
     283.39    -0.077
     284.42     0.004
     285.45     0.064
     286.48     0.017
     287.51    -0.013
     288.54     0.079
     289.57     0.073
     290.60     0.224
     291.63    -0.070
     292.66    -0.098
     293.69     0.109
     294.72     0.128
     295.76    -0.064
     296.79     0.026
     297.82    -0.104
     298.85    -0.018
     299.88     0.069
     300.91     0.091
     301.94    -0.025
     302.97    -0.107
     304.00    -0.142
     305.03    -0.020
     306.06    -0.056
     307.09     0.085
     308.12    -0.128
     309.15    -0.156
     310.18    -0.055
     311.21    -0.015
     312.24    -0.045
     313.27    -0.111
     314.30     0.032
     315.33    -0.061
     316.37    -0.186
     317.40     0.181
     318.43    -0.107
     319.46     0.124
     320.49    -0.096
     321.52     0.133
     322.55     0.030
     323.58    -0.163
     324.61     0.095
     325.64    -0.036
     326.67    -0.115
     327.70    -0.018
     328.73    -0.004
     329.76    -0.119
     330.79     0.004
     331.82    -0.256
     332.85    -0.063
     333.88    -0.071
     334.91     0.075
     335.95     0.263
     336.98    -0.138
     338.01    -0.182
     339.04     0.021
     340.07     0.044
     341.10    -0.141
     342.13     0.032
     343.16    -0.022
     344.19     0.064
     345.22    -0.027
     346.25     0.057
     347.28    -0.128
     348.31    -0.040
     349.34    -0.153
     350.37     0.051
     351.40    -0.036
     352.43     0.029
     353.46     0.004
     354.49    -0.075
     355.52     0.040
     356.56     0.136
     357.59    -0.024
     358.62     0.058
     359.65    -0.082
     360.68     0.006
     361.71     0.148
     362.74    -0.033
     363.77     0.168
     364.80     0.013
     365.83     0.025
     366.86    -0.015
     367.89     0.209
     368.92    -0.054
     369.95    -0.075
     370.98    -0.001
     372.01     0.175
     373.04    -0.070
     374.07    -0.043
     375.10    -0.055
     376.13     0.100
     377.17    -0.016
     378.20     0.085
     379.23     0.156
     380.26     0.033
     381.29    -0.033
     382.32    -0.018
     383.35    -0.079
     384.38    -0.008
     385.41     0.065
     386.44    -0.157
     387.47     0.051
     388.50    -0.064
     389.53     0.081
     390.56    -0.158
     391.59    -0.054
     392.62     0.203
     393.65     0.005
     394.68     0.007
     395.71     0.100
     396.74     0.061
     397.78     0.120
     398.81    -0.056
     399.84     0.023
