%%   72.50000   0.00000    0   0.20000
% LAB  survey ------------------
% wanted position:  l, b, RA, DEC, and interpolated  NH
% 72.50 ;   0.00 ; 303.51 ;  34.54 ;  0.906E+22
% nearest position: l, b, RA, DEC, and observed NH
% 72.50 ;   0.00 ; 303.51 ;  34.54 ;  0.906E+22
% GASS III survey --------------
% NH - median within 6 arcmin radius   0.00    
% NH - mean within specified beam      0.00    
% EBHIS survey -----------------
% NH  within specified beam           0.893E+22
%%EBHIS   621  datapoints: v_lsr [km/s] and T_B [K]
    -399.25     0.081
    -397.96    -0.056
    -396.68    -0.094
    -395.39    -0.113
    -394.10     0.017
    -392.81    -0.119
    -391.52     0.014
    -390.23     0.059
    -388.95    -0.064
    -387.66     0.004
    -386.37     0.003
    -385.08    -0.010
    -383.79    -0.058
    -382.50     0.065
    -381.22     0.137
    -379.93    -0.017
    -378.64     0.058
    -377.35     0.076
    -376.06     0.048
    -374.78    -0.049
    -373.49    -0.053
    -372.20    -0.088
    -370.91     0.018
    -369.62    -0.010
    -368.33    -0.018
    -367.05     0.024
    -365.76     0.014
    -364.47     0.128
    -363.18    -0.004
    -361.89    -0.009
    -360.60     0.003
    -359.32     0.004
    -358.03     0.060
    -356.74    -0.040
    -355.45    -0.027
    -354.16     0.003
    -352.88     0.026
    -351.59     0.045
    -350.30    -0.041
    -349.01     0.073
    -347.72     0.004
    -346.43    -0.055
    -345.15    -0.077
    -343.86    -0.059
    -342.57     0.045
    -341.28    -0.032
    -339.99    -0.022
    -338.70    -0.003
    -337.42     0.063
    -336.13     0.041
    -334.84     0.103
    -333.55    -0.087
    -332.26     0.031
    -330.98     0.013
    -329.69     0.009
    -328.40     0.034
    -327.11     0.075
    -325.82     0.011
    -324.53    -0.005
    -323.25     0.005
    -321.96     0.057
    -320.67    -0.053
    -319.38     0.007
    -318.09     0.038
    -316.80    -0.077
    -315.52     0.084
    -314.23     0.016
    -312.94     0.067
    -311.65    -0.019
    -310.36     0.010
    -309.08    -0.035
    -307.79    -0.050
    -306.50    -0.040
    -305.21    -0.013
    -303.92    -0.013
    -302.63     0.010
    -301.35     0.005
    -300.06     0.107
    -298.77     0.042
    -297.48    -0.063
    -296.19    -0.064
    -294.90     0.083
    -293.62     0.001
    -292.33    -0.051
    -291.04     0.008
    -289.75     0.035
    -288.46     0.005
    -287.18     0.137
    -285.89    -0.044
    -284.60     0.064
    -283.31    -0.004
    -282.02    -0.001
    -280.73    -0.061
    -279.45    -0.016
    -278.16     0.065
    -276.87     0.056
    -275.58     0.061
    -274.29    -0.057
    -273.00    -0.012
    -271.72    -0.061
    -270.43     0.007
    -269.14    -0.050
    -267.85     0.096
    -266.56    -0.017
    -265.28    -0.027
    -263.99     0.029
    -262.70     0.082
    -261.41    -0.010
    -260.12     0.043
    -258.83    -0.052
    -257.55    -0.015
    -256.26     0.023
    -254.97     0.095
    -253.68    -0.018
    -252.39     0.011
    -251.10     0.008
    -249.82     0.040
    -248.53     0.020
    -247.24     0.046
    -245.95    -0.042
    -244.66    -0.025
    -243.38    -0.021
    -242.09    -0.050
    -240.80     0.011
    -239.51    -0.101
    -238.22    -0.057
    -236.93    -0.056
    -235.65     0.000
    -234.36     0.002
    -233.07    -0.074
    -231.78    -0.043
    -230.49    -0.066
    -229.20     0.057
    -227.92     0.094
    -226.63     0.065
    -225.34    -0.024
    -224.05     0.012
    -222.76     0.093
    -221.48    -0.013
    -220.19     0.017
    -218.90    -0.073
    -217.61     0.068
    -216.32     0.026
    -215.03    -0.022
    -213.75     0.012
    -212.46     0.037
    -211.17     0.013
    -209.88    -0.065
    -208.59     0.074
    -207.30     0.057
    -206.02    -0.003
    -204.73    -0.111
    -203.44    -0.091
    -202.15    -0.063
    -200.86     0.050
    -199.58     0.046
    -198.29     0.063
    -197.00     0.091
    -195.71     0.068
    -194.42     0.123
    -193.13     0.015
    -191.85    -0.038
    -190.56     0.014
    -189.27    -0.052
    -187.98     0.004
    -186.69     0.053
    -185.40     0.035
    -184.12     0.044
    -182.83    -0.001
    -181.54    -0.092
    -180.25    -0.035
    -178.96    -0.058
    -177.68    -0.017
    -176.39     0.017
    -175.10    -0.047
    -173.81    -0.060
    -172.52     0.051
    -171.23     0.008
    -169.95    -0.023
    -168.66    -0.031
    -167.37    -0.006
    -166.08     0.023
    -164.79    -0.011
    -163.50     0.049
    -162.22     0.142
    -160.93     0.088
    -159.64    -0.059
    -158.35    -0.028
    -157.06    -0.025
    -155.78    -0.076
    -154.49     0.006
    -153.20    -0.023
    -151.91     0.015
    -150.62     0.043
    -149.33    -0.007
    -148.05    -0.087
    -146.76     0.016
    -145.47     0.058
    -144.18    -0.042
    -142.89    -0.071
    -141.60    -0.053
    -140.32     0.041
    -139.03    -0.015
    -137.74    -0.041
    -136.45     0.066
    -135.16    -0.042
    -133.88    -0.028
    -132.59     0.054
    -131.30     0.067
    -130.01     0.075
    -128.72     0.009
    -127.43     0.004
    -126.15     0.006
    -124.86     0.013
    -123.57     0.093
    -122.28     0.212
    -120.99     0.239
    -119.70     0.203
    -118.42     0.159
    -117.13     0.251
    -115.84     0.329
    -114.55     0.305
    -113.26     0.434
    -111.98     0.388
    -110.69     0.527
    -109.40     0.582
    -108.11     0.677
    -106.82     0.712
    -105.53     0.705
    -104.25     0.789
    -102.96     0.917
    -101.67     0.916
    -100.38     1.020
     -99.09     1.108
     -97.80     1.072
     -96.52     1.208
     -95.23     1.318
     -93.94     1.461
     -92.65     1.701
     -91.36     1.938
     -90.08     2.225
     -88.79     2.577
     -87.50     3.031
     -86.21     3.583
     -84.92     4.457
     -83.63     5.478
     -82.35     6.982
     -81.06     9.461
     -79.77    12.885
     -78.48    18.051
     -77.19    25.456
     -75.90    34.048
     -74.62    41.425
     -73.33    44.905
     -72.04    46.685
     -70.75    47.884
     -69.46    48.943
     -68.18    48.205
     -66.89    45.334
     -65.60    39.989
     -64.31    34.946
     -63.02    32.030
     -61.73    30.860
     -60.45    30.897
     -59.16    32.442
     -57.87    35.770
     -56.58    38.788
     -55.29    40.446
     -54.00    41.046
     -52.72    41.267
     -51.43    40.591
     -50.14    38.753
     -48.85    35.277
     -47.56    30.325
     -46.28    24.777
     -44.99    19.620
     -43.70    15.064
     -42.41    11.494
     -41.12     9.009
     -39.83     7.603
     -38.55     6.742
     -37.26     6.334
     -35.97     6.198
     -34.68     6.281
     -33.39     6.588
     -32.10     7.372
     -30.82     9.197
     -29.53    13.855
     -28.24    21.902
     -26.95    31.976
     -25.66    40.377
     -24.38    45.382
     -23.09    46.349
     -21.80    43.890
     -20.51    39.645
     -19.22    37.691
     -17.93    39.538
     -16.65    44.532
     -15.36    49.411
     -14.07    50.613
     -12.78    48.089
     -11.49    43.895
     -10.20    41.842
      -8.92    42.264
      -7.63    45.513
      -6.34    50.410
      -5.05    57.344
      -3.76    66.304
      -2.48    76.003
      -1.19    86.590
       0.10    97.522
       1.39   106.936
       2.68   114.037
       3.97   118.369
       5.25   121.486
       6.54   118.440
       7.83   113.059
       9.12   106.457
      10.41    94.533
      11.70    81.282
      12.98    71.089
      14.27    63.429
      15.56    57.710
      16.85    52.366
      18.14    47.022
      19.42    42.939
      20.71    38.843
      22.00    34.031
      23.29    28.588
      24.58    22.704
      25.87    16.951
      27.15    11.620
      28.44     7.816
      29.73     5.314
      31.02     3.690
      32.31     2.564
      33.60     1.819
      34.88     1.402
      36.17     1.047
      37.46     0.853
      38.75     0.590
      40.04     0.389
      41.32     0.345
      42.61     0.291
      43.90     0.251
      45.19     0.297
      46.48     0.040
      47.77     0.152
      49.05     0.248
      50.34     0.114
      51.63     0.160
      52.92     0.050
      54.21    -0.030
      55.50     0.174
      56.78     0.098
      58.07     0.071
      59.36     0.072
      60.65     0.156
      61.94     0.099
      63.22     0.050
      64.51     0.038
      65.80     0.010
      67.09     0.007
      68.38    -0.011
      69.67     0.006
      70.95     0.061
      72.24    -0.029
      73.53     0.009
      74.82     0.019
      76.11     0.051
      77.40     0.117
      78.68     0.007
      79.97     0.017
      81.26     0.001
      82.55    -0.067
      83.84    -0.039
      85.12     0.023
      86.41    -0.018
      87.70     0.042
      88.99     0.050
      90.28     0.103
      91.57     0.062
      92.85     0.006
      94.14    -0.008
      95.43    -0.033
      96.72     0.059
      98.01     0.011
      99.30     0.062
     100.58    -0.090
     101.87    -0.081
     103.16    -0.031
     104.45    -0.076
     105.74    -0.080
     107.02    -0.026
     108.31    -0.001
     109.60    -0.102
     110.89    -0.053
     112.18    -0.014
     113.47     0.078
     114.75    -0.005
     116.04    -0.071
     117.33    -0.007
     118.62     0.019
     119.91     0.032
     121.20    -0.028
     122.48     0.020
     123.77     0.011
     125.06     0.080
     126.35    -0.015
     127.64    -0.028
     128.92     0.077
     130.21     0.007
     131.50    -0.005
     132.79     0.020
     134.08    -0.064
     135.37     0.042
     136.65    -0.009
     137.94     0.046
     139.23     0.079
     140.52    -0.053
     141.81    -0.007
     143.09     0.013
     144.38     0.077
     145.67    -0.005
     146.96     0.052
     148.25     0.039
     149.54    -0.009
     150.82    -0.080
     152.11     0.051
     153.40    -0.041
     154.69    -0.047
     155.98    -0.077
     157.27    -0.052
     158.55     0.024
     159.84     0.006
     161.13     0.059
     162.42     0.029
     163.71    -0.004
     164.99    -0.088
     166.28    -0.051
     167.57    -0.000
     168.86     0.005
     170.15    -0.013
     171.44    -0.020
     172.72    -0.046
     174.01    -0.027
     175.30     0.036
     176.59     0.047
     177.88     0.009
     179.17     0.035
     180.45    -0.042
     181.74    -0.013
     183.03    -0.090
     184.32     0.050
     185.61    -0.007
     186.89     0.062
     188.18    -0.059
     189.47    -0.078
     190.76     0.003
     192.05    -0.002
     193.34     0.034
     194.62     0.058
     195.91     0.021
     197.20    -0.064
     198.49     0.003
     199.78    -0.014
     201.07     0.119
     202.35    -0.006
     203.64     0.035
     204.93    -0.060
     206.22     0.045
     207.51     0.031
     208.79     0.063
     210.08     0.014
     211.37    -0.006
     212.66     0.057
     213.95    -0.043
     215.24     0.007
     216.52     0.010
     217.81    -0.019
     219.10    -0.008
     220.39     0.018
     221.68     0.017
     222.97    -0.029
     224.25    -0.072
     225.54     0.020
     226.83    -0.040
     228.12    -0.021
     229.41     0.117
     230.69     0.078
     231.98    -0.012
     233.27     0.028
     234.56     0.128
     235.85     0.079
     237.14     0.038
     238.42     0.017
     239.71     0.002
     241.00     0.016
     242.29     0.031
     243.58    -0.013
     244.87     0.104
     246.15     0.031
     247.44     0.033
     248.73     0.092
     250.02     0.021
     251.31     0.005
     252.59    -0.034
     253.88     0.015
     255.17    -0.000
     256.46    -0.032
     257.75     0.003
     259.04    -0.049
     260.32     0.008
     261.61    -0.008
     262.90    -0.050
     264.19     0.002
     265.48     0.041
     266.77    -0.043
     268.05     0.122
     269.34    -0.029
     270.63    -0.080
     271.92    -0.059
     273.21     0.051
     274.49    -0.111
     275.78    -0.049
     277.07    -0.084
     278.36    -0.021
     279.65     0.054
     280.94     0.075
     282.22    -0.108
     283.51    -0.000
     284.80    -0.020
     286.09     0.001
     287.38    -0.017
     288.67    -0.048
     289.95    -0.030
     291.24     0.035
     292.53     0.004
     293.82    -0.051
     295.11     0.010
     296.39    -0.095
     297.68     0.009
     298.97     0.117
     300.26    -0.023
     301.55    -0.035
     302.84    -0.044
     304.12     0.012
     305.41    -0.055
     306.70    -0.004
     307.99    -0.043
     309.28    -0.059
     310.57     0.065
     311.85     0.069
     313.14    -0.039
     314.43    -0.033
     315.72     0.021
     317.01     0.020
     318.29     0.054
     319.58    -0.008
     320.87    -0.042
     322.16     0.055
     323.45     0.024
     324.74    -0.098
     326.02     0.023
     327.31     0.017
     328.60    -0.017
     329.89     0.010
     331.18    -0.020
     332.47    -0.030
     333.75    -0.024
     335.04     0.047
     336.33    -0.054
     337.62     0.067
     338.91     0.036
     340.19     0.015
     341.48    -0.027
     342.77    -0.016
     344.06     0.045
     345.35     0.006
     346.64     0.070
     347.92    -0.086
     349.21    -0.052
     350.50    -0.052
     351.79    -0.047
     353.08    -0.021
     354.37    -0.023
     355.65     0.001
     356.94     0.020
     358.23    -0.014
     359.52    -0.017
     360.81    -0.028
     362.09     0.002
     363.38    -0.034
     364.67    -0.029
     365.96     0.053
     367.25     0.113
     368.54     0.069
     369.82     0.117
     371.11    -0.005
     372.40     0.009
     373.69    -0.009
     374.98     0.018
     376.27    -0.005
     377.55    -0.013
     378.84    -0.043
     380.13     0.035
     381.42     0.002
     382.71     0.044
     383.99    -0.030
     385.28    -0.046
     386.57     0.015
     387.86    -0.035
     389.15     0.049
     390.44     0.054
     391.72    -0.005
     393.01     0.041
     394.30    -0.036
     395.59    -0.032
     396.88     0.053
     398.17     0.042
     399.45    -0.004
%%GASS      0  datapoints: v_lsr [km/s] and T_B [K]
%%LAB     777  datapoints: v_lsr [km/s] and T_B [K]
    -399.82     0.003
    -398.79     0.047
    -397.76     0.034
    -396.73    -0.087
    -395.70     0.061
    -394.67    -0.034
    -393.64    -0.117
    -392.61     0.025
    -391.57     0.032
    -390.54     0.037
    -389.51    -0.106
    -388.48     0.162
    -387.45     0.087
    -386.42     0.028
    -385.39     0.004
    -384.36    -0.122
    -383.33    -0.010
    -382.30     0.050
    -381.27     0.131
    -380.24     0.039
    -379.21     0.093
    -378.18    -0.043
    -377.15     0.105
    -376.12    -0.095
    -375.09     0.025
    -374.06     0.012
    -373.03    -0.058
    -372.00     0.104
    -370.97     0.087
    -369.94     0.008
    -368.90     0.017
    -367.87     0.017
    -366.84    -0.008
    -365.81    -0.021
    -364.78    -0.010
    -363.75    -0.102
    -362.72     0.089
    -361.69    -0.087
    -360.66    -0.060
    -359.63    -0.064
    -358.60     0.048
    -357.57    -0.060
    -356.54     0.148
    -355.51    -0.008
    -354.48    -0.053
    -353.45    -0.047
    -352.42     0.063
    -351.39    -0.095
    -350.36     0.149
    -349.33     0.065
    -348.30    -0.051
    -347.26    -0.016
    -346.23     0.133
    -345.20    -0.078
    -344.17    -0.043
    -343.14     0.067
    -342.11    -0.020
    -341.08    -0.043
    -340.05     0.078
    -339.02    -0.001
    -337.99    -0.025
    -336.96     0.116
    -335.93    -0.084
    -334.90     0.008
    -333.87    -0.029
    -332.84     0.025
    -331.81     0.054
    -330.78     0.061
    -329.75    -0.119
    -328.72    -0.060
    -327.69    -0.043
    -326.66    -0.078
    -325.63    -0.119
    -324.59     0.006
    -323.56     0.050
    -322.53     0.107
    -321.50     0.019
    -320.47     0.041
    -319.44    -0.021
    -318.41    -0.010
    -317.38    -0.091
    -316.35    -0.086
    -315.32    -0.007
    -314.29    -0.060
    -313.26    -0.001
    -312.23    -0.045
    -311.20    -0.056
    -310.17     0.059
    -309.14     0.094
    -308.11     0.078
    -307.08     0.102
    -306.05     0.131
    -305.02     0.019
    -303.99     0.021
    -302.96     0.166
    -301.92    -0.128
    -300.89     0.082
    -299.86    -0.132
    -298.83    -0.031
    -297.80    -0.064
    -296.77     0.006
    -295.74     0.030
    -294.71    -0.106
    -293.68    -0.144
    -292.65    -0.020
    -291.62    -0.168
    -290.59    -0.124
    -289.56    -0.036
    -288.53     0.017
    -287.50    -0.053
    -286.47    -0.008
    -285.44    -0.031
    -284.41     0.059
    -283.38    -0.025
    -282.35     0.080
    -281.32    -0.036
    -280.29    -0.018
    -279.25    -0.080
    -278.22     0.212
    -277.19    -0.042
    -276.16     0.014
    -275.13    -0.031
    -274.10    -0.084
    -273.07     0.083
    -272.04     0.080
    -271.01     0.025
    -269.98    -0.031
    -268.95     0.045
    -267.92     0.118
    -266.89    -0.003
    -265.86     0.047
    -264.83    -0.071
    -263.80    -0.095
    -262.77    -0.032
    -261.74    -0.005
    -260.71    -0.043
    -259.68     0.177
    -258.65    -0.091
    -257.61     0.162
    -256.58    -0.051
    -255.55    -0.135
    -254.52     0.082
    -253.49     0.039
    -252.46    -0.084
    -251.43     0.188
    -250.40     0.072
    -249.37    -0.038
    -248.34     0.001
    -247.31     0.004
    -246.28     0.155
    -245.25     0.010
    -244.22     0.054
    -243.19     0.083
    -242.16     0.023
    -241.13     0.199
    -240.10    -0.100
    -239.07     0.061
    -238.04     0.008
    -237.01     0.111
    -235.98     0.001
    -234.94    -0.032
    -233.91    -0.016
    -232.88    -0.093
    -231.85     0.113
    -230.82    -0.014
    -229.79     0.014
    -228.76    -0.082
    -227.73     0.069
    -226.70     0.048
    -225.67    -0.100
    -224.64    -0.034
    -223.61    -0.172
    -222.58    -0.036
    -221.55    -0.001
    -220.52     0.006
    -219.49     0.021
    -218.46     0.127
    -217.43    -0.168
    -216.40     0.127
    -215.37     0.085
    -214.34    -0.084
    -213.31    -0.038
    -212.27     0.111
    -211.24    -0.001
    -210.21    -0.029
    -209.18    -0.021
    -208.15     0.034
    -207.12    -0.082
    -206.09    -0.003
    -205.06    -0.065
    -204.03     0.078
    -203.00     0.116
    -201.97     0.153
    -200.94    -0.135
    -199.91    -0.179
    -198.88    -0.126
    -197.85     0.183
    -196.82    -0.005
    -195.79    -0.130
    -194.76    -0.122
    -193.73     0.071
    -192.70     0.014
    -191.67     0.026
    -190.64    -0.054
    -189.60     0.028
    -188.57     0.206
    -187.54     0.122
    -186.51    -0.165
    -185.48     0.096
    -184.45     0.096
    -183.42     0.030
    -182.39    -0.163
    -181.36    -0.056
    -180.33    -0.161
    -179.30    -0.056
    -178.27    -0.012
    -177.24    -0.084
    -176.21    -0.040
    -175.18     0.083
    -174.15    -0.018
    -173.12    -0.062
    -172.09     0.052
    -171.06    -0.001
    -170.03     0.041
    -169.00     0.212
    -167.96    -0.040
    -166.93    -0.097
    -165.90    -0.080
    -164.87     0.072
    -163.84     0.072
    -162.81    -0.012
    -161.78    -0.014
    -160.75    -0.008
    -159.72    -0.065
    -158.69     0.014
    -157.66     0.026
    -156.63     0.072
    -155.60     0.170
    -154.57    -0.010
    -153.54     0.039
    -152.51     0.041
    -151.48    -0.095
    -150.45     0.102
    -149.42    -0.203
    -148.39    -0.010
    -147.36     0.008
    -146.33     0.043
    -145.29    -0.007
    -144.26     0.067
    -143.23    -0.025
    -142.20     0.063
    -141.17     0.107
    -140.14     0.067
    -139.11     0.026
    -138.08     0.017
    -137.05     0.122
    -136.02     0.131
    -134.99     0.041
    -133.96     0.120
    -132.93    -0.029
    -131.90     0.116
    -130.87     0.025
    -129.84     0.091
    -128.81    -0.113
    -127.78    -0.036
    -126.75     0.059
    -125.72     0.034
    -124.69    -0.032
    -123.66     0.131
    -122.62     0.146
    -121.59    -0.003
    -120.56     0.271
    -119.53     0.162
    -118.50     0.164
    -117.47     0.228
    -116.44     0.159
    -115.41     0.388
    -114.38     0.304
    -113.35     0.353
    -112.32     0.350
    -111.29     0.603
    -110.26     0.386
    -109.23     0.460
    -108.20     0.315
    -107.17     0.598
    -106.14     0.642
    -105.11     0.594
    -104.08     0.688
    -103.05     0.725
    -102.02     0.859
    -100.99     0.866
     -99.95     0.838
     -98.92     1.004
     -97.89     0.901
     -96.86     1.164
     -95.83     1.142
     -94.80     1.428
     -93.77     1.393
     -92.74     1.691
     -91.71     1.843
     -90.68     2.029
     -89.65     2.354
     -88.62     2.782
     -87.59     2.958
     -86.56     3.620
     -85.53     3.998
     -84.50     5.101
     -83.47     5.880
     -82.44     7.142
     -81.41     8.971
     -80.38    11.452
     -79.35    15.176
     -78.31    20.542
     -77.28    27.468
     -76.25    34.629
     -75.22    41.250
     -74.19    46.558
     -73.16    49.069
     -72.13    49.936
     -71.10    50.206
     -70.07    50.754
     -69.04    50.531
     -68.01    50.339
     -66.98    49.091
     -65.95    48.207
     -64.92    46.820
     -63.89    45.125
     -62.86    42.843
     -61.83    40.231
     -60.80    38.562
     -59.77    37.936
     -58.74    38.596
     -57.71    40.613
     -56.68    42.443
     -55.64    43.664
     -54.61    44.823
     -53.58    45.408
     -52.55    45.046
     -51.52    43.793
     -50.49    40.637
     -49.46    36.790
     -48.43    32.305
     -47.40    27.769
     -46.37    23.233
     -45.34    19.070
     -44.31    15.321
     -43.28    12.545
     -42.25    10.338
     -41.22     8.784
     -40.19     7.685
     -39.16     7.243
     -38.13     6.794
     -37.10     6.802
     -36.07     6.936
     -35.04     7.107
     -34.01     7.360
     -32.97     7.875
     -31.94     8.275
     -30.91     9.201
     -29.88    10.640
     -28.85    13.081
     -27.82    16.884
     -26.79    21.771
     -25.76    26.487
     -24.73    30.911
     -23.70    35.188
     -22.67    37.416
     -21.64    38.526
     -20.61    38.360
     -19.58    38.904
     -18.55    41.616
     -17.52    45.485
     -16.49    50.974
     -15.46    55.727
     -14.43    58.589
     -13.40    58.222
     -12.37    55.936
     -11.34    52.635
     -10.30    50.625
      -9.27    50.364
      -8.24    51.852
      -7.21    53.746
      -6.18    56.217
      -5.15    60.149
      -4.12    65.245
      -3.09    72.236
      -2.06    79.996
      -1.03    88.162
       0.00    95.453
       1.03   102.793
       2.06   108.064
       3.09   111.870
       4.12   115.449
       5.15   120.165
       6.18   119.068
       7.21   114.760
       8.24   111.095
       9.27   106.004
      10.30    95.961
      11.34    83.874
      12.37    73.308
      13.40    65.036
      14.43    58.273
      15.46    53.616
      16.49    49.424
      17.52    44.812
      18.55    40.495
      19.58    37.365
      20.61    34.774
      21.64    31.315
      22.67    28.036
      23.70    23.880
      24.73    19.599
      25.76    15.306
      26.79    11.409
      27.82     8.126
      28.85     5.955
      29.88     4.346
      30.91     3.074
      31.94     2.382
      32.97     1.867
      34.01     1.485
      35.04     1.068
      36.07     0.862
      37.10     0.620
      38.13     0.385
      39.16     0.532
      40.19     0.306
      41.22     0.238
      42.25     0.078
      43.28     0.219
      44.31     0.113
      45.34     0.137
      46.37     0.317
      47.40     0.149
      48.43     0.071
      49.46     0.273
      50.49     0.006
      51.52     0.148
      52.55     0.037
      53.58     0.181
      54.61    -0.032
      55.64     0.037
      56.68     0.003
      57.71     0.161
      58.74    -0.018
      59.77    -0.075
      60.80     0.043
      61.83    -0.020
      62.86     0.093
      63.89     0.043
      64.92     0.048
      65.95     0.054
      66.98    -0.087
      68.01    -0.128
      69.04    -0.168
      70.07     0.036
      71.10     0.138
      72.13     0.047
      73.16     0.017
      74.19    -0.008
      75.22     0.082
      76.25     0.105
      77.28     0.094
      78.31    -0.080
      79.35     0.001
      80.38     0.107
      81.41     0.080
      82.44    -0.038
      83.47    -0.087
      84.50     0.039
      85.53    -0.053
      86.56     0.111
      87.59     0.063
      88.62     0.047
      89.65    -0.029
      90.68    -0.093
      91.71     0.161
      92.74     0.065
      93.77     0.083
      94.80     0.063
      95.83    -0.124
      96.86     0.116
      97.89    -0.113
      98.92    -0.099
      99.95     0.047
     100.99    -0.023
     102.02     0.012
     103.05     0.142
     104.08     0.037
     105.11     0.045
     106.14     0.039
     107.17     0.026
     108.20     0.041
     109.23     0.059
     110.26     0.094
     111.29     0.131
     112.32     0.004
     113.35     0.100
     114.38     0.012
     115.41     0.054
     116.44     0.190
     117.47     0.043
     118.50     0.030
     119.53     0.021
     120.56     0.120
     121.59    -0.003
     122.62    -0.054
     123.66    -0.049
     124.69    -0.064
     125.72    -0.018
     126.75    -0.056
     127.78    -0.056
     128.81     0.203
     129.84     0.096
     130.87    -0.032
     131.90     0.008
     132.93     0.039
     133.96     0.017
     134.99    -0.031
     136.02     0.012
     137.05    -0.187
     138.08     0.006
     139.11     0.041
     140.14     0.109
     141.17    -0.126
     142.20    -0.025
     143.23    -0.155
     144.26     0.065
     145.29    -0.003
     146.33     0.096
     147.36    -0.020
     148.39    -0.181
     149.42     0.047
     150.45     0.144
     151.48    -0.075
     152.51    -0.054
     153.54     0.146
     154.57     0.140
     155.60     0.129
     156.63     0.026
     157.66     0.010
     158.69     0.105
     159.72     0.067
     160.75     0.124
     161.78    -0.007
     162.81     0.048
     163.84     0.037
     164.87    -0.157
     165.90    -0.135
     166.93     0.085
     167.96     0.015
     169.00     0.080
     170.03    -0.121
     171.06     0.076
     172.09    -0.075
     173.12     0.054
     174.15    -0.065
     175.18    -0.010
     176.21    -0.034
     177.24     0.061
     178.27    -0.155
     179.30    -0.014
     180.33    -0.201
     181.36    -0.047
     182.39     0.004
     183.42    -0.008
     184.45    -0.122
     185.48    -0.018
     186.51     0.085
     187.54     0.074
     188.57    -0.095
     189.60     0.003
     190.64    -0.007
     191.67     0.012
     192.70     0.071
     193.73    -0.042
     194.76     0.065
     195.79    -0.005
     196.82    -0.001
     197.85    -0.014
     198.88    -0.029
     199.91     0.032
     200.94     0.050
     201.97     0.078
     203.00    -0.056
     204.03     0.015
     205.06    -0.119
     206.09     0.083
     207.12    -0.036
     208.15    -0.029
     209.18    -0.084
     210.21     0.107
     211.24     0.071
     212.27     0.065
     213.31    -0.099
     214.34     0.155
     215.37     0.058
     216.40     0.170
     217.43    -0.117
     218.46    -0.053
     219.49    -0.025
     220.52     0.083
     221.55    -0.020
     222.58    -0.038
     223.61    -0.168
     224.64     0.249
     225.67    -0.023
     226.70     0.058
     227.73     0.021
     228.76    -0.121
     229.79     0.036
     230.82    -0.027
     231.85     0.071
     232.88    -0.097
     233.91     0.039
     234.94     0.003
     235.98    -0.069
     237.01     0.010
     238.04    -0.128
     239.07     0.127
     240.10     0.030
     241.13     0.001
     242.16    -0.005
     243.19     0.069
     244.22     0.217
     245.25    -0.168
     246.28     0.096
     247.31    -0.014
     248.34    -0.203
     249.37     0.001
     250.40     0.104
     251.43    -0.062
     252.46    -0.034
     253.49     0.041
     254.52     0.019
     255.55    -0.007
     256.58    -0.075
     257.61     0.093
     258.65     0.017
     259.68     0.091
     260.71    -0.106
     261.74    -0.110
     262.77    -0.089
     263.80     0.118
     264.83    -0.060
     265.86     0.100
     266.89    -0.174
     267.92     0.054
     268.95     0.006
     269.98    -0.018
     271.01     0.105
     272.04     0.008
     273.07     0.015
     274.10    -0.130
     275.13    -0.071
     276.16     0.074
     277.19    -0.082
     278.22    -0.029
     279.25     0.054
     280.29     0.069
     281.32    -0.122
     282.35     0.003
     283.38     0.094
     284.41    -0.047
     285.44     0.048
     286.47     0.010
     287.50     0.096
     288.53    -0.040
     289.56    -0.231
     290.59     0.131
     291.62     0.177
     292.65     0.080
     293.68    -0.071
     294.71    -0.001
     295.74     0.083
     296.77    -0.170
     297.80     0.098
     298.83    -0.018
     299.86     0.109
     300.89     0.001
     301.92    -0.047
     302.96    -0.093
     303.99    -0.065
     305.02     0.041
     306.05    -0.051
     307.08    -0.132
     308.11    -0.012
     309.14     0.025
     310.17     0.083
     311.20     0.074
     312.23     0.071
     313.26     0.098
     314.29    -0.060
     315.32     0.015
     316.35    -0.051
     317.38     0.026
     318.41    -0.080
     319.44     0.083
     320.47     0.241
     321.50     0.014
     322.53     0.094
     323.56    -0.104
     324.59    -0.137
     325.63     0.085
     326.66    -0.064
     327.69    -0.062
     328.72    -0.124
     329.75     0.096
     330.78    -0.111
     331.81    -0.075
     332.84    -0.053
     333.87     0.120
     334.90    -0.097
     335.93     0.026
     336.96    -0.163
     337.99    -0.159
     339.02    -0.071
     340.05    -0.054
     341.08    -0.115
     342.11    -0.100
     343.14    -0.001
     344.17     0.122
     345.20    -0.010
     346.23    -0.020
     347.26    -0.060
     348.30     0.082
     349.33     0.058
     350.36    -0.025
     351.39    -0.113
     352.42    -0.027
     353.45     0.162
     354.48     0.017
     355.51     0.045
     356.54    -0.034
     357.57    -0.025
     358.60     0.048
     359.63    -0.054
     360.66     0.144
     361.69     0.039
     362.72    -0.003
     363.75    -0.104
     364.78     0.025
     365.81     0.001
     366.84     0.260
     367.87     0.041
     368.90    -0.010
     369.94     0.017
     370.97     0.157
     372.00     0.021
     373.03     0.034
     374.06    -0.091
     375.09     0.023
     376.12     0.065
     377.15    -0.045
     378.18     0.004
     379.21     0.109
     380.24     0.153
     381.27     0.138
     382.30    -0.036
     383.33     0.116
     384.36     0.109
     385.39     0.122
     386.42    -0.005
     387.45    -0.110
     388.48     0.089
     389.51     0.146
     390.54     0.076
     391.57     0.023
     392.61    -0.036
     393.64     0.083
     394.67    -0.036
     395.70     0.262
     396.73    -0.023
     397.76    -0.069
     398.79     0.065
     399.82     0.030
