%%   75.00000  -2.50000    0   0.20000
% LAB  survey ------------------
% wanted position:  l, b, RA, DEC, and interpolated  NH
% 75.00 ;  -2.50 ; 307.75 ;  35.16 ;  0.563E+22
% nearest position: l, b, RA, DEC, and observed NH
% 75.00 ;  -2.50 ; 307.75 ;  35.16 ;  0.563E+22
% GASS III survey --------------
% NH - median within 6 arcmin radius   0.00    
% NH - mean within specified beam      0.00    
% EBHIS survey -----------------
% NH  within specified beam           0.563E+22
%%EBHIS   621  datapoints: v_lsr [km/s] and T_B [K]
    -399.25    -0.022
    -397.96    -0.018
    -396.68    -0.000
    -395.39    -0.009
    -394.10     0.030
    -392.81    -0.074
    -391.52     0.016
    -390.23    -0.073
    -388.95    -0.024
    -387.66     0.053
    -386.37    -0.034
    -385.08    -0.084
    -383.79    -0.007
    -382.50    -0.078
    -381.22    -0.147
    -379.93     0.016
    -378.64     0.065
    -377.35     0.043
    -376.06    -0.051
    -374.78    -0.091
    -373.49     0.063
    -372.20    -0.017
    -370.91     0.008
    -369.62    -0.001
    -368.33    -0.132
    -367.05     0.117
    -365.76     0.037
    -364.47     0.071
    -363.18    -0.010
    -361.89    -0.064
    -360.60    -0.039
    -359.32     0.123
    -358.03    -0.119
    -356.74    -0.079
    -355.45     0.066
    -354.16    -0.061
    -352.88    -0.121
    -351.59     0.024
    -350.30     0.097
    -349.01     0.194
    -347.72     0.012
    -346.43    -0.032
    -345.15     0.158
    -343.86     0.117
    -342.57    -0.017
    -341.28     0.034
    -339.99    -0.083
    -338.70    -0.089
    -337.42    -0.010
    -336.13     0.045
    -334.84    -0.135
    -333.55    -0.071
    -332.26    -0.064
    -330.98    -0.005
    -329.69    -0.008
    -328.40    -0.053
    -327.11     0.019
    -325.82     0.041
    -324.53     0.077
    -323.25     0.081
    -321.96    -0.110
    -320.67    -0.176
    -319.38     0.100
    -318.09     0.057
    -316.80     0.002
    -315.52    -0.114
    -314.23     0.013
    -312.94    -0.088
    -311.65    -0.135
    -310.36    -0.005
    -309.08     0.074
    -307.79    -0.015
    -306.50     0.071
    -305.21     0.147
    -303.92    -0.020
    -302.63     0.069
    -301.35     0.055
    -300.06     0.046
    -298.77     0.171
    -297.48     0.131
    -296.19     0.021
    -294.90     0.004
    -293.62    -0.098
    -292.33    -0.074
    -291.04     0.003
    -289.75     0.120
    -288.46     0.101
    -287.18    -0.144
    -285.89     0.047
    -284.60     0.060
    -283.31     0.131
    -282.02    -0.004
    -280.73    -0.005
    -279.45    -0.008
    -278.16     0.008
    -276.87    -0.035
    -275.58    -0.050
    -274.29    -0.057
    -273.00     0.010
    -271.72     0.021
    -270.43    -0.012
    -269.14    -0.016
    -267.85     0.032
    -266.56    -0.021
    -265.28     0.040
    -263.99    -0.028
    -262.70     0.074
    -261.41     0.046
    -260.12     0.059
    -258.83     0.014
    -257.55    -0.078
    -256.26     0.091
    -254.97     0.030
    -253.68    -0.017
    -252.39    -0.005
    -251.10     0.059
    -249.82     0.038
    -248.53     0.062
    -247.24    -0.043
    -245.95    -0.098
    -244.66    -0.058
    -243.38     0.124
    -242.09    -0.031
    -240.80    -0.073
    -239.51    -0.035
    -238.22    -0.097
    -236.93     0.001
    -235.65     0.054
    -234.36     0.102
    -233.07    -0.060
    -231.78    -0.039
    -230.49    -0.038
    -229.20    -0.020
    -227.92     0.050
    -226.63    -0.048
    -225.34     0.060
    -224.05     0.006
    -222.76    -0.064
    -221.48    -0.021
    -220.19     0.056
    -218.90     0.107
    -217.61     0.031
    -216.32     0.030
    -215.03    -0.077
    -213.75    -0.051
    -212.46     0.006
    -211.17    -0.020
    -209.88    -0.026
    -208.59     0.078
    -207.30    -0.025
    -206.02    -0.027
    -204.73     0.055
    -203.44     0.079
    -202.15     0.106
    -200.86     0.001
    -199.58    -0.004
    -198.29     0.046
    -197.00     0.010
    -195.71     0.115
    -194.42     0.013
    -193.13    -0.103
    -191.85     0.055
    -190.56     0.034
    -189.27    -0.029
    -187.98    -0.034
    -186.69    -0.010
    -185.40     0.046
    -184.12    -0.072
    -182.83    -0.021
    -181.54     0.052
    -180.25     0.150
    -178.96     0.118
    -177.68    -0.090
    -176.39    -0.011
    -175.10     0.045
    -173.81     0.021
    -172.52    -0.035
    -171.23    -0.018
    -169.95     0.012
    -168.66    -0.010
    -167.37     0.028
    -166.08     0.026
    -164.79     0.027
    -163.50     0.076
    -162.22    -0.131
    -160.93    -0.031
    -159.64    -0.010
    -158.35    -0.104
    -157.06    -0.028
    -155.78     0.030
    -154.49     0.039
    -153.20     0.063
    -151.91    -0.063
    -150.62     0.033
    -149.33     0.174
    -148.05     0.027
    -146.76     0.002
    -145.47     0.072
    -144.18     0.069
    -142.89     0.083
    -141.60    -0.070
    -140.32    -0.022
    -139.03    -0.034
    -137.74     0.033
    -136.45    -0.095
    -135.16    -0.020
    -133.88    -0.021
    -132.59    -0.021
    -131.30     0.042
    -130.01    -0.008
    -128.72    -0.012
    -127.43     0.157
    -126.15     0.236
    -124.86     0.222
    -123.57     0.339
    -122.28     0.305
    -120.99     0.418
    -119.70     0.471
    -118.42     0.530
    -117.13     0.527
    -115.84     0.566
    -114.55     0.711
    -113.26     0.727
    -111.98     0.792
    -110.69     0.886
    -109.40     0.886
    -108.11     0.764
    -106.82     0.839
    -105.53     0.828
    -104.25     0.920
    -102.96     0.825
    -101.67     0.745
    -100.38     0.746
     -99.09     0.771
     -97.80     0.837
     -96.52     0.858
     -95.23     0.933
     -93.94     0.987
     -92.65     1.073
     -91.36     1.333
     -90.08     1.561
     -88.79     1.746
     -87.50     2.038
     -86.21     2.268
     -84.92     2.775
     -83.63     3.146
     -82.35     4.040
     -81.06     4.894
     -79.77     5.307
     -78.48     5.759
     -77.19     5.583
     -75.90     5.514
     -74.62     5.897
     -73.33     6.304
     -72.04     6.725
     -70.75     7.408
     -69.46     7.964
     -68.18     9.401
     -66.89    11.342
     -65.60    12.097
     -64.31    11.002
     -63.02     9.833
     -61.73     9.180
     -60.45     8.211
     -59.16     7.380
     -57.87     6.782
     -56.58     6.230
     -55.29     5.858
     -54.00     5.292
     -52.72     5.116
     -51.43     5.134
     -50.14     5.260
     -48.85     5.464
     -47.56     5.419
     -46.28     5.098
     -44.99     5.299
     -43.70     5.819
     -42.41     6.667
     -41.12     7.502
     -39.83     7.970
     -38.55     7.650
     -37.26     7.804
     -35.97     7.903
     -34.68     8.059
     -33.39     8.879
     -32.10    11.462
     -30.82    17.571
     -29.53    24.681
     -28.24    28.227
     -26.95    27.795
     -25.66    24.034
     -24.38    18.944
     -23.09    15.182
     -21.80    13.182
     -20.51    11.773
     -19.22    11.593
     -17.93    11.277
     -16.65    11.735
     -15.36    12.115
     -14.07    12.684
     -12.78    13.695
     -11.49    15.305
     -10.20    17.964
      -8.92    22.514
      -7.63    29.020
      -6.34    39.404
      -5.05    54.073
      -3.76    71.027
      -2.48    86.814
      -1.19    97.378
       0.10   106.653
       1.39   112.737
       2.68   114.483
       3.97   113.679
       5.25   113.307
       6.54   116.224
       7.83   112.238
       9.12   101.029
      10.41    93.163
      11.70    85.419
      12.98    75.924
      14.27    62.448
      15.56    48.017
      16.85    34.910
      18.14    25.362
      19.42    18.192
      20.71    13.127
      22.00     9.768
      23.29     7.267
      24.58     5.636
      25.87     4.450
      27.15     3.332
      28.44     2.663
      29.73     2.180
      31.02     1.859
      32.31     1.270
      33.60     0.936
      34.88     0.931
      36.17     0.626
      37.46     0.512
      38.75     0.463
      40.04     0.306
      41.32     0.260
      42.61     0.423
      43.90     0.130
      45.19     0.111
      46.48     0.143
      47.77     0.129
      49.05     0.110
      50.34     0.236
      51.63     0.090
      52.92     0.149
      54.21     0.266
      55.50     0.132
      56.78     0.087
      58.07     0.000
      59.36     0.135
      60.65     0.047
      61.94    -0.021
      63.22     0.031
      64.51    -0.001
      65.80     0.035
      67.09     0.045
      68.38    -0.061
      69.67     0.038
      70.95    -0.081
      72.24     0.160
      73.53     0.033
      74.82     0.054
      76.11    -0.074
      77.40    -0.011
      78.68     0.139
      79.97     0.217
      81.26    -0.034
      82.55    -0.030
      83.84    -0.146
      85.12     0.021
      86.41    -0.122
      87.70    -0.101
      88.99    -0.089
      90.28    -0.066
      91.57    -0.164
      92.85    -0.196
      94.14    -0.069
      95.43    -0.236
      96.72     0.040
      98.01    -0.007
      99.30    -0.057
     100.58    -0.043
     101.87    -0.089
     103.16    -0.014
     104.45     0.076
     105.74     0.095
     107.02    -0.142
     108.31    -0.081
     109.60    -0.080
     110.89    -0.043
     112.18    -0.140
     113.47    -0.165
     114.75    -0.007
     116.04     0.080
     117.33     0.059
     118.62     0.028
     119.91     0.027
     121.20     0.074
     122.48     0.044
     123.77     0.080
     125.06     0.050
     126.35     0.024
     127.64    -0.138
     128.92     0.006
     130.21     0.074
     131.50    -0.086
     132.79    -0.015
     134.08     0.004
     135.37     0.079
     136.65     0.153
     137.94     0.065
     139.23    -0.034
     140.52    -0.029
     141.81     0.032
     143.09    -0.089
     144.38    -0.041
     145.67     0.050
     146.96    -0.033
     148.25     0.041
     149.54     0.070
     150.82     0.179
     152.11    -0.030
     153.40    -0.052
     154.69     0.047
     155.98     0.059
     157.27     0.072
     158.55     0.017
     159.84    -0.110
     161.13     0.044
     162.42     0.103
     163.71     0.024
     164.99    -0.022
     166.28     0.070
     167.57     0.036
     168.86     0.027
     170.15    -0.045
     171.44     0.055
     172.72     0.062
     174.01     0.028
     175.30     0.103
     176.59     0.053
     177.88     0.067
     179.17     0.102
     180.45     0.005
     181.74     0.005
     183.03     0.125
     184.32     0.043
     185.61    -0.009
     186.89     0.060
     188.18    -0.205
     189.47    -0.071
     190.76    -0.040
     192.05    -0.033
     193.34    -0.005
     194.62     0.117
     195.91     0.056
     197.20     0.069
     198.49     0.011
     199.78    -0.024
     201.07     0.022
     202.35     0.114
     203.64    -0.062
     204.93    -0.055
     206.22    -0.118
     207.51    -0.101
     208.79     0.028
     210.08     0.045
     211.37    -0.046
     212.66    -0.134
     213.95    -0.150
     215.24     0.053
     216.52    -0.022
     217.81    -0.082
     219.10    -0.060
     220.39    -0.036
     221.68     0.004
     222.97    -0.032
     224.25    -0.029
     225.54     0.044
     226.83    -0.074
     228.12     0.009
     229.41    -0.030
     230.69     0.025
     231.98    -0.022
     233.27     0.080
     234.56    -0.106
     235.85     0.063
     237.14     0.158
     238.42     0.074
     239.71     0.017
     241.00     0.052
     242.29     0.131
     243.58     0.114
     244.87     0.043
     246.15     0.005
     247.44     0.014
     248.73    -0.009
     250.02    -0.049
     251.31    -0.092
     252.59     0.102
     253.88     0.069
     255.17     0.069
     256.46    -0.030
     257.75    -0.055
     259.04     0.003
     260.32    -0.075
     261.61    -0.007
     262.90     0.035
     264.19    -0.016
     265.48    -0.016
     266.77     0.049
     268.05     0.119
     269.34     0.044
     270.63    -0.055
     271.92    -0.069
     273.21    -0.025
     274.49    -0.079
     275.78     0.009
     277.07    -0.054
     278.36    -0.073
     279.65    -0.001
     280.94     0.109
     282.22    -0.034
     283.51     0.007
     284.80    -0.049
     286.09    -0.074
     287.38     0.096
     288.67     0.031
     289.95     0.024
     291.24     0.026
     292.53    -0.086
     293.82    -0.072
     295.11    -0.031
     296.39    -0.069
     297.68    -0.077
     298.97     0.109
     300.26     0.055
     301.55     0.075
     302.84     0.053
     304.12    -0.073
     305.41    -0.096
     306.70    -0.009
     307.99    -0.043
     309.28    -0.052
     310.57    -0.099
     311.85    -0.022
     313.14    -0.004
     314.43    -0.055
     315.72     0.020
     317.01     0.019
     318.29    -0.155
     319.58     0.016
     320.87    -0.089
     322.16     0.071
     323.45     0.028
     324.74    -0.013
     326.02     0.053
     327.31    -0.048
     328.60     0.033
     329.89    -0.095
     331.18     0.050
     332.47    -0.086
     333.75    -0.060
     335.04    -0.083
     336.33    -0.130
     337.62    -0.055
     338.91     0.121
     340.19    -0.050
     341.48    -0.078
     342.77    -0.101
     344.06    -0.031
     345.35     0.202
     346.64     0.089
     347.92    -0.020
     349.21     0.107
     350.50     0.076
     351.79     0.083
     353.08     0.028
     354.37     0.126
     355.65     0.134
     356.94     0.008
     358.23     0.007
     359.52     0.110
     360.81    -0.035
     362.09     0.028
     363.38     0.024
     364.67     0.034
     365.96     0.037
     367.25     0.164
     368.54    -0.047
     369.82    -0.010
     371.11     0.083
     372.40     0.062
     373.69     0.008
     374.98    -0.128
     376.27    -0.134
     377.55    -0.020
     378.84     0.027
     380.13     0.149
     381.42     0.027
     382.71    -0.015
     383.99     0.096
     385.28     0.044
     386.57     0.096
     387.86     0.079
     389.15    -0.047
     390.44    -0.206
     391.72    -0.083
     393.01    -0.077
     394.30     0.027
     395.59     0.044
     396.88    -0.018
     398.17     0.060
     399.45    -0.017
%%GASS      0  datapoints: v_lsr [km/s] and T_B [K]
%%LAB     777  datapoints: v_lsr [km/s] and T_B [K]
    -399.82     0.031
    -398.79     0.041
    -397.76     0.086
    -396.73    -0.080
    -395.69    -0.019
    -394.66     0.052
    -393.63     0.070
    -392.60     0.148
    -391.57    -0.051
    -390.54    -0.025
    -389.51    -0.099
    -388.48    -0.057
    -387.45     0.162
    -386.42    -0.133
    -385.39    -0.053
    -384.36    -0.017
    -383.33    -0.065
    -382.30     0.002
    -381.27    -0.023
    -380.24     0.013
    -379.21     0.125
    -378.18     0.008
    -377.15     0.077
    -376.12    -0.096
    -375.09     0.084
    -374.06    -0.035
    -373.02     0.066
    -371.99    -0.080
    -370.96    -0.117
    -369.93     0.072
    -368.90     0.216
    -367.87    -0.053
    -366.84    -0.037
    -365.81     0.015
    -364.78     0.025
    -363.75    -0.016
    -362.72    -0.117
    -361.69     0.006
    -360.66     0.041
    -359.63    -0.146
    -358.60     0.141
    -357.57     0.205
    -356.54     0.095
    -355.51     0.002
    -354.48     0.029
    -353.45    -0.065
    -352.42     0.011
    -351.39    -0.131
    -350.35     0.178
    -349.32     0.013
    -348.29     0.015
    -347.26     0.109
    -346.23     0.006
    -345.20    -0.106
    -344.17    -0.065
    -343.14     0.080
    -342.11    -0.135
    -341.08     0.080
    -340.05     0.155
    -339.02    -0.140
    -337.99    -0.019
    -336.96     0.084
    -335.93     0.079
    -334.90     0.097
    -333.87    -0.032
    -332.84    -0.064
    -331.81    -0.121
    -330.78    -0.008
    -329.75    -0.149
    -328.72    -0.046
    -327.68    -0.083
    -326.65    -0.147
    -325.62     0.000
    -324.59    -0.073
    -323.56     0.072
    -322.53    -0.001
    -321.50     0.113
    -320.47    -0.046
    -319.44     0.013
    -318.41     0.175
    -317.38     0.059
    -316.35    -0.039
    -315.32     0.166
    -314.29     0.127
    -313.26     0.038
    -312.23    -0.021
    -311.20     0.082
    -310.17     0.125
    -309.14     0.068
    -308.11     0.104
    -307.08    -0.021
    -306.05     0.184
    -305.01     0.018
    -303.98    -0.030
    -302.95     0.057
    -301.92    -0.010
    -300.89     0.024
    -299.86    -0.014
    -298.83    -0.090
    -297.80    -0.044
    -296.77     0.020
    -295.74    -0.005
    -294.71     0.004
    -293.68    -0.062
    -292.65     0.109
    -291.62    -0.206
    -290.59    -0.130
    -289.56     0.038
    -288.53     0.006
    -287.50    -0.158
    -286.47     0.137
    -285.44    -0.153
    -284.41     0.079
    -283.38     0.020
    -282.34    -0.117
    -281.31    -0.019
    -280.28    -0.046
    -279.25     0.082
    -278.22    -0.023
    -277.19     0.029
    -276.16    -0.071
    -275.13    -0.133
    -274.10     0.196
    -273.07    -0.062
    -272.04     0.036
    -271.01    -0.046
    -269.98    -0.048
    -268.95    -0.039
    -267.92    -0.003
    -266.89     0.018
    -265.86    -0.099
    -264.83     0.091
    -263.80     0.068
    -262.77    -0.121
    -261.74     0.080
    -260.71    -0.028
    -259.67     0.180
    -258.64     0.034
    -257.61     0.045
    -256.58     0.022
    -255.55     0.098
    -254.52     0.139
    -253.49     0.086
    -252.46     0.022
    -251.43    -0.025
    -250.40     0.186
    -249.37     0.036
    -248.34    -0.021
    -247.31     0.063
    -246.28    -0.003
    -245.25     0.089
    -244.22    -0.153
    -243.19     0.045
    -242.16     0.011
    -241.13     0.130
    -240.10     0.041
    -239.07     0.016
    -238.04    -0.165
    -237.00    -0.007
    -235.97    -0.060
    -234.94    -0.110
    -233.91    -0.112
    -232.88    -0.055
    -231.85     0.013
    -230.82    -0.121
    -229.79    -0.049
    -228.76    -0.014
    -227.73     0.118
    -226.70     0.084
    -225.67    -0.178
    -224.64     0.113
    -223.61    -0.074
    -222.58     0.009
    -221.55    -0.042
    -220.52     0.038
    -219.49     0.041
    -218.46     0.145
    -217.43     0.093
    -216.40     0.000
    -215.37    -0.053
    -214.33    -0.073
    -213.30     0.102
    -212.27     0.016
    -211.24    -0.133
    -210.21    -0.146
    -209.18     0.040
    -208.15    -0.135
    -207.12    -0.057
    -206.09     0.164
    -205.06     0.043
    -204.03     0.095
    -203.00     0.036
    -201.97     0.024
    -200.94    -0.174
    -199.91     0.182
    -198.88    -0.017
    -197.85     0.031
    -196.82    -0.017
    -195.79     0.036
    -194.76    -0.069
    -193.73     0.073
    -192.70     0.102
    -191.66     0.105
    -190.63    -0.071
    -189.60    -0.051
    -188.57    -0.035
    -187.54    -0.142
    -186.51    -0.003
    -185.48    -0.010
    -184.45    -0.065
    -183.42     0.141
    -182.39    -0.053
    -181.36    -0.067
    -180.33    -0.124
    -179.30     0.022
    -178.27     0.061
    -177.24    -0.039
    -176.21     0.054
    -175.18     0.008
    -174.15     0.057
    -173.12     0.040
    -172.09    -0.065
    -171.06     0.194
    -170.03     0.041
    -168.99     0.038
    -167.96    -0.062
    -166.93    -0.049
    -165.90     0.034
    -164.87    -0.007
    -163.84     0.079
    -162.81    -0.010
    -161.78    -0.057
    -160.75    -0.049
    -159.72     0.008
    -158.69     0.036
    -157.66     0.079
    -156.63     0.155
    -155.60    -0.087
    -154.57    -0.144
    -153.54    -0.058
    -152.51    -0.172
    -151.48    -0.114
    -150.45    -0.060
    -149.42     0.048
    -148.39     0.169
    -147.36     0.121
    -146.32     0.054
    -145.29     0.118
    -144.26     0.127
    -143.23    -0.010
    -142.20    -0.121
    -141.17     0.063
    -140.14     0.008
    -139.11     0.123
    -138.08     0.002
    -137.05     0.068
    -136.02     0.041
    -134.99     0.047
    -133.96     0.000
    -132.93     0.169
    -131.90    -0.087
    -130.87     0.038
    -129.84     0.205
    -128.81     0.050
    -127.78     0.177
    -126.75     0.312
    -125.72     0.282
    -124.69     0.266
    -123.65     0.364
    -122.62     0.218
    -121.59     0.356
    -120.56     0.410
    -119.53     0.536
    -118.50     0.522
    -117.47     0.609
    -116.44     0.629
    -115.41     0.769
    -114.38     0.574
    -113.35     0.693
    -112.32     0.746
    -111.29     0.782
    -110.26     0.757
    -109.23     0.816
    -108.20     0.625
    -107.17     0.716
    -106.14     0.782
    -105.11     0.798
    -104.08     0.764
    -103.05     0.618
    -102.02     0.627
    -100.98     0.894
     -99.95     0.604
     -98.92     0.680
     -97.89     0.752
     -96.86     0.826
     -95.83     0.917
     -94.80     0.750
     -93.77     0.899
     -92.74     1.104
     -91.71     1.213
     -90.68     1.458
     -89.65     1.497
     -88.62     1.763
     -87.59     2.058
     -86.56     2.245
     -85.53     2.791
     -84.50     3.176
     -83.47     3.687
     -82.44     4.543
     -81.41     5.032
     -80.38     5.522
     -79.35     5.951
     -78.31     6.049
     -77.28     6.273
     -76.25     6.506
     -75.22     6.470
     -74.19     6.853
     -73.16     7.031
     -72.13     7.321
     -71.10     7.565
     -70.07     8.042
     -69.04     8.368
     -68.01     9.103
     -66.98     9.852
     -65.95    10.698
     -64.92    10.675
     -63.89    10.327
     -62.86     9.788
     -61.83     9.019
     -60.80     8.115
     -59.77     7.318
     -58.74     6.374
     -57.71     5.682
     -56.68     4.997
     -55.64     4.877
     -54.61     4.514
     -53.58     4.229
     -52.55     4.135
     -51.52     4.167
     -50.49     4.142
     -49.46     4.464
     -48.43     4.639
     -47.40     4.512
     -46.37     4.358
     -45.34     4.552
     -44.31     4.723
     -43.28     5.086
     -42.25     5.383
     -41.22     5.940
     -40.19     6.467
     -39.16     7.133
     -38.13     7.674
     -37.10     8.058
     -36.07     8.710
     -35.04     9.368
     -34.01    10.562
     -32.97    12.152
     -31.94    14.688
     -30.91    17.994
     -29.88    21.634
     -28.85    24.011
     -27.82    24.741
     -26.79    24.398
     -25.76    22.310
     -24.73    19.604
     -23.70    17.695
     -22.67    15.963
     -21.64    14.211
     -20.61    13.289
     -19.58    12.373
     -18.55    11.821
     -17.52    11.486
     -16.49    11.630
     -15.46    11.912
     -14.43    12.431
     -13.40    13.156
     -12.37    13.989
     -11.34    15.559
     -10.30    17.812
      -9.27    21.112
      -8.24    25.800
      -7.21    32.710
      -6.18    42.006
      -5.15    54.906
      -4.12    68.876
      -3.09    80.707
      -2.06    89.858
      -1.03    97.730
       0.00   103.649
       1.03   109.444
       2.06   112.780
       3.09   114.873
       4.12   114.798
       5.15   114.478
       6.18   116.400
       7.21   115.738
       8.24   109.788
       9.27   102.015
      10.30    95.628
      11.34    89.135
      12.37    81.072
      13.40    71.208
      14.43    60.667
      15.46    49.694
      16.49    39.520
      17.52    30.886
      18.55    24.022
      19.58    18.291
      20.61    14.158
      21.64    10.917
      22.67     8.706
      23.70     6.981
      24.73     5.741
      25.76     4.575
      26.79     3.607
      27.82     2.859
      28.85     2.457
      29.88     1.666
      30.91     1.414
      31.94     1.065
      32.97     1.040
      34.01     0.675
      35.04     0.622
      36.07     0.404
      37.10     0.485
      38.13     0.230
      39.16     0.321
      40.19     0.219
      41.22     0.129
      42.25     0.223
      43.28     0.182
      44.31     0.097
      45.34     0.202
      46.37     0.043
      47.40    -0.033
      48.43    -0.078
      49.46     0.073
      50.49     0.013
      51.52     0.136
      52.55    -0.167
      53.58     0.088
      54.61     0.162
      55.64     0.129
      56.67     0.089
      57.71     0.207
      58.74     0.091
      59.77     0.029
      60.80    -0.165
      61.83     0.072
      62.86    -0.055
      63.89     0.114
      64.92     0.093
      65.95     0.159
      66.98     0.011
      68.01     0.011
      69.04     0.066
      70.07     0.086
      71.10     0.013
      72.13    -0.057
      73.16    -0.119
      74.19     0.104
      75.22    -0.114
      76.25    -0.044
      77.28     0.050
      78.31     0.024
      79.35     0.006
      80.38     0.146
      81.41    -0.185
      82.44    -0.044
      83.47     0.024
      84.50    -0.090
      85.53     0.013
      86.56    -0.065
      87.59     0.161
      88.62     0.091
      89.65    -0.049
      90.68     0.045
      91.71     0.132
      92.74     0.020
      93.77    -0.235
      94.80     0.011
      95.83    -0.025
      96.86    -0.005
      97.89    -0.083
      98.92     0.080
      99.95     0.025
     100.98     0.196
     102.02    -0.032
     103.05    -0.044
     104.08    -0.078
     105.11     0.043
     106.14     0.073
     107.17     0.276
     108.20     0.093
     109.23     0.029
     110.26     0.093
     111.29     0.109
     112.32    -0.030
     113.35     0.000
     114.38     0.022
     115.41     0.025
     116.44     0.043
     117.47     0.009
     118.50     0.120
     119.53     0.082
     120.56     0.002
     121.59    -0.044
     122.62    -0.078
     123.65    -0.058
     124.69     0.146
     125.72     0.196
     126.75    -0.042
     127.78     0.015
     128.81    -0.058
     129.84    -0.071
     130.87    -0.062
     131.90     0.191
     132.93    -0.060
     133.96    -0.074
     134.99    -0.041
     136.02     0.015
     137.05    -0.167
     138.08    -0.071
     139.11     0.111
     140.14    -0.083
     141.17    -0.158
     142.20    -0.025
     143.23    -0.142
     144.26     0.057
     145.29    -0.073
     146.32    -0.058
     147.36     0.047
     148.39    -0.094
     149.42    -0.245
     150.45     0.093
     151.48     0.022
     152.51     0.073
     153.54     0.006
     154.57     0.095
     155.60    -0.133
     156.63     0.086
     157.66    -0.069
     158.69     0.111
     159.72     0.072
     160.75    -0.099
     161.78    -0.081
     162.81     0.168
     163.84     0.059
     164.87    -0.149
     165.90     0.031
     166.93     0.006
     167.96    -0.007
     168.99    -0.014
     170.03     0.075
     171.06    -0.085
     172.09     0.009
     173.12    -0.001
     174.15    -0.083
     175.18    -0.019
     176.21     0.008
     177.24     0.009
     178.27    -0.039
     179.30     0.145
     180.33    -0.073
     181.36     0.079
     182.39     0.025
     183.42    -0.089
     184.45    -0.053
     185.48     0.016
     186.51    -0.007
     187.54    -0.130
     188.57    -0.023
     189.60     0.121
     190.63     0.089
     191.66    -0.071
     192.70    -0.053
     193.73     0.027
     194.76     0.063
     195.79     0.196
     196.82     0.066
     197.85     0.097
     198.88    -0.081
     199.91     0.036
     200.94     0.155
     201.97    -0.039
     203.00    -0.176
     204.03     0.070
     205.06    -0.010
     206.09     0.072
     207.12     0.111
     208.15     0.120
     209.18     0.132
     210.21    -0.051
     211.24     0.109
     212.27     0.013
     213.30    -0.039
     214.33     0.143
     215.37     0.050
     216.40     0.040
     217.43    -0.103
     218.46     0.027
     219.49     0.031
     220.52     0.157
     221.55     0.045
     222.58    -0.174
     223.61    -0.030
     224.64     0.015
     225.67    -0.030
     226.70    -0.012
     227.73    -0.021
     228.76    -0.039
     229.79    -0.032
     230.82     0.093
     231.85     0.029
     232.88     0.095
     233.91     0.002
     234.94    -0.089
     235.97     0.004
     237.00    -0.041
     238.04     0.120
     239.07     0.000
     240.10     0.120
     241.13    -0.037
     242.16    -0.181
     243.19    -0.007
     244.22     0.015
     245.25     0.006
     246.28     0.027
     247.31     0.059
     248.34     0.013
     249.37     0.079
     250.40    -0.023
     251.43     0.015
     252.46     0.013
     253.49    -0.181
     254.52    -0.185
     255.55     0.097
     256.58    -0.119
     257.61     0.032
     258.64    -0.033
     259.67    -0.008
     260.71     0.045
     261.74     0.075
     262.77    -0.199
     263.80     0.072
     264.83    -0.001
     265.86     0.084
     266.89     0.054
     267.92     0.020
     268.95     0.015
     269.98    -0.033
     271.01     0.077
     272.04     0.075
     273.07    -0.025
     274.10    -0.021
     275.13     0.032
     276.16    -0.085
     277.19    -0.097
     278.22     0.025
     279.25     0.047
     280.28     0.063
     281.31    -0.067
     282.34     0.216
     283.38     0.036
     284.41     0.000
     285.44    -0.110
     286.47     0.120
     287.50     0.032
     288.53    -0.017
     289.56    -0.108
     290.59    -0.044
     291.62    -0.106
     292.65     0.011
     293.68     0.036
     294.71    -0.165
     295.74    -0.124
     296.77    -0.096
     297.80    -0.003
     298.83    -0.090
     299.86    -0.092
     300.89     0.050
     301.92    -0.114
     302.95    -0.010
     303.98    -0.073
     305.01     0.027
     306.05     0.097
     307.08     0.095
     308.11     0.063
     309.14     0.002
     310.17    -0.008
     311.20     0.105
     312.23     0.020
     313.26    -0.023
     314.29    -0.044
     315.32    -0.001
     316.35     0.000
     317.38     0.084
     318.41     0.036
     319.44    -0.046
     320.47     0.164
     321.50    -0.021
     322.53    -0.021
     323.56     0.024
     324.59    -0.053
     325.62    -0.041
     326.65    -0.051
     327.68    -0.035
     328.72    -0.074
     329.75    -0.012
     330.78     0.068
     331.81     0.093
     332.84    -0.049
     333.87    -0.071
     334.90    -0.081
     335.93    -0.019
     336.96    -0.035
     337.99     0.048
     339.02    -0.158
     340.05     0.075
     341.08     0.011
     342.11     0.027
     343.14    -0.023
     344.17     0.008
     345.20    -0.065
     346.23     0.056
     347.26     0.146
     348.29    -0.097
     349.32     0.052
     350.35    -0.041
     351.39     0.004
     352.42     0.070
     353.45    -0.030
     354.48     0.054
     355.51    -0.089
     356.54     0.111
     357.57    -0.169
     358.60    -0.046
     359.63    -0.046
     360.66     0.079
     361.69     0.034
     362.72     0.098
     363.75     0.118
     364.78     0.095
     365.81    -0.185
     366.84    -0.062
     367.87    -0.064
     368.90     0.068
     369.93    -0.131
     370.96     0.027
     371.99     0.082
     373.02     0.068
     374.06     0.056
     375.09     0.011
     376.12    -0.131
     377.15     0.027
     378.18     0.043
     379.21     0.054
     380.24    -0.001
     381.27     0.015
     382.30    -0.062
     383.33     0.018
     384.36    -0.201
     385.39     0.111
     386.42     0.041
     387.45     0.075
     388.48    -0.117
     389.51    -0.108
     390.54     0.052
     391.57     0.152
     392.60     0.013
     393.63     0.091
     394.66    -0.005
     395.69     0.248
     396.73    -0.053
     397.76    -0.057
     398.79    -0.044
     399.82     0.048
