%%   70.00000  -7.50000    0   0.20000
% LAB  survey ------------------
% wanted position:  l, b, RA, DEC, and interpolated  NH
% 70.00 ;  -7.50 ; 309.02 ;  28.19 ;  0.209E+22
% nearest position: l, b, RA, DEC, and observed NH
% 70.00 ;  -7.50 ; 309.02 ;  28.19 ;  0.209E+22
% GASS III survey --------------
% NH - median within 6 arcmin radius   0.00    
% NH - mean within specified beam      0.00    
% EBHIS survey -----------------
% NH  within specified beam           0.213E+22
%%EBHIS   621  datapoints: v_lsr [km/s] and T_B [K]
    -399.25    -0.023
    -397.96    -0.023
    -396.68    -0.141
    -395.39    -0.057
    -394.10    -0.058
    -392.81    -0.052
    -391.52    -0.130
    -390.23    -0.071
    -388.95    -0.035
    -387.66     0.063
    -386.37    -0.145
    -385.08    -0.025
    -383.79    -0.006
    -382.50    -0.007
    -381.22     0.071
    -379.93     0.045
    -378.64     0.021
    -377.35     0.022
    -376.06    -0.015
    -374.78     0.042
    -373.49     0.107
    -372.20     0.071
    -370.91    -0.030
    -369.62     0.056
    -368.33     0.008
    -367.05    -0.040
    -365.76    -0.047
    -364.47    -0.170
    -363.18    -0.015
    -361.89    -0.021
    -360.60    -0.052
    -359.32     0.005
    -358.03    -0.081
    -356.74    -0.035
    -355.45     0.012
    -354.16     0.072
    -352.88    -0.057
    -351.59    -0.139
    -350.30    -0.092
    -349.01    -0.130
    -347.72    -0.035
    -346.43     0.055
    -345.15     0.129
    -343.86    -0.044
    -342.57    -0.016
    -341.28    -0.016
    -339.99    -0.079
    -338.70    -0.025
    -337.42    -0.087
    -336.13    -0.132
    -334.84     0.048
    -333.55     0.020
    -332.26    -0.030
    -330.98     0.006
    -329.69     0.020
    -328.40     0.024
    -327.11    -0.081
    -325.82    -0.031
    -324.53     0.050
    -323.25     0.005
    -321.96     0.078
    -320.67    -0.003
    -319.38     0.073
    -318.09    -0.066
    -316.80    -0.034
    -315.52     0.037
    -314.23     0.002
    -312.94     0.020
    -311.65    -0.126
    -310.36    -0.054
    -309.08    -0.005
    -307.79     0.029
    -306.50    -0.034
    -305.21     0.030
    -303.92     0.046
    -302.63    -0.025
    -301.35     0.025
    -300.06    -0.065
    -298.77    -0.024
    -297.48    -0.077
    -296.19    -0.075
    -294.90    -0.047
    -293.62    -0.057
    -292.33    -0.055
    -291.04     0.079
    -289.75    -0.001
    -288.46     0.033
    -287.18     0.057
    -285.89     0.078
    -284.60     0.077
    -283.31     0.053
    -282.02    -0.062
    -280.73    -0.026
    -279.45    -0.008
    -278.16     0.032
    -276.87    -0.093
    -275.58    -0.011
    -274.29    -0.114
    -273.00     0.010
    -271.72    -0.098
    -270.43    -0.017
    -269.14     0.038
    -267.85     0.102
    -266.56     0.086
    -265.28     0.023
    -263.99    -0.048
    -262.70     0.067
    -261.41    -0.022
    -260.12    -0.018
    -258.83    -0.083
    -257.55    -0.059
    -256.26    -0.084
    -254.97     0.087
    -253.68     0.013
    -252.39    -0.034
    -251.10    -0.068
    -249.82     0.115
    -248.53     0.036
    -247.24    -0.062
    -245.95    -0.124
    -244.66    -0.010
    -243.38     0.076
    -242.09    -0.019
    -240.80    -0.120
    -239.51    -0.029
    -238.22     0.002
    -236.93     0.144
    -235.65     0.049
    -234.36    -0.024
    -233.07     0.055
    -231.78    -0.005
    -230.49    -0.026
    -229.20    -0.028
    -227.92    -0.157
    -226.63     0.076
    -225.34     0.011
    -224.05    -0.009
    -222.76    -0.037
    -221.48    -0.060
    -220.19    -0.009
    -218.90    -0.026
    -217.61     0.073
    -216.32     0.101
    -215.03    -0.025
    -213.75    -0.016
    -212.46     0.029
    -211.17     0.188
    -209.88     0.041
    -208.59    -0.101
    -207.30    -0.057
    -206.02     0.057
    -204.73     0.173
    -203.44     0.167
    -202.15    -0.050
    -200.86     0.021
    -199.58    -0.034
    -198.29     0.053
    -197.00     0.023
    -195.71     0.032
    -194.42     0.019
    -193.13    -0.088
    -191.85     0.028
    -190.56     0.015
    -189.27    -0.071
    -187.98    -0.066
    -186.69    -0.053
    -185.40    -0.103
    -184.12    -0.003
    -182.83    -0.058
    -181.54    -0.041
    -180.25    -0.060
    -178.96    -0.025
    -177.68    -0.034
    -176.39     0.002
    -175.10    -0.100
    -173.81    -0.033
    -172.52    -0.057
    -171.23     0.062
    -169.95     0.115
    -168.66     0.064
    -167.37     0.001
    -166.08    -0.033
    -164.79    -0.000
    -163.50     0.179
    -162.22     0.022
    -160.93     0.103
    -159.64     0.077
    -158.35     0.113
    -157.06    -0.027
    -155.78    -0.042
    -154.49     0.017
    -153.20     0.037
    -151.91    -0.048
    -150.62    -0.030
    -149.33     0.008
    -148.05     0.070
    -146.76     0.019
    -145.47     0.070
    -144.18    -0.039
    -142.89     0.012
    -141.60     0.020
    -140.32     0.049
    -139.03     0.006
    -137.74     0.024
    -136.45     0.040
    -135.16    -0.015
    -133.88    -0.039
    -132.59     0.020
    -131.30    -0.070
    -130.01    -0.008
    -128.72    -0.048
    -127.43    -0.028
    -126.15    -0.058
    -124.86     0.035
    -123.57    -0.073
    -122.28     0.101
    -120.99    -0.024
    -119.70    -0.041
    -118.42    -0.029
    -117.13    -0.071
    -115.84     0.036
    -114.55     0.038
    -113.26     0.011
    -111.98     0.098
    -110.69     0.073
    -109.40     0.192
    -108.11     0.065
    -106.82     0.089
    -105.53     0.176
    -104.25     0.326
    -102.96     0.381
    -101.67     0.397
    -100.38     0.524
     -99.09     0.593
     -97.80     0.684
     -96.52     0.801
     -95.23     0.934
     -93.94     1.043
     -92.65     0.902
     -91.36     1.122
     -90.08     1.083
     -88.79     1.101
     -87.50     1.265
     -86.21     1.194
     -84.92     1.265
     -83.63     1.236
     -82.35     1.290
     -81.06     1.297
     -79.77     1.246
     -78.48     1.279
     -77.19     1.369
     -75.90     1.329
     -74.62     1.416
     -73.33     1.518
     -72.04     1.459
     -70.75     1.409
     -69.46     1.380
     -68.18     1.328
     -66.89     1.227
     -65.60     1.257
     -64.31     0.964
     -63.02     0.960
     -61.73     1.048
     -60.45     1.010
     -59.16     0.834
     -57.87     0.941
     -56.58     0.834
     -55.29     0.835
     -54.00     0.737
     -52.72     0.804
     -51.43     0.784
     -50.14     0.805
     -48.85     0.849
     -47.56     0.833
     -46.28     0.879
     -44.99     0.857
     -43.70     1.023
     -42.41     1.103
     -41.12     0.969
     -39.83     0.841
     -38.55     0.949
     -37.26     0.980
     -35.97     0.969
     -34.68     0.901
     -33.39     0.758
     -32.10     0.875
     -30.82     0.973
     -29.53     0.907
     -28.24     0.998
     -26.95     1.075
     -25.66     1.152
     -24.38     1.076
     -23.09     1.271
     -21.80     1.285
     -20.51     1.547
     -19.22     1.595
     -17.93     1.660
     -16.65     1.850
     -15.36     2.308
     -14.07     2.707
     -12.78     3.190
     -11.49     4.035
     -10.20     5.444
      -8.92     7.083
      -7.63     8.917
      -6.34    11.202
      -5.05    13.532
      -3.76    16.214
      -2.48    19.449
      -1.19    23.030
       0.10    26.175
       1.39    30.096
       2.68    35.867
       3.97    42.618
       5.25    49.574
       6.54    55.867
       7.83    61.234
       9.12    64.722
      10.41    64.150
      11.70    60.466
      12.98    52.860
      14.27    41.555
      15.56    30.466
      16.85    21.717
      18.14    16.135
      19.42    12.089
      20.71     9.021
      22.00     6.774
      23.29     5.340
      24.58     4.291
      25.87     3.493
      27.15     2.908
      28.44     2.179
      29.73     1.745
      31.02     1.467
      32.31     1.251
      33.60     1.269
      34.88     1.033
      36.17     1.007
      37.46     0.960
      38.75     0.926
      40.04     0.901
      41.32     0.887
      42.61     0.667
      43.90     0.632
      45.19     0.592
      46.48     0.431
      47.77     0.408
      49.05     0.403
      50.34     0.249
      51.63     0.348
      52.92     0.243
      54.21     0.200
      55.50     0.199
      56.78     0.140
      58.07     0.127
      59.36     0.207
      60.65     0.124
      61.94     0.055
      63.22     0.039
      64.51     0.161
      65.80     0.044
      67.09     0.096
      68.38     0.110
      69.67     0.214
      70.95     0.062
      72.24     0.120
      73.53     0.158
      74.82     0.252
      76.11     0.077
      77.40     0.146
      78.68     0.074
      79.97     0.067
      81.26     0.068
      82.55     0.089
      83.84     0.157
      85.12    -0.020
      86.41     0.036
      87.70     0.121
      88.99     0.193
      90.28    -0.009
      91.57     0.026
      92.85    -0.029
      94.14    -0.000
      95.43     0.056
      96.72     0.072
      98.01    -0.050
      99.30     0.082
     100.58     0.161
     101.87     0.045
     103.16    -0.034
     104.45     0.058
     105.74     0.081
     107.02     0.081
     108.31    -0.035
     109.60     0.058
     110.89    -0.002
     112.18     0.050
     113.47    -0.024
     114.75    -0.001
     116.04     0.068
     117.33     0.075
     118.62     0.013
     119.91    -0.021
     121.20    -0.036
     122.48    -0.018
     123.77    -0.025
     125.06     0.010
     126.35    -0.072
     127.64    -0.075
     128.92    -0.018
     130.21     0.015
     131.50     0.026
     132.79     0.064
     134.08    -0.014
     135.37    -0.035
     136.65    -0.158
     137.94     0.002
     139.23     0.063
     140.52    -0.019
     141.81    -0.142
     143.09    -0.165
     144.38    -0.068
     145.67    -0.128
     146.96     0.051
     148.25    -0.087
     149.54    -0.105
     150.82    -0.100
     152.11    -0.007
     153.40    -0.085
     154.69    -0.102
     155.98    -0.049
     157.27     0.014
     158.55     0.083
     159.84    -0.030
     161.13    -0.016
     162.42    -0.009
     163.71    -0.043
     164.99     0.033
     166.28     0.060
     167.57    -0.058
     168.86     0.011
     170.15     0.003
     171.44    -0.035
     172.72    -0.122
     174.01     0.031
     175.30    -0.044
     176.59    -0.037
     177.88     0.066
     179.17    -0.072
     180.45     0.118
     181.74    -0.114
     183.03    -0.046
     184.32     0.027
     185.61     0.057
     186.89     0.007
     188.18     0.049
     189.47    -0.017
     190.76    -0.091
     192.05    -0.044
     193.34    -0.085
     194.62     0.063
     195.91     0.097
     197.20    -0.008
     198.49    -0.108
     199.78    -0.040
     201.07     0.008
     202.35     0.129
     203.64     0.055
     204.93     0.024
     206.22     0.048
     207.51     0.020
     208.79    -0.054
     210.08     0.041
     211.37     0.004
     212.66    -0.157
     213.95    -0.031
     215.24     0.053
     216.52     0.094
     217.81     0.012
     219.10     0.025
     220.39    -0.003
     221.68    -0.013
     222.97     0.008
     224.25    -0.067
     225.54    -0.002
     226.83    -0.014
     228.12     0.050
     229.41    -0.060
     230.69     0.008
     231.98    -0.017
     233.27     0.020
     234.56     0.012
     235.85     0.210
     237.14     0.021
     238.42    -0.050
     239.71    -0.076
     241.00     0.013
     242.29    -0.132
     243.58     0.028
     244.87    -0.011
     246.15     0.044
     247.44     0.098
     248.73    -0.029
     250.02     0.002
     251.31     0.016
     252.59    -0.051
     253.88     0.077
     255.17    -0.067
     256.46    -0.070
     257.75    -0.014
     259.04     0.039
     260.32    -0.021
     261.61    -0.091
     262.90     0.027
     264.19     0.038
     265.48     0.080
     266.77    -0.033
     268.05     0.094
     269.34    -0.085
     270.63    -0.034
     271.92    -0.054
     273.21    -0.048
     274.49     0.066
     275.78     0.013
     277.07     0.071
     278.36     0.115
     279.65     0.005
     280.94     0.100
     282.22     0.049
     283.51     0.041
     284.80     0.001
     286.09     0.083
     287.38    -0.103
     288.67     0.052
     289.95    -0.008
     291.24     0.080
     292.53     0.093
     293.82    -0.024
     295.11     0.083
     296.39     0.099
     297.68     0.032
     298.97    -0.131
     300.26     0.017
     301.55    -0.016
     302.84     0.018
     304.12     0.150
     305.41    -0.024
     306.70    -0.041
     307.99    -0.008
     309.28    -0.019
     310.57    -0.017
     311.85    -0.049
     313.14     0.028
     314.43    -0.042
     315.72    -0.035
     317.01     0.132
     318.29     0.003
     319.58    -0.046
     320.87    -0.084
     322.16    -0.011
     323.45     0.014
     324.74     0.079
     326.02    -0.034
     327.31     0.006
     328.60     0.108
     329.89    -0.027
     331.18     0.075
     332.47     0.020
     333.75    -0.047
     335.04     0.024
     336.33    -0.020
     337.62     0.034
     338.91    -0.094
     340.19    -0.001
     341.48    -0.075
     342.77     0.045
     344.06     0.023
     345.35    -0.123
     346.64    -0.053
     347.92     0.064
     349.21     0.098
     350.50     0.014
     351.79     0.000
     353.08    -0.034
     354.37     0.005
     355.65    -0.020
     356.94     0.043
     358.23     0.018
     359.52     0.050
     360.81     0.021
     362.09     0.004
     363.38    -0.012
     364.67    -0.068
     365.96     0.003
     367.25     0.058
     368.54    -0.094
     369.82    -0.098
     371.11    -0.023
     372.40     0.033
     373.69     0.073
     374.98     0.008
     376.27    -0.013
     377.55     0.003
     378.84    -0.006
     380.13    -0.014
     381.42    -0.046
     382.71    -0.000
     383.99    -0.082
     385.28    -0.025
     386.57     0.012
     387.86     0.145
     389.15    -0.004
     390.44     0.048
     391.72    -0.014
     393.01    -0.030
     394.30     0.022
     395.59     0.086
     396.88     0.004
     398.17    -0.141
     399.45     0.028
%%GASS      0  datapoints: v_lsr [km/s] and T_B [K]
%%LAB     777  datapoints: v_lsr [km/s] and T_B [K]
    -399.84     0.109
    -398.81     0.075
    -397.78    -0.069
    -396.75    -0.072
    -395.72    -0.035
    -394.69     0.056
    -393.66    -0.033
    -392.63     0.095
    -391.60    -0.035
    -390.57     0.110
    -389.53     0.015
    -388.50     0.107
    -387.47    -0.072
    -386.44     0.038
    -385.41    -0.165
    -384.38    -0.031
    -383.35    -0.139
    -382.32    -0.247
    -381.29    -0.008
    -380.26    -0.007
    -379.23    -0.006
    -378.20    -0.008
    -377.17     0.035
    -376.14     0.184
    -375.11    -0.006
    -374.08    -0.024
    -373.05     0.004
    -372.02     0.058
    -370.99    -0.007
    -369.96    -0.020
    -368.92     0.020
    -367.89    -0.106
    -366.86    -0.132
    -365.83    -0.002
    -364.80     0.022
    -363.77    -0.001
    -362.74    -0.095
    -361.71    -0.053
    -360.68     0.053
    -359.65     0.159
    -358.62    -0.023
    -357.59     0.092
    -356.56     0.044
    -355.53    -0.056
    -354.50     0.111
    -353.47    -0.113
    -352.44    -0.105
    -351.41     0.009
    -350.38    -0.004
    -349.34    -0.054
    -348.31    -0.166
    -347.28    -0.007
    -346.25    -0.114
    -345.22     0.002
    -344.19    -0.141
    -343.16    -0.067
    -342.13     0.110
    -341.10    -0.095
    -340.07    -0.103
    -339.04     0.004
    -338.01     0.046
    -336.98    -0.119
    -335.95    -0.003
    -334.92    -0.036
    -333.89    -0.102
    -332.86     0.026
    -331.83     0.052
    -330.80     0.033
    -329.77     0.043
    -328.73    -0.111
    -327.70     0.044
    -326.67     0.124
    -325.64     0.139
    -324.61    -0.031
    -323.58    -0.009
    -322.55    -0.083
    -321.52     0.038
    -320.49    -0.068
    -319.46     0.119
    -318.43     0.066
    -317.40    -0.049
    -316.37     0.003
    -315.34     0.049
    -314.31    -0.017
    -313.28     0.076
    -312.25     0.215
    -311.22    -0.064
    -310.19    -0.105
    -309.15     0.055
    -308.12     0.145
    -307.09    -0.037
    -306.06    -0.009
    -305.03    -0.022
    -304.00     0.036
    -302.97    -0.142
    -301.94    -0.014
    -300.91     0.003
    -299.88    -0.115
    -298.85     0.164
    -297.82    -0.123
    -296.79     0.014
    -295.76     0.010
    -294.73     0.118
    -293.70    -0.113
    -292.67    -0.108
    -291.64    -0.003
    -290.61     0.076
    -289.57    -0.006
    -288.54    -0.033
    -287.51     0.064
    -286.48    -0.055
    -285.45     0.011
    -284.42     0.105
    -283.39     0.025
    -282.36     0.007
    -281.33    -0.128
    -280.30     0.111
    -279.27     0.112
    -278.24    -0.004
    -277.21    -0.008
    -276.18     0.140
    -275.15    -0.024
    -274.12    -0.030
    -273.09     0.073
    -272.06     0.045
    -271.03    -0.049
    -270.00     0.177
    -268.96     0.007
    -267.93     0.075
    -266.90     0.048
    -265.87     0.157
    -264.84    -0.009
    -263.81     0.072
    -262.78     0.027
    -261.75     0.090
    -260.72    -0.116
    -259.69     0.037
    -258.66    -0.081
    -257.63    -0.094
    -256.60    -0.141
    -255.57    -0.025
    -254.54    -0.058
    -253.51     0.045
    -252.48    -0.056
    -251.45     0.115
    -250.42    -0.049
    -249.38    -0.025
    -248.35     0.014
    -247.32    -0.108
    -246.29    -0.005
    -245.26     0.089
    -244.23     0.057
    -243.20    -0.045
    -242.17     0.118
    -241.14     0.025
    -240.11     0.028
    -239.08     0.001
    -238.05     0.193
    -237.02     0.158
    -235.99     0.049
    -234.96     0.129
    -233.93     0.118
    -232.90     0.145
    -231.87     0.106
    -230.84    -0.056
    -229.81    -0.038
    -228.77     0.111
    -227.74     0.225
    -226.71    -0.039
    -225.68    -0.065
    -224.65     0.017
    -223.62    -0.026
    -222.59    -0.066
    -221.56     0.060
    -220.53    -0.023
    -219.50    -0.010
    -218.47     0.046
    -217.44    -0.056
    -216.41     0.065
    -215.38    -0.134
    -214.35    -0.093
    -213.32    -0.079
    -212.29    -0.007
    -211.26    -0.022
    -210.23     0.007
    -209.19    -0.010
    -208.16     0.142
    -207.13    -0.066
    -206.10     0.069
    -205.07    -0.103
    -204.04    -0.035
    -203.01    -0.061
    -201.98    -0.004
    -200.95     0.006
    -199.92     0.003
    -198.89    -0.021
    -197.86     0.153
    -196.83     0.057
    -195.80    -0.085
    -194.77     0.039
    -193.74     0.094
    -192.71     0.092
    -191.68     0.080
    -190.65     0.096
    -189.61    -0.000
    -188.58    -0.100
    -187.55     0.048
    -186.52     0.050
    -185.49    -0.050
    -184.46    -0.016
    -183.43    -0.032
    -182.40    -0.011
    -181.37     0.016
    -180.34    -0.021
    -179.31    -0.059
    -178.28    -0.012
    -177.25     0.007
    -176.22    -0.090
    -175.19     0.140
    -174.16    -0.046
    -173.13     0.103
    -172.10     0.004
    -171.07     0.118
    -170.04     0.028
    -169.00     0.011
    -167.97     0.061
    -166.94    -0.015
    -165.91     0.092
    -164.88     0.037
    -163.85    -0.077
    -162.82    -0.006
    -161.79    -0.006
    -160.76     0.056
    -159.73     0.012
    -158.70     0.042
    -157.67     0.059
    -156.64    -0.029
    -155.61    -0.028
    -154.58    -0.002
    -153.55     0.075
    -152.52    -0.079
    -151.49     0.057
    -150.46     0.092
    -149.42     0.008
    -148.39     0.012
    -147.36    -0.004
    -146.33     0.005
    -145.30     0.214
    -144.27     0.064
    -143.24    -0.159
    -142.21     0.111
    -141.18    -0.054
    -140.15     0.039
    -139.12     0.207
    -138.09     0.017
    -137.06     0.012
    -136.03     0.010
    -135.00    -0.055
    -133.97    -0.134
    -132.94    -0.214
    -131.91     0.017
    -130.88    -0.031
    -129.85    -0.019
    -128.81    -0.014
    -127.78     0.009
    -126.75     0.032
    -125.72     0.051
    -124.69    -0.149
    -123.66     0.158
    -122.63     0.190
    -121.60     0.013
    -120.57     0.130
    -119.54     0.018
    -118.51     0.022
    -117.48     0.070
    -116.45     0.028
    -115.42     0.118
    -114.39    -0.001
    -113.36     0.050
    -112.33     0.095
    -111.30     0.067
    -110.27     0.133
    -109.23     0.190
    -108.20     0.215
    -107.17     0.264
    -106.14     0.208
    -105.11     0.201
    -104.08     0.253
    -103.05     0.172
    -102.02     0.270
    -100.99     0.350
     -99.96     0.401
     -98.93     0.300
     -97.90     0.583
     -96.87     0.557
     -95.84     0.608
     -94.81     0.590
     -93.78     0.627
     -92.75     0.680
     -91.72     0.871
     -90.69     0.757
     -89.65     0.619
     -88.62     0.843
     -87.59     0.824
     -86.56     0.896
     -85.53     0.956
     -84.50     0.992
     -83.47     0.949
     -82.44     1.090
     -81.41     1.032
     -80.38     1.041
     -79.35     1.173
     -78.32     1.337
     -77.29     1.262
     -76.26     1.593
     -75.23     1.538
     -74.20     1.474
     -73.17     1.508
     -72.14     1.426
     -71.11     1.579
     -70.08     1.396
     -69.04     1.454
     -68.01     1.379
     -66.98     1.278
     -65.95     1.280
     -64.92     1.042
     -63.89     1.146
     -62.86     1.048
     -61.83     1.088
     -60.80     0.903
     -59.77     0.984
     -58.74     0.876
     -57.71     0.936
     -56.68     0.710
     -55.65     0.769
     -54.62     0.721
     -53.59     0.894
     -52.56     0.596
     -51.53     0.697
     -50.50     0.395
     -49.46     0.794
     -48.43     0.742
     -47.40     0.724
     -46.37     0.773
     -45.34     0.658
     -44.31     0.701
     -43.28     0.815
     -42.25     0.802
     -41.22     0.673
     -40.19     0.703
     -39.16     0.782
     -38.13     0.811
     -37.10     0.800
     -36.07     0.682
     -35.04     0.787
     -34.01     0.672
     -32.98     0.815
     -31.95     0.846
     -30.92     0.659
     -29.88     0.819
     -28.85     0.852
     -27.82     0.865
     -26.79     0.997
     -25.76     0.917
     -24.73     1.005
     -23.70     1.004
     -22.67     1.012
     -21.64     1.132
     -20.61     1.272
     -19.58     1.540
     -18.55     1.462
     -17.52     1.460
     -16.49     1.721
     -15.46     1.861
     -14.43     2.215
     -13.40     2.521
     -12.37     2.925
     -11.34     3.525
     -10.31     4.657
      -9.27     5.699
      -8.24     7.403
      -7.21     9.480
      -6.18    11.510
      -5.15    13.547
      -4.12    15.909
      -3.09    18.142
      -2.06    20.520
      -1.03    23.650
       0.00    26.551
       1.03    29.007
       2.06    32.812
       3.09    37.440
       4.12    42.575
       5.15    48.403
       6.18    54.142
       7.21    58.075
       8.24    61.417
       9.27    63.010
      10.31    62.709
      11.34    59.432
      12.37    54.884
      13.40    48.922
      14.43    41.726
      15.46    33.370
      16.49    26.054
      17.52    19.760
      18.55    15.432
      19.58    12.099
      20.61     9.423
      21.64     7.539
      22.67     6.289
      23.70     5.062
      24.73     4.337
      25.76     3.361
      26.79     2.815
      27.82     2.433
      28.85     2.044
      29.88     1.625
      30.92     1.527
      31.95     1.286
      32.98     1.122
      34.01     0.995
      35.04     0.908
      36.07     0.837
      37.10     0.486
      38.13     0.678
      39.16     0.599
      40.19     0.464
      41.22     0.517
      42.25     0.492
      43.28     0.470
      44.31     0.364
      45.34     0.235
      46.37     0.229
      47.40     0.166
      48.43     0.120
      49.46     0.135
      50.50     0.075
      51.53    -0.025
      52.56     0.095
      53.59     0.084
      54.62    -0.061
      55.65     0.005
      56.68     0.039
      57.71    -0.010
      58.74     0.049
      59.77     0.187
      60.80     0.050
      61.83     0.046
      62.86    -0.087
      63.89     0.197
      64.92    -0.054
      65.95     0.020
      66.98    -0.007
      68.01    -0.047
      69.04    -0.108
      70.08    -0.037
      71.11     0.005
      72.14    -0.085
      73.17    -0.012
      74.20    -0.017
      75.23     0.157
      76.26    -0.060
      77.29    -0.023
      78.32     0.043
      79.35    -0.017
      80.38     0.049
      81.41    -0.054
      82.44     0.021
      83.47    -0.015
      84.50    -0.032
      85.53    -0.012
      86.56    -0.017
      87.59     0.024
      88.62     0.049
      89.65     0.034
      90.69     0.033
      91.72    -0.045
      92.75    -0.046
      93.78    -0.025
      94.81    -0.088
      95.84    -0.017
      96.87     0.012
      97.90     0.031
      98.93     0.077
      99.96     0.084
     100.99     0.050
     102.02     0.035
     103.05    -0.049
     104.08     0.037
     105.11     0.048
     106.14    -0.005
     107.17     0.003
     108.20    -0.011
     109.23    -0.020
     110.27    -0.003
     111.30     0.025
     112.33     0.053
     113.36     0.032
     114.39    -0.040
     115.42    -0.074
     116.45    -0.031
     117.48     0.007
     118.51    -0.015
     119.54    -0.008
     120.57     0.084
     121.60    -0.018
     122.63     0.048
     123.66    -0.009
     124.69    -0.059
     125.72    -0.088
     126.75    -0.011
     127.78     0.074
     128.81     0.001
     129.84    -0.097
     130.88     0.100
     131.91     0.175
     132.94     0.187
     133.97    -0.000
     135.00    -0.082
     136.03    -0.015
     137.06     0.063
     138.09     0.084
     139.12     0.007
     140.15    -0.153
     141.18     0.037
     142.21     0.010
     143.24     0.014
     144.27     0.071
     145.30     0.006
     146.33     0.008
     147.36    -0.109
     148.39     0.007
     149.42    -0.000
     150.46    -0.102
     151.49    -0.054
     152.52     0.339
     153.55     0.087
     154.58    -0.035
     155.61     0.098
     156.64    -0.155
     157.67    -0.006
     158.70     0.007
     159.73     0.048
     160.76    -0.011
     161.79    -0.139
     162.82     0.055
     163.85    -0.069
     164.88     0.093
     165.91     0.018
     166.94    -0.052
     167.97     0.026
     169.00     0.136
     170.04    -0.090
     171.07     0.062
     172.10    -0.027
     173.13    -0.124
     174.16    -0.103
     175.19     0.002
     176.22     0.122
     177.25    -0.034
     178.28     0.044
     179.31    -0.006
     180.34    -0.079
     181.37    -0.002
     182.40    -0.003
     183.43    -0.092
     184.46     0.069
     185.49     0.036
     186.52     0.112
     187.55    -0.008
     188.58     0.113
     189.61    -0.047
     190.65     0.022
     191.68    -0.021
     192.71    -0.021
     193.74    -0.034
     194.77    -0.045
     195.80    -0.113
     196.83     0.024
     197.86    -0.084
     198.89    -0.042
     199.92    -0.148
     200.95    -0.012
     201.98     0.019
     203.01    -0.116
     204.04     0.006
     205.07     0.033
     206.10    -0.061
     207.13     0.085
     208.16     0.075
     209.19     0.004
     210.23     0.065
     211.26    -0.151
     212.29     0.016
     213.32     0.190
     214.35     0.059
     215.38    -0.006
     216.41     0.037
     217.44     0.072
     218.47     0.186
     219.50     0.015
     220.53    -0.019
     221.56    -0.115
     222.59     0.048
     223.62     0.142
     224.65     0.116
     225.68    -0.024
     226.71     0.065
     227.74     0.027
     228.77     0.011
     229.80     0.117
     230.84     0.003
     231.87     0.056
     232.90     0.006
     233.93    -0.073
     234.96     0.009
     235.99    -0.026
     237.02     0.068
     238.05     0.009
     239.08     0.069
     240.11     0.036
     241.14     0.062
     242.17    -0.052
     243.20     0.118
     244.23    -0.030
     245.26     0.038
     246.29    -0.137
     247.32    -0.047
     248.35    -0.015
     249.38     0.014
     250.42    -0.090
     251.45     0.042
     252.48    -0.111
     253.51     0.025
     254.54    -0.021
     255.57     0.107
     256.60    -0.008
     257.63     0.051
     258.66    -0.078
     259.69    -0.002
     260.72    -0.084
     261.75    -0.049
     262.78    -0.141
     263.81    -0.044
     264.84    -0.048
     265.87     0.090
     266.90    -0.047
     267.93     0.040
     268.96    -0.046
     270.00     0.029
     271.03    -0.069
     272.06     0.028
     273.09     0.043
     274.12    -0.079
     275.15    -0.000
     276.18    -0.016
     277.21    -0.049
     278.24     0.002
     279.27     0.021
     280.30     0.008
     281.33    -0.083
     282.36     0.020
     283.39     0.068
     284.42     0.005
     285.45    -0.132
     286.48     0.058
     287.51    -0.057
     288.54     0.092
     289.57    -0.055
     290.61     0.017
     291.64     0.115
     292.67     0.003
     293.70    -0.175
     294.73     0.090
     295.76    -0.108
     296.79     0.096
     297.82    -0.067
     298.85    -0.054
     299.88    -0.038
     300.91    -0.034
     301.94     0.026
     302.97     0.082
     304.00    -0.088
     305.03     0.160
     306.06    -0.149
     307.09     0.015
     308.12     0.071
     309.15    -0.064
     310.19     0.034
     311.22     0.064
     312.25     0.060
     313.28     0.076
     314.31    -0.054
     315.34     0.006
     316.37     0.131
     317.40     0.016
     318.43    -0.038
     319.46     0.011
     320.49    -0.050
     321.52     0.126
     322.55     0.083
     323.58     0.044
     324.61     0.043
     325.64     0.119
     326.67    -0.147
     327.70    -0.079
     328.73     0.005
     329.77     0.150
     330.80    -0.128
     331.83     0.022
     332.86    -0.084
     333.89     0.007
     334.92    -0.069
     335.95     0.063
     336.98    -0.094
     338.01     0.128
     339.04    -0.065
     340.07     0.074
     341.10     0.121
     342.13     0.022
     343.16    -0.070
     344.19    -0.213
     345.22    -0.127
     346.25     0.048
     347.28    -0.030
     348.31     0.036
     349.34     0.042
     350.38    -0.038
     351.41     0.104
     352.44     0.039
     353.47     0.031
     354.50    -0.008
     355.53    -0.090
     356.56    -0.156
     357.59     0.010
     358.62     0.066
     359.65     0.020
     360.68     0.135
     361.71     0.090
     362.74     0.120
     363.77     0.019
     364.80     0.054
     365.83    -0.096
     366.86     0.122
     367.89    -0.075
     368.92    -0.057
     369.96    -0.121
     370.99    -0.221
     372.02    -0.007
     373.05     0.001
     374.08    -0.072
     375.11     0.114
     376.14    -0.037
     377.17     0.047
     378.20    -0.017
     379.23     0.018
     380.26     0.098
     381.29    -0.070
     382.32    -0.030
     383.35     0.068
     384.38     0.005
     385.41     0.010
     386.44     0.019
     387.47     0.018
     388.50     0.064
     389.53    -0.037
     390.57    -0.095
     391.60     0.048
     392.63    -0.026
     393.66     0.073
     394.69     0.140
     395.72    -0.026
     396.75     0.144
     397.78    -0.009
     398.81     0.002
     399.84     0.170
