%%   77.50000  -7.50000    0   0.20000
% LAB  survey ------------------
% wanted position:  l, b, RA, DEC, and interpolated  NH
% 77.50 ;  -7.50 ; 314.39 ;  34.03 ;  0.170E+22
% nearest position: l, b, RA, DEC, and observed NH
% 77.50 ;  -7.50 ; 314.39 ;  34.03 ;  0.170E+22
% GASS III survey --------------
% NH - median within 6 arcmin radius   0.00    
% NH - mean within specified beam      0.00    
% EBHIS survey -----------------
% NH  within specified beam           0.172E+22
%%EBHIS   621  datapoints: v_lsr [km/s] and T_B [K]
    -399.25    -0.019
    -397.96     0.025
    -396.68    -0.007
    -395.39     0.076
    -394.10    -0.026
    -392.81    -0.009
    -391.52     0.069
    -390.23    -0.054
    -388.95     0.033
    -387.66     0.014
    -386.37    -0.021
    -385.08    -0.021
    -383.79    -0.014
    -382.50     0.008
    -381.22     0.055
    -379.93     0.018
    -378.64     0.036
    -377.35     0.070
    -376.06    -0.017
    -374.78    -0.056
    -373.49     0.098
    -372.20    -0.022
    -370.91    -0.019
    -369.62     0.009
    -368.33    -0.064
    -367.05    -0.078
    -365.76     0.010
    -364.47     0.047
    -363.18     0.021
    -361.89     0.007
    -360.60     0.013
    -359.32    -0.025
    -358.03    -0.038
    -356.74     0.000
    -355.45     0.056
    -354.16     0.030
    -352.88    -0.008
    -351.59     0.085
    -350.30     0.030
    -349.01    -0.072
    -347.72    -0.021
    -346.43    -0.024
    -345.15     0.032
    -343.86    -0.051
    -342.57    -0.048
    -341.28    -0.025
    -339.99     0.062
    -338.70    -0.047
    -337.42    -0.065
    -336.13    -0.056
    -334.84    -0.004
    -333.55    -0.117
    -332.26    -0.010
    -330.98    -0.003
    -329.69    -0.073
    -328.40     0.021
    -327.11     0.075
    -325.82     0.087
    -324.53     0.027
    -323.25    -0.017
    -321.96    -0.050
    -320.67     0.057
    -319.38     0.041
    -318.09    -0.082
    -316.80    -0.002
    -315.52    -0.080
    -314.23    -0.026
    -312.94     0.084
    -311.65    -0.025
    -310.36     0.030
    -309.08     0.033
    -307.79     0.070
    -306.50    -0.068
    -305.21     0.028
    -303.92     0.064
    -302.63     0.038
    -301.35     0.071
    -300.06     0.036
    -298.77    -0.025
    -297.48     0.034
    -296.19     0.068
    -294.90     0.123
    -293.62     0.164
    -292.33     0.130
    -291.04    -0.010
    -289.75    -0.049
    -288.46     0.077
    -287.18    -0.011
    -285.89     0.025
    -284.60    -0.005
    -283.31    -0.003
    -282.02     0.085
    -280.73     0.128
    -279.45    -0.017
    -278.16     0.028
    -276.87     0.038
    -275.58     0.019
    -274.29     0.046
    -273.00    -0.016
    -271.72     0.013
    -270.43     0.069
    -269.14    -0.056
    -267.85    -0.003
    -266.56     0.167
    -265.28     0.016
    -263.99    -0.015
    -262.70    -0.006
    -261.41    -0.082
    -260.12    -0.039
    -258.83    -0.043
    -257.55    -0.068
    -256.26    -0.039
    -254.97    -0.044
    -253.68    -0.081
    -252.39     0.052
    -251.10     0.069
    -249.82     0.034
    -248.53     0.109
    -247.24     0.054
    -245.95    -0.093
    -244.66    -0.065
    -243.38    -0.023
    -242.09    -0.046
    -240.80     0.074
    -239.51    -0.020
    -238.22     0.038
    -236.93    -0.105
    -235.65    -0.074
    -234.36    -0.041
    -233.07     0.036
    -231.78     0.110
    -230.49    -0.003
    -229.20    -0.037
    -227.92     0.028
    -226.63    -0.073
    -225.34     0.010
    -224.05     0.058
    -222.76     0.032
    -221.48    -0.059
    -220.19    -0.084
    -218.90    -0.079
    -217.61    -0.031
    -216.32     0.049
    -215.03     0.069
    -213.75    -0.056
    -212.46     0.044
    -211.17     0.021
    -209.88    -0.071
    -208.59    -0.088
    -207.30    -0.009
    -206.02    -0.093
    -204.73    -0.033
    -203.44     0.094
    -202.15     0.039
    -200.86     0.045
    -199.58    -0.068
    -198.29    -0.090
    -197.00    -0.055
    -195.71    -0.078
    -194.42     0.017
    -193.13    -0.004
    -191.85    -0.097
    -190.56     0.015
    -189.27     0.116
    -187.98     0.018
    -186.69    -0.024
    -185.40     0.036
    -184.12    -0.010
    -182.83     0.004
    -181.54     0.027
    -180.25    -0.095
    -178.96    -0.016
    -177.68     0.013
    -176.39     0.015
    -175.10    -0.092
    -173.81     0.041
    -172.52    -0.012
    -171.23     0.066
    -169.95     0.025
    -168.66    -0.049
    -167.37     0.080
    -166.08     0.056
    -164.79     0.059
    -163.50    -0.023
    -162.22     0.015
    -160.93     0.011
    -159.64    -0.035
    -158.35     0.054
    -157.06    -0.003
    -155.78    -0.066
    -154.49     0.029
    -153.20     0.004
    -151.91    -0.038
    -150.62    -0.026
    -149.33     0.023
    -148.05    -0.044
    -146.76     0.128
    -145.47     0.115
    -144.18    -0.045
    -142.89    -0.053
    -141.60     0.025
    -140.32     0.028
    -139.03     0.073
    -137.74     0.043
    -136.45    -0.015
    -135.16    -0.023
    -133.88    -0.035
    -132.59    -0.062
    -131.30    -0.020
    -130.01     0.032
    -128.72    -0.082
    -127.43    -0.002
    -126.15     0.001
    -124.86     0.029
    -123.57    -0.048
    -122.28     0.009
    -120.99     0.070
    -119.70     0.111
    -118.42     0.127
    -117.13     0.132
    -115.84     0.126
    -114.55     0.146
    -113.26     0.178
    -111.98     0.184
    -110.69     0.184
    -109.40     0.212
    -108.11     0.278
    -106.82     0.266
    -105.53     0.286
    -104.25     0.297
    -102.96     0.250
    -101.67     0.273
    -100.38     0.382
     -99.09     0.416
     -97.80     0.477
     -96.52     0.548
     -95.23     0.531
     -93.94     0.532
     -92.65     0.436
     -91.36     0.585
     -90.08     0.621
     -88.79     0.520
     -87.50     0.606
     -86.21     0.647
     -84.92     0.692
     -83.63     0.839
     -82.35     0.815
     -81.06     0.780
     -79.77     0.918
     -78.48     0.878
     -77.19     0.994
     -75.90     1.009
     -74.62     1.067
     -73.33     1.119
     -72.04     1.164
     -70.75     1.242
     -69.46     1.293
     -68.18     1.372
     -66.89     1.347
     -65.60     1.443
     -64.31     1.520
     -63.02     1.538
     -61.73     1.637
     -60.45     1.669
     -59.16     1.728
     -57.87     1.762
     -56.58     1.976
     -55.29     2.069
     -54.00     2.340
     -52.72     2.974
     -51.43     3.791
     -50.14     4.625
     -48.85     4.958
     -47.56     5.033
     -46.28     4.794
     -44.99     4.184
     -43.70     3.577
     -42.41     3.054
     -41.12     2.838
     -39.83     2.914
     -38.55     3.111
     -37.26     3.261
     -35.97     3.769
     -34.68     4.365
     -33.39     4.914
     -32.10     5.110
     -30.82     5.004
     -29.53     4.531
     -28.24     4.123
     -26.95     3.915
     -25.66     3.819
     -24.38     3.670
     -23.09     3.574
     -21.80     3.385
     -20.51     3.346
     -19.22     3.400
     -17.93     3.516
     -16.65     4.002
     -15.36     4.525
     -14.07     5.555
     -12.78     7.040
     -11.49     9.166
     -10.20    11.309
      -8.92    13.166
      -7.63    15.066
      -6.34    16.394
      -5.05    17.328
      -3.76    17.868
      -2.48    18.385
      -1.19    19.861
       0.10    22.174
       1.39    24.688
       2.68    27.453
       3.97    27.897
       5.25    27.371
       6.54    28.538
       7.83    31.375
       9.12    34.767
      10.41    35.265
      11.70    31.638
      12.98    25.851
      14.27    20.278
      15.56    16.369
      16.85    13.208
      18.14    10.851
      19.42     8.650
      20.71     6.823
      22.00     5.318
      23.29     4.180
      24.58     3.218
      25.87     2.379
      27.15     1.875
      28.44     1.434
      29.73     1.059
      31.02     0.869
      32.31     0.693
      33.60     0.556
      34.88     0.466
      36.17     0.319
      37.46     0.355
      38.75     0.272
      40.04     0.169
      41.32     0.176
      42.61     0.162
      43.90     0.178
      45.19     0.120
      46.48     0.150
      47.77     0.180
      49.05     0.064
      50.34     0.073
      51.63    -0.011
      52.92     0.095
      54.21    -0.028
      55.50     0.049
      56.78     0.069
      58.07     0.090
      59.36     0.100
      60.65     0.024
      61.94     0.017
      63.22     0.086
      64.51     0.056
      65.80    -0.024
      67.09    -0.050
      68.38    -0.050
      69.67    -0.024
      70.95    -0.055
      72.24     0.053
      73.53     0.043
      74.82     0.020
      76.11    -0.028
      77.40    -0.032
      78.68     0.058
      79.97     0.158
      81.26     0.058
      82.55    -0.055
      83.84    -0.024
      85.12     0.011
      86.41     0.089
      87.70     0.035
      88.99     0.052
      90.28     0.015
      91.57     0.029
      92.85     0.050
      94.14    -0.015
      95.43    -0.048
      96.72    -0.011
      98.01    -0.067
      99.30    -0.030
     100.58     0.024
     101.87     0.074
     103.16     0.060
     104.45     0.056
     105.74     0.019
     107.02     0.002
     108.31     0.101
     109.60    -0.012
     110.89     0.007
     112.18    -0.068
     113.47    -0.024
     114.75    -0.000
     116.04    -0.062
     117.33     0.073
     118.62    -0.016
     119.91     0.010
     121.20     0.004
     122.48     0.027
     123.77    -0.011
     125.06     0.003
     126.35     0.003
     127.64    -0.042
     128.92    -0.087
     130.21     0.058
     131.50     0.001
     132.79    -0.021
     134.08     0.022
     135.37    -0.002
     136.65    -0.027
     137.94     0.015
     139.23    -0.083
     140.52    -0.012
     141.81    -0.014
     143.09     0.018
     144.38    -0.057
     145.67     0.050
     146.96    -0.028
     148.25     0.054
     149.54     0.037
     150.82    -0.077
     152.11     0.057
     153.40     0.015
     154.69    -0.002
     155.98    -0.073
     157.27    -0.020
     158.55    -0.005
     159.84    -0.015
     161.13    -0.091
     162.42    -0.043
     163.71    -0.018
     164.99     0.011
     166.28    -0.023
     167.57    -0.029
     168.86    -0.090
     170.15    -0.015
     171.44    -0.042
     172.72     0.001
     174.01     0.013
     175.30    -0.040
     176.59    -0.045
     177.88    -0.002
     179.17    -0.002
     180.45     0.035
     181.74    -0.066
     183.03    -0.021
     184.32     0.006
     185.61     0.037
     186.89    -0.040
     188.18    -0.011
     189.47     0.056
     190.76     0.076
     192.05     0.082
     193.34    -0.011
     194.62     0.023
     195.91     0.018
     197.20     0.171
     198.49     0.010
     199.78    -0.025
     201.07    -0.000
     202.35     0.026
     203.64    -0.048
     204.93     0.027
     206.22     0.016
     207.51    -0.110
     208.79     0.054
     210.08    -0.011
     211.37    -0.016
     212.66    -0.149
     213.95    -0.078
     215.24     0.010
     216.52     0.004
     217.81    -0.015
     219.10    -0.020
     220.39    -0.090
     221.68     0.007
     222.97     0.009
     224.25    -0.013
     225.54     0.093
     226.83    -0.006
     228.12    -0.042
     229.41     0.027
     230.69     0.018
     231.98     0.082
     233.27     0.021
     234.56    -0.122
     235.85     0.034
     237.14    -0.020
     238.42    -0.005
     239.71     0.015
     241.00    -0.085
     242.29    -0.022
     243.58    -0.021
     244.87     0.072
     246.15     0.009
     247.44    -0.050
     248.73    -0.108
     250.02    -0.011
     251.31     0.042
     252.59    -0.013
     253.88    -0.081
     255.17    -0.041
     256.46     0.014
     257.75     0.000
     259.04     0.047
     260.32     0.007
     261.61     0.012
     262.90    -0.018
     264.19    -0.045
     265.48    -0.016
     266.77     0.008
     268.05    -0.016
     269.34     0.025
     270.63     0.015
     271.92    -0.015
     273.21     0.028
     274.49     0.170
     275.78     0.151
     277.07     0.063
     278.36     0.040
     279.65    -0.103
     280.94     0.031
     282.22    -0.044
     283.51     0.055
     284.80    -0.007
     286.09    -0.010
     287.38    -0.081
     288.67     0.003
     289.95     0.149
     291.24     0.023
     292.53    -0.026
     293.82     0.028
     295.11    -0.024
     296.39    -0.028
     297.68    -0.044
     298.97    -0.016
     300.26    -0.049
     301.55     0.071
     302.84     0.025
     304.12     0.009
     305.41     0.031
     306.70    -0.039
     307.99    -0.054
     309.28    -0.090
     310.57     0.013
     311.85    -0.005
     313.14    -0.026
     314.43    -0.006
     315.72     0.046
     317.01     0.052
     318.29    -0.003
     319.58     0.018
     320.87     0.033
     322.16    -0.029
     323.45     0.003
     324.74    -0.010
     326.02    -0.058
     327.31    -0.068
     328.60     0.016
     329.89    -0.044
     331.18    -0.030
     332.47     0.006
     333.75    -0.078
     335.04    -0.004
     336.33     0.038
     337.62    -0.063
     338.91     0.071
     340.19    -0.032
     341.48    -0.086
     342.77     0.084
     344.06     0.020
     345.35     0.024
     346.64     0.089
     347.92     0.150
     349.21     0.072
     350.50    -0.008
     351.79    -0.094
     353.08    -0.042
     354.37    -0.073
     355.65     0.019
     356.94     0.030
     358.23     0.039
     359.52     0.089
     360.81     0.002
     362.09     0.062
     363.38     0.027
     364.67     0.027
     365.96     0.028
     367.25     0.013
     368.54     0.053
     369.82    -0.096
     371.11    -0.015
     372.40     0.085
     373.69     0.067
     374.98     0.057
     376.27     0.068
     377.55    -0.010
     378.84    -0.046
     380.13     0.017
     381.42     0.037
     382.71     0.108
     383.99    -0.017
     385.28     0.030
     386.57    -0.006
     387.86    -0.028
     389.15    -0.069
     390.44     0.020
     391.72    -0.022
     393.01    -0.026
     394.30     0.047
     395.59     0.086
     396.88    -0.108
     398.17    -0.005
     399.45    -0.028
%%GASS      0  datapoints: v_lsr [km/s] and T_B [K]
%%LAB     777  datapoints: v_lsr [km/s] and T_B [K]
    -399.86     0.041
    -398.83    -0.124
    -397.80    -0.088
    -396.77    -0.029
    -395.74     0.116
    -394.71    -0.176
    -393.68    -0.073
    -392.65     0.063
    -391.62     0.045
    -390.58     0.078
    -389.55     0.020
    -388.52    -0.046
    -387.49     0.147
    -386.46    -0.030
    -385.43     0.008
    -384.40     0.068
    -383.37     0.054
    -382.34     0.055
    -381.31     0.044
    -380.28    -0.070
    -379.25    -0.117
    -378.22    -0.103
    -377.19     0.131
    -376.16    -0.030
    -375.13     0.026
    -374.10    -0.172
    -373.07    -0.006
    -372.03    -0.147
    -371.00     0.000
    -369.97    -0.003
    -368.94     0.074
    -367.91     0.028
    -366.88     0.031
    -365.85    -0.145
    -364.82    -0.070
    -363.79     0.072
    -362.76    -0.084
    -361.73     0.054
    -360.70    -0.051
    -359.67     0.082
    -358.64     0.077
    -357.61    -0.087
    -356.58    -0.072
    -355.55    -0.006
    -354.51    -0.088
    -353.48    -0.045
    -352.45     0.060
    -351.42    -0.020
    -350.39    -0.096
    -349.36    -0.236
    -348.33     0.005
    -347.30    -0.001
    -346.27    -0.003
    -345.24     0.195
    -344.21    -0.082
    -343.18    -0.013
    -342.15     0.075
    -341.12     0.025
    -340.09     0.114
    -339.06    -0.044
    -338.03     0.045
    -337.00     0.002
    -335.96     0.080
    -334.93    -0.152
    -333.90     0.060
    -332.87    -0.040
    -331.84    -0.013
    -330.81    -0.030
    -329.78     0.022
    -328.75    -0.065
    -327.72     0.156
    -326.69    -0.144
    -325.66    -0.037
    -324.63    -0.082
    -323.60     0.038
    -322.57    -0.040
    -321.54     0.046
    -320.51    -0.017
    -319.48     0.050
    -318.45    -0.150
    -317.41     0.015
    -316.38     0.058
    -315.35    -0.005
    -314.32     0.056
    -313.29    -0.022
    -312.26     0.017
    -311.23     0.015
    -310.20    -0.127
    -309.17    -0.013
    -308.14     0.051
    -307.11     0.076
    -306.08     0.032
    -305.05    -0.000
    -304.02     0.166
    -302.99     0.030
    -301.96    -0.101
    -300.93    -0.182
    -299.89     0.002
    -298.86     0.008
    -297.83    -0.018
    -296.80    -0.018
    -295.77     0.098
    -294.74    -0.062
    -293.71     0.112
    -292.68     0.029
    -291.65     0.048
    -290.62     0.114
    -289.59    -0.142
    -288.56     0.104
    -287.53     0.017
    -286.50     0.087
    -285.47     0.004
    -284.44     0.048
    -283.41    -0.059
    -282.38     0.016
    -281.34    -0.025
    -280.31     0.020
    -279.28    -0.063
    -278.25    -0.006
    -277.22    -0.049
    -276.19    -0.006
    -275.16     0.012
    -274.13     0.036
    -273.10     0.028
    -272.07     0.020
    -271.04    -0.014
    -270.01     0.045
    -268.98     0.065
    -267.95     0.170
    -266.92     0.008
    -265.89    -0.035
    -264.86     0.115
    -263.83     0.029
    -262.79     0.038
    -261.76     0.033
    -260.73    -0.090
    -259.70    -0.020
    -258.67     0.063
    -257.64     0.046
    -256.61    -0.154
    -255.58     0.122
    -254.55     0.063
    -253.52     0.021
    -252.49    -0.065
    -251.46    -0.061
    -250.43    -0.073
    -249.40    -0.166
    -248.37    -0.014
    -247.34     0.035
    -246.31     0.015
    -245.27     0.049
    -244.24    -0.081
    -243.21     0.011
    -242.18    -0.108
    -241.15    -0.025
    -240.12    -0.088
    -239.09     0.026
    -238.06    -0.064
    -237.03     0.037
    -236.00     0.028
    -234.97     0.006
    -233.94     0.046
    -232.91    -0.023
    -231.88    -0.022
    -230.85    -0.021
    -229.82     0.063
    -228.79     0.104
    -227.76    -0.134
    -226.72     0.014
    -225.69     0.122
    -224.66     0.069
    -223.63     0.032
    -222.60     0.125
    -221.57     0.081
    -220.54     0.011
    -219.51     0.121
    -218.48     0.001
    -217.45     0.055
    -216.42     0.044
    -215.39     0.059
    -214.36    -0.058
    -213.33    -0.105
    -212.30    -0.016
    -211.27    -0.021
    -210.24    -0.024
    -209.21     0.122
    -208.17     0.122
    -207.14     0.075
    -206.11    -0.070
    -205.08     0.004
    -204.05    -0.089
    -203.02     0.018
    -201.99    -0.086
    -200.96    -0.048
    -199.93     0.136
    -198.90    -0.156
    -197.87    -0.076
    -196.84    -0.158
    -195.81     0.090
    -194.78     0.012
    -193.75     0.055
    -192.72     0.118
    -191.69     0.133
    -190.65     0.069
    -189.62     0.022
    -188.59     0.002
    -187.56    -0.001
    -186.53    -0.136
    -185.50    -0.007
    -184.47    -0.011
    -183.44     0.117
    -182.41    -0.054
    -181.38    -0.057
    -180.35    -0.032
    -179.32    -0.006
    -178.29     0.151
    -177.26    -0.023
    -176.23     0.019
    -175.20     0.033
    -174.17    -0.073
    -173.14    -0.062
    -172.10     0.033
    -171.07     0.093
    -170.04    -0.039
    -169.01     0.023
    -167.98    -0.007
    -166.95    -0.020
    -165.92    -0.083
    -164.89     0.055
    -163.86     0.165
    -162.83     0.088
    -161.80     0.055
    -160.77     0.098
    -159.74    -0.092
    -158.71     0.024
    -157.68     0.042
    -156.65     0.102
    -155.62    -0.043
    -154.59    -0.034
    -153.55     0.051
    -152.52    -0.139
    -151.49     0.117
    -150.46    -0.053
    -149.43     0.082
    -148.40    -0.006
    -147.37    -0.039
    -146.34    -0.002
    -145.31    -0.094
    -144.28    -0.015
    -143.25    -0.034
    -142.22    -0.063
    -141.19    -0.094
    -140.16    -0.059
    -139.13    -0.111
    -138.10     0.056
    -137.07     0.029
    -136.03    -0.012
    -135.00     0.059
    -133.97    -0.023
    -132.94     0.060
    -131.91    -0.059
    -130.88     0.055
    -129.85     0.003
    -128.82    -0.059
    -127.79     0.078
    -126.76     0.043
    -125.73     0.100
    -124.70     0.197
    -123.67     0.054
    -122.64     0.055
    -121.61     0.156
    -120.58    -0.086
    -119.55     0.073
    -118.52     0.141
    -117.48    -0.023
    -116.45    -0.026
    -115.42     0.030
    -114.39     0.034
    -113.36     0.083
    -112.33     0.085
    -111.30     0.089
    -110.27     0.211
    -109.24     0.168
    -108.21     0.191
    -107.18     0.198
    -106.15     0.173
    -105.12     0.234
    -104.09     0.147
    -103.06     0.319
    -102.03     0.346
    -101.00     0.367
     -99.96     0.391
     -98.93     0.431
     -97.90     0.271
     -96.87     0.564
     -95.84     0.519
     -94.81     0.485
     -93.78     0.569
     -92.75     0.594
     -91.72     0.422
     -90.69     0.638
     -89.66     0.631
     -88.63     0.696
     -87.60     0.598
     -86.57     0.709
     -85.54     0.696
     -84.51     0.772
     -83.48     0.952
     -82.45     0.917
     -81.41     0.831
     -80.38     0.843
     -79.35     0.781
     -78.32     0.906
     -77.29     0.978
     -76.26     0.955
     -75.23     1.046
     -74.20     1.010
     -73.17     1.067
     -72.14     1.019
     -71.11     1.190
     -70.08     1.156
     -69.05     1.315
     -68.02     1.208
     -66.99     1.347
     -65.96     1.342
     -64.93     1.425
     -63.90     1.620
     -62.86     1.380
     -61.83     1.500
     -60.80     1.579
     -59.77     1.733
     -58.74     1.702
     -57.71     1.753
     -56.68     1.774
     -55.65     2.077
     -54.62     2.166
     -53.59     2.367
     -52.56     2.660
     -51.53     3.190
     -50.50     3.705
     -49.47     3.870
     -48.44     4.069
     -47.41     3.982
     -46.38     3.974
     -45.34     3.796
     -44.31     3.631
     -43.28     3.520
     -42.25     3.291
     -41.22     3.235
     -40.19     3.161
     -39.16     3.576
     -38.13     3.657
     -37.10     4.141
     -36.07     4.637
     -35.04     5.755
     -34.01     6.412
     -32.98     6.654
     -31.95     6.678
     -30.92     6.428
     -29.89     5.744
     -28.86     5.240
     -27.83     4.730
     -26.79     4.207
     -25.76     3.766
     -24.73     3.617
     -23.70     3.370
     -22.67     3.446
     -21.64     3.343
     -20.61     3.376
     -19.58     3.521
     -18.55     3.846
     -17.52     4.306
     -16.49     4.764
     -15.46     5.321
     -14.43     6.280
     -13.40     7.196
     -12.37     8.572
     -11.34     9.944
     -10.31    11.437
      -9.28    13.037
      -8.24    14.475
      -7.21    15.591
      -6.18    16.622
      -5.15    17.395
      -4.12    17.804
      -3.09    17.934
      -2.06    18.646
      -1.03    20.132
       0.00    22.130
       1.03    24.798
       2.06    27.849
       3.09    29.925
       4.12    28.978
       5.15    27.300
       6.18    27.335
       7.21    28.731
       8.24    30.482
       9.28    32.106
      10.31    31.940
      11.34    29.339
      12.37    26.109
      13.40    22.105
      14.43    18.291
      15.46    15.422
      16.49    13.090
      17.52    11.124
      18.55     9.577
      19.58     7.868
      20.61     6.726
      21.64     5.458
      22.67     4.724
      23.70     3.730
      24.73     3.030
      25.76     2.504
      26.79     1.950
      27.83     1.570
      28.86     1.289
      29.89     0.828
      30.92     0.796
      31.95     0.620
      32.98     0.443
      34.01     0.318
      35.04     0.359
      36.07     0.218
      37.10     0.233
      38.13     0.112
      39.16     0.122
      40.19    -0.013
      41.22     0.116
      42.25     0.105
      43.28     0.109
      44.31    -0.131
      45.34     0.014
      46.38    -0.110
      47.41     0.133
      48.44     0.039
      49.47     0.047
      50.50     0.053
      51.53    -0.088
      52.56    -0.089
      53.59     0.093
      54.62    -0.069
      55.65    -0.027
      56.68    -0.064
      57.71    -0.128
      58.74     0.183
      59.77     0.026
      60.80     0.140
      61.83     0.164
      62.86    -0.051
      63.90     0.013
      64.93    -0.011
      65.96     0.081
      66.99    -0.016
      68.02     0.014
      69.05    -0.038
      70.08    -0.020
      71.11    -0.090
      72.14     0.037
      73.17    -0.147
      74.20    -0.140
      75.23    -0.139
      76.26    -0.051
      77.29    -0.016
      78.32    -0.117
      79.35     0.044
      80.38    -0.103
      81.41     0.015
      82.45     0.134
      83.48    -0.045
      84.51     0.050
      85.54     0.081
      86.57     0.152
      87.60    -0.148
      88.63     0.067
      89.66    -0.097
      90.69     0.016
      91.72    -0.007
      92.75     0.188
      93.78    -0.107
      94.81     0.026
      95.84     0.138
      96.87     0.113
      97.90     0.054
      98.93    -0.048
      99.96     0.044
     101.00     0.078
     102.03    -0.051
     103.06    -0.100
     104.09     0.072
     105.12     0.111
     106.15    -0.052
     107.18    -0.175
     108.21     0.041
     109.24    -0.018
     110.27     0.136
     111.30     0.014
     112.33     0.066
     113.36     0.090
     114.39     0.002
     115.42     0.049
     116.45     0.029
     117.48     0.054
     118.52     0.054
     119.55     0.034
     120.58    -0.019
     121.61     0.128
     122.64     0.029
     123.67    -0.037
     124.70     0.128
     125.73     0.054
     126.76     0.077
     127.79     0.059
     128.82    -0.137
     129.85    -0.059
     130.88     0.036
     131.91    -0.101
     132.94     0.055
     133.97     0.087
     135.00     0.040
     136.03    -0.030
     137.07     0.062
     138.10     0.068
     139.13    -0.075
     140.16    -0.016
     141.19     0.039
     142.22     0.085
     143.25    -0.124
     144.28     0.038
     145.31     0.043
     146.34     0.128
     147.37    -0.091
     148.40     0.158
     149.43    -0.065
     150.46    -0.007
     151.49    -0.129
     152.52    -0.059
     153.55    -0.028
     154.59    -0.038
     155.62    -0.039
     156.65     0.034
     157.68    -0.033
     158.71    -0.141
     159.74     0.031
     160.77     0.055
     161.80     0.011
     162.83     0.012
     163.86    -0.023
     164.89    -0.051
     165.92     0.043
     166.95     0.090
     167.98    -0.003
     169.01     0.061
     170.04    -0.037
     171.07     0.013
     172.10     0.042
     173.14     0.069
     174.17    -0.191
     175.20     0.095
     176.23     0.095
     177.26     0.071
     178.29     0.047
     179.32    -0.056
     180.35    -0.119
     181.38    -0.135
     182.41     0.044
     183.44     0.009
     184.47    -0.011
     185.50    -0.006
     186.53     0.033
     187.56    -0.005
     188.59    -0.046
     189.62     0.056
     190.65     0.098
     191.69    -0.024
     192.72    -0.025
     193.75    -0.009
     194.78    -0.085
     195.81    -0.093
     196.84    -0.035
     197.87     0.088
     198.90    -0.102
     199.93     0.011
     200.96    -0.161
     201.99     0.005
     203.02     0.021
     204.05     0.093
     205.08    -0.008
     206.11    -0.017
     207.14    -0.024
     208.17     0.087
     209.21    -0.040
     210.24    -0.012
     211.27     0.044
     212.30    -0.004
     213.33    -0.035
     214.36    -0.043
     215.39    -0.022
     216.42     0.063
     217.45    -0.050
     218.48    -0.062
     219.51    -0.018
     220.54     0.036
     221.57    -0.008
     222.60    -0.092
     223.63     0.004
     224.66     0.082
     225.69     0.116
     226.72     0.044
     227.76     0.014
     228.79    -0.036
     229.82     0.034
     230.85     0.001
     231.88     0.087
     232.91     0.120
     233.94     0.044
     234.97     0.137
     236.00    -0.051
     237.03     0.009
     238.06    -0.069
     239.09     0.037
     240.12     0.074
     241.15     0.093
     242.18     0.061
     243.21     0.010
     244.24     0.030
     245.27     0.010
     246.31     0.090
     247.34    -0.074
     248.37     0.082
     249.40     0.091
     250.43     0.015
     251.46    -0.004
     252.49    -0.016
     253.52    -0.128
     254.55    -0.152
     255.58    -0.082
     256.61     0.034
     257.64     0.005
     258.67    -0.128
     259.70    -0.009
     260.73     0.027
     261.76     0.110
     262.79     0.090
     263.83     0.063
     264.86    -0.106
     265.89     0.068
     266.92     0.028
     267.95    -0.019
     268.98    -0.034
     270.01     0.138
     271.04    -0.034
     272.07    -0.032
     273.10    -0.138
     274.13    -0.074
     275.16    -0.019
     276.19    -0.060
     277.22    -0.000
     278.25     0.095
     279.28    -0.023
     280.31    -0.064
     281.34    -0.031
     282.38    -0.069
     283.41     0.056
     284.44     0.064
     285.47    -0.100
     286.50     0.090
     287.53    -0.069
     288.56     0.064
     289.59    -0.079
     290.62    -0.095
     291.65    -0.067
     292.68     0.026
     293.71     0.082
     294.74     0.152
     295.77    -0.049
     296.80     0.085
     297.83     0.156
     298.86     0.016
     299.89    -0.007
     300.93     0.127
     301.96     0.119
     302.99    -0.052
     304.02    -0.053
     305.05    -0.004
     306.08     0.028
     307.11    -0.043
     308.14     0.058
     309.17    -0.002
     310.20    -0.100
     311.23     0.082
     312.26    -0.021
     313.29     0.044
     314.32     0.013
     315.35    -0.100
     316.38    -0.121
     317.41    -0.136
     318.45     0.088
     319.48    -0.013
     320.51    -0.030
     321.54    -0.020
     322.57     0.026
     323.60    -0.107
     324.63     0.019
     325.66     0.024
     326.69    -0.031
     327.72    -0.169
     328.75    -0.031
     329.78     0.118
     330.81     0.070
     331.84    -0.060
     332.87    -0.007
     333.90     0.129
     334.93    -0.048
     335.96     0.066
     337.00    -0.038
     338.03    -0.045
     339.06     0.038
     340.09    -0.067
     341.12    -0.019
     342.15    -0.032
     343.18    -0.090
     344.21    -0.021
     345.24     0.008
     346.27     0.055
     347.30    -0.006
     348.33    -0.063
     349.36     0.098
     350.39    -0.006
     351.42    -0.062
     352.45     0.013
     353.48     0.026
     354.51     0.078
     355.55     0.011
     356.58    -0.082
     357.61    -0.072
     358.64     0.033
     359.67    -0.011
     360.70     0.055
     361.73    -0.178
     362.76     0.142
     363.79    -0.099
     364.82     0.208
     365.85    -0.070
     366.88     0.030
     367.91    -0.113
     368.94     0.024
     369.97    -0.034
     371.00     0.110
     372.03    -0.048
     373.07     0.160
     374.10    -0.064
     375.13    -0.071
     376.16     0.073
     377.19     0.004
     378.22    -0.026
     379.25     0.010
     380.28     0.053
     381.31     0.094
     382.34     0.067
     383.37     0.086
     384.40    -0.048
     385.43     0.044
     386.46    -0.110
     387.49     0.140
     388.52    -0.044
     389.55    -0.049
     390.58     0.040
     391.62     0.022
     392.65    -0.056
     393.68     0.027
     394.71     0.152
     395.74     0.083
     396.77    -0.033
     397.80     0.030
     398.83     0.149
     399.86     0.137
