%%   82.50000 -12.50000    0   0.20000
% LAB  survey ------------------
% wanted position:  l, b, RA, DEC, and interpolated  NH
% 82.50 ; -12.50 ; 322.87 ;  34.24 ;  0.129E+22
% nearest position: l, b, RA, DEC, and observed NH
% 82.50 ; -12.50 ; 322.87 ;  34.24 ;  0.129E+22
% GASS III survey --------------
% NH - median within 6 arcmin radius   0.00    
% NH - mean within specified beam      0.00    
% EBHIS survey -----------------
% NH  within specified beam           0.130E+22
%%EBHIS   621  datapoints: v_lsr [km/s] and T_B [K]
    -399.25     0.106
    -397.96     0.124
    -396.68    -0.063
    -395.39    -0.126
    -394.10    -0.052
    -392.81    -0.045
    -391.52    -0.017
    -390.23    -0.042
    -388.95     0.039
    -387.66     0.023
    -386.37     0.094
    -385.08    -0.085
    -383.79     0.023
    -382.50    -0.056
    -381.22     0.054
    -379.93    -0.007
    -378.64    -0.024
    -377.35     0.087
    -376.06     0.068
    -374.78    -0.025
    -373.49    -0.085
    -372.20     0.003
    -370.91     0.108
    -369.62    -0.064
    -368.33    -0.048
    -367.05     0.008
    -365.76     0.024
    -364.47     0.040
    -363.18    -0.048
    -361.89    -0.014
    -360.60    -0.023
    -359.32     0.012
    -358.03     0.085
    -356.74    -0.002
    -355.45     0.010
    -354.16     0.074
    -352.88     0.096
    -351.59    -0.013
    -350.30    -0.086
    -349.01    -0.084
    -347.72    -0.065
    -346.43    -0.054
    -345.15    -0.014
    -343.86     0.088
    -342.57     0.002
    -341.28    -0.037
    -339.99    -0.053
    -338.70     0.073
    -337.42    -0.029
    -336.13    -0.052
    -334.84    -0.061
    -333.55     0.113
    -332.26     0.115
    -330.98     0.033
    -329.69     0.020
    -328.40    -0.154
    -327.11    -0.150
    -325.82     0.029
    -324.53     0.100
    -323.25    -0.032
    -321.96     0.000
    -320.67    -0.057
    -319.38     0.075
    -318.09     0.010
    -316.80    -0.041
    -315.52     0.070
    -314.23     0.028
    -312.94    -0.011
    -311.65     0.019
    -310.36     0.044
    -309.08     0.059
    -307.79     0.055
    -306.50     0.030
    -305.21     0.027
    -303.92    -0.081
    -302.63    -0.047
    -301.35    -0.003
    -300.06     0.064
    -298.77    -0.000
    -297.48     0.064
    -296.19     0.107
    -294.90    -0.012
    -293.62     0.023
    -292.33    -0.066
    -291.04    -0.083
    -289.75    -0.080
    -288.46    -0.048
    -287.18     0.111
    -285.89    -0.007
    -284.60     0.024
    -283.31     0.021
    -282.02     0.094
    -280.73    -0.062
    -279.45    -0.062
    -278.16     0.054
    -276.87     0.085
    -275.58     0.040
    -274.29    -0.004
    -273.00    -0.038
    -271.72    -0.042
    -270.43     0.005
    -269.14     0.011
    -267.85    -0.007
    -266.56    -0.123
    -265.28    -0.072
    -263.99     0.058
    -262.70     0.007
    -261.41    -0.059
    -260.12     0.037
    -258.83    -0.052
    -257.55    -0.004
    -256.26    -0.049
    -254.97    -0.020
    -253.68    -0.121
    -252.39     0.016
    -251.10     0.025
    -249.82    -0.049
    -248.53    -0.057
    -247.24     0.000
    -245.95     0.047
    -244.66    -0.051
    -243.38    -0.009
    -242.09    -0.025
    -240.80    -0.139
    -239.51     0.060
    -238.22     0.030
    -236.93    -0.023
    -235.65    -0.047
    -234.36     0.024
    -233.07    -0.076
    -231.78    -0.089
    -230.49    -0.015
    -229.20     0.015
    -227.92    -0.001
    -226.63    -0.013
    -225.34     0.067
    -224.05     0.010
    -222.76     0.000
    -221.48    -0.083
    -220.19    -0.080
    -218.90    -0.057
    -217.61     0.041
    -216.32     0.021
    -215.03    -0.042
    -213.75     0.114
    -212.46     0.158
    -211.17     0.126
    -209.88     0.050
    -208.59    -0.016
    -207.30     0.033
    -206.02     0.013
    -204.73     0.041
    -203.44    -0.085
    -202.15    -0.022
    -200.86     0.042
    -199.58     0.130
    -198.29     0.017
    -197.00    -0.028
    -195.71    -0.021
    -194.42    -0.121
    -193.13     0.042
    -191.85    -0.026
    -190.56    -0.074
    -189.27    -0.086
    -187.98    -0.057
    -186.69    -0.006
    -185.40     0.002
    -184.12    -0.043
    -182.83     0.008
    -181.54     0.058
    -180.25     0.076
    -178.96     0.004
    -177.68     0.044
    -176.39    -0.037
    -175.10    -0.009
    -173.81    -0.050
    -172.52    -0.077
    -171.23    -0.026
    -169.95    -0.007
    -168.66    -0.091
    -167.37    -0.078
    -166.08    -0.057
    -164.79    -0.095
    -163.50    -0.042
    -162.22     0.020
    -160.93     0.030
    -159.64     0.085
    -158.35     0.077
    -157.06    -0.069
    -155.78     0.031
    -154.49     0.134
    -153.20     0.071
    -151.91     0.043
    -150.62    -0.010
    -149.33     0.012
    -148.05    -0.070
    -146.76     0.091
    -145.47    -0.030
    -144.18     0.042
    -142.89     0.047
    -141.60     0.029
    -140.32    -0.034
    -139.03    -0.008
    -137.74     0.005
    -136.45     0.059
    -135.16     0.046
    -133.88    -0.006
    -132.59     0.101
    -131.30     0.046
    -130.01     0.027
    -128.72     0.065
    -127.43     0.060
    -126.15     0.112
    -124.86     0.147
    -123.57     0.041
    -122.28     0.025
    -120.99     0.133
    -119.70     0.074
    -118.42     0.195
    -117.13     0.098
    -115.84     0.191
    -114.55     0.241
    -113.26     0.189
    -111.98     0.247
    -110.69     0.054
    -109.40     0.197
    -108.11     0.306
    -106.82     0.371
    -105.53     0.301
    -104.25     0.182
    -102.96     0.225
    -101.67     0.339
    -100.38     0.392
     -99.09     0.354
     -97.80     0.344
     -96.52     0.526
     -95.23     0.585
     -93.94     0.558
     -92.65     0.388
     -91.36     0.444
     -90.08     0.479
     -88.79     0.463
     -87.50     0.401
     -86.21     0.501
     -84.92     0.484
     -83.63     0.393
     -82.35     0.403
     -81.06     0.451
     -79.77     0.377
     -78.48     0.442
     -77.19     0.451
     -75.90     0.430
     -74.62     0.391
     -73.33     0.325
     -72.04     0.418
     -70.75     0.506
     -69.46     0.341
     -68.18     0.435
     -66.89     0.488
     -65.60     0.441
     -64.31     0.399
     -63.02     0.314
     -61.73     0.401
     -60.45     0.309
     -59.16     0.351
     -57.87     0.221
     -56.58     0.241
     -55.29     0.326
     -54.00     0.392
     -52.72     0.392
     -51.43     0.578
     -50.14     0.560
     -48.85     0.714
     -47.56     0.829
     -46.28     0.933
     -44.99     0.993
     -43.70     1.166
     -42.41     1.212
     -41.12     1.377
     -39.83     1.476
     -38.55     1.668
     -37.26     1.754
     -35.97     1.855
     -34.68     1.896
     -33.39     1.832
     -32.10     1.878
     -30.82     1.751
     -29.53     2.028
     -28.24     2.232
     -26.95     2.443
     -25.66     2.471
     -24.38     2.690
     -23.09     3.070
     -21.80     3.719
     -20.51     4.114
     -19.22     4.528
     -17.93     5.310
     -16.65     5.800
     -15.36     6.251
     -14.07     7.281
     -12.78     8.476
     -11.49     9.560
     -10.20    10.828
      -8.92    12.336
      -7.63    14.194
      -6.34    15.808
      -5.05    17.510
      -3.76    19.923
      -2.48    24.442
      -1.19    31.463
       0.10    39.184
       1.39    44.503
       2.68    44.931
       3.97    38.696
       5.25    30.724
       6.54    23.223
       7.83    17.267
       9.12    12.929
      10.41     9.599
      11.70     6.968
      12.98     5.394
      14.27     4.080
      15.56     3.202
      16.85     2.503
      18.14     1.994
      19.42     1.644
      20.71     1.101
      22.00     0.846
      23.29     0.697
      24.58     0.482
      25.87     0.409
      27.15     0.302
      28.44     0.383
      29.73     0.386
      31.02     0.233
      32.31     0.245
      33.60     0.314
      34.88     0.222
      36.17     0.079
      37.46     0.004
      38.75     0.074
      40.04     0.020
      41.32     0.059
      42.61    -0.051
      43.90     0.044
      45.19     0.110
      46.48     0.063
      47.77     0.108
      49.05    -0.016
      50.34     0.043
      51.63     0.126
      52.92     0.018
      54.21     0.055
      55.50     0.093
      56.78    -0.007
      58.07     0.064
      59.36    -0.069
      60.65     0.023
      61.94     0.036
      63.22     0.069
      64.51     0.064
      65.80     0.057
      67.09     0.047
      68.38     0.051
      69.67    -0.017
      70.95    -0.057
      72.24     0.085
      73.53    -0.018
      74.82    -0.111
      76.11     0.144
      77.40     0.058
      78.68    -0.033
      79.97    -0.058
      81.26    -0.031
      82.55     0.024
      83.84     0.021
      85.12     0.043
      86.41    -0.031
      87.70     0.111
      88.99     0.073
      90.28     0.027
      91.57    -0.032
      92.85     0.043
      94.14     0.139
      95.43     0.037
      96.72    -0.127
      98.01    -0.058
      99.30    -0.033
     100.58     0.068
     101.87     0.147
     103.16     0.053
     104.45    -0.017
     105.74    -0.016
     107.02    -0.050
     108.31     0.032
     109.60    -0.039
     110.89     0.113
     112.18     0.109
     113.47    -0.053
     114.75    -0.095
     116.04    -0.045
     117.33    -0.054
     118.62     0.062
     119.91     0.060
     121.20     0.055
     122.48     0.129
     123.77    -0.111
     125.06    -0.043
     126.35    -0.034
     127.64    -0.114
     128.92    -0.026
     130.21     0.077
     131.50     0.057
     132.79     0.071
     134.08    -0.091
     135.37    -0.058
     136.65    -0.083
     137.94    -0.028
     139.23    -0.085
     140.52    -0.008
     141.81     0.026
     143.09     0.050
     144.38     0.025
     145.67     0.045
     146.96    -0.029
     148.25     0.020
     149.54    -0.032
     150.82     0.053
     152.11     0.010
     153.40     0.020
     154.69    -0.005
     155.98     0.026
     157.27     0.114
     158.55     0.047
     159.84    -0.018
     161.13    -0.034
     162.42     0.004
     163.71     0.013
     164.99     0.084
     166.28    -0.006
     167.57     0.039
     168.86    -0.010
     170.15    -0.041
     171.44     0.045
     172.72     0.071
     174.01     0.042
     175.30     0.002
     176.59    -0.050
     177.88    -0.030
     179.17     0.073
     180.45     0.040
     181.74    -0.103
     183.03    -0.043
     184.32    -0.037
     185.61    -0.113
     186.89     0.012
     188.18     0.143
     189.47    -0.024
     190.76    -0.027
     192.05    -0.073
     193.34    -0.018
     194.62    -0.042
     195.91    -0.009
     197.20    -0.041
     198.49    -0.025
     199.78    -0.024
     201.07    -0.085
     202.35     0.005
     203.64     0.096
     204.93     0.059
     206.22     0.108
     207.51     0.024
     208.79     0.006
     210.08     0.004
     211.37    -0.019
     212.66    -0.044
     213.95     0.064
     215.24     0.036
     216.52    -0.009
     217.81     0.074
     219.10    -0.077
     220.39     0.005
     221.68     0.031
     222.97     0.068
     224.25     0.060
     225.54    -0.035
     226.83    -0.059
     228.12    -0.087
     229.41    -0.017
     230.69    -0.013
     231.98    -0.036
     233.27    -0.027
     234.56     0.042
     235.85     0.028
     237.14     0.057
     238.42     0.004
     239.71    -0.088
     241.00    -0.065
     242.29     0.046
     243.58     0.066
     244.87    -0.007
     246.15     0.002
     247.44     0.072
     248.73     0.029
     250.02     0.013
     251.31    -0.021
     252.59    -0.019
     253.88    -0.049
     255.17     0.042
     256.46    -0.004
     257.75     0.034
     259.04     0.037
     260.32    -0.073
     261.61    -0.052
     262.90    -0.093
     264.19     0.029
     265.48     0.046
     266.77    -0.016
     268.05    -0.065
     269.34    -0.010
     270.63     0.132
     271.92    -0.018
     273.21    -0.008
     274.49     0.022
     275.78     0.075
     277.07    -0.069
     278.36    -0.048
     279.65     0.022
     280.94     0.089
     282.22     0.033
     283.51    -0.016
     284.80    -0.044
     286.09    -0.143
     287.38    -0.109
     288.67     0.028
     289.95    -0.022
     291.24     0.011
     292.53     0.014
     293.82     0.004
     295.11    -0.044
     296.39    -0.061
     297.68     0.091
     298.97     0.009
     300.26    -0.058
     301.55     0.075
     302.84    -0.015
     304.12    -0.120
     305.41     0.003
     306.70    -0.042
     307.99     0.018
     309.28     0.030
     310.57     0.058
     311.85    -0.056
     313.14     0.067
     314.43     0.077
     315.72    -0.094
     317.01    -0.089
     318.29    -0.002
     319.58     0.104
     320.87     0.136
     322.16     0.097
     323.45     0.047
     324.74    -0.002
     326.02    -0.070
     327.31     0.025
     328.60     0.012
     329.89     0.053
     331.18    -0.000
     332.47     0.004
     333.75     0.022
     335.04     0.084
     336.33     0.002
     337.62    -0.055
     338.91    -0.103
     340.19    -0.027
     341.48     0.097
     342.77    -0.027
     344.06    -0.030
     345.35     0.063
     346.64    -0.069
     347.92    -0.084
     349.21     0.079
     350.50     0.001
     351.79    -0.178
     353.08    -0.073
     354.37     0.012
     355.65    -0.081
     356.94     0.091
     358.23     0.047
     359.52     0.044
     360.81    -0.164
     362.09     0.003
     363.38    -0.008
     364.67     0.082
     365.96     0.181
     367.25     0.077
     368.54    -0.094
     369.82    -0.005
     371.11     0.012
     372.40     0.011
     373.69     0.079
     374.98     0.011
     376.27    -0.048
     377.55     0.012
     378.84    -0.068
     380.13     0.036
     381.42     0.079
     382.71     0.038
     383.99     0.046
     385.28     0.109
     386.57     0.092
     387.86    -0.043
     389.15     0.002
     390.44     0.022
     391.72    -0.065
     393.01    -0.017
     394.30     0.060
     395.59    -0.006
     396.88    -0.148
     398.17    -0.031
     399.45     0.045
%%GASS      0  datapoints: v_lsr [km/s] and T_B [K]
%%LAB     777  datapoints: v_lsr [km/s] and T_B [K]
    -399.87    -0.067
    -398.84     0.036
    -397.81    -0.001
    -396.78     0.026
    -395.75     0.128
    -394.72    -0.036
    -393.68    -0.075
    -392.65    -0.098
    -391.62     0.059
    -390.59    -0.112
    -389.56     0.027
    -388.53    -0.050
    -387.50    -0.021
    -386.47     0.039
    -385.44    -0.059
    -384.41    -0.119
    -383.38    -0.020
    -382.35    -0.064
    -381.32     0.022
    -380.29    -0.022
    -379.26    -0.073
    -378.23     0.235
    -377.20     0.052
    -376.16     0.046
    -375.13     0.005
    -374.10     0.031
    -373.07     0.025
    -372.04     0.084
    -371.01     0.099
    -369.98    -0.078
    -368.95    -0.013
    -367.92     0.014
    -366.89     0.036
    -365.86     0.007
    -364.83     0.056
    -363.80     0.044
    -362.77     0.029
    -361.74    -0.051
    -360.71     0.108
    -359.68    -0.015
    -358.64     0.062
    -357.61    -0.102
    -356.58     0.049
    -355.55     0.137
    -354.52     0.064
    -353.49    -0.041
    -352.46     0.034
    -351.43     0.101
    -350.40     0.034
    -349.37     0.040
    -348.34     0.034
    -347.31     0.027
    -346.28     0.038
    -345.25     0.023
    -344.22     0.110
    -343.19     0.093
    -342.16     0.051
    -341.12    -0.072
    -340.09    -0.051
    -339.06     0.082
    -338.03     0.002
    -337.00    -0.029
    -335.97     0.026
    -334.94     0.024
    -333.91     0.019
    -332.88     0.056
    -331.85     0.068
    -330.82     0.005
    -329.79    -0.044
    -328.76     0.108
    -327.73    -0.005
    -326.70    -0.060
    -325.67    -0.019
    -324.64     0.103
    -323.60    -0.070
    -322.57    -0.055
    -321.54    -0.162
    -320.51    -0.118
    -319.48    -0.056
    -318.45    -0.111
    -317.42     0.017
    -316.39     0.132
    -315.36    -0.007
    -314.33    -0.067
    -313.30    -0.117
    -312.27    -0.017
    -311.24    -0.029
    -310.21    -0.028
    -309.18    -0.062
    -308.15    -0.187
    -307.12     0.031
    -306.08     0.045
    -305.05     0.010
    -304.02    -0.097
    -302.99    -0.008
    -301.96    -0.112
    -300.93     0.033
    -299.90     0.065
    -298.87    -0.077
    -297.84     0.028
    -296.81    -0.010
    -295.78    -0.116
    -294.75    -0.126
    -293.72     0.027
    -292.69     0.050
    -291.66    -0.016
    -290.63     0.073
    -289.60     0.108
    -288.56     0.187
    -287.53    -0.057
    -286.50     0.048
    -285.47     0.019
    -284.44    -0.060
    -283.41     0.133
    -282.38     0.021
    -281.35     0.022
    -280.32    -0.007
    -279.29    -0.052
    -278.26     0.054
    -277.23     0.058
    -276.20    -0.057
    -275.17    -0.006
    -274.14     0.066
    -273.11     0.059
    -272.08     0.003
    -271.04    -0.024
    -270.01     0.052
    -268.98    -0.077
    -267.95    -0.037
    -266.92    -0.093
    -265.89     0.022
    -264.86     0.047
    -263.83    -0.078
    -262.80    -0.030
    -261.77     0.119
    -260.74     0.160
    -259.71     0.021
    -258.68     0.077
    -257.65    -0.026
    -256.62    -0.139
    -255.59     0.031
    -254.56    -0.046
    -253.52    -0.001
    -252.49     0.130
    -251.46     0.114
    -250.43     0.039
    -249.40     0.044
    -248.37    -0.024
    -247.34    -0.033
    -246.31     0.044
    -245.28    -0.083
    -244.25    -0.063
    -243.22    -0.050
    -242.19     0.113
    -241.16     0.189
    -240.13    -0.102
    -239.10    -0.047
    -238.07     0.002
    -237.04     0.099
    -236.00     0.046
    -234.97     0.093
    -233.94    -0.023
    -232.91    -0.029
    -231.88    -0.053
    -230.85    -0.032
    -229.82     0.063
    -228.79    -0.148
    -227.76    -0.003
    -226.73    -0.054
    -225.70     0.076
    -224.67    -0.028
    -223.64    -0.079
    -222.61    -0.042
    -221.58     0.039
    -220.55    -0.141
    -219.52    -0.227
    -218.48     0.061
    -217.45     0.057
    -216.42    -0.027
    -215.39    -0.032
    -214.36     0.061
    -213.33     0.093
    -212.30     0.081
    -211.27     0.128
    -210.24    -0.008
    -209.21     0.091
    -208.18     0.149
    -207.15     0.012
    -206.12     0.011
    -205.09    -0.073
    -204.06     0.058
    -203.03     0.087
    -202.00     0.031
    -200.96    -0.041
    -199.93     0.009
    -198.90    -0.015
    -197.87     0.077
    -196.84     0.016
    -195.81    -0.020
    -194.78     0.020
    -193.75     0.055
    -192.72    -0.040
    -191.69     0.019
    -190.66    -0.129
    -189.63    -0.204
    -188.60     0.141
    -187.57     0.066
    -186.54    -0.087
    -185.51     0.149
    -184.48    -0.034
    -183.44    -0.035
    -182.41    -0.110
    -181.38     0.022
    -180.35    -0.017
    -179.32     0.098
    -178.29    -0.040
    -177.26     0.130
    -176.23    -0.077
    -175.20    -0.006
    -174.17     0.023
    -173.14     0.074
    -172.11    -0.111
    -171.08     0.002
    -170.05    -0.069
    -169.02    -0.025
    -167.99     0.031
    -166.96    -0.160
    -165.92     0.011
    -164.89    -0.023
    -163.86    -0.013
    -162.83    -0.079
    -161.80     0.027
    -160.77    -0.045
    -159.74    -0.013
    -158.71     0.036
    -157.68    -0.109
    -156.65    -0.095
    -155.62    -0.062
    -154.59     0.007
    -153.56    -0.094
    -152.53    -0.047
    -151.50     0.096
    -150.47    -0.069
    -149.44     0.133
    -148.40    -0.027
    -147.37     0.013
    -146.34     0.194
    -145.31    -0.072
    -144.28     0.004
    -143.25    -0.035
    -142.22    -0.200
    -141.19     0.005
    -140.16     0.076
    -139.13    -0.105
    -138.10     0.092
    -137.07     0.086
    -136.04     0.041
    -135.01     0.063
    -133.98    -0.008
    -132.95     0.132
    -131.92     0.042
    -130.88    -0.037
    -129.85     0.181
    -128.82    -0.005
    -127.79     0.039
    -126.76    -0.005
    -125.73     0.193
    -124.70     0.066
    -123.67     0.120
    -122.64    -0.040
    -121.61     0.164
    -120.58     0.057
    -119.55     0.181
    -118.52     0.084
    -117.49     0.138
    -116.46     0.034
    -115.43     0.233
    -114.40     0.061
    -113.36     0.158
    -112.33     0.213
    -111.30     0.097
    -110.27     0.152
    -109.24     0.275
    -108.21     0.143
    -107.18     0.207
    -106.15     0.211
    -105.12     0.308
    -104.09     0.330
    -103.06     0.266
    -102.03     0.428
    -101.00     0.398
     -99.97     0.298
     -98.94     0.397
     -97.91     0.627
     -96.88     0.528
     -95.84     0.439
     -94.81     0.460
     -93.78     0.440
     -92.75     0.542
     -91.72     0.399
     -90.69     0.580
     -89.66     0.507
     -88.63     0.515
     -87.60     0.528
     -86.57     0.611
     -85.54     0.438
     -84.51     0.614
     -83.48     0.561
     -82.45     0.479
     -81.42     0.465
     -80.39     0.591
     -79.36     0.451
     -78.32     0.332
     -77.29     0.399
     -76.26     0.245
     -75.23     0.309
     -74.20     0.282
     -73.17     0.202
     -72.14     0.350
     -71.11     0.358
     -70.08     0.267
     -69.05     0.267
     -68.02     0.199
     -66.99     0.241
     -65.96     0.393
     -64.93     0.198
     -63.90     0.244
     -62.87     0.066
     -61.84     0.169
     -60.80     0.186
     -59.77     0.189
     -58.74     0.109
     -57.71     0.265
     -56.68     0.188
     -55.65     0.273
     -54.62     0.373
     -53.59     0.388
     -52.56     0.235
     -51.53     0.497
     -50.50     0.492
     -49.47     0.579
     -48.44     0.411
     -47.41     0.762
     -46.38     0.735
     -45.35     0.864
     -44.32     0.793
     -43.28     0.998
     -42.25     1.088
     -41.22     1.011
     -40.19     1.209
     -39.16     1.288
     -38.13     1.309
     -37.10     1.525
     -36.07     1.615
     -35.04     1.533
     -34.01     1.519
     -32.98     1.594
     -31.95     1.734
     -30.92     1.791
     -29.89     1.850
     -28.86     1.952
     -27.83     2.151
     -26.80     2.360
     -25.76     2.580
     -24.73     2.590
     -23.70     3.049
     -22.67     3.264
     -21.64     3.657
     -20.61     4.062
     -19.58     4.451
     -18.55     4.662
     -17.52     5.108
     -16.49     5.456
     -15.46     6.003
     -14.43     6.639
     -13.40     7.519
     -12.37     8.700
     -11.34     9.926
     -10.31    11.070
      -9.28    12.557
      -8.24    14.017
      -7.21    15.540
      -6.18    16.799
      -5.15    17.916
      -4.12    18.728
      -3.09    21.145
      -2.06    24.718
      -1.03    30.304
       0.00    36.326
       1.03    41.921
       2.06    46.336
       3.09    46.390
       4.12    42.393
       5.15    35.460
       6.18    28.113
       7.21    21.452
       8.24    16.216
       9.28    12.302
      10.31     9.536
      11.34     6.754
      12.37     5.436
      13.40     4.131
      14.43     3.356
      15.46     2.855
      16.49     2.269
      17.52     1.843
      18.55     1.407
      19.58     1.218
      20.61     1.083
      21.64     0.660
      22.67     0.751
      23.70     0.724
      24.73     0.502
      25.76     0.297
      26.80     0.377
      27.83     0.256
      28.86     0.248
      29.89     0.227
      30.92     0.264
      31.95     0.071
      32.98     0.278
      34.01     0.169
      35.04     0.179
      36.07     0.042
      37.10     0.209
      38.13     0.049
      39.16    -0.021
      40.19    -0.015
      41.22     0.065
      42.25    -0.006
      43.28    -0.025
      44.32    -0.111
      45.35     0.155
      46.38     0.100
      47.41    -0.024
      48.44    -0.068
      49.47     0.023
      50.50    -0.026
      51.53     0.286
      52.56     0.061
      53.59     0.091
      54.62     0.014
      55.65    -0.013
      56.68    -0.104
      57.71    -0.015
      58.74     0.120
      59.77     0.232
      60.80    -0.120
      61.84     0.067
      62.87    -0.144
      63.90    -0.024
      64.93    -0.044
      65.96     0.176
      66.99     0.073
      68.02    -0.046
      69.05     0.091
      70.08     0.125
      71.11     0.018
      72.14    -0.045
      73.17    -0.047
      74.20     0.032
      75.23    -0.023
      76.26     0.014
      77.29     0.084
      78.32    -0.040
      79.36     0.170
      80.39     0.053
      81.42     0.019
      82.45     0.067
      83.48    -0.015
      84.51     0.088
      85.54     0.032
      86.57    -0.021
      87.60     0.002
      88.63    -0.006
      89.66    -0.002
      90.69     0.049
      91.72    -0.011
      92.75     0.039
      93.78    -0.045
      94.81     0.050
      95.84    -0.124
      96.88    -0.019
      97.91     0.017
      98.94     0.209
      99.97    -0.011
     101.00     0.086
     102.03    -0.020
     103.06    -0.015
     104.09    -0.003
     105.12     0.023
     106.15    -0.175
     107.18    -0.168
     108.21    -0.162
     109.24    -0.006
     110.27     0.009
     111.30     0.031
     112.33    -0.049
     113.36     0.119
     114.40     0.125
     115.43     0.059
     116.46    -0.030
     117.49     0.123
     118.52     0.128
     119.55    -0.035
     120.58    -0.047
     121.61    -0.065
     122.64    -0.045
     123.67    -0.001
     124.70    -0.033
     125.73    -0.023
     126.76     0.012
     127.79     0.082
     128.82    -0.001
     129.85     0.007
     130.88     0.090
     131.92     0.189
     132.95     0.109
     133.98    -0.088
     135.01     0.042
     136.04     0.116
     137.07     0.059
     138.10     0.170
     139.13     0.120
     140.16     0.068
     141.19     0.059
     142.22     0.075
     143.25     0.059
     144.28    -0.011
     145.31     0.024
     146.34     0.156
     147.37    -0.013
     148.40     0.142
     149.44     0.041
     150.47     0.080
     151.50     0.010
     152.53    -0.116
     153.56    -0.097
     154.59     0.037
     155.62     0.020
     156.65    -0.070
     157.68     0.023
     158.71     0.145
     159.74    -0.008
     160.77    -0.133
     161.80     0.035
     162.83     0.066
     163.86    -0.021
     164.89     0.078
     165.92    -0.035
     166.96    -0.031
     167.99    -0.067
     169.02     0.063
     170.05    -0.113
     171.08     0.028
     172.11     0.004
     173.14     0.128
     174.17    -0.055
     175.20     0.012
     176.23    -0.053
     177.26    -0.081
     178.29     0.062
     179.32    -0.018
     180.35    -0.060
     181.38     0.043
     182.41    -0.117
     183.44     0.028
     184.48     0.110
     185.51     0.009
     186.54    -0.129
     187.57     0.086
     188.60    -0.071
     189.63     0.010
     190.66    -0.118
     191.69    -0.173
     192.72    -0.109
     193.75    -0.044
     194.78    -0.042
     195.81     0.057
     196.84     0.049
     197.87     0.157
     198.90    -0.117
     199.93    -0.001
     200.96     0.013
     202.00     0.061
     203.03    -0.003
     204.06     0.184
     205.09    -0.040
     206.12     0.090
     207.15     0.016
     208.18     0.082
     209.21    -0.091
     210.24     0.178
     211.27    -0.020
     212.30     0.039
     213.33     0.021
     214.36     0.065
     215.39     0.002
     216.42    -0.065
     217.45     0.022
     218.48    -0.075
     219.52     0.005
     220.55     0.046
     221.58     0.003
     222.61     0.024
     223.64    -0.007
     224.67    -0.132
     225.70    -0.062
     226.73     0.031
     227.76    -0.038
     228.79     0.012
     229.82    -0.020
     230.85     0.048
     231.88    -0.091
     232.91    -0.056
     233.94    -0.004
     234.97    -0.012
     236.00    -0.060
     237.04     0.041
     238.07    -0.175
     239.10    -0.015
     240.13    -0.127
     241.16    -0.035
     242.19    -0.051
     243.22     0.054
     244.25    -0.018
     245.28    -0.094
     246.31    -0.103
     247.34    -0.006
     248.37     0.082
     249.40    -0.052
     250.43     0.024
     251.46    -0.028
     252.49     0.061
     253.52     0.159
     254.56    -0.126
     255.59     0.044
     256.62     0.117
     257.65    -0.108
     258.68     0.034
     259.71     0.127
     260.74    -0.072
     261.77    -0.081
     262.80     0.007
     263.83     0.005
     264.86    -0.006
     265.89     0.004
     266.92     0.153
     267.95     0.004
     268.98    -0.034
     270.01    -0.057
     271.04     0.039
     272.08    -0.017
     273.11     0.030
     274.14     0.113
     275.17    -0.069
     276.20     0.138
     277.23     0.015
     278.26    -0.148
     279.29    -0.030
     280.32     0.045
     281.35    -0.096
     282.38     0.042
     283.41    -0.040
     284.44     0.086
     285.47    -0.043
     286.50    -0.022
     287.53    -0.041
     288.56    -0.033
     289.60     0.248
     290.63    -0.065
     291.66     0.003
     292.69     0.031
     293.72    -0.126
     294.75     0.037
     295.78    -0.110
     296.81     0.017
     297.84    -0.027
     298.87     0.007
     299.90     0.150
     300.93     0.128
     301.96     0.087
     302.99     0.014
     304.02     0.019
     305.05    -0.040
     306.08    -0.110
     307.12     0.052
     308.15     0.105
     309.18    -0.121
     310.21    -0.010
     311.24    -0.013
     312.27    -0.010
     313.30     0.010
     314.33    -0.065
     315.36     0.020
     316.39     0.052
     317.42     0.127
     318.45     0.093
     319.48    -0.114
     320.51     0.038
     321.54    -0.166
     322.57     0.035
     323.60    -0.145
     324.64     0.075
     325.67     0.059
     326.70     0.008
     327.73    -0.062
     328.76    -0.015
     329.79     0.039
     330.82    -0.010
     331.85    -0.161
     332.88    -0.050
     333.91    -0.010
     334.94     0.039
     335.97    -0.003
     337.00     0.087
     338.03     0.027
     339.06    -0.122
     340.09    -0.165
     341.12    -0.045
     342.16    -0.099
     343.19    -0.038
     344.22     0.002
     345.25    -0.042
     346.28     0.014
     347.31    -0.075
     348.34     0.126
     349.37    -0.183
     350.40     0.139
     351.43     0.104
     352.46    -0.069
     353.49     0.035
     354.52     0.029
     355.55     0.066
     356.58    -0.003
     357.61    -0.001
     358.64     0.103
     359.68     0.047
     360.71     0.053
     361.74    -0.103
     362.77     0.074
     363.80     0.013
     364.83     0.071
     365.86     0.203
     366.89     0.119
     367.92    -0.100
     368.95    -0.118
     369.98     0.133
     371.01     0.203
     372.04    -0.060
     373.07    -0.064
     374.10     0.108
     375.13    -0.014
     376.16    -0.129
     377.20    -0.079
     378.23    -0.063
     379.26     0.015
     380.29    -0.085
     381.32    -0.074
     382.35     0.059
     383.38    -0.041
     384.41    -0.088
     385.44    -0.052
     386.47     0.016
     387.50    -0.062
     388.53    -0.033
     389.56    -0.151
     390.59    -0.036
     391.62     0.036
     392.65     0.029
     393.68     0.016
     394.72    -0.158
     395.75     0.130
     396.78     0.080
     397.81     0.045
     398.84    -0.126
     399.87     0.095
