%%   82.50000  10.00000    0   0.20000
% LAB  survey ------------------
% wanted position:  l, b, RA, DEC, and interpolated  NH
% 82.50 ;  10.00 ; 299.20 ;  48.27 ;  0.146E+22
% nearest position: l, b, RA, DEC, and observed NH
% 82.50 ;  10.00 ; 299.20 ;  48.27 ;  0.146E+22
% GASS III survey --------------
% NH - median within 6 arcmin radius   0.00    
% NH - mean within specified beam      0.00    
% EBHIS survey -----------------
% NH  within specified beam           0.142E+22
%%EBHIS   621  datapoints: v_lsr [km/s] and T_B [K]
    -399.25    -0.017
    -397.96    -0.056
    -396.68    -0.081
    -395.39    -0.087
    -394.10    -0.076
    -392.81    -0.046
    -391.52     0.006
    -390.23    -0.019
    -388.95     0.041
    -387.66     0.058
    -386.37     0.019
    -385.08     0.030
    -383.79     0.002
    -382.50     0.054
    -381.22    -0.050
    -379.93    -0.090
    -378.64    -0.039
    -377.35     0.022
    -376.06     0.024
    -374.78    -0.049
    -373.49     0.022
    -372.20     0.049
    -370.91    -0.033
    -369.62     0.000
    -368.33     0.014
    -367.05    -0.039
    -365.76    -0.057
    -364.47    -0.007
    -363.18     0.069
    -361.89     0.070
    -360.60    -0.036
    -359.32    -0.037
    -358.03     0.007
    -356.74     0.035
    -355.45    -0.058
    -354.16    -0.020
    -352.88     0.005
    -351.59    -0.066
    -350.30     0.017
    -349.01     0.028
    -347.72     0.067
    -346.43     0.045
    -345.15    -0.009
    -343.86     0.002
    -342.57    -0.044
    -341.28     0.029
    -339.99    -0.014
    -338.70    -0.024
    -337.42     0.013
    -336.13    -0.028
    -334.84    -0.006
    -333.55    -0.036
    -332.26    -0.033
    -330.98     0.006
    -329.69     0.003
    -328.40    -0.103
    -327.11     0.046
    -325.82    -0.014
    -324.53    -0.025
    -323.25     0.012
    -321.96     0.023
    -320.67    -0.022
    -319.38     0.059
    -318.09     0.051
    -316.80    -0.024
    -315.52     0.035
    -314.23     0.015
    -312.94    -0.037
    -311.65     0.022
    -310.36     0.012
    -309.08     0.033
    -307.79     0.038
    -306.50     0.034
    -305.21    -0.008
    -303.92    -0.019
    -302.63    -0.008
    -301.35    -0.001
    -300.06     0.057
    -298.77    -0.054
    -297.48     0.011
    -296.19     0.056
    -294.90    -0.057
    -293.62    -0.046
    -292.33     0.010
    -291.04     0.044
    -289.75     0.008
    -288.46     0.086
    -287.18    -0.007
    -285.89     0.012
    -284.60     0.021
    -283.31     0.013
    -282.02     0.025
    -280.73    -0.006
    -279.45     0.062
    -278.16     0.069
    -276.87     0.014
    -275.58     0.000
    -274.29     0.083
    -273.00     0.027
    -271.72     0.050
    -270.43    -0.064
    -269.14     0.049
    -267.85     0.025
    -266.56     0.041
    -265.28     0.011
    -263.99     0.043
    -262.70     0.031
    -261.41     0.016
    -260.12    -0.048
    -258.83     0.040
    -257.55     0.083
    -256.26     0.116
    -254.97    -0.007
    -253.68     0.030
    -252.39     0.056
    -251.10    -0.023
    -249.82    -0.016
    -248.53    -0.009
    -247.24    -0.040
    -245.95     0.023
    -244.66    -0.085
    -243.38     0.052
    -242.09     0.026
    -240.80    -0.016
    -239.51    -0.043
    -238.22    -0.031
    -236.93    -0.018
    -235.65    -0.018
    -234.36    -0.002
    -233.07    -0.051
    -231.78     0.052
    -230.49     0.007
    -229.20    -0.030
    -227.92    -0.022
    -226.63    -0.060
    -225.34    -0.011
    -224.05    -0.007
    -222.76    -0.036
    -221.48     0.038
    -220.19     0.024
    -218.90     0.025
    -217.61     0.028
    -216.32     0.018
    -215.03     0.033
    -213.75     0.076
    -212.46    -0.040
    -211.17    -0.058
    -209.88    -0.095
    -208.59     0.007
    -207.30    -0.013
    -206.02    -0.010
    -204.73    -0.014
    -203.44     0.026
    -202.15     0.062
    -200.86    -0.020
    -199.58     0.006
    -198.29    -0.030
    -197.00    -0.052
    -195.71    -0.004
    -194.42    -0.006
    -193.13     0.025
    -191.85     0.008
    -190.56     0.045
    -189.27    -0.028
    -187.98     0.025
    -186.69     0.015
    -185.40    -0.120
    -184.12    -0.042
    -182.83    -0.000
    -181.54     0.016
    -180.25    -0.078
    -178.96     0.010
    -177.68     0.006
    -176.39     0.017
    -175.10    -0.073
    -173.81    -0.032
    -172.52    -0.019
    -171.23     0.000
    -169.95    -0.021
    -168.66    -0.073
    -167.37    -0.041
    -166.08    -0.046
    -164.79    -0.068
    -163.50     0.049
    -162.22    -0.064
    -160.93    -0.013
    -159.64    -0.096
    -158.35     0.034
    -157.06     0.023
    -155.78    -0.063
    -154.49     0.024
    -153.20     0.040
    -151.91     0.042
    -150.62     0.026
    -149.33    -0.062
    -148.05     0.004
    -146.76     0.060
    -145.47     0.153
    -144.18     0.179
    -142.89     0.233
    -141.60     0.266
    -140.32     0.358
    -139.03     0.394
    -137.74     0.405
    -136.45     0.447
    -135.16     0.588
    -133.88     0.709
    -132.59     0.797
    -131.30     0.838
    -130.01     0.967
    -128.72     1.072
    -127.43     1.187
    -126.15     1.357
    -124.86     1.539
    -123.57     1.787
    -122.28     1.796
    -120.99     2.211
    -119.70     2.553
    -118.42     2.649
    -117.13     2.590
    -115.84     2.359
    -114.55     2.191
    -113.26     1.964
    -111.98     1.771
    -110.69     1.694
    -109.40     1.556
    -108.11     1.547
    -106.82     1.387
    -105.53     1.360
    -104.25     1.312
    -102.96     1.367
    -101.67     1.312
    -100.38     1.316
     -99.09     1.242
     -97.80     1.218
     -96.52     1.328
     -95.23     1.338
     -93.94     1.338
     -92.65     1.445
     -91.36     1.518
     -90.08     1.649
     -88.79     1.711
     -87.50     1.758
     -86.21     1.958
     -84.92     2.118
     -83.63     2.230
     -82.35     2.340
     -81.06     2.517
     -79.77     2.646
     -78.48     2.718
     -77.19     2.887
     -75.90     2.895
     -74.62     2.760
     -73.33     2.507
     -72.04     2.281
     -70.75     2.184
     -69.46     2.018
     -68.18     1.818
     -66.89     1.559
     -65.60     1.456
     -64.31     1.447
     -63.02     1.293
     -61.73     1.274
     -60.45     1.321
     -59.16     1.302
     -57.87     1.451
     -56.58     1.667
     -55.29     1.761
     -54.00     1.884
     -52.72     2.017
     -51.43     2.012
     -50.14     1.945
     -48.85     2.098
     -47.56     2.148
     -46.28     2.178
     -44.99     2.207
     -43.70     2.125
     -42.41     2.108
     -41.12     2.069
     -39.83     2.021
     -38.55     1.947
     -37.26     1.863
     -35.97     1.697
     -34.68     1.701
     -33.39     1.640
     -32.10     1.721
     -30.82     1.746
     -29.53     1.853
     -28.24     2.085
     -26.95     2.409
     -25.66     2.675
     -24.38     3.005
     -23.09     3.421
     -21.80     3.962
     -20.51     4.441
     -19.22     4.754
     -17.93     5.073
     -16.65     5.518
     -15.36     6.248
     -14.07     6.646
     -12.78     6.976
     -11.49     7.526
     -10.20     8.054
      -8.92     8.779
      -7.63     9.590
      -6.34    10.671
      -5.05    13.226
      -3.76    16.939
      -2.48    18.556
      -1.19    17.043
       0.10    15.882
       1.39    17.354
       2.68    21.259
       3.97    26.644
       5.25    30.471
       6.54    30.835
       7.83    28.798
       9.12    24.375
      10.41    19.585
      11.70    15.504
      12.98    12.208
      14.27     9.370
      15.56     7.182
      16.85     5.557
      18.14     4.238
      19.42     3.280
      20.71     2.470
      22.00     1.965
      23.29     1.544
      24.58     1.174
      25.87     0.846
      27.15     0.660
      28.44     0.538
      29.73     0.341
      31.02     0.267
      32.31     0.296
      33.60     0.257
      34.88     0.180
      36.17     0.113
      37.46     0.170
      38.75     0.164
      40.04     0.179
      41.32     0.172
      42.61     0.141
      43.90     0.094
      45.19     0.208
      46.48     0.137
      47.77     0.127
      49.05     0.044
      50.34     0.120
      51.63     0.158
      52.92     0.204
      54.21     0.118
      55.50     0.050
      56.78     0.015
      58.07    -0.021
      59.36     0.054
      60.65     0.138
      61.94     0.038
      63.22    -0.054
      64.51    -0.072
      65.80     0.029
      67.09    -0.077
      68.38    -0.118
      69.67    -0.047
      70.95     0.041
      72.24     0.020
      73.53     0.003
      74.82     0.067
      76.11     0.063
      77.40     0.064
      78.68    -0.035
      79.97    -0.092
      81.26    -0.102
      82.55    -0.048
      83.84     0.037
      85.12     0.003
      86.41     0.033
      87.70     0.044
      88.99    -0.019
      90.28    -0.077
      91.57     0.019
      92.85     0.016
      94.14     0.062
      95.43     0.006
      96.72    -0.083
      98.01    -0.068
      99.30     0.016
     100.58     0.080
     101.87     0.104
     103.16     0.074
     104.45     0.043
     105.74     0.070
     107.02    -0.005
     108.31     0.060
     109.60     0.094
     110.89     0.131
     112.18     0.108
     113.47     0.130
     114.75     0.023
     116.04     0.007
     117.33     0.032
     118.62    -0.045
     119.91     0.015
     121.20     0.026
     122.48    -0.067
     123.77     0.005
     125.06    -0.026
     126.35     0.023
     127.64     0.062
     128.92    -0.043
     130.21     0.033
     131.50     0.034
     132.79     0.007
     134.08     0.047
     135.37    -0.020
     136.65     0.031
     137.94    -0.031
     139.23     0.011
     140.52     0.022
     141.81    -0.031
     143.09     0.006
     144.38     0.016
     145.67    -0.006
     146.96     0.010
     148.25     0.040
     149.54     0.062
     150.82     0.063
     152.11    -0.104
     153.40    -0.032
     154.69    -0.017
     155.98     0.017
     157.27     0.033
     158.55     0.032
     159.84    -0.021
     161.13     0.017
     162.42     0.048
     163.71     0.046
     164.99     0.012
     166.28     0.070
     167.57    -0.048
     168.86    -0.016
     170.15     0.049
     171.44     0.027
     172.72    -0.002
     174.01    -0.002
     175.30     0.004
     176.59     0.012
     177.88    -0.039
     179.17    -0.098
     180.45    -0.008
     181.74     0.065
     183.03    -0.011
     184.32    -0.035
     185.61    -0.032
     186.89    -0.030
     188.18    -0.031
     189.47    -0.026
     190.76     0.069
     192.05    -0.044
     193.34    -0.013
     194.62     0.047
     195.91    -0.077
     197.20    -0.010
     198.49    -0.032
     199.78    -0.025
     201.07     0.016
     202.35    -0.050
     203.64    -0.014
     204.93     0.041
     206.22     0.085
     207.51    -0.011
     208.79     0.063
     210.08    -0.036
     211.37    -0.026
     212.66    -0.003
     213.95    -0.000
     215.24    -0.035
     216.52    -0.034
     217.81     0.067
     219.10     0.071
     220.39     0.053
     221.68     0.066
     222.97     0.000
     224.25     0.040
     225.54     0.023
     226.83    -0.053
     228.12    -0.029
     229.41    -0.022
     230.69     0.089
     231.98     0.050
     233.27    -0.000
     234.56    -0.003
     235.85    -0.027
     237.14    -0.032
     238.42     0.034
     239.71    -0.039
     241.00     0.076
     242.29     0.021
     243.58     0.047
     244.87    -0.055
     246.15    -0.037
     247.44    -0.025
     248.73    -0.024
     250.02    -0.033
     251.31    -0.014
     252.59    -0.040
     253.88     0.006
     255.17     0.107
     256.46     0.049
     257.75     0.036
     259.04     0.089
     260.32     0.019
     261.61    -0.025
     262.90    -0.013
     264.19    -0.024
     265.48    -0.053
     266.77    -0.037
     268.05    -0.083
     269.34     0.022
     270.63     0.013
     271.92    -0.010
     273.21    -0.037
     274.49    -0.013
     275.78     0.015
     277.07    -0.011
     278.36     0.003
     279.65     0.074
     280.94     0.044
     282.22    -0.000
     283.51     0.075
     284.80     0.047
     286.09     0.013
     287.38     0.015
     288.67    -0.027
     289.95     0.004
     291.24     0.059
     292.53     0.068
     293.82    -0.048
     295.11     0.034
     296.39    -0.011
     297.68    -0.068
     298.97     0.048
     300.26    -0.005
     301.55     0.009
     302.84     0.027
     304.12     0.007
     305.41    -0.038
     306.70    -0.018
     307.99     0.009
     309.28     0.008
     310.57     0.023
     311.85    -0.025
     313.14     0.046
     314.43    -0.070
     315.72    -0.039
     317.01     0.037
     318.29    -0.039
     319.58    -0.013
     320.87    -0.050
     322.16     0.012
     323.45     0.024
     324.74    -0.036
     326.02    -0.094
     327.31     0.014
     328.60     0.019
     329.89     0.039
     331.18    -0.014
     332.47    -0.009
     333.75     0.027
     335.04     0.006
     336.33     0.029
     337.62     0.024
     338.91     0.040
     340.19    -0.019
     341.48     0.006
     342.77     0.048
     344.06    -0.041
     345.35    -0.064
     346.64     0.040
     347.92     0.043
     349.21     0.021
     350.50    -0.020
     351.79    -0.137
     353.08    -0.036
     354.37     0.027
     355.65     0.012
     356.94     0.056
     358.23     0.052
     359.52     0.024
     360.81     0.074
     362.09    -0.034
     363.38     0.002
     364.67     0.080
     365.96     0.068
     367.25     0.071
     368.54    -0.050
     369.82    -0.000
     371.11    -0.037
     372.40     0.035
     373.69     0.026
     374.98     0.076
     376.27    -0.015
     377.55    -0.047
     378.84     0.005
     380.13     0.077
     381.42    -0.011
     382.71    -0.026
     383.99    -0.030
     385.28    -0.089
     386.57     0.042
     387.86     0.070
     389.15     0.042
     390.44     0.039
     391.72     0.071
     393.01    -0.012
     394.30     0.066
     395.59     0.031
     396.88     0.041
     398.17    -0.042
     399.45     0.015
%%GASS      0  datapoints: v_lsr [km/s] and T_B [K]
%%LAB     777  datapoints: v_lsr [km/s] and T_B [K]
    -399.82     0.076
    -398.79    -0.031
    -397.76     0.162
    -396.73    -0.080
    -395.70    -0.129
    -394.67    -0.083
    -393.64    -0.046
    -392.61    -0.018
    -391.58     0.110
    -390.55     0.014
    -389.52    -0.028
    -388.49     0.059
    -387.46     0.011
    -386.43     0.032
    -385.40     0.063
    -384.37     0.174
    -383.34     0.096
    -382.31    -0.050
    -381.28    -0.083
    -380.25     0.062
    -379.21     0.080
    -378.18     0.022
    -377.15     0.010
    -376.12     0.096
    -375.09     0.050
    -374.06    -0.006
    -373.03    -0.084
    -372.00     0.007
    -370.97     0.005
    -369.94    -0.072
    -368.91    -0.013
    -367.88    -0.065
    -366.85    -0.084
    -365.82    -0.093
    -364.79     0.148
    -363.76    -0.000
    -362.73     0.037
    -361.70     0.093
    -360.67     0.114
    -359.64    -0.012
    -358.61     0.161
    -357.57    -0.132
    -356.54    -0.064
    -355.51    -0.099
    -354.48    -0.022
    -353.45    -0.129
    -352.42    -0.032
    -351.39     0.000
    -350.36    -0.035
    -349.33     0.026
    -348.30     0.203
    -347.27    -0.103
    -346.24     0.141
    -345.21     0.039
    -344.18     0.081
    -343.15    -0.160
    -342.12    -0.013
    -341.09    -0.095
    -340.06     0.013
    -339.03     0.051
    -338.00    -0.029
    -336.97    -0.036
    -335.93     0.082
    -334.90    -0.031
    -333.87     0.068
    -332.84    -0.004
    -331.81    -0.068
    -330.78     0.111
    -329.75    -0.057
    -328.72     0.127
    -327.69    -0.099
    -326.66    -0.062
    -325.63    -0.048
    -324.60     0.022
    -323.57    -0.028
    -322.54    -0.094
    -321.51     0.034
    -320.48    -0.041
    -319.45     0.112
    -318.42     0.087
    -317.39    -0.094
    -316.36     0.072
    -315.33     0.022
    -314.29     0.015
    -313.26    -0.085
    -312.23     0.076
    -311.20    -0.069
    -310.17    -0.026
    -309.14     0.011
    -308.11    -0.096
    -307.08     0.076
    -306.05    -0.127
    -305.02    -0.050
    -303.99    -0.044
    -302.96     0.163
    -301.93     0.023
    -300.90    -0.063
    -299.87    -0.024
    -298.84     0.016
    -297.81    -0.068
    -296.78    -0.069
    -295.75    -0.073
    -294.72    -0.095
    -293.69     0.008
    -292.65     0.105
    -291.62     0.131
    -290.59     0.128
    -289.56     0.016
    -288.53    -0.121
    -287.50    -0.054
    -286.47     0.153
    -285.44    -0.039
    -284.41     0.059
    -283.38     0.012
    -282.35     0.099
    -281.32     0.045
    -280.29    -0.020
    -279.26    -0.039
    -278.23     0.061
    -277.20    -0.147
    -276.17     0.050
    -275.14     0.017
    -274.11     0.066
    -273.08     0.078
    -272.05    -0.008
    -271.01    -0.036
    -269.98     0.107
    -268.95     0.117
    -267.92     0.001
    -266.89     0.024
    -265.86     0.060
    -264.83    -0.047
    -263.80     0.073
    -262.77    -0.040
    -261.74    -0.146
    -260.71     0.208
    -259.68    -0.055
    -258.65     0.093
    -257.62    -0.043
    -256.59    -0.056
    -255.56     0.070
    -254.53     0.084
    -253.50     0.094
    -252.47    -0.022
    -251.44    -0.055
    -250.41     0.032
    -249.37     0.027
    -248.34     0.109
    -247.31     0.023
    -246.28     0.069
    -245.25    -0.076
    -244.22     0.092
    -243.19    -0.093
    -242.16     0.134
    -241.13    -0.061
    -240.10     0.128
    -239.07    -0.093
    -238.04    -0.108
    -237.01     0.007
    -235.98    -0.058
    -234.95    -0.182
    -233.92    -0.095
    -232.89     0.129
    -231.86     0.095
    -230.83     0.059
    -229.80     0.111
    -228.77     0.053
    -227.73    -0.084
    -226.70    -0.085
    -225.67     0.098
    -224.64     0.046
    -223.61    -0.063
    -222.58    -0.086
    -221.55    -0.011
    -220.52    -0.039
    -219.49    -0.180
    -218.46     0.196
    -217.43     0.045
    -216.40     0.048
    -215.37     0.028
    -214.34     0.080
    -213.31    -0.053
    -212.28    -0.020
    -211.25     0.023
    -210.22     0.006
    -209.19    -0.135
    -208.16    -0.047
    -207.13    -0.071
    -206.09     0.120
    -205.06     0.052
    -204.03     0.157
    -203.00     0.100
    -201.97     0.078
    -200.94    -0.010
    -199.91    -0.077
    -198.88     0.027
    -197.85     0.096
    -196.82    -0.051
    -195.79    -0.054
    -194.76     0.184
    -193.73    -0.096
    -192.70    -0.057
    -191.67     0.125
    -190.64     0.056
    -189.61     0.001
    -188.58     0.079
    -187.55    -0.120
    -186.52    -0.119
    -185.49     0.162
    -184.45    -0.108
    -183.42     0.166
    -182.39    -0.026
    -181.36     0.037
    -180.33     0.008
    -179.30    -0.030
    -178.27     0.019
    -177.24     0.066
    -176.21    -0.161
    -175.18    -0.014
    -174.15    -0.151
    -173.12    -0.079
    -172.09    -0.003
    -171.06     0.081
    -170.03    -0.019
    -169.00     0.016
    -167.97    -0.042
    -166.94    -0.119
    -165.91     0.065
    -164.88    -0.040
    -163.85     0.150
    -162.81    -0.047
    -161.78    -0.031
    -160.75     0.140
    -159.72    -0.017
    -158.69     0.001
    -157.66     0.019
    -156.63     0.112
    -155.60     0.016
    -154.57    -0.069
    -153.54     0.010
    -152.51     0.131
    -151.48     0.059
    -150.45    -0.018
    -149.42     0.195
    -148.39     0.199
    -147.36     0.104
    -146.33     0.108
    -145.30     0.163
    -144.27     0.270
    -143.24     0.263
    -142.21     0.333
    -141.17     0.348
    -140.14     0.250
    -139.11     0.363
    -138.08     0.395
    -137.05     0.375
    -136.02     0.486
    -134.99     0.523
    -133.96     0.696
    -132.93     0.630
    -131.90     0.726
    -130.87     0.788
    -129.84     0.854
    -128.81     0.863
    -127.78     1.161
    -126.75     1.035
    -125.72     1.210
    -124.69     1.296
    -123.66     1.524
    -122.63     1.766
    -121.60     2.027
    -120.57     1.979
    -119.54     2.198
    -118.50     2.440
    -117.47     2.470
    -116.44     2.283
    -115.41     2.173
    -114.38     2.238
    -113.35     1.946
    -112.32     1.822
    -111.29     1.777
    -110.26     1.661
    -109.23     1.638
    -108.20     1.416
    -107.17     1.522
    -106.14     1.670
    -105.11     1.505
    -104.08     1.515
    -103.05     1.326
    -102.02     1.313
    -100.99     1.433
     -99.96     1.314
     -98.93     1.306
     -97.90     1.302
     -96.86     1.439
     -95.83     1.238
     -94.80     1.408
     -93.77     1.454
     -92.74     1.291
     -91.71     1.462
     -90.68     1.718
     -89.65     1.639
     -88.62     1.726
     -87.59     1.941
     -86.56     2.163
     -85.53     2.035
     -84.50     2.193
     -83.47     2.205
     -82.44     2.599
     -81.41     2.627
     -80.38     2.724
     -79.35     2.662
     -78.32     2.846
     -77.29     2.800
     -76.26     2.689
     -75.22     2.453
     -74.19     2.558
     -73.16     2.364
     -72.13     2.375
     -71.10     2.023
     -70.07     1.950
     -69.04     1.880
     -68.01     1.793
     -66.98     1.786
     -65.95     1.564
     -64.92     1.595
     -63.89     1.298
     -62.86     1.547
     -61.83     1.535
     -60.80     1.647
     -59.77     1.856
     -58.74     1.823
     -57.71     1.687
     -56.68     1.682
     -55.65     1.785
     -54.62     1.766
     -53.58     1.873
     -52.55     1.984
     -51.52     1.996
     -50.49     2.010
     -49.46     2.148
     -48.43     2.172
     -47.40     2.289
     -46.37     2.275
     -45.34     2.502
     -44.31     2.302
     -43.28     2.443
     -42.25     2.221
     -41.22     2.275
     -40.19     2.228
     -39.16     2.109
     -38.13     2.065
     -37.10     1.907
     -36.07     1.890
     -35.04     1.813
     -34.01     1.786
     -32.98     1.783
     -31.94     1.858
     -30.91     1.792
     -29.88     1.919
     -28.85     2.223
     -27.82     2.073
     -26.79     2.320
     -25.76     2.592
     -24.73     2.984
     -23.70     3.262
     -22.67     3.603
     -21.64     4.037
     -20.61     4.523
     -19.58     4.911
     -18.55     5.582
     -17.52     6.063
     -16.49     6.606
     -15.46     7.432
     -14.43     7.866
     -13.40     8.355
     -12.37     8.693
     -11.34     8.870
     -10.30     9.358
      -9.27     9.984
      -8.24    10.553
      -7.21    11.187
      -6.18    11.995
      -5.15    13.685
      -4.12    16.439
      -3.09    18.753
      -2.06    18.677
      -1.03    17.097
       0.00    16.214
       1.03    16.811
       2.06    19.509
       3.09    23.802
       4.12    29.045
       5.15    32.102
       6.18    32.269
       7.21    29.834
       8.24    25.690
       9.27    21.332
      10.30    17.934
      11.34    15.181
      12.37    12.964
      13.40    10.793
      14.43     8.949
      15.46     7.327
      16.49     6.083
      17.52     4.907
      18.55     3.881
      19.58     3.130
      20.61     2.355
      21.64     2.061
      22.67     1.554
      23.70     1.476
      24.73     1.174
      25.76     0.909
      26.79     0.823
      27.82     0.552
      28.85     0.457
      29.88     0.435
      30.91     0.381
      31.94     0.175
      32.98     0.335
      34.01     0.113
      35.04     0.316
      36.07     0.139
      37.10     0.155
      38.13    -0.078
      39.16     0.074
      40.19     0.151
      41.22     0.164
      42.25    -0.073
      43.28     0.177
      44.31     0.009
      45.34     0.018
      46.37     0.107
      47.40     0.181
      48.43    -0.035
      49.46    -0.088
      50.49     0.154
      51.52     0.015
      52.55    -0.035
      53.58     0.065
      54.62    -0.036
      55.65     0.172
      56.68     0.062
      57.71     0.085
      58.74     0.014
      59.77     0.017
      60.80     0.201
      61.83    -0.009
      62.86     0.218
      63.89    -0.012
      64.92     0.179
      65.95     0.100
      66.98     0.075
      68.01     0.070
      69.04    -0.124
      70.07     0.133
      71.10    -0.055
      72.13     0.087
      73.16    -0.070
      74.19     0.027
      75.22    -0.209
      76.26    -0.011
      77.29    -0.100
      78.32     0.010
      79.35    -0.015
      80.38     0.024
      81.41    -0.183
      82.44    -0.097
      83.47    -0.010
      84.50     0.159
      85.53    -0.152
      86.56    -0.043
      87.59    -0.007
      88.62    -0.059
      89.65    -0.021
      90.68     0.042
      91.71    -0.049
      92.74    -0.011
      93.77     0.084
      94.80     0.041
      95.83    -0.020
      96.86     0.202
      97.90     0.031
      98.93     0.065
      99.96    -0.002
     100.99    -0.048
     102.02    -0.098
     103.05     0.075
     104.08    -0.093
     105.11     0.111
     106.14    -0.054
     107.17     0.013
     108.20    -0.050
     109.23     0.147
     110.26     0.053
     111.29     0.014
     112.32     0.023
     113.35     0.079
     114.38     0.281
     115.41     0.041
     116.44     0.081
     117.47    -0.102
     118.50    -0.005
     119.54    -0.039
     120.57    -0.013
     121.60     0.077
     122.63     0.069
     123.66    -0.023
     124.69    -0.121
     125.72     0.005
     126.75     0.023
     127.78    -0.072
     128.81     0.081
     129.84     0.044
     130.87    -0.095
     131.90     0.041
     132.93     0.071
     133.96    -0.010
     134.99    -0.004
     136.02     0.049
     137.05     0.023
     138.08     0.033
     139.11     0.033
     140.14     0.115
     141.17    -0.080
     142.21     0.121
     143.24     0.009
     144.27    -0.003
     145.30    -0.005
     146.33     0.112
     147.36     0.032
     148.39    -0.106
     149.42     0.038
     150.45     0.084
     151.48     0.006
     152.51    -0.034
     153.54    -0.008
     154.57    -0.037
     155.60    -0.206
     156.63     0.074
     157.66    -0.054
     158.69     0.054
     159.72    -0.096
     160.75     0.120
     161.78     0.021
     162.81     0.197
     163.85     0.059
     164.88     0.005
     165.91     0.048
     166.94    -0.040
     167.97    -0.005
     169.00     0.144
     170.03    -0.024
     171.06     0.217
     172.09     0.075
     173.12     0.070
     174.15    -0.118
     175.18    -0.153
     176.21     0.100
     177.24     0.022
     178.27    -0.041
     179.30    -0.193
     180.33    -0.012
     181.36     0.065
     182.39     0.070
     183.42    -0.001
     184.45     0.026
     185.49     0.029
     186.52    -0.079
     187.55    -0.052
     188.58     0.029
     189.61    -0.019
     190.64    -0.001
     191.67     0.069
     192.70    -0.075
     193.73     0.154
     194.76     0.079
     195.79     0.027
     196.82    -0.128
     197.85    -0.005
     198.88    -0.077
     199.91     0.053
     200.94    -0.009
     201.97    -0.063
     203.00    -0.034
     204.03    -0.150
     205.06    -0.266
     206.09    -0.021
     207.13    -0.183
     208.16     0.039
     209.19    -0.198
     210.22    -0.046
     211.25    -0.085
     212.28     0.015
     213.31    -0.054
     214.34    -0.034
     215.37     0.118
     216.40     0.097
     217.43     0.199
     218.46     0.093
     219.49    -0.089
     220.52     0.033
     221.55     0.012
     222.58    -0.009
     223.61     0.014
     224.64    -0.014
     225.67     0.019
     226.70    -0.049
     227.73     0.050
     228.77     0.093
     229.80     0.070
     230.83     0.092
     231.86     0.024
     232.89    -0.023
     233.92     0.078
     234.95    -0.024
     235.98     0.041
     237.01     0.114
     238.04    -0.125
     239.07    -0.026
     240.10    -0.037
     241.13    -0.054
     242.16     0.024
     243.19     0.032
     244.22     0.087
     245.25    -0.082
     246.28    -0.132
     247.31     0.049
     248.34    -0.177
     249.37     0.045
     250.41    -0.009
     251.44     0.063
     252.47    -0.030
     253.50    -0.002
     254.53    -0.171
     255.56    -0.022
     256.59    -0.018
     257.62    -0.045
     258.65     0.011
     259.68     0.095
     260.71    -0.009
     261.74    -0.021
     262.77     0.111
     263.80    -0.012
     264.83     0.022
     265.86     0.063
     266.89    -0.053
     267.92    -0.010
     268.95     0.126
     269.98    -0.071
     271.01     0.045
     272.05     0.144
     273.08     0.069
     274.11     0.112
     275.14     0.046
     276.17    -0.097
     277.20    -0.078
     278.23     0.016
     279.26     0.113
     280.29     0.022
     281.32    -0.252
     282.35    -0.003
     283.38    -0.044
     284.41     0.027
     285.44     0.108
     286.47    -0.066
     287.50    -0.046
     288.53     0.052
     289.56    -0.008
     290.59     0.086
     291.62    -0.027
     292.65    -0.075
     293.69    -0.169
     294.72    -0.059
     295.75    -0.031
     296.78    -0.106
     297.81     0.078
     298.84    -0.080
     299.87    -0.022
     300.90    -0.011
     301.93    -0.031
     302.96    -0.016
     303.99     0.027
     305.02    -0.069
     306.05    -0.038
     307.08     0.035
     308.11     0.046
     309.14     0.027
     310.17    -0.044
     311.20     0.089
     312.23     0.087
     313.26     0.104
     314.29    -0.101
     315.33     0.164
     316.36     0.006
     317.39     0.156
     318.42     0.086
     319.45     0.033
     320.48    -0.125
     321.51     0.120
     322.54    -0.012
     323.57     0.035
     324.60    -0.067
     325.63    -0.055
     326.66    -0.072
     327.69    -0.051
     328.72    -0.054
     329.75    -0.052
     330.78    -0.046
     331.81    -0.094
     332.84     0.044
     333.87    -0.077
     334.90     0.003
     335.93    -0.070
     336.97    -0.007
     338.00     0.023
     339.03     0.036
     340.06    -0.102
     341.09    -0.103
     342.12     0.063
     343.15     0.021
     344.18     0.049
     345.21     0.013
     346.24     0.007
     347.27     0.060
     348.30    -0.029
     349.33     0.060
     350.36    -0.075
     351.39     0.033
     352.42    -0.020
     353.45     0.093
     354.48    -0.057
     355.51     0.083
     356.54     0.021
     357.57     0.094
     358.61    -0.043
     359.64    -0.072
     360.67     0.004
     361.70    -0.091
     362.73    -0.021
     363.76    -0.128
     364.79     0.131
     365.82    -0.011
     366.85     0.074
     367.88    -0.010
     368.91    -0.060
     369.94     0.019
     370.97     0.052
     372.00    -0.007
     373.03     0.096
     374.06    -0.039
     375.09     0.055
     376.12     0.018
     377.15    -0.039
     378.18    -0.049
     379.21     0.098
     380.24     0.013
     381.28     0.047
     382.31    -0.017
     383.34    -0.020
     384.37     0.010
     385.40    -0.071
     386.43     0.026
     387.46     0.055
     388.49    -0.014
     389.52     0.226
     390.55    -0.005
     391.58    -0.114
     392.61    -0.139
     393.64     0.059
     394.67     0.011
     395.70    -0.016
     396.73     0.018
     397.76     0.015
     398.79    -0.001
     399.82     0.031
