%%   70.00000   0.00000    0   0.20000
% LAB  survey ------------------
% wanted position:  l, b, RA, DEC, and interpolated  NH
% 70.00 ;   0.00 ; 301.87 ;  32.44 ;  0.947E+22
% nearest position: l, b, RA, DEC, and observed NH
% 70.00 ;   0.00 ; 301.87 ;  32.44 ;  0.947E+22
% GASS III survey --------------
% NH - median within 6 arcmin radius   0.00    
% NH - mean within specified beam      0.00    
% EBHIS survey -----------------
% NH  within specified beam           0.944E+22
%%EBHIS   621  datapoints: v_lsr [km/s] and T_B [K]
    -399.25    -0.007
    -397.96     0.020
    -396.68     0.083
    -395.39     0.010
    -394.10    -0.047
    -392.81     0.096
    -391.52     0.088
    -390.23     0.101
    -388.95     0.018
    -387.66    -0.100
    -386.37    -0.064
    -385.08     0.014
    -383.79     0.035
    -382.50    -0.098
    -381.22    -0.053
    -379.93     0.003
    -378.64     0.058
    -377.35     0.022
    -376.06     0.047
    -374.78     0.137
    -373.49     0.065
    -372.20    -0.031
    -370.91    -0.039
    -369.62     0.066
    -368.33    -0.029
    -367.05    -0.013
    -365.76    -0.085
    -364.47     0.053
    -363.18    -0.102
    -361.89    -0.037
    -360.60    -0.041
    -359.32     0.039
    -358.03     0.081
    -356.74     0.057
    -355.45    -0.018
    -354.16     0.003
    -352.88    -0.020
    -351.59     0.033
    -350.30     0.039
    -349.01    -0.019
    -347.72    -0.063
    -346.43    -0.103
    -345.15    -0.011
    -343.86    -0.021
    -342.57     0.028
    -341.28     0.088
    -339.99    -0.096
    -338.70    -0.046
    -337.42    -0.105
    -336.13     0.021
    -334.84    -0.012
    -333.55    -0.013
    -332.26     0.094
    -330.98     0.031
    -329.69    -0.038
    -328.40    -0.010
    -327.11    -0.072
    -325.82     0.070
    -324.53     0.001
    -323.25     0.022
    -321.96     0.083
    -320.67     0.017
    -319.38    -0.068
    -318.09    -0.050
    -316.80     0.092
    -315.52    -0.009
    -314.23     0.020
    -312.94     0.101
    -311.65    -0.030
    -310.36     0.105
    -309.08     0.028
    -307.79     0.118
    -306.50     0.036
    -305.21    -0.073
    -303.92    -0.030
    -302.63    -0.083
    -301.35    -0.051
    -300.06    -0.000
    -298.77    -0.019
    -297.48     0.057
    -296.19    -0.050
    -294.90     0.034
    -293.62     0.048
    -292.33     0.005
    -291.04     0.023
    -289.75    -0.079
    -288.46    -0.011
    -287.18    -0.007
    -285.89    -0.007
    -284.60     0.043
    -283.31    -0.002
    -282.02     0.015
    -280.73     0.039
    -279.45     0.085
    -278.16     0.044
    -276.87    -0.046
    -275.58     0.052
    -274.29     0.089
    -273.00     0.037
    -271.72     0.047
    -270.43     0.059
    -269.14    -0.042
    -267.85     0.095
    -266.56    -0.013
    -265.28    -0.011
    -263.99     0.046
    -262.70     0.153
    -261.41    -0.015
    -260.12    -0.057
    -258.83    -0.087
    -257.55     0.046
    -256.26    -0.013
    -254.97     0.031
    -253.68    -0.013
    -252.39     0.052
    -251.10    -0.005
    -249.82     0.032
    -248.53    -0.049
    -247.24     0.046
    -245.95     0.039
    -244.66    -0.091
    -243.38     0.017
    -242.09     0.089
    -240.80     0.013
    -239.51    -0.065
    -238.22    -0.001
    -236.93    -0.033
    -235.65    -0.004
    -234.36    -0.004
    -233.07    -0.007
    -231.78    -0.066
    -230.49    -0.034
    -229.20    -0.022
    -227.92     0.059
    -226.63     0.015
    -225.34    -0.082
    -224.05    -0.019
    -222.76     0.015
    -221.48     0.039
    -220.19    -0.060
    -218.90     0.042
    -217.61     0.043
    -216.32    -0.025
    -215.03    -0.008
    -213.75     0.013
    -212.46    -0.001
    -211.17     0.033
    -209.88     0.089
    -208.59    -0.023
    -207.30     0.060
    -206.02    -0.022
    -204.73    -0.114
    -203.44    -0.085
    -202.15    -0.127
    -200.86     0.034
    -199.58    -0.098
    -198.29    -0.081
    -197.00    -0.007
    -195.71     0.148
    -194.42     0.022
    -193.13    -0.078
    -191.85    -0.056
    -190.56    -0.068
    -189.27    -0.025
    -187.98     0.044
    -186.69     0.017
    -185.40     0.123
    -184.12     0.060
    -182.83    -0.015
    -181.54    -0.018
    -180.25     0.052
    -178.96    -0.013
    -177.68     0.048
    -176.39     0.051
    -175.10    -0.025
    -173.81    -0.085
    -172.52    -0.079
    -171.23     0.077
    -169.95     0.000
    -168.66    -0.091
    -167.37    -0.033
    -166.08    -0.037
    -164.79    -0.046
    -163.50    -0.018
    -162.22    -0.023
    -160.93     0.011
    -159.64     0.059
    -158.35     0.075
    -157.06     0.025
    -155.78    -0.007
    -154.49    -0.023
    -153.20    -0.052
    -151.91    -0.097
    -150.62    -0.060
    -149.33     0.015
    -148.05     0.021
    -146.76    -0.003
    -145.47    -0.030
    -144.18     0.060
    -142.89     0.008
    -141.60     0.034
    -140.32     0.010
    -139.03    -0.010
    -137.74    -0.026
    -136.45     0.032
    -135.16     0.092
    -133.88     0.041
    -132.59     0.066
    -131.30     0.026
    -130.01     0.013
    -128.72     0.040
    -127.43     0.019
    -126.15     0.049
    -124.86    -0.057
    -123.57     0.016
    -122.28     0.067
    -120.99    -0.001
    -119.70     0.024
    -118.42    -0.008
    -117.13     0.084
    -115.84     0.164
    -114.55     0.087
    -113.26     0.146
    -111.98     0.182
    -110.69     0.145
    -109.40     0.201
    -108.11     0.239
    -106.82     0.320
    -105.53     0.353
    -104.25     0.496
    -102.96     0.490
    -101.67     0.674
    -100.38     0.848
     -99.09     1.032
     -97.80     0.969
     -96.52     1.150
     -95.23     1.523
     -93.94     1.869
     -92.65     2.033
     -91.36     2.591
     -90.08     3.148
     -88.79     3.761
     -87.50     4.759
     -86.21     5.825
     -84.92     7.243
     -83.63     9.401
     -82.35    12.346
     -81.06    16.620
     -79.77    22.753
     -78.48    30.874
     -77.19    39.311
     -75.90    46.058
     -74.62    49.878
     -73.33    52.064
     -72.04    55.356
     -70.75    58.851
     -69.46    62.368
     -68.18    64.604
     -66.89    63.986
     -65.60    61.651
     -64.31    58.112
     -63.02    53.944
     -61.73    47.934
     -60.45    40.712
     -59.16    33.254
     -57.87    26.681
     -56.58    22.292
     -55.29    20.260
     -54.00    19.078
     -52.72    17.882
     -51.43    17.210
     -50.14    18.516
     -48.85    20.104
     -47.56    19.078
     -46.28    15.717
     -44.99    12.615
     -43.70    10.370
     -42.41     8.855
     -41.12     7.637
     -39.83     6.695
     -38.55     6.065
     -37.26     5.586
     -35.97     5.222
     -34.68     5.171
     -33.39     5.339
     -32.10     6.145
     -30.82     7.647
     -29.53     8.969
     -28.24    10.556
     -26.95    12.155
     -25.66    13.365
     -24.38    14.306
     -23.09    15.634
     -21.80    17.513
     -20.51    20.309
     -19.22    24.066
     -17.93    28.495
     -16.65    34.403
     -15.36    40.812
     -14.07    46.259
     -12.78    50.923
     -11.49    56.138
     -10.20    63.381
      -8.92    70.972
      -7.63    78.176
      -6.34    81.833
      -5.05    80.944
      -3.76    78.203
      -2.48    77.036
      -1.19    79.363
       0.10    87.031
       1.39    99.255
       2.68   109.440
       3.97   110.520
       5.25   114.226
       6.54   124.675
       7.83   131.643
       9.12   131.197
      10.41   124.774
      11.70   115.165
      12.98   108.401
      14.27   101.518
      15.56    90.631
      16.85    76.565
      18.14    63.188
      19.42    53.347
      20.71    43.967
      22.00    34.060
      23.29    24.272
      24.58    15.842
      25.87    10.608
      27.15     7.487
      28.44     5.504
      29.73     4.234
      31.02     3.206
      32.31     2.539
      33.60     2.058
      34.88     1.650
      36.17     1.299
      37.46     1.125
      38.75     0.943
      40.04     0.847
      41.32     0.712
      42.61     0.618
      43.90     0.587
      45.19     0.469
      46.48     0.461
      47.77     0.449
      49.05     0.519
      50.34     0.413
      51.63     0.395
      52.92     0.306
      54.21     0.240
      55.50     0.202
      56.78     0.273
      58.07     0.205
      59.36     0.151
      60.65     0.224
      61.94     0.187
      63.22    -0.002
      64.51     0.007
      65.80     0.108
      67.09     0.116
      68.38     0.176
      69.67     0.039
      70.95    -0.005
      72.24     0.064
      73.53    -0.018
      74.82     0.076
      76.11    -0.039
      77.40    -0.002
      78.68     0.066
      79.97     0.006
      81.26    -0.001
      82.55    -0.010
      83.84     0.007
      85.12    -0.035
      86.41     0.070
      87.70     0.039
      88.99    -0.017
      90.28     0.028
      91.57    -0.019
      92.85     0.020
      94.14     0.011
      95.43     0.007
      96.72     0.008
      98.01     0.016
      99.30     0.092
     100.58    -0.001
     101.87    -0.113
     103.16    -0.058
     104.45    -0.071
     105.74     0.071
     107.02    -0.040
     108.31    -0.003
     109.60     0.062
     110.89     0.005
     112.18    -0.074
     113.47     0.018
     114.75     0.021
     116.04    -0.009
     117.33    -0.018
     118.62     0.012
     119.91     0.025
     121.20     0.038
     122.48     0.038
     123.77    -0.107
     125.06     0.069
     126.35     0.080
     127.64     0.079
     128.92     0.091
     130.21     0.024
     131.50    -0.080
     132.79     0.097
     134.08     0.099
     135.37    -0.115
     136.65    -0.102
     137.94     0.049
     139.23    -0.019
     140.52    -0.092
     141.81    -0.003
     143.09    -0.066
     144.38    -0.009
     145.67     0.061
     146.96    -0.042
     148.25    -0.136
     149.54    -0.118
     150.82    -0.034
     152.11     0.010
     153.40    -0.002
     154.69    -0.058
     155.98     0.049
     157.27     0.013
     158.55     0.033
     159.84    -0.010
     161.13     0.021
     162.42    -0.003
     163.71    -0.017
     164.99    -0.011
     166.28    -0.032
     167.57    -0.098
     168.86     0.053
     170.15     0.082
     171.44     0.055
     172.72     0.069
     174.01     0.028
     175.30    -0.074
     176.59     0.042
     177.88    -0.043
     179.17     0.028
     180.45     0.043
     181.74     0.077
     183.03     0.018
     184.32     0.014
     185.61     0.084
     186.89     0.079
     188.18     0.013
     189.47    -0.024
     190.76    -0.059
     192.05    -0.008
     193.34     0.104
     194.62     0.039
     195.91    -0.025
     197.20    -0.013
     198.49     0.155
     199.78     0.064
     201.07    -0.008
     202.35     0.047
     203.64    -0.043
     204.93     0.010
     206.22     0.033
     207.51     0.080
     208.79    -0.061
     210.08    -0.005
     211.37     0.094
     212.66     0.017
     213.95     0.041
     215.24     0.001
     216.52    -0.029
     217.81    -0.019
     219.10    -0.046
     220.39     0.116
     221.68     0.016
     222.97    -0.093
     224.25    -0.045
     225.54     0.039
     226.83     0.004
     228.12    -0.015
     229.41    -0.044
     230.69    -0.149
     231.98    -0.048
     233.27    -0.018
     234.56    -0.059
     235.85     0.013
     237.14    -0.044
     238.42    -0.097
     239.71    -0.086
     241.00     0.060
     242.29    -0.008
     243.58     0.054
     244.87     0.028
     246.15     0.029
     247.44    -0.069
     248.73    -0.028
     250.02     0.052
     251.31     0.065
     252.59     0.027
     253.88     0.059
     255.17     0.065
     256.46     0.031
     257.75     0.071
     259.04    -0.019
     260.32    -0.078
     261.61    -0.020
     262.90     0.033
     264.19     0.004
     265.48    -0.030
     266.77    -0.027
     268.05    -0.098
     269.34     0.040
     270.63     0.099
     271.92     0.061
     273.21    -0.003
     274.49    -0.035
     275.78    -0.056
     277.07     0.031
     278.36    -0.051
     279.65     0.017
     280.94     0.024
     282.22     0.080
     283.51     0.135
     284.80     0.127
     286.09     0.077
     287.38     0.048
     288.67     0.013
     289.95    -0.021
     291.24     0.025
     292.53     0.025
     293.82    -0.025
     295.11    -0.044
     296.39    -0.029
     297.68    -0.013
     298.97    -0.051
     300.26    -0.028
     301.55    -0.036
     302.84    -0.067
     304.12    -0.015
     305.41     0.057
     306.70     0.028
     307.99     0.055
     309.28     0.047
     310.57     0.027
     311.85    -0.118
     313.14    -0.024
     314.43     0.028
     315.72    -0.038
     317.01    -0.025
     318.29     0.022
     319.58    -0.010
     320.87    -0.136
     322.16    -0.047
     323.45    -0.078
     324.74    -0.050
     326.02     0.135
     327.31     0.014
     328.60    -0.017
     329.89     0.090
     331.18     0.075
     332.47    -0.001
     333.75     0.005
     335.04     0.047
     336.33     0.117
     337.62     0.079
     338.91     0.061
     340.19     0.089
     341.48     0.021
     342.77    -0.025
     344.06    -0.103
     345.35    -0.082
     346.64    -0.041
     347.92    -0.089
     349.21     0.016
     350.50     0.137
     351.79    -0.073
     353.08    -0.001
     354.37    -0.054
     355.65    -0.046
     356.94    -0.091
     358.23    -0.033
     359.52     0.017
     360.81     0.061
     362.09    -0.037
     363.38    -0.112
     364.67    -0.004
     365.96    -0.037
     367.25    -0.180
     368.54     0.019
     369.82     0.174
     371.11    -0.085
     372.40    -0.076
     373.69    -0.094
     374.98    -0.060
     376.27    -0.001
     377.55     0.082
     378.84     0.111
     380.13     0.076
     381.42    -0.058
     382.71     0.038
     383.99     0.199
     385.28     0.036
     386.57     0.034
     387.86    -0.052
     389.15    -0.065
     390.44     0.002
     391.72    -0.119
     393.01    -0.027
     394.30    -0.033
     395.59     0.043
     396.88     0.059
     398.17    -0.016
     399.45     0.032
%%GASS      0  datapoints: v_lsr [km/s] and T_B [K]
%%LAB     777  datapoints: v_lsr [km/s] and T_B [K]
    -399.82     0.028
    -398.79    -0.184
    -397.76    -0.016
    -396.73     0.056
    -395.70    -0.002
    -394.67    -0.035
    -393.63    -0.127
    -392.60    -0.065
    -391.57     0.068
    -390.54     0.149
    -389.51    -0.021
    -388.48    -0.033
    -387.45     0.054
    -386.42     0.098
    -385.39     0.056
    -384.36     0.018
    -383.33     0.154
    -382.30    -0.191
    -381.27     0.052
    -380.24     0.015
    -379.21     0.088
    -378.18    -0.182
    -377.15    -0.061
    -376.12    -0.072
    -375.09    -0.021
    -374.06     0.013
    -373.03    -0.072
    -372.00    -0.076
    -370.96    -0.042
    -369.93     0.030
    -368.90    -0.014
    -367.87    -0.012
    -366.84     0.153
    -365.81    -0.046
    -364.78    -0.040
    -363.75     0.058
    -362.72     0.077
    -361.69    -0.006
    -360.66     0.164
    -359.63     0.094
    -358.60     0.015
    -357.57    -0.065
    -356.54     0.011
    -355.51     0.103
    -354.48     0.156
    -353.45    -0.019
    -352.42     0.092
    -351.39    -0.078
    -350.36     0.075
    -349.32     0.164
    -348.29    -0.061
    -347.26    -0.019
    -346.23    -0.044
    -345.20    -0.074
    -344.17    -0.195
    -343.14    -0.087
    -342.11     0.107
    -341.08    -0.061
    -340.05     0.062
    -339.02     0.102
    -337.99    -0.125
    -336.96    -0.078
    -335.93     0.007
    -334.90     0.334
    -333.87     0.047
    -332.84    -0.010
    -331.81     0.030
    -330.78     0.073
    -329.75     0.113
    -328.72     0.007
    -327.69     0.192
    -326.65     0.092
    -325.62     0.020
    -324.59     0.162
    -323.56     0.052
    -322.53     0.075
    -321.50     0.109
    -320.47    -0.048
    -319.44    -0.036
    -318.41    -0.057
    -317.38     0.007
    -316.35    -0.156
    -315.32    -0.023
    -314.29     0.024
    -313.26    -0.021
    -312.23     0.119
    -311.20    -0.089
    -310.17     0.051
    -309.14    -0.016
    -308.11    -0.014
    -307.08     0.018
    -306.05     0.094
    -305.02     0.145
    -303.98    -0.118
    -302.95    -0.104
    -301.92     0.241
    -300.89    -0.061
    -299.86    -0.097
    -298.83     0.075
    -297.80    -0.142
    -296.77     0.016
    -295.74     0.075
    -294.71     0.128
    -293.68    -0.112
    -292.65     0.060
    -291.62    -0.044
    -290.59     0.032
    -289.56    -0.078
    -288.53    -0.029
    -287.50    -0.195
    -286.47    -0.018
    -285.44    -0.042
    -284.41     0.075
    -283.38     0.102
    -282.35     0.105
    -281.31    -0.074
    -280.28    -0.078
    -279.25    -0.091
    -278.22     0.153
    -277.19    -0.036
    -276.16     0.085
    -275.13    -0.080
    -274.10     0.005
    -273.07    -0.061
    -272.04     0.130
    -271.01     0.058
    -269.98     0.003
    -268.95     0.100
    -267.92    -0.019
    -266.89     0.028
    -265.86    -0.084
    -264.83     0.018
    -263.80     0.016
    -262.77    -0.076
    -261.74     0.060
    -260.71    -0.033
    -259.68     0.117
    -258.64    -0.095
    -257.61     0.032
    -256.58    -0.053
    -255.55     0.160
    -254.52    -0.112
    -253.49     0.075
    -252.46     0.083
    -251.43    -0.120
    -250.40     0.068
    -249.37     0.035
    -248.34    -0.002
    -247.31     0.060
    -246.28    -0.038
    -245.25    -0.084
    -244.22    -0.095
    -243.19     0.068
    -242.16    -0.129
    -241.13    -0.108
    -240.10    -0.014
    -239.07     0.013
    -238.04    -0.019
    -237.01    -0.023
    -235.97    -0.087
    -234.94    -0.014
    -233.91    -0.084
    -232.88     0.085
    -231.85    -0.139
    -230.82     0.075
    -229.79     0.056
    -228.76     0.128
    -227.73     0.188
    -226.70     0.202
    -225.67    -0.018
    -224.64     0.098
    -223.61    -0.114
    -222.58    -0.095
    -221.55    -0.016
    -220.52     0.043
    -219.49     0.109
    -218.46    -0.033
    -217.43     0.092
    -216.40    -0.061
    -215.37     0.120
    -214.34    -0.097
    -213.30    -0.018
    -212.27    -0.076
    -211.24     0.041
    -210.21    -0.061
    -209.18    -0.074
    -208.15     0.005
    -207.12     0.020
    -206.09     0.136
    -205.06    -0.080
    -204.03     0.170
    -203.00     0.039
    -201.97     0.143
    -200.94     0.105
    -199.91    -0.021
    -198.88     0.047
    -197.85     0.007
    -196.82    -0.025
    -195.79    -0.002
    -194.76     0.051
    -193.73    -0.093
    -192.70    -0.002
    -191.67     0.141
    -190.63    -0.165
    -189.60     0.098
    -188.57    -0.048
    -187.54    -0.035
    -186.51    -0.084
    -185.48    -0.040
    -184.45    -0.004
    -183.42     0.166
    -182.39    -0.097
    -181.36    -0.023
    -180.33    -0.178
    -179.30    -0.029
    -178.27    -0.002
    -177.24     0.043
    -176.21     0.022
    -175.18     0.136
    -174.15    -0.038
    -173.12     0.043
    -172.09    -0.089
    -171.06    -0.042
    -170.03    -0.140
    -168.99     0.102
    -167.96     0.090
    -166.93     0.124
    -165.90     0.062
    -164.87     0.007
    -163.84     0.117
    -162.81    -0.082
    -161.78    -0.029
    -160.75    -0.025
    -159.72    -0.006
    -158.69    -0.016
    -157.66     0.147
    -156.63     0.035
    -155.60    -0.016
    -154.57     0.033
    -153.54     0.013
    -152.51     0.132
    -151.48    -0.133
    -150.45    -0.171
    -149.42    -0.038
    -148.39    -0.089
    -147.36    -0.008
    -146.32    -0.099
    -145.29     0.170
    -144.26     0.068
    -143.23    -0.127
    -142.20     0.033
    -141.17    -0.087
    -140.14     0.043
    -139.11     0.086
    -138.08    -0.065
    -137.05    -0.067
    -136.02    -0.044
    -134.99    -0.006
    -133.96     0.037
    -132.93    -0.027
    -131.90    -0.057
    -130.87     0.039
    -129.84     0.134
    -128.81    -0.050
    -127.78    -0.078
    -126.75    -0.072
    -125.72     0.173
    -124.69     0.035
    -123.65    -0.023
    -122.62    -0.025
    -121.59    -0.120
    -120.56     0.009
    -119.53     0.124
    -118.50     0.126
    -117.47     0.062
    -116.44    -0.046
    -115.41     0.096
    -114.38     0.049
    -113.35     0.083
    -112.32     0.077
    -111.29     0.022
    -110.26    -0.091
    -109.23     0.035
    -108.20     0.119
    -107.17     0.083
    -106.14     0.156
    -105.11     0.098
    -104.08    -0.014
    -103.05     0.141
    -102.02     0.005
    -100.98     0.120
     -99.95     0.309
     -98.92     0.355
     -97.89     0.432
     -96.86     0.638
     -95.83     1.035
     -94.80     1.340
     -93.77     1.413
     -92.74     1.769
     -91.71     2.338
     -90.68     2.651
     -89.65     3.339
     -88.62     4.079
     -87.59     4.876
     -86.56     6.417
     -85.53     7.893
     -84.50    10.080
     -83.47    12.635
     -82.44    15.919
     -81.41    20.198
     -80.38    25.568
     -79.35    32.216
     -78.31    39.471
     -77.28    46.888
     -76.25    53.921
     -75.22    59.433
     -74.19    64.968
     -73.16    70.321
     -72.13    73.942
     -71.10    75.868
     -70.07    76.133
     -69.04    74.740
     -68.01    72.082
     -66.98    67.279
     -65.95    61.989
     -64.92    55.823
     -63.89    49.665
     -62.86    43.213
     -61.83    37.174
     -60.80    31.205
     -59.77    26.487
     -58.74    22.843
     -57.71    20.217
     -56.68    18.818
     -55.64    18.380
     -54.61    17.406
     -53.58    16.837
     -52.55    16.042
     -51.52    15.692
     -50.49    16.112
     -49.46    15.768
     -48.43    14.333
     -47.40    12.690
     -46.37    10.585
     -45.34     9.496
     -44.31     8.333
     -43.28     7.507
     -42.25     7.080
     -41.22     6.880
     -40.19     6.252
     -39.16     6.133
     -38.13     6.031
     -37.10     5.487
     -36.07     5.475
     -35.04     5.655
     -34.01     6.262
     -32.97     7.250
     -31.94     8.258
     -30.91     9.517
     -29.88    10.740
     -28.85    11.843
     -27.82    12.862
     -26.79    14.019
     -25.76    15.684
     -24.73    17.251
     -23.70    19.835
     -22.67    23.177
     -21.64    26.319
     -20.61    30.126
     -19.58    33.380
     -18.55    37.218
     -17.52    41.096
     -16.49    45.508
     -15.46    49.570
     -14.43    53.838
     -13.40    57.157
     -12.37    60.726
     -11.34    64.134
     -10.30    67.926
      -9.27    71.408
      -8.24    74.065
      -7.21    75.608
      -6.18    75.765
      -5.15    76.488
      -4.12    78.774
      -3.09    82.823
      -2.06    89.085
      -1.03    96.368
       0.00   105.083
       1.03   111.206
       2.06   112.722
       3.09   113.911
       4.12   118.009
       5.15   121.721
       6.18   123.592
       7.21   123.197
       8.24   120.663
       9.27   116.011
      10.30   109.248
      11.34   103.135
      12.37    97.041
      13.40    89.871
      14.43    81.433
      15.46    72.683
      16.49    64.847
      17.52    58.507
      18.55    51.439
      19.58    43.790
      20.61    34.418
      21.64    25.292
      22.67    17.694
      23.70    12.014
      24.73     8.488
      25.76     6.086
      26.79     4.668
      27.82     3.496
      28.85     2.873
      29.88     2.279
      30.91     1.873
      31.94     1.462
      32.97     1.311
      34.01     1.238
      35.04     0.841
      36.07     0.854
      37.10     0.720
      38.13     0.425
      39.16     0.512
      40.19     0.362
      41.22     0.413
      42.25     0.436
      43.28     0.266
      44.31     0.455
      45.34     0.285
      46.37     0.224
      47.40     0.154
      48.43     0.162
      49.46     0.198
      50.49     0.202
      51.52     0.313
      52.55     0.260
      53.58     0.257
      54.61     0.160
      55.64     0.171
      56.68     0.200
      57.71     0.279
      58.74     0.013
      59.77     0.139
      60.80     0.185
      61.83    -0.036
      62.86     0.069
      63.89     0.145
      64.92     0.219
      65.95     0.052
      66.98     0.033
      68.01     0.166
      69.04     0.071
      70.07     0.083
      71.10     0.111
      72.13     0.143
      73.16    -0.139
      74.19     0.113
      75.22     0.066
      76.25     0.064
      77.28    -0.014
      78.31     0.073
      79.35     0.052
      80.38    -0.067
      81.41    -0.067
      82.44    -0.018
      83.47    -0.061
      84.50     0.020
      85.53    -0.063
      86.56     0.102
      87.59     0.136
      88.62    -0.008
      89.65     0.077
      90.68     0.173
      91.71    -0.027
      92.74     0.126
      93.77    -0.029
      94.80     0.016
      95.83     0.253
      96.86    -0.053
      97.89    -0.131
      98.92     0.192
      99.95    -0.123
     100.98     0.069
     102.02     0.147
     103.05    -0.169
     104.08    -0.146
     105.11     0.043
     106.14    -0.118
     107.17    -0.108
     108.20     0.092
     109.23     0.039
     110.26     0.028
     111.29    -0.093
     112.32     0.083
     113.35     0.062
     114.38    -0.080
     115.41     0.088
     116.44    -0.050
     117.47     0.051
     118.50     0.058
     119.53    -0.016
     120.56     0.003
     121.59     0.069
     122.62    -0.067
     123.65    -0.044
     124.69     0.032
     125.72    -0.031
     126.75    -0.084
     127.78    -0.080
     128.81     0.069
     129.84    -0.055
     130.87    -0.021
     131.90     0.115
     132.93     0.011
     133.96    -0.042
     134.99    -0.072
     136.02     0.054
     137.05    -0.027
     138.08     0.092
     139.11    -0.108
     140.14     0.030
     141.17    -0.108
     142.20    -0.067
     143.23    -0.053
     144.26    -0.025
     145.29    -0.082
     146.32    -0.021
     147.36    -0.101
     148.39     0.013
     149.42     0.062
     150.45     0.069
     151.48     0.149
     152.51    -0.040
     153.54     0.035
     154.57     0.060
     155.60    -0.103
     156.63     0.013
     157.66     0.120
     158.69     0.238
     159.72    -0.103
     160.75    -0.031
     161.78    -0.019
     162.81     0.109
     163.84     0.054
     164.87    -0.006
     165.90     0.090
     166.93    -0.048
     167.96     0.141
     168.99     0.018
     170.03     0.073
     171.06     0.041
     172.09    -0.125
     173.12    -0.021
     174.15     0.049
     175.18     0.158
     176.21     0.090
     177.24    -0.157
     178.27    -0.001
     179.30    -0.148
     180.33     0.052
     181.36     0.030
     182.39     0.081
     183.42     0.103
     184.45    -0.061
     185.48     0.011
     186.51    -0.070
     187.54     0.077
     188.57     0.207
     189.60     0.003
     190.63     0.011
     191.67    -0.019
     192.70     0.039
     193.73    -0.048
     194.76     0.007
     195.79     0.045
     196.82    -0.125
     197.85     0.137
     198.88    -0.086
     199.91     0.115
     200.94    -0.010
     201.97     0.001
     203.00     0.009
     204.03    -0.031
     205.06    -0.063
     206.09    -0.089
     207.12    -0.046
     208.15     0.049
     209.18    -0.095
     210.21     0.033
     211.24    -0.139
     212.27     0.001
     213.30    -0.165
     214.34    -0.040
     215.37    -0.053
     216.40     0.064
     217.43     0.130
     218.46     0.028
     219.49     0.105
     220.52     0.028
     221.55    -0.070
     222.58     0.177
     223.61     0.005
     224.64     0.086
     225.67    -0.048
     226.70     0.007
     227.73     0.062
     228.76    -0.008
     229.79     0.066
     230.82     0.049
     231.85     0.039
     232.88     0.109
     233.91    -0.021
     234.94    -0.139
     235.97    -0.086
     237.01    -0.070
     238.04     0.094
     239.07     0.134
     240.10    -0.050
     241.13    -0.110
     242.16    -0.069
     243.19    -0.023
     244.22    -0.152
     245.25    -0.052
     246.28    -0.069
     247.31    -0.065
     248.34    -0.031
     249.37    -0.004
     250.40     0.068
     251.43     0.194
     252.46     0.066
     253.49     0.068
     254.52     0.092
     255.55    -0.116
     256.58    -0.086
     257.61     0.128
     258.64    -0.021
     259.68     0.068
     260.71     0.068
     261.74     0.060
     262.77     0.141
     263.80     0.119
     264.83    -0.087
     265.86     0.156
     266.89    -0.140
     267.92    -0.052
     268.95    -0.167
     269.98     0.001
     271.01     0.001
     272.04     0.052
     273.07     0.052
     274.10    -0.052
     275.13     0.045
     276.16    -0.099
     277.19    -0.241
     278.22    -0.125
     279.25    -0.103
     280.28    -0.191
     281.31     0.052
     282.35     0.064
     283.38     0.039
     284.41     0.141
     285.44     0.111
     286.47     0.035
     287.50     0.052
     288.53     0.092
     289.56     0.119
     290.59    -0.016
     291.62    -0.033
     292.65     0.052
     293.68    -0.065
     294.71    -0.135
     295.74    -0.205
     296.77     0.069
     297.80     0.020
     298.83     0.175
     299.86     0.022
     300.89    -0.025
     301.92     0.079
     302.95     0.005
     303.98    -0.154
     305.02     0.096
     306.05    -0.008
     307.08     0.026
     308.11    -0.055
     309.14    -0.082
     310.17    -0.042
     311.20    -0.101
     312.23    -0.093
     313.26     0.022
     314.29    -0.050
     315.32     0.132
     316.35    -0.104
     317.38     0.052
     318.41     0.143
     319.44    -0.146
     320.47    -0.169
     321.50     0.141
     322.53    -0.023
     323.56     0.102
     324.59     0.064
     325.62     0.240
     326.65    -0.036
     327.69     0.011
     328.72    -0.050
     329.75    -0.008
     330.78    -0.048
     331.81     0.033
     332.84     0.060
     333.87     0.086
     334.90    -0.027
     335.93    -0.055
     336.96    -0.057
     337.99    -0.065
     339.02    -0.063
     340.05    -0.120
     341.08     0.047
     342.11     0.064
     343.14    -0.091
     344.17     0.049
     345.20    -0.114
     346.23     0.024
     347.26    -0.016
     348.29     0.015
     349.32    -0.014
     350.36     0.149
     351.39    -0.046
     352.42     0.041
     353.45     0.022
     354.48     0.090
     355.51    -0.012
     356.54     0.013
     357.57    -0.050
     358.60     0.102
     359.63    -0.004
     360.66     0.028
     361.69     0.119
     362.72    -0.053
     363.75    -0.029
     364.78     0.009
     365.81     0.075
     366.84    -0.135
     367.87    -0.050
     368.90    -0.019
     369.93     0.043
     370.96    -0.139
     372.00     0.018
     373.03     0.064
     374.06    -0.070
     375.09     0.043
     376.12     0.058
     377.15     0.028
     378.18    -0.101
     379.21    -0.027
     380.24    -0.150
     381.27     0.035
     382.30    -0.061
     383.33    -0.157
     384.36    -0.025
     385.39    -0.008
     386.42    -0.053
     387.45     0.073
     388.48    -0.006
     389.51    -0.048
     390.54    -0.174
     391.57    -0.008
     392.60    -0.131
     393.63    -0.103
     394.67    -0.280
     395.70    -0.127
     396.73    -0.063
     397.76    -0.101
     398.79    -0.197
     399.82    -0.267
