%%   75.00000  15.00000    0   0.20000
% LAB  survey ------------------
% wanted position:  l, b, RA, DEC, and interpolated  NH
% 75.00 ;  15.00 ; 288.02 ;  43.95 ;  0.627E+21
% nearest position: l, b, RA, DEC, and observed NH
% 75.00 ;  15.00 ; 288.02 ;  43.95 ;  0.627E+21
% GASS III survey --------------
% NH - median within 6 arcmin radius   0.00    
% NH - mean within specified beam      0.00    
% EBHIS survey -----------------
% NH  within specified beam           0.647E+21
%%EBHIS   621  datapoints: v_lsr [km/s] and T_B [K]
    -399.25    -0.001
    -397.96    -0.007
    -396.68     0.026
    -395.39    -0.022
    -394.10    -0.089
    -392.81    -0.037
    -391.52     0.068
    -390.23     0.023
    -388.95    -0.086
    -387.66    -0.025
    -386.37    -0.123
    -385.08     0.026
    -383.79    -0.064
    -382.50     0.019
    -381.22    -0.106
    -379.93    -0.115
    -378.64     0.004
    -377.35     0.037
    -376.06     0.054
    -374.78    -0.034
    -373.49     0.068
    -372.20     0.015
    -370.91    -0.084
    -369.62    -0.099
    -368.33    -0.077
    -367.05     0.022
    -365.76    -0.038
    -364.47    -0.019
    -363.18    -0.116
    -361.89     0.073
    -360.60    -0.051
    -359.32    -0.046
    -358.03    -0.128
    -356.74     0.058
    -355.45    -0.056
    -354.16     0.031
    -352.88     0.080
    -351.59     0.067
    -350.30     0.003
    -349.01     0.045
    -347.72    -0.060
    -346.43    -0.044
    -345.15     0.037
    -343.86    -0.004
    -342.57     0.082
    -341.28     0.083
    -339.99     0.108
    -338.70     0.125
    -337.42    -0.049
    -336.13     0.045
    -334.84    -0.038
    -333.55     0.075
    -332.26     0.081
    -330.98     0.020
    -329.69    -0.084
    -328.40     0.105
    -327.11    -0.009
    -325.82     0.011
    -324.53     0.000
    -323.25     0.033
    -321.96     0.016
    -320.67     0.022
    -319.38    -0.038
    -318.09     0.024
    -316.80    -0.031
    -315.52     0.083
    -314.23     0.074
    -312.94    -0.022
    -311.65     0.019
    -310.36     0.067
    -309.08    -0.039
    -307.79     0.006
    -306.50     0.001
    -305.21    -0.086
    -303.92    -0.080
    -302.63     0.078
    -301.35     0.027
    -300.06    -0.136
    -298.77    -0.045
    -297.48    -0.027
    -296.19    -0.083
    -294.90    -0.044
    -293.62     0.049
    -292.33    -0.025
    -291.04    -0.026
    -289.75     0.014
    -288.46    -0.093
    -287.18     0.087
    -285.89    -0.005
    -284.60    -0.071
    -283.31     0.113
    -282.02     0.064
    -280.73    -0.045
    -279.45    -0.011
    -278.16    -0.064
    -276.87    -0.070
    -275.58     0.024
    -274.29     0.009
    -273.00     0.077
    -271.72     0.030
    -270.43     0.092
    -269.14    -0.037
    -267.85    -0.139
    -266.56    -0.095
    -265.28     0.032
    -263.99     0.028
    -262.70     0.023
    -261.41     0.046
    -260.12     0.037
    -258.83     0.030
    -257.55    -0.035
    -256.26    -0.024
    -254.97     0.029
    -253.68     0.079
    -252.39     0.027
    -251.10    -0.108
    -249.82    -0.058
    -248.53    -0.035
    -247.24     0.017
    -245.95     0.031
    -244.66     0.006
    -243.38     0.077
    -242.09     0.116
    -240.80    -0.067
    -239.51     0.035
    -238.22     0.096
    -236.93     0.047
    -235.65    -0.005
    -234.36    -0.004
    -233.07    -0.020
    -231.78    -0.022
    -230.49    -0.040
    -229.20    -0.074
    -227.92    -0.009
    -226.63     0.071
    -225.34     0.223
    -224.05     0.037
    -222.76     0.036
    -221.48     0.023
    -220.19    -0.117
    -218.90    -0.049
    -217.61    -0.044
    -216.32    -0.057
    -215.03    -0.024
    -213.75     0.002
    -212.46    -0.015
    -211.17    -0.078
    -209.88    -0.005
    -208.59    -0.032
    -207.30     0.159
    -206.02     0.144
    -204.73     0.044
    -203.44    -0.009
    -202.15     0.042
    -200.86    -0.065
    -199.58     0.207
    -198.29     0.085
    -197.00     0.012
    -195.71    -0.016
    -194.42     0.018
    -193.13     0.051
    -191.85     0.079
    -190.56     0.029
    -189.27     0.039
    -187.98     0.096
    -186.69     0.072
    -185.40    -0.061
    -184.12     0.028
    -182.83    -0.117
    -181.54    -0.030
    -180.25     0.028
    -178.96    -0.067
    -177.68    -0.003
    -176.39     0.018
    -175.10    -0.004
    -173.81     0.034
    -172.52     0.009
    -171.23     0.104
    -169.95    -0.042
    -168.66     0.040
    -167.37    -0.034
    -166.08    -0.008
    -164.79     0.018
    -163.50     0.098
    -162.22     0.046
    -160.93    -0.026
    -159.64    -0.075
    -158.35    -0.059
    -157.06     0.094
    -155.78    -0.047
    -154.49    -0.015
    -153.20     0.086
    -151.91    -0.001
    -150.62    -0.071
    -149.33     0.064
    -148.05    -0.006
    -146.76     0.018
    -145.47    -0.070
    -144.18    -0.070
    -142.89    -0.045
    -141.60     0.053
    -140.32     0.017
    -139.03    -0.039
    -137.74    -0.038
    -136.45     0.074
    -135.16     0.024
    -133.88     0.041
    -132.59    -0.022
    -131.30     0.093
    -130.01     0.082
    -128.72     0.022
    -127.43    -0.011
    -126.15     0.161
    -124.86     0.072
    -123.57     0.180
    -122.28     0.044
    -120.99     0.156
    -119.70     0.129
    -118.42     0.285
    -117.13     0.133
    -115.84     0.257
    -114.55     0.273
    -113.26     0.367
    -111.98     0.382
    -110.69     0.440
    -109.40     0.618
    -108.11     0.742
    -106.82     0.582
    -105.53     0.842
    -104.25     0.934
    -102.96     0.835
    -101.67     0.964
    -100.38     0.960
     -99.09     1.083
     -97.80     1.034
     -96.52     1.099
     -95.23     1.194
     -93.94     1.250
     -92.65     1.164
     -91.36     1.058
     -90.08     0.971
     -88.79     1.027
     -87.50     0.940
     -86.21     0.888
     -84.92     0.827
     -83.63     0.689
     -82.35     0.582
     -81.06     0.625
     -79.77     0.547
     -78.48     0.508
     -77.19     0.464
     -75.90     0.438
     -74.62     0.516
     -73.33     0.345
     -72.04     0.337
     -70.75     0.296
     -69.46     0.288
     -68.18     0.385
     -66.89     0.338
     -65.60     0.170
     -64.31     0.332
     -63.02     0.330
     -61.73     0.232
     -60.45     0.287
     -59.16     0.126
     -57.87     0.134
     -56.58     0.224
     -55.29     0.179
     -54.00     0.190
     -52.72     0.099
     -51.43     0.100
     -50.14     0.105
     -48.85     0.231
     -47.56     0.121
     -46.28     0.123
     -44.99     0.155
     -43.70     0.109
     -42.41     0.071
     -41.12     0.212
     -39.83     0.114
     -38.55     0.138
     -37.26     0.157
     -35.97     0.053
     -34.68     0.255
     -33.39     0.320
     -32.10     0.381
     -30.82     0.385
     -29.53     0.402
     -28.24     0.494
     -26.95     0.623
     -25.66     0.539
     -24.38     0.701
     -23.09     0.841
     -21.80     1.013
     -20.51     1.136
     -19.22     1.336
     -17.93     1.600
     -16.65     2.059
     -15.36     2.284
     -14.07     2.703
     -12.78     2.997
     -11.49     3.612
     -10.20     4.139
      -8.92     4.754
      -7.63     5.744
      -6.34     6.830
      -5.05     8.154
      -3.76     9.936
      -2.48    13.566
      -1.19    17.976
       0.10    19.662
       1.39    16.077
       2.68    12.466
       3.97     9.669
       5.25     8.016
       6.54     6.887
       7.83     6.114
       9.12     5.874
      10.41     5.688
      11.70     5.009
      12.98     4.353
      14.27     3.903
      15.56     3.449
      16.85     3.347
      18.14     3.368
      19.42     3.390
      20.71     3.691
      22.00     4.094
      23.29     4.454
      24.58     4.181
      25.87     3.190
      27.15     2.270
      28.44     1.788
      29.73     1.449
      31.02     1.014
      32.31     0.822
      33.60     0.606
      34.88     0.369
      36.17     0.510
      37.46     0.407
      38.75     0.268
      40.04     0.189
      41.32     0.224
      42.61     0.191
      43.90     0.120
      45.19     0.038
      46.48     0.099
      47.77     0.106
      49.05    -0.001
      50.34     0.008
      51.63    -0.044
      52.92     0.013
      54.21     0.035
      55.50     0.042
      56.78     0.022
      58.07    -0.025
      59.36     0.028
      60.65     0.110
      61.94    -0.025
      63.22    -0.128
      64.51     0.149
      65.80     0.136
      67.09     0.057
      68.38    -0.098
      69.67    -0.035
      70.95     0.110
      72.24     0.100
      73.53     0.101
      74.82     0.037
      76.11    -0.039
      77.40     0.019
      78.68     0.130
      79.97     0.049
      81.26    -0.080
      82.55     0.013
      83.84     0.107
      85.12    -0.009
      86.41    -0.042
      87.70     0.070
      88.99     0.030
      90.28    -0.073
      91.57     0.009
      92.85    -0.076
      94.14    -0.018
      95.43    -0.114
      96.72     0.010
      98.01    -0.049
      99.30    -0.100
     100.58    -0.159
     101.87     0.055
     103.16     0.061
     104.45    -0.182
     105.74    -0.138
     107.02     0.122
     108.31     0.055
     109.60    -0.030
     110.89    -0.111
     112.18    -0.113
     113.47    -0.079
     114.75     0.021
     116.04    -0.014
     117.33    -0.069
     118.62    -0.018
     119.91     0.037
     121.20    -0.056
     122.48     0.007
     123.77    -0.004
     125.06     0.053
     126.35     0.112
     127.64     0.038
     128.92    -0.031
     130.21     0.048
     131.50     0.041
     132.79    -0.013
     134.08    -0.067
     135.37    -0.110
     136.65     0.030
     137.94     0.040
     139.23    -0.009
     140.52     0.033
     141.81    -0.002
     143.09    -0.075
     144.38    -0.058
     145.67    -0.053
     146.96    -0.048
     148.25    -0.071
     149.54     0.013
     150.82    -0.024
     152.11     0.016
     153.40     0.212
     154.69     0.006
     155.98    -0.051
     157.27    -0.101
     158.55     0.011
     159.84    -0.062
     161.13     0.105
     162.42    -0.017
     163.71     0.021
     164.99     0.058
     166.28     0.027
     167.57    -0.023
     168.86     0.095
     170.15     0.101
     171.44     0.065
     172.72     0.075
     174.01     0.074
     175.30    -0.041
     176.59     0.040
     177.88    -0.051
     179.17    -0.165
     180.45    -0.051
     181.74    -0.025
     183.03    -0.033
     184.32    -0.025
     185.61     0.020
     186.89     0.062
     188.18    -0.011
     189.47    -0.085
     190.76    -0.019
     192.05    -0.071
     193.34    -0.042
     194.62     0.038
     195.91    -0.071
     197.20    -0.008
     198.49    -0.020
     199.78    -0.074
     201.07    -0.008
     202.35    -0.087
     203.64    -0.145
     204.93    -0.003
     206.22     0.047
     207.51    -0.026
     208.79     0.008
     210.08     0.081
     211.37    -0.089
     212.66     0.132
     213.95    -0.003
     215.24    -0.146
     216.52     0.024
     217.81     0.087
     219.10    -0.097
     220.39     0.089
     221.68     0.025
     222.97    -0.000
     224.25     0.006
     225.54    -0.099
     226.83    -0.058
     228.12    -0.050
     229.41    -0.052
     230.69     0.051
     231.98     0.022
     233.27    -0.019
     234.56     0.014
     235.85    -0.042
     237.14    -0.025
     238.42     0.071
     239.71    -0.052
     241.00     0.048
     242.29    -0.051
     243.58    -0.014
     244.87    -0.063
     246.15    -0.065
     247.44     0.033
     248.73     0.033
     250.02    -0.000
     251.31    -0.028
     252.59    -0.079
     253.88     0.005
     255.17     0.033
     256.46     0.125
     257.75     0.119
     259.04     0.112
     260.32    -0.026
     261.61    -0.008
     262.90    -0.040
     264.19     0.009
     265.48    -0.028
     266.77    -0.046
     268.05     0.062
     269.34     0.028
     270.63     0.015
     271.92    -0.004
     273.21    -0.047
     274.49    -0.018
     275.78     0.067
     277.07     0.052
     278.36    -0.005
     279.65     0.034
     280.94     0.059
     282.22    -0.036
     283.51     0.098
     284.80     0.048
     286.09     0.041
     287.38     0.008
     288.67    -0.074
     289.95    -0.059
     291.24     0.111
     292.53    -0.057
     293.82    -0.029
     295.11     0.015
     296.39     0.070
     297.68    -0.046
     298.97     0.045
     300.26     0.075
     301.55     0.143
     302.84     0.092
     304.12    -0.024
     305.41    -0.089
     306.70    -0.086
     307.99     0.057
     309.28     0.030
     310.57     0.121
     311.85     0.039
     313.14    -0.045
     314.43    -0.061
     315.72    -0.101
     317.01    -0.092
     318.29     0.072
     319.58     0.114
     320.87     0.019
     322.16    -0.117
     323.45    -0.031
     324.74     0.040
     326.02    -0.066
     327.31     0.038
     328.60     0.136
     329.89     0.014
     331.18    -0.018
     332.47     0.010
     333.75     0.002
     335.04    -0.051
     336.33    -0.092
     337.62    -0.112
     338.91     0.087
     340.19     0.009
     341.48    -0.004
     342.77     0.126
     344.06    -0.044
     345.35     0.034
     346.64    -0.007
     347.92     0.038
     349.21     0.071
     350.50     0.208
     351.79    -0.011
     353.08    -0.082
     354.37    -0.154
     355.65    -0.120
     356.94    -0.061
     358.23     0.030
     359.52    -0.033
     360.81     0.097
     362.09     0.080
     363.38    -0.014
     364.67     0.030
     365.96     0.177
     367.25     0.142
     368.54     0.116
     369.82    -0.031
     371.11    -0.020
     372.40    -0.037
     373.69     0.122
     374.98    -0.024
     376.27     0.007
     377.55     0.016
     378.84    -0.029
     380.13    -0.064
     381.42    -0.034
     382.71    -0.010
     383.99     0.009
     385.28    -0.008
     386.57    -0.086
     387.86     0.015
     389.15     0.018
     390.44     0.031
     391.72    -0.001
     393.01    -0.018
     394.30    -0.011
     395.59     0.051
     396.88    -0.041
     398.17     0.068
     399.45     0.067
%%GASS      0  datapoints: v_lsr [km/s] and T_B [K]
%%LAB     777  datapoints: v_lsr [km/s] and T_B [K]
    -399.83     0.074
    -398.79    -0.088
    -397.76    -0.058
    -396.73    -0.090
    -395.70    -0.035
    -394.67     0.095
    -393.64     0.030
    -392.61     0.026
    -391.58    -0.018
    -390.55     0.043
    -389.52    -0.050
    -388.49    -0.029
    -387.46     0.105
    -386.43    -0.165
    -385.40    -0.035
    -384.37    -0.067
    -383.34    -0.017
    -382.31     0.058
    -381.28     0.066
    -380.25    -0.021
    -379.22    -0.064
    -378.19    -0.166
    -377.15    -0.067
    -376.12     0.076
    -375.09     0.001
    -374.06    -0.161
    -373.03    -0.018
    -372.00    -0.061
    -370.97     0.214
    -369.94    -0.049
    -368.91     0.039
    -367.88     0.134
    -366.85     0.066
    -365.82     0.048
    -364.79    -0.043
    -363.76     0.013
    -362.73    -0.050
    -361.70     0.084
    -360.67     0.017
    -359.64     0.064
    -358.61     0.104
    -357.58    -0.015
    -356.55    -0.012
    -355.51    -0.088
    -354.48     0.024
    -353.45    -0.058
    -352.42    -0.128
    -351.39    -0.198
    -350.36     0.008
    -349.33     0.066
    -348.30     0.134
    -347.27    -0.078
    -346.24     0.031
    -345.21    -0.052
    -344.18    -0.045
    -343.15    -0.008
    -342.12     0.158
    -341.09    -0.011
    -340.06    -0.057
    -339.03     0.086
    -338.00    -0.062
    -336.97    -0.074
    -335.94    -0.184
    -334.91    -0.112
    -333.87    -0.002
    -332.84     0.084
    -331.81     0.071
    -330.78    -0.152
    -329.75    -0.094
    -328.72     0.055
    -327.69     0.165
    -326.66     0.045
    -325.63     0.030
    -324.60     0.008
    -323.57     0.016
    -322.54     0.050
    -321.51    -0.096
    -320.48     0.072
    -319.45    -0.084
    -318.42     0.013
    -317.39     0.069
    -316.36     0.098
    -315.33    -0.038
    -314.30    -0.065
    -313.27     0.164
    -312.23    -0.115
    -311.20     0.074
    -310.17    -0.074
    -309.14    -0.100
    -308.11     0.028
    -307.08    -0.097
    -306.05     0.056
    -305.02    -0.038
    -303.99     0.031
    -302.96    -0.004
    -301.93    -0.009
    -300.90    -0.092
    -299.87    -0.008
    -298.84     0.033
    -297.81    -0.015
    -296.78     0.115
    -295.75     0.098
    -294.72     0.030
    -293.69    -0.027
    -292.66     0.020
    -291.62    -0.025
    -290.59     0.014
    -289.56     0.016
    -288.53     0.032
    -287.50     0.045
    -286.47     0.047
    -285.44    -0.072
    -284.41     0.134
    -283.38     0.044
    -282.35     0.094
    -281.32    -0.018
    -280.29    -0.026
    -279.26    -0.139
    -278.23     0.122
    -277.20    -0.009
    -276.17    -0.012
    -275.14    -0.075
    -274.11    -0.172
    -273.08     0.001
    -272.05    -0.013
    -271.02     0.016
    -269.98    -0.140
    -268.95    -0.054
    -267.92     0.135
    -266.89     0.048
    -265.86     0.017
    -264.83    -0.193
    -263.80     0.055
    -262.77    -0.003
    -261.74    -0.009
    -260.71    -0.076
    -259.68    -0.054
    -258.65     0.051
    -257.62     0.039
    -256.59     0.112
    -255.56    -0.050
    -254.53    -0.014
    -253.50     0.048
    -252.47     0.083
    -251.44     0.130
    -250.41    -0.053
    -249.38    -0.041
    -248.34     0.159
    -247.31    -0.092
    -246.28     0.065
    -245.25    -0.016
    -244.22    -0.049
    -243.19    -0.071
    -242.16     0.008
    -241.13    -0.041
    -240.10    -0.082
    -239.07     0.009
    -238.04     0.171
    -237.01     0.079
    -235.98     0.206
    -234.95    -0.020
    -233.92     0.144
    -232.89     0.242
    -231.86    -0.073
    -230.83     0.013
    -229.80    -0.002
    -228.77     0.139
    -227.74    -0.060
    -226.70     0.017
    -225.67     0.045
    -224.64    -0.169
    -223.61     0.049
    -222.58     0.044
    -221.55    -0.098
    -220.52    -0.057
    -219.49    -0.020
    -218.46     0.187
    -217.43    -0.064
    -216.40     0.107
    -215.37     0.028
    -214.34    -0.089
    -213.31     0.039
    -212.28     0.020
    -211.25     0.052
    -210.22     0.014
    -209.19     0.132
    -208.16    -0.033
    -207.13    -0.071
    -206.10     0.052
    -205.06     0.132
    -204.03     0.047
    -203.00     0.069
    -201.97    -0.076
    -200.94    -0.011
    -199.91    -0.001
    -198.88    -0.008
    -197.85     0.056
    -196.82     0.059
    -195.79    -0.101
    -194.76    -0.043
    -193.73    -0.039
    -192.70    -0.116
    -191.67     0.012
    -190.64     0.065
    -189.61     0.011
    -188.58    -0.063
    -187.55     0.148
    -186.52    -0.133
    -185.49     0.002
    -184.46     0.007
    -183.42     0.102
    -182.39     0.108
    -181.36     0.122
    -180.33    -0.125
    -179.30    -0.081
    -178.27    -0.092
    -177.24    -0.065
    -176.21     0.054
    -175.18    -0.002
    -174.15     0.087
    -173.12    -0.039
    -172.09    -0.175
    -171.06     0.043
    -170.03    -0.180
    -169.00     0.050
    -167.97    -0.082
    -166.94     0.059
    -165.91     0.060
    -164.88    -0.011
    -163.85    -0.001
    -162.82     0.060
    -161.78    -0.023
    -160.75     0.174
    -159.72     0.015
    -158.69     0.125
    -157.66     0.111
    -156.63    -0.014
    -155.60     0.102
    -154.57     0.121
    -153.54     0.132
    -152.51     0.017
    -151.48    -0.048
    -150.45     0.011
    -149.42    -0.022
    -148.39     0.082
    -147.36    -0.157
    -146.33     0.029
    -145.30     0.027
    -144.27     0.119
    -143.24     0.195
    -142.21    -0.122
    -141.18    -0.102
    -140.14     0.022
    -139.11     0.178
    -138.08    -0.109
    -137.05    -0.149
    -136.02     0.051
    -134.99     0.033
    -133.96     0.145
    -132.93    -0.158
    -131.90    -0.132
    -130.87    -0.106
    -129.84     0.057
    -128.81     0.061
    -127.78    -0.002
    -126.75     0.051
    -125.72     0.037
    -124.69     0.006
    -123.66     0.057
    -122.63     0.109
    -121.60     0.181
    -120.57     0.200
    -119.54     0.114
    -118.50     0.126
    -117.47     0.291
    -116.44     0.261
    -115.41     0.348
    -114.38     0.373
    -113.35     0.450
    -112.32     0.478
    -111.29     0.600
    -110.26     0.650
    -109.23     0.685
    -108.20     0.720
    -107.17     0.744
    -106.14     0.726
    -105.11     0.923
    -104.08     0.777
    -103.05     1.035
    -102.02     1.043
    -100.99     1.143
     -99.96     1.222
     -98.93     1.268
     -97.90     1.079
     -96.86     1.256
     -95.83     1.081
     -94.80     1.093
     -93.77     1.235
     -92.74     1.339
     -91.71     1.229
     -90.68     1.027
     -89.65     1.247
     -88.62     1.044
     -87.59     1.111
     -86.56     1.123
     -85.53     0.886
     -84.50     0.942
     -83.47     0.677
     -82.44     0.891
     -81.41     0.757
     -80.38     0.626
     -79.35     0.657
     -78.32     0.680
     -77.29     0.663
     -76.26     0.661
     -75.22     0.486
     -74.19     0.354
     -73.16     0.598
     -72.13     0.343
     -71.10     0.471
     -70.07     0.548
     -69.04     0.463
     -68.01     0.528
     -66.98     0.581
     -65.95     0.452
     -64.92     0.330
     -63.89     0.294
     -62.86     0.279
     -61.83     0.372
     -60.80     0.199
     -59.77     0.313
     -58.74     0.201
     -57.71     0.255
     -56.68     0.233
     -55.65     0.259
     -54.62     0.232
     -53.58     0.181
     -52.55     0.293
     -51.52     0.190
     -50.49     0.207
     -49.46     0.252
     -48.43     0.086
     -47.40     0.245
     -46.37     0.247
     -45.34     0.058
     -44.31     0.128
     -43.28     0.190
     -42.25     0.263
     -41.22     0.249
     -40.19     0.160
     -39.16     0.265
     -38.13     0.284
     -37.10     0.328
     -36.07     0.176
     -35.04     0.323
     -34.01     0.316
     -32.98     0.353
     -31.94     0.186
     -30.91     0.465
     -29.88     0.374
     -28.85     0.408
     -27.82     0.510
     -26.79     0.543
     -25.76     0.591
     -24.73     0.686
     -23.70     0.782
     -22.67     1.037
     -21.64     0.772
     -20.61     1.231
     -19.58     1.157
     -18.55     1.439
     -17.52     1.592
     -16.49     1.958
     -15.46     2.226
     -14.43     2.555
     -13.40     2.738
     -12.37     3.044
     -11.34     3.834
     -10.30     4.025
      -9.27     4.742
      -8.24     5.528
      -7.21     6.097
      -6.18     6.971
      -5.15     8.042
      -4.12     9.108
      -3.09    10.282
      -2.06    12.872
      -1.03    15.204
       0.00    17.076
       1.03    16.606
       2.06    15.052
       3.09    12.327
       4.12    10.148
       5.15     8.576
       6.18     7.524
       7.21     6.466
       8.24     6.108
       9.27     5.700
      10.30     5.296
      11.34     4.797
      12.37     4.471
      13.40     4.129
      14.43     3.724
      15.46     3.489
      16.49     3.327
      17.52     3.063
      18.55     2.956
      19.58     2.873
      20.61     2.792
      21.64     2.811
      22.67     2.735
      23.70     2.702
      24.73     2.395
      25.76     2.240
      26.79     1.818
      27.82     1.525
      28.85     1.433
      29.88     1.093
      30.91     0.952
      31.94     0.804
      32.98     0.683
      34.01     0.589
      35.04     0.551
      36.07     0.388
      37.10     0.294
      38.13     0.114
      39.16     0.194
      40.19     0.227
      41.22     0.289
      42.25     0.234
      43.28     0.059
      44.31    -0.118
      45.34     0.146
      46.37    -0.041
      47.40    -0.024
      48.43    -0.004
      49.46     0.126
      50.49     0.021
      51.52     0.187
      52.55     0.084
      53.58     0.005
      54.62    -0.026
      55.65     0.063
      56.68    -0.101
      57.71    -0.013
      58.74    -0.039
      59.77    -0.016
      60.80    -0.040
      61.83     0.018
      62.86    -0.025
      63.89    -0.013
      64.92     0.134
      65.95     0.003
      66.98    -0.002
      68.01     0.087
      69.04     0.054
      70.07    -0.123
      71.10     0.011
      72.13     0.117
      73.16     0.052
      74.19    -0.104
      75.22    -0.016
      76.26     0.148
      77.29     0.062
      78.32     0.047
      79.35     0.015
      80.38     0.011
      81.41    -0.063
      82.44     0.073
      83.47     0.148
      84.50     0.109
      85.53     0.036
      86.56     0.044
      87.59    -0.018
      88.62     0.071
      89.65     0.173
      90.68     0.064
      91.71     0.105
      92.74     0.032
      93.77     0.053
      94.80    -0.013
      95.83     0.017
      96.86     0.052
      97.90    -0.087
      98.93    -0.146
      99.96     0.060
     100.99     0.125
     102.02    -0.043
     103.05     0.174
     104.08     0.002
     105.11     0.227
     106.14     0.031
     107.17     0.107
     108.20    -0.148
     109.23     0.078
     110.26    -0.029
     111.29     0.157
     112.32     0.014
     113.35     0.031
     114.38     0.007
     115.41    -0.089
     116.44    -0.075
     117.47    -0.077
     118.50    -0.113
     119.54     0.012
     120.57     0.074
     121.60     0.011
     122.63    -0.015
     123.66    -0.038
     124.69     0.013
     125.72     0.163
     126.75     0.058
     127.78     0.080
     128.81     0.077
     129.84    -0.089
     130.87    -0.047
     131.90    -0.080
     132.93     0.136
     133.96    -0.017
     134.99     0.090
     136.02    -0.006
     137.05     0.043
     138.08    -0.025
     139.11     0.030
     140.14    -0.009
     141.18     0.004
     142.21     0.012
     143.24    -0.016
     144.27     0.023
     145.30     0.066
     146.33     0.128
     147.36     0.051
     148.39     0.117
     149.42    -0.158
     150.45     0.195
     151.48    -0.024
     152.51     0.054
     153.54    -0.220
     154.57     0.053
     155.60    -0.017
     156.63    -0.015
     157.66    -0.229
     158.69     0.012
     159.72    -0.002
     160.75     0.001
     161.78     0.046
     162.82     0.142
     163.85    -0.054
     164.88     0.046
     165.91     0.099
     166.94    -0.027
     167.97    -0.124
     169.00    -0.029
     170.03     0.024
     171.06     0.037
     172.09    -0.112
     173.12     0.001
     174.15    -0.075
     175.18    -0.066
     176.21     0.108
     177.24     0.098
     178.27    -0.153
     179.30    -0.076
     180.33    -0.072
     181.36    -0.079
     182.39    -0.027
     183.42    -0.062
     184.46    -0.009
     185.49    -0.043
     186.52     0.026
     187.55    -0.088
     188.58     0.007
     189.61     0.052
     190.64    -0.031
     191.67    -0.074
     192.70    -0.046
     193.73    -0.066
     194.76    -0.033
     195.79     0.020
     196.82     0.123
     197.85     0.019
     198.88    -0.027
     199.91     0.005
     200.94     0.128
     201.97     0.077
     203.00    -0.068
     204.03     0.088
     205.06     0.047
     206.10     0.151
     207.13    -0.131
     208.16     0.036
     209.19     0.017
     210.22     0.184
     211.25     0.063
     212.28     0.107
     213.31    -0.126
     214.34    -0.049
     215.37    -0.064
     216.40     0.071
     217.43    -0.086
     218.46     0.044
     219.49    -0.010
     220.52     0.033
     221.55    -0.029
     222.58     0.028
     223.61    -0.071
     224.64     0.086
     225.67     0.044
     226.70     0.004
     227.74    -0.097
     228.77    -0.031
     229.80    -0.012
     230.83    -0.176
     231.86    -0.005
     232.89     0.073
     233.92    -0.006
     234.95    -0.021
     235.98    -0.082
     237.01    -0.100
     238.04     0.029
     239.07     0.227
     240.10    -0.014
     241.13     0.125
     242.16     0.149
     243.19     0.034
     244.22    -0.138
     245.25    -0.012
     246.28    -0.024
     247.31    -0.044
     248.34    -0.092
     249.38    -0.087
     250.41     0.085
     251.44    -0.002
     252.47     0.044
     253.50     0.020
     254.53    -0.022
     255.56    -0.040
     256.59     0.000
     257.62     0.188
     258.65     0.182
     259.68     0.057
     260.71     0.014
     261.74     0.090
     262.77    -0.021
     263.80    -0.004
     264.83    -0.026
     265.86     0.158
     266.89    -0.149
     267.92    -0.246
     268.95    -0.104
     269.98    -0.005
     271.02    -0.080
     272.05     0.024
     273.08    -0.137
     274.11     0.066
     275.14    -0.123
     276.17     0.094
     277.20     0.122
     278.23    -0.020
     279.26    -0.059
     280.29     0.024
     281.32    -0.028
     282.35     0.034
     283.38    -0.037
     284.41    -0.094
     285.44    -0.085
     286.47    -0.100
     287.50    -0.048
     288.53    -0.063
     289.56     0.035
     290.59    -0.021
     291.62    -0.164
     292.66    -0.024
     293.69    -0.024
     294.72     0.086
     295.75     0.103
     296.78    -0.085
     297.81     0.073
     298.84     0.080
     299.87    -0.078
     300.90    -0.006
     301.93     0.126
     302.96    -0.059
     303.99     0.082
     305.02     0.040
     306.05     0.121
     307.08     0.046
     308.11    -0.036
     309.14     0.018
     310.17    -0.046
     311.20     0.111
     312.23    -0.095
     313.27    -0.106
     314.30    -0.066
     315.33     0.051
     316.36     0.001
     317.39     0.184
     318.42    -0.039
     319.45     0.075
     320.48    -0.028
     321.51    -0.068
     322.54     0.099
     323.57    -0.068
     324.60     0.130
     325.63    -0.117
     326.66    -0.077
     327.69    -0.029
     328.72    -0.084
     329.75    -0.113
     330.78     0.099
     331.81    -0.078
     332.84    -0.055
     333.87    -0.012
     334.91     0.039
     335.94     0.000
     336.97    -0.130
     338.00    -0.037
     339.03     0.057
     340.06     0.013
     341.09     0.067
     342.12     0.126
     343.15     0.008
     344.18     0.079
     345.21    -0.102
     346.24     0.061
     347.27     0.043
     348.30     0.017
     349.33    -0.071
     350.36    -0.031
     351.39    -0.068
     352.42     0.133
     353.45     0.021
     354.48     0.163
     355.51    -0.037
     356.55     0.039
     357.58    -0.155
     358.61     0.113
     359.64    -0.018
     360.67     0.077
     361.70    -0.012
     362.73    -0.073
     363.76    -0.002
     364.79    -0.081
     365.82    -0.193
     366.85     0.116
     367.88    -0.138
     368.91     0.062
     369.94     0.071
     370.97     0.018
     372.00     0.039
     373.03     0.039
     374.06    -0.060
     375.09     0.070
     376.12    -0.035
     377.15    -0.014
     378.19    -0.025
     379.22     0.109
     380.25    -0.077
     381.28     0.058
     382.31    -0.096
     383.34     0.025
     384.37    -0.034
     385.40    -0.006
     386.43    -0.015
     387.46    -0.008
     388.49    -0.055
     389.52     0.158
     390.55     0.165
     391.58     0.154
     392.61     0.017
     393.64     0.020
     394.67     0.013
     395.70     0.065
     396.73     0.017
     397.76     0.043
     398.79     0.044
     399.83     0.168
