%%   85.00000  -7.50000    0   0.20000
% LAB  survey ------------------
% wanted position:  l, b, RA, DEC, and interpolated  NH
% 85.00 ;  -7.50 ; 320.66 ;  39.53 ;  0.236E+22
% nearest position: l, b, RA, DEC, and observed NH
% 85.00 ;  -7.50 ; 320.66 ;  39.53 ;  0.236E+22
% GASS III survey --------------
% NH - median within 6 arcmin radius   0.00    
% NH - mean within specified beam      0.00    
% EBHIS survey -----------------
% NH  within specified beam           0.231E+22
%%EBHIS   621  datapoints: v_lsr [km/s] and T_B [K]
    -399.25     0.025
    -397.96    -0.032
    -396.68    -0.011
    -395.39    -0.015
    -394.10    -0.003
    -392.81     0.006
    -391.52     0.045
    -390.23     0.014
    -388.95    -0.033
    -387.66     0.001
    -386.37    -0.004
    -385.08     0.002
    -383.79     0.016
    -382.50    -0.088
    -381.22     0.047
    -379.93     0.094
    -378.64    -0.023
    -377.35    -0.025
    -376.06     0.008
    -374.78     0.035
    -373.49     0.052
    -372.20    -0.011
    -370.91    -0.022
    -369.62     0.010
    -368.33     0.085
    -367.05     0.024
    -365.76    -0.014
    -364.47    -0.062
    -363.18    -0.038
    -361.89     0.042
    -360.60     0.007
    -359.32     0.061
    -358.03     0.057
    -356.74     0.075
    -355.45     0.080
    -354.16     0.051
    -352.88     0.057
    -351.59    -0.060
    -350.30    -0.005
    -349.01     0.021
    -347.72    -0.005
    -346.43    -0.024
    -345.15    -0.046
    -343.86     0.007
    -342.57    -0.014
    -341.28     0.023
    -339.99     0.036
    -338.70     0.028
    -337.42     0.066
    -336.13     0.044
    -334.84     0.028
    -333.55     0.032
    -332.26     0.021
    -330.98    -0.111
    -329.69    -0.057
    -328.40    -0.041
    -327.11     0.079
    -325.82    -0.026
    -324.53     0.039
    -323.25     0.007
    -321.96    -0.033
    -320.67     0.021
    -319.38     0.005
    -318.09    -0.015
    -316.80    -0.042
    -315.52     0.021
    -314.23     0.019
    -312.94     0.021
    -311.65    -0.018
    -310.36     0.007
    -309.08    -0.063
    -307.79    -0.018
    -306.50     0.021
    -305.21     0.020
    -303.92     0.062
    -302.63     0.036
    -301.35     0.050
    -300.06     0.029
    -298.77    -0.025
    -297.48    -0.081
    -296.19    -0.033
    -294.90    -0.005
    -293.62     0.010
    -292.33    -0.060
    -291.04    -0.003
    -289.75    -0.038
    -288.46    -0.022
    -287.18     0.032
    -285.89    -0.003
    -284.60    -0.017
    -283.31    -0.005
    -282.02    -0.048
    -280.73    -0.008
    -279.45    -0.002
    -278.16    -0.003
    -276.87     0.040
    -275.58     0.059
    -274.29     0.028
    -273.00     0.034
    -271.72     0.028
    -270.43     0.046
    -269.14     0.027
    -267.85    -0.076
    -266.56     0.036
    -265.28    -0.059
    -263.99     0.014
    -262.70     0.078
    -261.41     0.022
    -260.12     0.005
    -258.83    -0.018
    -257.55    -0.059
    -256.26    -0.013
    -254.97    -0.061
    -253.68    -0.040
    -252.39    -0.007
    -251.10     0.058
    -249.82     0.069
    -248.53    -0.011
    -247.24    -0.091
    -245.95    -0.046
    -244.66     0.011
    -243.38    -0.018
    -242.09     0.009
    -240.80     0.013
    -239.51    -0.014
    -238.22    -0.064
    -236.93    -0.084
    -235.65     0.011
    -234.36     0.051
    -233.07     0.029
    -231.78    -0.090
    -230.49    -0.005
    -229.20    -0.002
    -227.92    -0.019
    -226.63     0.034
    -225.34     0.020
    -224.05    -0.004
    -222.76     0.048
    -221.48     0.030
    -220.19     0.084
    -218.90     0.053
    -217.61    -0.090
    -216.32    -0.010
    -215.03    -0.018
    -213.75    -0.030
    -212.46    -0.072
    -211.17    -0.040
    -209.88     0.009
    -208.59    -0.059
    -207.30     0.011
    -206.02     0.012
    -204.73     0.025
    -203.44    -0.061
    -202.15     0.019
    -200.86     0.078
    -199.58    -0.041
    -198.29     0.001
    -197.00    -0.003
    -195.71    -0.027
    -194.42     0.085
    -193.13    -0.002
    -191.85    -0.080
    -190.56    -0.055
    -189.27     0.023
    -187.98     0.065
    -186.69     0.053
    -185.40    -0.076
    -184.12    -0.028
    -182.83     0.030
    -181.54     0.015
    -180.25     0.042
    -178.96    -0.000
    -177.68    -0.015
    -176.39    -0.022
    -175.10    -0.017
    -173.81     0.019
    -172.52    -0.028
    -171.23     0.034
    -169.95     0.046
    -168.66    -0.006
    -167.37     0.008
    -166.08    -0.013
    -164.79     0.024
    -163.50     0.024
    -162.22     0.086
    -160.93     0.039
    -159.64     0.055
    -158.35    -0.046
    -157.06    -0.039
    -155.78    -0.028
    -154.49     0.014
    -153.20     0.074
    -151.91     0.007
    -150.62    -0.027
    -149.33    -0.096
    -148.05    -0.029
    -146.76    -0.033
    -145.47    -0.067
    -144.18    -0.040
    -142.89    -0.022
    -141.60    -0.021
    -140.32     0.043
    -139.03     0.027
    -137.74    -0.013
    -136.45    -0.075
    -135.16    -0.067
    -133.88     0.017
    -132.59     0.041
    -131.30    -0.004
    -130.01     0.032
    -128.72     0.079
    -127.43     0.034
    -126.15     0.042
    -124.86     0.095
    -123.57     0.001
    -122.28     0.008
    -120.99     0.007
    -119.70    -0.017
    -118.42     0.070
    -117.13     0.011
    -115.84    -0.038
    -114.55     0.178
    -113.26     0.182
    -111.98     0.086
    -110.69     0.124
    -109.40     0.108
    -108.11     0.133
    -106.82     0.092
    -105.53     0.163
    -104.25     0.182
    -102.96     0.207
    -101.67     0.162
    -100.38     0.284
     -99.09     0.263
     -97.80     0.303
     -96.52     0.283
     -95.23     0.294
     -93.94     0.382
     -92.65     0.490
     -91.36     0.530
     -90.08     0.618
     -88.79     0.644
     -87.50     0.677
     -86.21     0.673
     -84.92     0.680
     -83.63     0.840
     -82.35     0.927
     -81.06     0.974
     -79.77     1.041
     -78.48     1.080
     -77.19     1.191
     -75.90     1.274
     -74.62     1.266
     -73.33     1.366
     -72.04     1.442
     -70.75     1.485
     -69.46     1.606
     -68.18     1.677
     -66.89     1.642
     -65.60     1.630
     -64.31     1.730
     -63.02     1.617
     -61.73     1.705
     -60.45     1.673
     -59.16     1.664
     -57.87     1.683
     -56.58     1.765
     -55.29     1.769
     -54.00     1.936
     -52.72     2.047
     -51.43     2.083
     -50.14     2.291
     -48.85     2.493
     -47.56     2.592
     -46.28     2.684
     -44.99     2.782
     -43.70     2.885
     -42.41     3.005
     -41.12     3.202
     -39.83     3.485
     -38.55     3.916
     -37.26     4.538
     -35.97     5.117
     -34.68     5.742
     -33.39     6.340
     -32.10     6.647
     -30.82     6.474
     -29.53     6.402
     -28.24     6.541
     -26.95     6.833
     -25.66     7.454
     -24.38     8.334
     -23.09     9.629
     -21.80    11.326
     -20.51    12.947
     -19.22    13.175
     -17.93    13.012
     -16.65    13.083
     -15.36    13.584
     -14.07    14.653
     -12.78    16.225
     -11.49    18.346
     -10.20    21.397
      -8.92    25.631
      -7.63    30.653
      -6.34    32.670
      -5.05    31.794
      -3.76    31.614
      -2.48    32.702
      -1.19    32.884
       0.10    33.550
       1.39    34.829
       2.68    35.359
       3.97    35.078
       5.25    35.757
       6.54    36.647
       7.83    36.920
       9.12    37.160
      10.41    36.922
      11.70    33.571
      12.98    27.385
      14.27    22.199
      15.56    17.037
      16.85    11.270
      18.14     6.875
      19.42     4.433
      20.71     3.071
      22.00     2.142
      23.29     1.642
      24.58     1.207
      25.87     0.906
      27.15     0.538
      28.44     0.409
      29.73     0.329
      31.02     0.264
      32.31     0.237
      33.60     0.225
      34.88     0.133
      36.17     0.136
      37.46     0.103
      38.75     0.109
      40.04     0.157
      41.32     0.135
      42.61     0.156
      43.90     0.170
      45.19     0.173
      46.48     0.182
      47.77     0.152
      49.05     0.081
      50.34     0.170
      51.63     0.188
      52.92     0.208
      54.21     0.239
      55.50     0.230
      56.78     0.272
      58.07     0.195
      59.36     0.097
      60.65     0.090
      61.94     0.149
      63.22     0.145
      64.51     0.133
      65.80     0.077
      67.09     0.038
      68.38     0.107
      69.67     0.040
      70.95    -0.033
      72.24    -0.038
      73.53     0.010
      74.82     0.003
      76.11     0.015
      77.40     0.034
      78.68     0.024
      79.97    -0.038
      81.26    -0.051
      82.55     0.083
      83.84     0.031
      85.12    -0.011
      86.41     0.084
      87.70     0.064
      88.99     0.101
      90.28     0.050
      91.57    -0.003
      92.85     0.046
      94.14     0.042
      95.43     0.013
      96.72     0.029
      98.01     0.017
      99.30     0.036
     100.58     0.037
     101.87     0.056
     103.16     0.039
     104.45    -0.046
     105.74    -0.025
     107.02     0.047
     108.31     0.114
     109.60     0.129
     110.89     0.101
     112.18     0.065
     113.47     0.043
     114.75     0.076
     116.04     0.037
     117.33     0.010
     118.62    -0.092
     119.91    -0.110
     121.20    -0.040
     122.48     0.027
     123.77     0.036
     125.06     0.024
     126.35     0.069
     127.64    -0.024
     128.92     0.004
     130.21    -0.039
     131.50    -0.039
     132.79    -0.001
     134.08     0.044
     135.37     0.036
     136.65     0.037
     137.94     0.063
     139.23     0.024
     140.52     0.014
     141.81    -0.032
     143.09     0.003
     144.38     0.046
     145.67     0.037
     146.96     0.037
     148.25     0.109
     149.54     0.014
     150.82     0.004
     152.11    -0.066
     153.40    -0.039
     154.69     0.030
     155.98    -0.010
     157.27     0.001
     158.55     0.004
     159.84    -0.011
     161.13    -0.079
     162.42    -0.063
     163.71    -0.023
     164.99    -0.069
     166.28    -0.074
     167.57    -0.025
     168.86    -0.057
     170.15    -0.035
     171.44     0.001
     172.72     0.037
     174.01     0.010
     175.30    -0.015
     176.59    -0.019
     177.88     0.008
     179.17    -0.006
     180.45    -0.085
     181.74     0.015
     183.03     0.032
     184.32    -0.032
     185.61    -0.046
     186.89    -0.033
     188.18    -0.050
     189.47    -0.022
     190.76    -0.030
     192.05     0.014
     193.34     0.013
     194.62    -0.035
     195.91     0.090
     197.20     0.030
     198.49    -0.002
     199.78     0.035
     201.07    -0.019
     202.35     0.053
     203.64    -0.075
     204.93    -0.097
     206.22    -0.015
     207.51    -0.026
     208.79    -0.045
     210.08    -0.028
     211.37     0.041
     212.66    -0.063
     213.95     0.009
     215.24     0.061
     216.52     0.065
     217.81    -0.022
     219.10     0.007
     220.39     0.038
     221.68    -0.070
     222.97     0.105
     224.25     0.110
     225.54     0.011
     226.83    -0.041
     228.12     0.031
     229.41     0.044
     230.69    -0.063
     231.98    -0.050
     233.27    -0.003
     234.56    -0.025
     235.85    -0.019
     237.14    -0.022
     238.42    -0.024
     239.71    -0.070
     241.00    -0.040
     242.29    -0.053
     243.58     0.017
     244.87     0.024
     246.15    -0.015
     247.44     0.025
     248.73     0.070
     250.02     0.013
     251.31     0.055
     252.59     0.070
     253.88     0.088
     255.17    -0.037
     256.46    -0.033
     257.75    -0.022
     259.04    -0.065
     260.32     0.021
     261.61     0.108
     262.90    -0.007
     264.19    -0.049
     265.48    -0.007
     266.77     0.109
     268.05    -0.012
     269.34    -0.024
     270.63    -0.032
     271.92    -0.002
     273.21    -0.020
     274.49     0.055
     275.78    -0.042
     277.07    -0.037
     278.36     0.030
     279.65     0.028
     280.94    -0.060
     282.22    -0.006
     283.51     0.052
     284.80     0.054
     286.09     0.025
     287.38     0.022
     288.67     0.021
     289.95    -0.041
     291.24     0.008
     292.53    -0.031
     293.82     0.007
     295.11     0.001
     296.39     0.002
     297.68     0.026
     298.97     0.011
     300.26     0.017
     301.55     0.055
     302.84     0.009
     304.12     0.036
     305.41     0.013
     306.70     0.054
     307.99    -0.020
     309.28    -0.031
     310.57     0.028
     311.85     0.072
     313.14     0.040
     314.43    -0.030
     315.72    -0.059
     317.01    -0.114
     318.29     0.016
     319.58     0.027
     320.87     0.097
     322.16     0.026
     323.45    -0.006
     324.74    -0.024
     326.02     0.006
     327.31    -0.012
     328.60    -0.005
     329.89     0.044
     331.18     0.101
     332.47     0.114
     333.75     0.014
     335.04    -0.003
     336.33    -0.038
     337.62    -0.037
     338.91    -0.134
     340.19    -0.054
     341.48     0.003
     342.77    -0.035
     344.06     0.043
     345.35    -0.095
     346.64     0.006
     347.92     0.010
     349.21     0.004
     350.50     0.031
     351.79     0.045
     353.08     0.027
     354.37     0.045
     355.65     0.001
     356.94    -0.059
     358.23     0.018
     359.52     0.058
     360.81     0.043
     362.09    -0.095
     363.38     0.009
     364.67    -0.022
     365.96     0.031
     367.25     0.042
     368.54    -0.011
     369.82    -0.011
     371.11     0.013
     372.40    -0.004
     373.69     0.109
     374.98     0.073
     376.27     0.031
     377.55     0.082
     378.84     0.083
     380.13    -0.012
     381.42     0.067
     382.71    -0.034
     383.99    -0.009
     385.28    -0.018
     386.57    -0.068
     387.86    -0.027
     389.15    -0.034
     390.44     0.029
     391.72     0.006
     393.01     0.052
     394.30     0.008
     395.59    -0.039
     396.88     0.008
     398.17     0.031
     399.45    -0.019
%%GASS      0  datapoints: v_lsr [km/s] and T_B [K]
%%LAB     777  datapoints: v_lsr [km/s] and T_B [K]
    -399.86    -0.004
    -398.83    -0.163
    -397.80    -0.042
    -396.77     0.039
    -395.74    -0.053
    -394.71     0.036
    -393.68    -0.015
    -392.65     0.069
    -391.62    -0.065
    -390.59    -0.069
    -389.56    -0.023
    -388.53     0.030
    -387.50     0.053
    -386.47    -0.119
    -385.44     0.056
    -384.41     0.079
    -383.38     0.073
    -382.34     0.099
    -381.31     0.019
    -380.28    -0.064
    -379.25    -0.103
    -378.22     0.053
    -377.19     0.006
    -376.16     0.034
    -375.13     0.013
    -374.10    -0.030
    -373.07     0.047
    -372.04    -0.044
    -371.01    -0.073
    -369.98     0.089
    -368.95     0.008
    -367.92    -0.085
    -366.89    -0.046
    -365.86    -0.149
    -364.82     0.108
    -363.79     0.076
    -362.76    -0.013
    -361.73    -0.016
    -360.70    -0.138
    -359.67    -0.083
    -358.64     0.030
    -357.61    -0.092
    -356.58    -0.074
    -355.55    -0.094
    -354.52     0.042
    -353.49    -0.099
    -352.46    -0.086
    -351.43    -0.086
    -350.40    -0.064
    -349.37     0.039
    -348.34     0.037
    -347.30    -0.078
    -346.27    -0.016
    -345.24     0.032
    -344.21     0.009
    -343.18     0.050
    -342.15     0.055
    -341.12     0.073
    -340.09     0.064
    -339.06    -0.046
    -338.03    -0.024
    -337.00     0.056
    -335.97    -0.036
    -334.94    -0.180
    -333.91     0.133
    -332.88     0.050
    -331.85    -0.124
    -330.82    -0.042
    -329.79     0.009
    -328.75     0.091
    -327.72    -0.034
    -326.69     0.092
    -325.66     0.083
    -324.63    -0.185
    -323.60    -0.027
    -322.57    -0.028
    -321.54     0.044
    -320.51     0.092
    -319.48     0.056
    -318.45     0.082
    -317.42    -0.082
    -316.39     0.028
    -315.36     0.036
    -314.33    -0.021
    -313.30    -0.004
    -312.27     0.086
    -311.23    -0.031
    -310.20     0.104
    -309.17     0.009
    -308.14    -0.018
    -307.11     0.097
    -306.08     0.033
    -305.05    -0.039
    -304.02    -0.036
    -302.99     0.008
    -301.96    -0.081
    -300.93     0.229
    -299.90     0.167
    -298.87    -0.038
    -297.84     0.031
    -296.81    -0.122
    -295.78    -0.062
    -294.75    -0.097
    -293.71     0.062
    -292.68     0.117
    -291.65     0.173
    -290.62    -0.012
    -289.59    -0.013
    -288.56    -0.041
    -287.53     0.026
    -286.50     0.120
    -285.47    -0.058
    -284.44     0.229
    -283.41     0.080
    -282.38     0.072
    -281.35     0.084
    -280.32    -0.022
    -279.29     0.133
    -278.26     0.013
    -277.23    -0.014
    -276.20     0.095
    -275.16     0.078
    -274.13     0.198
    -273.10    -0.042
    -272.07    -0.069
    -271.04    -0.043
    -270.01    -0.172
    -268.98     0.012
    -267.95    -0.014
    -266.92     0.002
    -265.89     0.005
    -264.86    -0.045
    -263.83     0.030
    -262.80    -0.045
    -261.77     0.244
    -260.74     0.059
    -259.71     0.117
    -258.68     0.199
    -257.64     0.040
    -256.61    -0.028
    -255.58    -0.042
    -254.55    -0.078
    -253.52     0.044
    -252.49    -0.061
    -251.46    -0.036
    -250.43    -0.039
    -249.40    -0.116
    -248.37    -0.098
    -247.34    -0.157
    -246.31    -0.128
    -245.28    -0.000
    -244.25    -0.094
    -243.22    -0.027
    -242.19     0.038
    -241.16     0.059
    -240.12     0.013
    -239.09     0.149
    -238.06     0.035
    -237.03     0.075
    -236.00     0.052
    -234.97     0.134
    -233.94    -0.084
    -232.91    -0.020
    -231.88     0.102
    -230.85    -0.109
    -229.82    -0.064
    -228.79     0.155
    -227.76    -0.273
    -226.73     0.026
    -225.70     0.030
    -224.67    -0.075
    -223.64    -0.076
    -222.60     0.168
    -221.57     0.036
    -220.54    -0.041
    -219.51    -0.095
    -218.48     0.140
    -217.45     0.068
    -216.42     0.308
    -215.39     0.025
    -214.36    -0.024
    -213.33     0.076
    -212.30     0.058
    -211.27    -0.074
    -210.24    -0.045
    -209.21    -0.010
    -208.18    -0.019
    -207.15     0.029
    -206.12    -0.010
    -205.09    -0.163
    -204.05    -0.019
    -203.02     0.020
    -201.99     0.008
    -200.96     0.001
    -199.93     0.119
    -198.90     0.106
    -197.87     0.156
    -196.84    -0.082
    -195.81     0.006
    -194.78     0.031
    -193.75    -0.099
    -192.72     0.053
    -191.69    -0.012
    -190.66    -0.100
    -189.63     0.062
    -188.60    -0.118
    -187.57     0.168
    -186.53     0.056
    -185.50    -0.213
    -184.47     0.111
    -183.44    -0.085
    -182.41    -0.095
    -181.38     0.006
    -180.35    -0.003
    -179.32    -0.033
    -178.29     0.030
    -177.26    -0.066
    -176.23    -0.162
    -175.20    -0.150
    -174.17    -0.155
    -173.14     0.072
    -172.11     0.075
    -171.08     0.194
    -170.05     0.118
    -169.01     0.010
    -167.98     0.020
    -166.95     0.094
    -165.92    -0.024
    -164.89     0.022
    -163.86     0.055
    -162.83    -0.072
    -161.80    -0.106
    -160.77     0.073
    -159.74    -0.090
    -158.71    -0.039
    -157.68    -0.177
    -156.65     0.050
    -155.62     0.019
    -154.59    -0.121
    -153.56    -0.153
    -152.53     0.003
    -151.50    -0.036
    -150.46     0.187
    -149.43     0.066
    -148.40    -0.032
    -147.37     0.030
    -146.34     0.008
    -145.31     0.023
    -144.28     0.003
    -143.25    -0.088
    -142.22    -0.181
    -141.19    -0.015
    -140.16    -0.022
    -139.13     0.016
    -138.10     0.064
    -137.07     0.031
    -136.04     0.123
    -135.01     0.072
    -133.98     0.001
    -132.94     0.153
    -131.91     0.105
    -130.88     0.008
    -129.85    -0.272
    -128.82    -0.050
    -127.79     0.095
    -126.76     0.042
    -125.73    -0.060
    -124.70     0.007
    -123.67     0.179
    -122.64     0.041
    -121.61     0.109
    -120.58    -0.023
    -119.55     0.019
    -118.52     0.085
    -117.49     0.110
    -116.46     0.103
    -115.42     0.069
    -114.39     0.091
    -113.36     0.133
    -112.33     0.147
    -111.30     0.045
    -110.27     0.156
    -109.24     0.087
    -108.21    -0.005
    -107.18     0.239
    -106.15     0.081
    -105.12     0.106
    -104.09     0.183
    -103.06     0.249
    -102.03     0.307
    -101.00     0.110
     -99.97     0.301
     -98.94     0.270
     -97.90     0.254
     -96.87     0.477
     -95.84     0.380
     -94.81     0.549
     -93.78     0.516
     -92.75     0.547
     -91.72     0.726
     -90.69     0.622
     -89.66     0.713
     -88.63     0.783
     -87.60     0.768
     -86.57     0.913
     -85.54     0.902
     -84.51     0.988
     -83.48     0.997
     -82.45     1.155
     -81.42     1.038
     -80.39     1.250
     -79.35     1.130
     -78.32     1.310
     -77.29     1.455
     -76.26     1.427
     -75.23     1.463
     -74.20     1.465
     -73.17     1.632
     -72.14     1.890
     -71.11     1.791
     -70.08     1.831
     -69.05     1.711
     -68.02     1.594
     -66.99     1.909
     -65.96     1.819
     -64.93     1.864
     -63.90     1.929
     -62.87     1.855
     -61.83     1.912
     -60.80     1.986
     -59.77     1.981
     -58.74     1.944
     -57.71     1.971
     -56.68     1.878
     -55.65     1.963
     -54.62     2.100
     -53.59     2.053
     -52.56     2.055
     -51.53     1.915
     -50.50     2.133
     -49.47     2.219
     -48.44     2.334
     -47.41     2.347
     -46.38     2.403
     -45.35     2.596
     -44.31     2.505
     -43.28     2.892
     -42.25     2.985
     -41.22     3.096
     -40.19     3.221
     -39.16     3.747
     -38.13     4.150
     -37.10     4.495
     -36.07     4.904
     -35.04     5.469
     -34.01     6.166
     -32.98     6.733
     -31.95     7.271
     -30.92     7.226
     -29.89     7.535
     -28.86     7.537
     -27.83     7.783
     -26.80     8.163
     -25.76     8.321
     -24.73     8.911
     -23.70     9.727
     -22.67    10.595
     -21.64    11.509
     -20.61    11.805
     -19.58    12.512
     -18.55    12.756
     -17.52    12.749
     -16.49    13.234
     -15.46    13.612
     -14.43    14.396
     -13.40    15.573
     -12.37    16.857
     -11.34    18.762
     -10.31    21.259
      -9.28    24.301
      -8.24    27.897
      -7.21    30.930
      -6.18    32.625
      -5.15    33.227
      -4.12    33.535
      -3.09    34.295
      -2.06    35.377
      -1.03    36.173
       0.00    37.141
       1.03    38.868
       2.06    39.679
       3.09    39.148
       4.12    37.471
       5.15    36.074
       6.18    35.879
       7.21    35.600
       8.24    34.946
       9.28    34.181
      10.31    33.133
      11.34    32.006
      12.37    30.202
      13.40    26.349
      14.43    21.683
      15.46    16.857
      16.49    12.224
      17.52     8.480
      18.55     5.881
      19.58     4.120
      20.61     2.949
      21.64     2.258
      22.67     1.879
      23.70     1.530
      24.73     1.142
      25.76     0.963
      26.80     0.755
      27.83     0.558
      28.86     0.507
      29.89     0.280
      30.92     0.421
      31.95     0.143
      32.98     0.186
      34.01    -0.008
      35.04     0.155
      36.07     0.033
      37.10     0.089
      38.13    -0.036
      39.16     0.109
      40.19     0.023
      41.22     0.077
      42.25    -0.056
      43.28     0.250
      44.31    -0.061
      45.35    -0.016
      46.38     0.042
      47.41     0.067
      48.44    -0.024
      49.47     0.049
      50.50    -0.038
      51.53    -0.004
      52.56    -0.036
      53.59     0.014
      54.62     0.044
      55.65     0.189
      56.68     0.052
      57.71    -0.047
      58.74    -0.041
      59.77    -0.056
      60.80     0.095
      61.83     0.172
      62.87     0.115
      63.90     0.002
      64.93     0.226
      65.96     0.211
      66.99     0.081
      68.02     0.102
      69.05     0.123
      70.08     0.071
      71.11     0.064
      72.14     0.037
      73.17     0.221
      74.20     0.145
      75.23     0.077
      76.26    -0.031
      77.29     0.092
      78.32    -0.021
      79.35    -0.045
      80.39     0.036
      81.42    -0.056
      82.45    -0.006
      83.48     0.057
      84.51    -0.022
      85.54     0.054
      86.57    -0.135
      87.60     0.042
      88.63     0.050
      89.66    -0.021
      90.69    -0.047
      91.72     0.022
      92.75     0.003
      93.78     0.108
      94.81    -0.030
      95.84    -0.008
      96.87     0.017
      97.90    -0.293
      98.94     0.130
      99.97    -0.150
     101.00    -0.129
     102.03    -0.107
     103.06    -0.028
     104.09    -0.179
     105.12     0.114
     106.15    -0.089
     107.18    -0.085
     108.21    -0.141
     109.24     0.076
     110.27    -0.125
     111.30     0.080
     112.33    -0.049
     113.36     0.133
     114.39     0.012
     115.42    -0.010
     116.46     0.156
     117.49    -0.005
     118.52     0.172
     119.55     0.090
     120.58     0.118
     121.61    -0.058
     122.64    -0.073
     123.67     0.019
     124.70     0.049
     125.73     0.102
     126.76    -0.020
     127.79     0.127
     128.82    -0.081
     129.85     0.150
     130.88    -0.080
     131.91    -0.052
     132.94    -0.024
     133.98    -0.010
     135.01     0.028
     136.04    -0.092
     137.07    -0.049
     138.10    -0.014
     139.13    -0.021
     140.16     0.098
     141.19    -0.033
     142.22    -0.018
     143.25    -0.108
     144.28    -0.076
     145.31     0.052
     146.34    -0.033
     147.37    -0.046
     148.40     0.040
     149.43    -0.055
     150.46     0.065
     151.50    -0.040
     152.53     0.122
     153.56    -0.219
     154.59     0.198
     155.62     0.002
     156.65     0.188
     157.68    -0.058
     158.71     0.147
     159.74    -0.012
     160.77     0.101
     161.80    -0.069
     162.83    -0.019
     163.86    -0.040
     164.89     0.025
     165.92    -0.080
     166.95     0.122
     167.98    -0.010
     169.01     0.020
     170.05    -0.039
     171.08     0.172
     172.11     0.031
     173.14     0.012
     174.17    -0.277
     175.20     0.041
     176.23     0.073
     177.26     0.061
     178.29     0.095
     179.32     0.160
     180.35     0.008
     181.38     0.084
     182.41    -0.084
     183.44     0.077
     184.47    -0.027
     185.50     0.087
     186.53     0.001
     187.57     0.077
     188.60     0.146
     189.63     0.061
     190.66     0.006
     191.69     0.015
     192.72     0.047
     193.75     0.037
     194.78     0.026
     195.81     0.072
     196.84    -0.208
     197.87    -0.130
     198.90    -0.018
     199.93     0.077
     200.96     0.048
     201.99    -0.017
     203.02    -0.019
     204.05    -0.087
     205.09     0.006
     206.12     0.012
     207.15    -0.072
     208.18     0.013
     209.21    -0.031
     210.24     0.153
     211.27     0.045
     212.30    -0.052
     213.33    -0.110
     214.36     0.041
     215.39     0.028
     216.42     0.037
     217.45    -0.040
     218.48     0.147
     219.51    -0.159
     220.54     0.161
     221.57    -0.278
     222.60    -0.012
     223.64    -0.058
     224.67    -0.043
     225.70    -0.038
     226.73    -0.083
     227.76     0.030
     228.79    -0.044
     229.82    -0.049
     230.85     0.003
     231.88     0.034
     232.91     0.041
     233.94    -0.039
     234.97    -0.013
     236.00    -0.005
     237.03     0.177
     238.06     0.001
     239.09     0.069
     240.12    -0.139
     241.16    -0.030
     242.19    -0.024
     243.22    -0.111
     244.25    -0.160
     245.28     0.021
     246.31    -0.094
     247.34     0.033
     248.37    -0.109
     249.40    -0.144
     250.43     0.020
     251.46     0.039
     252.49    -0.075
     253.52    -0.078
     254.55     0.030
     255.58     0.024
     256.61    -0.044
     257.64     0.006
     258.68    -0.060
     259.71     0.100
     260.74     0.045
     261.77     0.133
     262.80    -0.045
     263.83     0.012
     264.86     0.236
     265.89     0.042
     266.92    -0.160
     267.95     0.249
     268.98     0.021
     270.01    -0.013
     271.04     0.065
     272.07     0.151
     273.10     0.016
     274.13     0.052
     275.16     0.158
     276.20     0.016
     277.23    -0.053
     278.26     0.233
     279.29    -0.003
     280.32     0.112
     281.35    -0.058
     282.38    -0.097
     283.41    -0.114
     284.44    -0.013
     285.47     0.031
     286.50    -0.021
     287.53    -0.103
     288.56    -0.026
     289.59    -0.049
     290.62    -0.023
     291.65    -0.038
     292.68     0.031
     293.71    -0.089
     294.75     0.158
     295.78     0.114
     296.81    -0.075
     297.84    -0.169
     298.87    -0.053
     299.90    -0.070
     300.93     0.011
     301.96    -0.123
     302.99    -0.034
     304.02     0.054
     305.05     0.059
     306.08    -0.080
     307.11     0.093
     308.14    -0.073
     309.17    -0.037
     310.20    -0.051
     311.23     0.077
     312.27     0.102
     313.30    -0.079
     314.33     0.050
     315.36     0.103
     316.39    -0.167
     317.42    -0.053
     318.45     0.048
     319.48    -0.053
     320.51    -0.191
     321.54    -0.053
     322.57    -0.136
     323.60     0.019
     324.63    -0.099
     325.66    -0.006
     326.69    -0.026
     327.72    -0.008
     328.75     0.088
     329.79    -0.048
     330.82    -0.009
     331.85     0.037
     332.88     0.003
     333.91    -0.077
     334.94     0.188
     335.97    -0.045
     337.00    -0.063
     338.03     0.096
     339.06     0.017
     340.09     0.074
     341.12     0.037
     342.15     0.097
     343.18     0.109
     344.21    -0.050
     345.24     0.130
     346.27     0.006
     347.30    -0.025
     348.34     0.073
     349.37     0.025
     350.40     0.000
     351.43     0.081
     352.46    -0.081
     353.49    -0.049
     354.52     0.085
     355.55     0.003
     356.58    -0.153
     357.61    -0.031
     358.64     0.098
     359.67    -0.039
     360.70     0.078
     361.73    -0.149
     362.76     0.061
     363.79     0.024
     364.82     0.015
     365.86    -0.121
     366.89     0.048
     367.92    -0.116
     368.95     0.104
     369.98     0.048
     371.01     0.034
     372.04     0.006
     373.07    -0.027
     374.10    -0.061
     375.13     0.108
     376.16    -0.135
     377.19    -0.036
     378.22     0.078
     379.25     0.007
     380.28    -0.013
     381.31    -0.059
     382.34     0.078
     383.38     0.122
     384.41     0.167
     385.44     0.016
     386.47     0.063
     387.50    -0.001
     388.53    -0.053
     389.56     0.139
     390.59     0.065
     391.62    -0.027
     392.65    -0.092
     393.68    -0.107
     394.71     0.091
     395.74     0.044
     396.77     0.065
     397.80     0.026
     398.83     0.148
     399.86     0.123
