%%   72.50000 -17.50000    0   0.20000
% LAB  survey ------------------
% wanted position:  l, b, RA, DEC, and interpolated  NH
% 72.50 ; -17.50 ; 319.39 ;  23.80 ;  0.717E+21
% nearest position: l, b, RA, DEC, and observed NH
% 72.50 ; -17.50 ; 319.39 ;  23.80 ;  0.717E+21
% GASS III survey --------------
% NH - median within 6 arcmin radius   0.00    
% NH - mean within specified beam      0.00    
% EBHIS survey -----------------
% NH  within specified beam           0.705E+21
%%EBHIS   621  datapoints: v_lsr [km/s] and T_B [K]
    -399.25     0.081
    -397.96     0.072
    -396.68     0.045
    -395.39     0.040
    -394.10     0.083
    -392.81     0.006
    -391.52     0.037
    -390.23     0.018
    -388.95     0.008
    -387.66     0.052
    -386.37     0.048
    -385.08     0.022
    -383.79     0.007
    -382.50     0.045
    -381.22     0.005
    -379.93     0.032
    -378.64     0.028
    -377.35    -0.001
    -376.06    -0.016
    -374.78    -0.050
    -373.49    -0.065
    -372.20     0.013
    -370.91     0.043
    -369.62     0.038
    -368.33    -0.030
    -367.05    -0.025
    -365.76     0.007
    -364.47    -0.042
    -363.18    -0.074
    -361.89    -0.028
    -360.60    -0.023
    -359.32    -0.051
    -358.03    -0.054
    -356.74    -0.002
    -355.45     0.048
    -354.16     0.001
    -352.88     0.045
    -351.59    -0.033
    -350.30    -0.111
    -349.01     0.017
    -347.72    -0.030
    -346.43    -0.032
    -345.15    -0.024
    -343.86     0.017
    -342.57    -0.019
    -341.28     0.003
    -339.99    -0.042
    -338.70    -0.044
    -337.42    -0.005
    -336.13    -0.051
    -334.84    -0.001
    -333.55    -0.024
    -332.26     0.037
    -330.98     0.067
    -329.69     0.074
    -328.40     0.034
    -327.11    -0.007
    -325.82    -0.057
    -324.53     0.001
    -323.25     0.033
    -321.96     0.004
    -320.67     0.049
    -319.38     0.043
    -318.09     0.030
    -316.80     0.058
    -315.52     0.074
    -314.23     0.041
    -312.94    -0.001
    -311.65    -0.025
    -310.36     0.079
    -309.08     0.070
    -307.79     0.065
    -306.50    -0.009
    -305.21    -0.004
    -303.92     0.021
    -302.63     0.003
    -301.35    -0.036
    -300.06    -0.042
    -298.77     0.019
    -297.48    -0.007
    -296.19    -0.050
    -294.90    -0.100
    -293.62    -0.067
    -292.33    -0.022
    -291.04     0.006
    -289.75     0.022
    -288.46     0.059
    -287.18     0.060
    -285.89     0.022
    -284.60    -0.109
    -283.31    -0.020
    -282.02     0.057
    -280.73    -0.014
    -279.45     0.023
    -278.16     0.056
    -276.87     0.036
    -275.58     0.013
    -274.29    -0.058
    -273.00     0.024
    -271.72     0.034
    -270.43     0.020
    -269.14     0.011
    -267.85     0.070
    -266.56     0.011
    -265.28    -0.001
    -263.99     0.042
    -262.70    -0.002
    -261.41    -0.019
    -260.12    -0.052
    -258.83    -0.069
    -257.55     0.024
    -256.26     0.058
    -254.97     0.032
    -253.68    -0.023
    -252.39    -0.019
    -251.10    -0.016
    -249.82    -0.038
    -248.53    -0.019
    -247.24    -0.031
    -245.95    -0.027
    -244.66    -0.012
    -243.38    -0.005
    -242.09     0.023
    -240.80     0.073
    -239.51     0.052
    -238.22    -0.020
    -236.93    -0.116
    -235.65     0.004
    -234.36     0.069
    -233.07     0.002
    -231.78    -0.021
    -230.49    -0.007
    -229.20    -0.034
    -227.92     0.035
    -226.63    -0.026
    -225.34    -0.033
    -224.05     0.006
    -222.76     0.049
    -221.48    -0.014
    -220.19     0.036
    -218.90     0.019
    -217.61     0.017
    -216.32     0.077
    -215.03     0.016
    -213.75     0.007
    -212.46     0.009
    -211.17     0.007
    -209.88     0.022
    -208.59    -0.032
    -207.30     0.119
    -206.02     0.080
    -204.73     0.006
    -203.44    -0.011
    -202.15    -0.026
    -200.86    -0.002
    -199.58     0.027
    -198.29    -0.039
    -197.00     0.013
    -195.71    -0.036
    -194.42     0.010
    -193.13    -0.018
    -191.85    -0.033
    -190.56    -0.017
    -189.27    -0.036
    -187.98    -0.047
    -186.69     0.033
    -185.40     0.021
    -184.12     0.044
    -182.83    -0.035
    -181.54     0.010
    -180.25     0.079
    -178.96     0.048
    -177.68    -0.006
    -176.39    -0.056
    -175.10     0.003
    -173.81     0.072
    -172.52    -0.008
    -171.23     0.023
    -169.95    -0.039
    -168.66     0.043
    -167.37     0.058
    -166.08     0.040
    -164.79    -0.020
    -163.50     0.030
    -162.22     0.046
    -160.93    -0.082
    -159.64    -0.060
    -158.35     0.036
    -157.06    -0.022
    -155.78     0.029
    -154.49     0.004
    -153.20    -0.013
    -151.91    -0.027
    -150.62    -0.006
    -149.33    -0.036
    -148.05    -0.060
    -146.76     0.022
    -145.47    -0.069
    -144.18    -0.026
    -142.89    -0.031
    -141.60     0.027
    -140.32     0.061
    -139.03     0.000
    -137.74     0.021
    -136.45     0.028
    -135.16    -0.089
    -133.88    -0.079
    -132.59    -0.041
    -131.30     0.010
    -130.01    -0.001
    -128.72     0.034
    -127.43     0.067
    -126.15     0.029
    -124.86    -0.058
    -123.57     0.016
    -122.28    -0.036
    -120.99    -0.049
    -119.70    -0.004
    -118.42     0.022
    -117.13     0.001
    -115.84    -0.013
    -114.55    -0.041
    -113.26    -0.086
    -111.98    -0.059
    -110.69     0.010
    -109.40     0.010
    -108.11    -0.030
    -106.82     0.020
    -105.53     0.004
    -104.25     0.056
    -102.96     0.088
    -101.67    -0.024
    -100.38    -0.039
     -99.09    -0.022
     -97.80    -0.009
     -96.52     0.026
     -95.23    -0.023
     -93.94     0.020
     -92.65     0.047
     -91.36     0.011
     -90.08     0.098
     -88.79    -0.031
     -87.50    -0.018
     -86.21     0.054
     -84.92     0.107
     -83.63     0.117
     -82.35     0.119
     -81.06     0.172
     -79.77     0.118
     -78.48     0.072
     -77.19     0.170
     -75.90     0.246
     -74.62     0.216
     -73.33     0.286
     -72.04     0.328
     -70.75     0.432
     -69.46     0.534
     -68.18     0.513
     -66.89     0.523
     -65.60     0.568
     -64.31     0.606
     -63.02     0.658
     -61.73     0.684
     -60.45     0.695
     -59.16     0.707
     -57.87     0.624
     -56.58     0.563
     -55.29     0.579
     -54.00     0.600
     -52.72     0.571
     -51.43     0.608
     -50.14     0.541
     -48.85     0.467
     -47.56     0.462
     -46.28     0.501
     -44.99     0.362
     -43.70     0.445
     -42.41     0.414
     -41.12     0.334
     -39.83     0.348
     -38.55     0.374
     -37.26     0.288
     -35.97     0.393
     -34.68     0.344
     -33.39     0.291
     -32.10     0.327
     -30.82     0.417
     -29.53     0.488
     -28.24     0.613
     -26.95     0.604
     -25.66     0.678
     -24.38     0.876
     -23.09     1.039
     -21.80     1.221
     -20.51     1.189
     -19.22     1.091
     -17.93     1.127
     -16.65     1.149
     -15.36     1.237
     -14.07     1.388
     -12.78     1.574
     -11.49     1.936
     -10.20     2.396
      -8.92     2.928
      -7.63     3.635
      -6.34     4.360
      -5.05     5.144
      -3.76     6.015
      -2.48     6.999
      -1.19     8.542
       0.10    12.547
       1.39    19.425
       2.68    24.981
       3.97    27.945
       5.25    27.101
       6.54    22.853
       7.83    18.903
       9.12    14.781
      10.41    10.229
      11.70     7.619
      12.98     6.465
      14.27     5.576
      15.56     4.797
      16.85     4.060
      18.14     3.338
      19.42     2.677
      20.71     2.181
      22.00     1.793
      23.29     1.504
      24.58     1.183
      25.87     0.912
      27.15     0.771
      28.44     0.679
      29.73     0.579
      31.02     0.407
      32.31     0.374
      33.60     0.239
      34.88     0.200
      36.17     0.184
      37.46     0.122
      38.75     0.110
      40.04     0.144
      41.32     0.073
      42.61     0.005
      43.90     0.131
      45.19     0.071
      46.48     0.098
      47.77     0.117
      49.05    -0.052
      50.34     0.031
      51.63     0.073
      52.92     0.056
      54.21    -0.013
      55.50     0.055
      56.78    -0.017
      58.07     0.026
      59.36     0.020
      60.65     0.002
      61.94    -0.025
      63.22    -0.044
      64.51     0.006
      65.80     0.001
      67.09    -0.076
      68.38    -0.025
      69.67     0.066
      70.95    -0.041
      72.24    -0.010
      73.53     0.014
      74.82    -0.019
      76.11     0.020
      77.40    -0.023
      78.68     0.044
      79.97    -0.078
      81.26     0.010
      82.55    -0.053
      83.84     0.014
      85.12    -0.080
      86.41    -0.064
      87.70    -0.035
      88.99     0.064
      90.28     0.005
      91.57    -0.049
      92.85    -0.017
      94.14     0.010
      95.43     0.020
      96.72     0.070
      98.01     0.054
      99.30     0.024
     100.58     0.015
     101.87     0.102
     103.16     0.043
     104.45     0.026
     105.74     0.037
     107.02     0.023
     108.31     0.051
     109.60     0.078
     110.89     0.086
     112.18     0.061
     113.47     0.095
     114.75     0.040
     116.04    -0.004
     117.33    -0.054
     118.62    -0.076
     119.91    -0.051
     121.20     0.022
     122.48     0.034
     123.77    -0.018
     125.06    -0.055
     126.35    -0.002
     127.64     0.017
     128.92     0.061
     130.21     0.046
     131.50    -0.016
     132.79    -0.009
     134.08     0.014
     135.37     0.007
     136.65     0.018
     137.94    -0.013
     139.23    -0.069
     140.52    -0.029
     141.81     0.012
     143.09     0.013
     144.38    -0.011
     145.67    -0.035
     146.96    -0.030
     148.25    -0.019
     149.54    -0.006
     150.82     0.039
     152.11    -0.030
     153.40    -0.033
     154.69     0.037
     155.98     0.012
     157.27    -0.004
     158.55     0.037
     159.84     0.038
     161.13     0.007
     162.42     0.039
     163.71    -0.013
     164.99     0.067
     166.28     0.045
     167.57     0.005
     168.86     0.005
     170.15     0.029
     171.44     0.033
     172.72     0.023
     174.01     0.040
     175.30     0.012
     176.59    -0.020
     177.88     0.013
     179.17    -0.051
     180.45     0.018
     181.74    -0.018
     183.03    -0.045
     184.32     0.020
     185.61    -0.031
     186.89    -0.011
     188.18    -0.021
     189.47     0.017
     190.76     0.078
     192.05     0.053
     193.34    -0.038
     194.62     0.003
     195.91    -0.075
     197.20    -0.023
     198.49    -0.056
     199.78    -0.058
     201.07    -0.067
     202.35    -0.048
     203.64     0.020
     204.93    -0.043
     206.22    -0.031
     207.51     0.057
     208.79     0.051
     210.08     0.031
     211.37     0.003
     212.66     0.025
     213.95     0.068
     215.24     0.002
     216.52    -0.014
     217.81     0.075
     219.10     0.037
     220.39     0.038
     221.68    -0.052
     222.97    -0.054
     224.25     0.052
     225.54    -0.020
     226.83    -0.008
     228.12     0.066
     229.41     0.034
     230.69    -0.013
     231.98    -0.015
     233.27     0.064
     234.56     0.038
     235.85     0.080
     237.14     0.026
     238.42    -0.023
     239.71     0.022
     241.00    -0.053
     242.29     0.016
     243.58     0.013
     244.87    -0.018
     246.15    -0.010
     247.44    -0.066
     248.73     0.001
     250.02     0.016
     251.31    -0.066
     252.59     0.022
     253.88     0.064
     255.17    -0.052
     256.46    -0.066
     257.75    -0.112
     259.04    -0.043
     260.32    -0.026
     261.61    -0.037
     262.90    -0.004
     264.19    -0.019
     265.48     0.078
     266.77    -0.005
     268.05     0.015
     269.34     0.063
     270.63     0.066
     271.92    -0.026
     273.21     0.017
     274.49    -0.028
     275.78    -0.013
     277.07     0.023
     278.36     0.056
     279.65     0.028
     280.94    -0.020
     282.22     0.058
     283.51     0.044
     284.80    -0.083
     286.09    -0.035
     287.38    -0.095
     288.67    -0.022
     289.95    -0.003
     291.24    -0.040
     292.53    -0.004
     293.82    -0.028
     295.11     0.025
     296.39     0.024
     297.68     0.043
     298.97    -0.057
     300.26    -0.002
     301.55    -0.051
     302.84    -0.050
     304.12    -0.009
     305.41     0.038
     306.70     0.000
     307.99     0.032
     309.28     0.046
     310.57     0.014
     311.85     0.097
     313.14    -0.019
     314.43     0.028
     315.72     0.002
     317.01    -0.047
     318.29     0.011
     319.58    -0.073
     320.87    -0.039
     322.16    -0.029
     323.45     0.003
     324.74     0.008
     326.02     0.002
     327.31    -0.010
     328.60    -0.029
     329.89    -0.044
     331.18    -0.035
     332.47    -0.030
     333.75    -0.040
     335.04    -0.023
     336.33    -0.019
     337.62     0.034
     338.91    -0.010
     340.19    -0.040
     341.48    -0.068
     342.77    -0.096
     344.06    -0.021
     345.35     0.042
     346.64     0.052
     347.92     0.014
     349.21    -0.020
     350.50     0.114
     351.79     0.064
     353.08     0.038
     354.37     0.092
     355.65     0.020
     356.94     0.067
     358.23     0.002
     359.52    -0.048
     360.81    -0.000
     362.09     0.029
     363.38    -0.044
     364.67    -0.078
     365.96    -0.005
     367.25    -0.055
     368.54    -0.053
     369.82     0.062
     371.11     0.015
     372.40     0.009
     373.69     0.016
     374.98     0.094
     376.27     0.029
     377.55     0.003
     378.84     0.059
     380.13     0.077
     381.42     0.024
     382.71     0.018
     383.99     0.021
     385.28    -0.020
     386.57    -0.011
     387.86    -0.031
     389.15    -0.065
     390.44    -0.029
     391.72    -0.032
     393.01     0.000
     394.30    -0.020
     395.59    -0.013
     396.88    -0.054
     398.17    -0.018
     399.45    -0.013
%%GASS      0  datapoints: v_lsr [km/s] and T_B [K]
%%LAB     777  datapoints: v_lsr [km/s] and T_B [K]
    -399.87    -0.026
    -398.84     0.048
    -397.81    -0.039
    -396.78    -0.143
    -395.75     0.014
    -394.72     0.018
    -393.69    -0.095
    -392.66    -0.079
    -391.63     0.144
    -390.60     0.082
    -389.56     0.018
    -388.53    -0.021
    -387.50    -0.017
    -386.47     0.025
    -385.44     0.060
    -384.41    -0.048
    -383.38     0.090
    -382.35    -0.005
    -381.32    -0.025
    -380.29    -0.188
    -379.26     0.062
    -378.23    -0.058
    -377.20    -0.008
    -376.17     0.024
    -375.14     0.052
    -374.11     0.145
    -373.08     0.015
    -372.04    -0.018
    -371.01    -0.047
    -369.98    -0.071
    -368.95    -0.061
    -367.92    -0.171
    -366.89    -0.025
    -365.86     0.003
    -364.83    -0.023
    -363.80     0.006
    -362.77    -0.002
    -361.74    -0.065
    -360.71    -0.011
    -359.68     0.065
    -358.65     0.002
    -357.62    -0.135
    -356.59    -0.033
    -355.56     0.043
    -354.52     0.013
    -353.49    -0.020
    -352.46     0.220
    -351.43     0.189
    -350.40    -0.046
    -349.37     0.034
    -348.34    -0.112
    -347.31     0.097
    -346.28    -0.074
    -345.25    -0.015
    -344.22    -0.010
    -343.19    -0.014
    -342.16     0.045
    -341.13    -0.096
    -340.10     0.114
    -339.07    -0.054
    -338.04     0.100
    -337.00    -0.169
    -335.97     0.124
    -334.94     0.107
    -333.91    -0.025
    -332.88     0.094
    -331.85    -0.071
    -330.82    -0.001
    -329.79     0.014
    -328.76    -0.035
    -327.73    -0.037
    -326.70    -0.115
    -325.67    -0.051
    -324.64    -0.086
    -323.61     0.094
    -322.58    -0.065
    -321.55     0.036
    -320.52    -0.104
    -319.48    -0.113
    -318.45    -0.076
    -317.42    -0.044
    -316.39     0.038
    -315.36     0.028
    -314.33    -0.050
    -313.30    -0.007
    -312.27    -0.079
    -311.24     0.032
    -310.21    -0.101
    -309.18     0.084
    -308.15    -0.126
    -307.12    -0.017
    -306.09    -0.105
    -305.06    -0.092
    -304.03     0.144
    -302.99    -0.122
    -301.96    -0.081
    -300.93     0.068
    -299.90     0.047
    -298.87     0.111
    -297.84     0.032
    -296.81     0.021
    -295.78     0.059
    -294.75    -0.023
    -293.72    -0.080
    -292.69     0.105
    -291.66     0.031
    -290.63     0.007
    -289.60    -0.081
    -288.57     0.093
    -287.54     0.061
    -286.51     0.052
    -285.47    -0.113
    -284.44     0.114
    -283.41     0.005
    -282.38     0.052
    -281.35    -0.035
    -280.32     0.063
    -279.29     0.024
    -278.26     0.037
    -277.23     0.116
    -276.20     0.032
    -275.17     0.038
    -274.14    -0.049
    -273.11     0.054
    -272.08    -0.061
    -271.05     0.076
    -270.02     0.095
    -268.99     0.082
    -267.95     0.073
    -266.92     0.043
    -265.89     0.035
    -264.86    -0.108
    -263.83     0.067
    -262.80    -0.106
    -261.77    -0.135
    -260.74    -0.080
    -259.71     0.045
    -258.68    -0.057
    -257.65    -0.102
    -256.62    -0.076
    -255.59     0.051
    -254.56    -0.171
    -253.53     0.075
    -252.50    -0.053
    -251.47     0.118
    -250.43     0.033
    -249.40     0.022
    -248.37    -0.015
    -247.34    -0.100
    -246.31    -0.044
    -245.28     0.097
    -244.25    -0.001
    -243.22     0.110
    -242.19    -0.079
    -241.16     0.052
    -240.13     0.096
    -239.10    -0.019
    -238.07     0.051
    -237.04     0.010
    -236.01     0.021
    -234.98     0.024
    -233.95    -0.058
    -232.91     0.146
    -231.88     0.116
    -230.85    -0.031
    -229.82     0.063
    -228.79     0.006
    -227.76    -0.016
    -226.73    -0.012
    -225.70     0.004
    -224.67     0.160
    -223.64    -0.001
    -222.61    -0.021
    -221.58    -0.163
    -220.55     0.142
    -219.52    -0.084
    -218.49     0.017
    -217.46    -0.106
    -216.42     0.152
    -215.39     0.025
    -214.36     0.016
    -213.33     0.007
    -212.30    -0.037
    -211.27     0.046
    -210.24     0.047
    -209.21    -0.009
    -208.18     0.210
    -207.15     0.023
    -206.12     0.042
    -205.09    -0.059
    -204.06     0.074
    -203.03    -0.104
    -202.00    -0.085
    -200.97     0.171
    -199.94     0.049
    -198.90     0.003
    -197.87     0.137
    -196.84    -0.062
    -195.81     0.064
    -194.78    -0.030
    -193.75     0.050
    -192.72    -0.043
    -191.69     0.095
    -190.66    -0.135
    -189.63     0.054
    -188.60     0.018
    -187.57    -0.141
    -186.54    -0.021
    -185.51     0.052
    -184.48     0.066
    -183.45    -0.068
    -182.42     0.049
    -181.38     0.016
    -180.35    -0.204
    -179.32    -0.043
    -178.29     0.039
    -177.26    -0.069
    -176.23    -0.103
    -175.20    -0.064
    -174.17    -0.028
    -173.14     0.097
    -172.11    -0.015
    -171.08     0.012
    -170.05    -0.042
    -169.02     0.066
    -167.99    -0.141
    -166.96     0.051
    -165.93    -0.159
    -164.90     0.130
    -163.86    -0.001
    -162.83     0.018
    -161.80     0.033
    -160.77     0.155
    -159.74     0.044
    -158.71    -0.004
    -157.68    -0.060
    -156.65     0.007
    -155.62    -0.048
    -154.59    -0.019
    -153.56     0.027
    -152.53     0.025
    -151.50     0.032
    -150.47     0.099
    -149.44    -0.014
    -148.41     0.005
    -147.38     0.014
    -146.34     0.205
    -145.31    -0.106
    -144.28    -0.020
    -143.25    -0.033
    -142.22     0.053
    -141.19     0.056
    -140.16     0.031
    -139.13    -0.283
    -138.10     0.095
    -137.07    -0.017
    -136.04     0.014
    -135.01    -0.102
    -133.98     0.129
    -132.95     0.047
    -131.92     0.136
    -130.89     0.010
    -129.85     0.043
    -128.82     0.008
    -127.79     0.033
    -126.76     0.046
    -125.73     0.133
    -124.70    -0.055
    -123.67     0.033
    -122.64     0.018
    -121.61     0.098
    -120.58    -0.074
    -119.55     0.016
    -118.52    -0.038
    -117.49     0.086
    -116.46     0.002
    -115.43     0.162
    -114.40    -0.072
    -113.37    -0.053
    -112.33     0.120
    -111.30    -0.038
    -110.27     0.105
    -109.24     0.084
    -108.21    -0.091
    -107.18     0.037
    -106.15    -0.014
    -105.12    -0.076
    -104.09     0.096
    -103.06     0.055
    -102.03     0.000
    -101.00     0.052
     -99.97     0.073
     -98.94     0.202
     -97.91    -0.051
     -96.88     0.058
     -95.85    -0.037
     -94.81     0.014
     -93.78     0.016
     -92.75     0.073
     -91.72     0.034
     -90.69     0.022
     -89.66    -0.012
     -88.63     0.092
     -87.60     0.064
     -86.57     0.149
     -85.54     0.089
     -84.51     0.099
     -83.48     0.187
     -82.45     0.056
     -81.42     0.053
     -80.39     0.206
     -79.36     0.234
     -78.33     0.076
     -77.29     0.084
     -76.26     0.167
     -75.23     0.177
     -74.20     0.256
     -73.17     0.134
     -72.14     0.280
     -71.11     0.364
     -70.08     0.303
     -69.05     0.336
     -68.02     0.240
     -66.99     0.421
     -65.96     0.418
     -64.93     0.398
     -63.90     0.668
     -62.87     0.529
     -61.84     0.559
     -60.81     0.538
     -59.77     0.720
     -58.74     0.521
     -57.71     0.738
     -56.68     0.583
     -55.65     0.465
     -54.62     0.609
     -53.59     0.667
     -52.56     0.624
     -51.53     0.615
     -50.50     0.702
     -49.47     0.726
     -48.44     0.574
     -47.41     0.531
     -46.38     0.496
     -45.35     0.542
     -44.32     0.474
     -43.29     0.503
     -42.25     0.372
     -41.22     0.413
     -40.19     0.456
     -39.16     0.510
     -38.13     0.386
     -37.10     0.365
     -36.07     0.344
     -35.04     0.468
     -34.01     0.217
     -32.98     0.328
     -31.95     0.282
     -30.92     0.400
     -29.89     0.322
     -28.86     0.543
     -27.83     0.630
     -26.80     0.789
     -25.76     0.576
     -24.73     0.766
     -23.70     0.762
     -22.67     0.825
     -21.64     0.974
     -20.61     1.157
     -19.58     1.086
     -18.55     1.158
     -17.52     1.230
     -16.49     1.357
     -15.46     1.393
     -14.43     1.356
     -13.40     1.796
     -12.37     1.969
     -11.34     2.205
     -10.31     2.521
      -9.28     3.060
      -8.24     3.306
      -7.21     3.746
      -6.18     4.491
      -5.15     5.397
      -4.12     6.143
      -3.09     6.932
      -2.06     8.131
      -1.03     9.966
       0.00    13.165
       1.03    18.801
       2.06    24.922
       3.09    28.024
       4.12    30.037
       5.15    29.227
       6.18    25.657
       7.21    21.343
       8.24    17.191
       9.28    13.082
      10.31     9.734
      11.34     7.602
      12.37     6.289
      13.40     5.297
      14.43     4.669
      15.46     4.209
      16.49     3.553
      17.52     2.979
      18.55     2.753
      19.58     2.311
      20.61     2.222
      21.64     1.869
      22.67     1.790
      23.70     1.440
      24.73     1.237
      25.76     0.964
      26.80     0.840
      27.83     0.546
      28.86     0.544
      29.89     0.339
      30.92     0.418
      31.95     0.184
      32.98     0.246
      34.01     0.287
      35.04     0.315
      36.07     0.200
      37.10     0.038
      38.13    -0.078
      39.16     0.077
      40.19    -0.113
      41.22     0.082
      42.25     0.070
      43.28     0.093
      44.32     0.011
      45.35     0.104
      46.38     0.033
      47.41    -0.031
      48.44     0.031
      49.47     0.030
      50.50    -0.076
      51.53     0.071
      52.56     0.020
      53.59    -0.020
      54.62    -0.007
      55.65     0.188
      56.68     0.040
      57.71     0.009
      58.74     0.110
      59.77     0.093
      60.81     0.055
      61.84     0.015
      62.87    -0.071
      63.90     0.035
      64.93    -0.018
      65.96    -0.136
      66.99    -0.144
      68.02     0.023
      69.05    -0.186
      70.08     0.063
      71.11     0.070
      72.14    -0.035
      73.17    -0.016
      74.20    -0.019
      75.23    -0.020
      76.26     0.007
      77.29     0.016
      78.33     0.090
      79.36    -0.033
      80.39     0.067
      81.42     0.009
      82.45     0.015
      83.48    -0.062
      84.51     0.016
      85.54    -0.009
      86.57    -0.036
      87.60     0.117
      88.63    -0.001
      89.66    -0.156
      90.69     0.036
      91.72    -0.183
      92.75    -0.078
      93.78    -0.002
      94.81     0.056
      95.85    -0.092
      96.88    -0.024
      97.91    -0.048
      98.94     0.026
      99.97    -0.158
     101.00    -0.029
     102.03     0.080
     103.06    -0.071
     104.09    -0.019
     105.12     0.093
     106.15     0.032
     107.18     0.148
     108.21    -0.026
     109.24     0.136
     110.27    -0.030
     111.30     0.104
     112.33     0.024
     113.37    -0.052
     114.40    -0.033
     115.43    -0.119
     116.46     0.062
     117.49     0.002
     118.52    -0.122
     119.55    -0.018
     120.58    -0.083
     121.61     0.205
     122.64    -0.099
     123.67     0.036
     124.70     0.027
     125.73    -0.128
     126.76    -0.021
     127.79    -0.044
     128.82     0.020
     129.85    -0.031
     130.89     0.062
     131.92    -0.092
     132.95    -0.051
     133.98    -0.099
     135.01     0.044
     136.04    -0.084
     137.07    -0.030
     138.10    -0.036
     139.13    -0.121
     140.16    -0.017
     141.19    -0.087
     142.22     0.020
     143.25    -0.016
     144.28    -0.087
     145.31    -0.036
     146.34     0.089
     147.38     0.092
     148.41    -0.065
     149.44     0.092
     150.47     0.079
     151.50     0.122
     152.53    -0.043
     153.56     0.033
     154.59    -0.049
     155.62    -0.024
     156.65     0.046
     157.68    -0.041
     158.71     0.037
     159.74    -0.018
     160.77    -0.027
     161.80    -0.043
     162.83    -0.015
     163.86     0.041
     164.90    -0.018
     165.93     0.054
     166.96    -0.077
     167.99     0.063
     169.02    -0.028
     170.05    -0.048
     171.08     0.066
     172.11    -0.047
     173.14    -0.016
     174.17     0.091
     175.20     0.136
     176.23    -0.094
     177.26    -0.023
     178.29    -0.136
     179.32     0.009
     180.35     0.055
     181.38     0.014
     182.42    -0.017
     183.45    -0.220
     184.48     0.155
     185.51     0.136
     186.54    -0.158
     187.57     0.062
     188.60     0.024
     189.63     0.031
     190.66     0.028
     191.69     0.034
     192.72    -0.055
     193.75     0.098
     194.78    -0.011
     195.81     0.086
     196.84    -0.154
     197.87    -0.029
     198.90    -0.044
     199.94    -0.012
     200.97     0.120
     202.00     0.061
     203.03     0.085
     204.06     0.009
     205.09     0.074
     206.12     0.018
     207.15     0.027
     208.18     0.008
     209.21    -0.074
     210.24     0.037
     211.27     0.017
     212.30    -0.060
     213.33     0.064
     214.36    -0.102
     215.39     0.080
     216.42    -0.012
     217.46    -0.118
     218.49     0.156
     219.52     0.106
     220.55     0.105
     221.58     0.013
     222.61     0.032
     223.64    -0.020
     224.67     0.089
     225.70     0.005
     226.73     0.085
     227.76     0.003
     228.79    -0.031
     229.82    -0.048
     230.85     0.104
     231.88     0.079
     232.91    -0.011
     233.95    -0.125
     234.98    -0.030
     236.01     0.017
     237.04     0.093
     238.07     0.001
     239.10     0.022
     240.13     0.111
     241.16     0.005
     242.19     0.018
     243.22     0.071
     244.25    -0.042
     245.28     0.076
     246.31     0.060
     247.34    -0.135
     248.37     0.078
     249.40    -0.053
     250.43     0.067
     251.47    -0.022
     252.50    -0.039
     253.53    -0.033
     254.56    -0.045
     255.59     0.037
     256.62     0.081
     257.65    -0.076
     258.68     0.033
     259.71    -0.006
     260.74    -0.001
     261.77     0.169
     262.80    -0.085
     263.83    -0.153
     264.86    -0.020
     265.89     0.103
     266.92     0.044
     267.95     0.053
     268.99     0.038
     270.02     0.044
     271.05    -0.040
     272.08     0.087
     273.11    -0.027
     274.14    -0.020
     275.17     0.042
     276.20    -0.011
     277.23     0.042
     278.26     0.052
     279.29     0.088
     280.32     0.062
     281.35    -0.140
     282.38     0.013
     283.41    -0.083
     284.44    -0.057
     285.47    -0.087
     286.51    -0.076
     287.54     0.014
     288.57     0.067
     289.60     0.092
     290.63     0.116
     291.66     0.088
     292.69     0.042
     293.72     0.059
     294.75     0.130
     295.78    -0.010
     296.81    -0.038
     297.84    -0.001
     298.87    -0.070
     299.90     0.118
     300.93    -0.047
     301.96    -0.107
     302.99     0.050
     304.03     0.001
     305.06    -0.107
     306.09    -0.109
     307.12     0.078
     308.15    -0.126
     309.18     0.106
     310.21     0.086
     311.24     0.072
     312.27     0.050
     313.30     0.095
     314.33    -0.074
     315.36     0.071
     316.39     0.007
     317.42     0.009
     318.45     0.083
     319.48    -0.090
     320.52     0.118
     321.55    -0.146
     322.58    -0.084
     323.61     0.117
     324.64    -0.073
     325.67    -0.036
     326.70     0.050
     327.73    -0.056
     328.76     0.007
     329.79     0.089
     330.82    -0.076
     331.85     0.080
     332.88     0.058
     333.91     0.016
     334.94     0.025
     335.97    -0.038
     337.00    -0.126
     338.04    -0.056
     339.07     0.071
     340.10     0.116
     341.13    -0.179
     342.16    -0.060
     343.19    -0.098
     344.22    -0.044
     345.25     0.023
     346.28     0.046
     347.31     0.077
     348.34    -0.060
     349.37    -0.093
     350.40    -0.030
     351.43     0.079
     352.46    -0.069
     353.49    -0.070
     354.52    -0.020
     355.56    -0.036
     356.59     0.144
     357.62    -0.093
     358.65    -0.135
     359.68    -0.078
     360.71    -0.197
     361.74    -0.070
     362.77     0.029
     363.80     0.055
     364.83     0.043
     365.86    -0.081
     366.89    -0.016
     367.92     0.065
     368.95     0.057
     369.98    -0.009
     371.01    -0.099
     372.04    -0.063
     373.08     0.071
     374.11     0.000
     375.14     0.033
     376.17    -0.087
     377.20     0.175
     378.23     0.004
     379.26     0.047
     380.29    -0.172
     381.32    -0.026
     382.35    -0.080
     383.38    -0.017
     384.41     0.008
     385.44    -0.048
     386.47    -0.089
     387.50    -0.165
     388.53    -0.106
     389.57    -0.089
     390.60    -0.123
     391.63    -0.126
     392.66    -0.114
     393.69     0.068
     394.72    -0.025
     395.75    -0.136
     396.78    -0.179
     397.81    -0.098
     398.84    -0.093
     399.87     0.001
