%%   70.00000 -20.00000    0   0.20000
% LAB  survey ------------------
% wanted position:  l, b, RA, DEC, and interpolated  NH
% 70.00 ; -20.00 ; 319.74 ;  20.37 ;  0.670E+21
% nearest position: l, b, RA, DEC, and observed NH
% 70.00 ; -20.00 ; 319.74 ;  20.37 ;  0.670E+21
% GASS III survey --------------
% NH - median within 6 arcmin radius   0.00    
% NH - mean within specified beam      0.00    
% EBHIS survey -----------------
% NH  within specified beam           0.661E+21
%%EBHIS   621  datapoints: v_lsr [km/s] and T_B [K]
    -399.25     0.104
    -397.96     0.132
    -396.68     0.106
    -395.39     0.016
    -394.10    -0.018
    -392.81     0.067
    -391.52    -0.005
    -390.23     0.031
    -388.95     0.042
    -387.66     0.135
    -386.37    -0.020
    -385.08    -0.216
    -383.79    -0.103
    -382.50     0.053
    -381.22    -0.021
    -379.93     0.110
    -378.64    -0.087
    -377.35     0.012
    -376.06    -0.007
    -374.78     0.078
    -373.49    -0.025
    -372.20    -0.036
    -370.91     0.003
    -369.62     0.057
    -368.33     0.027
    -367.05     0.053
    -365.76     0.089
    -364.47     0.095
    -363.18     0.045
    -361.89    -0.101
    -360.60    -0.079
    -359.32    -0.036
    -358.03     0.108
    -356.74    -0.055
    -355.45     0.037
    -354.16     0.021
    -352.88     0.053
    -351.59    -0.000
    -350.30    -0.015
    -349.01    -0.014
    -347.72    -0.086
    -346.43    -0.024
    -345.15    -0.059
    -343.86    -0.035
    -342.57    -0.068
    -341.28    -0.008
    -339.99    -0.028
    -338.70    -0.031
    -337.42     0.098
    -336.13    -0.008
    -334.84     0.058
    -333.55    -0.056
    -332.26     0.021
    -330.98     0.000
    -329.69     0.006
    -328.40     0.011
    -327.11    -0.014
    -325.82     0.029
    -324.53     0.026
    -323.25     0.009
    -321.96     0.039
    -320.67     0.001
    -319.38     0.024
    -318.09    -0.104
    -316.80    -0.033
    -315.52    -0.027
    -314.23     0.042
    -312.94     0.075
    -311.65     0.074
    -310.36     0.082
    -309.08     0.023
    -307.79     0.052
    -306.50     0.012
    -305.21    -0.102
    -303.92    -0.054
    -302.63     0.074
    -301.35     0.046
    -300.06    -0.079
    -298.77    -0.009
    -297.48    -0.103
    -296.19    -0.067
    -294.90     0.009
    -293.62     0.023
    -292.33     0.047
    -291.04     0.024
    -289.75     0.005
    -288.46    -0.031
    -287.18    -0.108
    -285.89     0.020
    -284.60     0.073
    -283.31    -0.042
    -282.02    -0.113
    -280.73    -0.046
    -279.45     0.047
    -278.16     0.068
    -276.87     0.074
    -275.58     0.064
    -274.29     0.053
    -273.00    -0.070
    -271.72    -0.050
    -270.43    -0.036
    -269.14     0.019
    -267.85     0.050
    -266.56     0.037
    -265.28     0.035
    -263.99    -0.071
    -262.70    -0.072
    -261.41    -0.120
    -260.12    -0.090
    -258.83    -0.010
    -257.55     0.022
    -256.26     0.072
    -254.97     0.021
    -253.68     0.071
    -252.39     0.017
    -251.10    -0.051
    -249.82     0.075
    -248.53     0.081
    -247.24     0.019
    -245.95     0.052
    -244.66    -0.035
    -243.38    -0.019
    -242.09     0.001
    -240.80    -0.046
    -239.51     0.045
    -238.22    -0.034
    -236.93    -0.045
    -235.65    -0.077
    -234.36    -0.070
    -233.07     0.045
    -231.78     0.145
    -230.49     0.040
    -229.20     0.010
    -227.92     0.068
    -226.63     0.042
    -225.34    -0.043
    -224.05     0.116
    -222.76     0.008
    -221.48    -0.133
    -220.19    -0.020
    -218.90     0.072
    -217.61     0.037
    -216.32    -0.024
    -215.03     0.060
    -213.75     0.031
    -212.46    -0.072
    -211.17     0.038
    -209.88     0.066
    -208.59     0.025
    -207.30    -0.042
    -206.02     0.032
    -204.73    -0.074
    -203.44     0.060
    -202.15     0.019
    -200.86     0.005
    -199.58     0.005
    -198.29    -0.011
    -197.00     0.089
    -195.71     0.001
    -194.42    -0.041
    -193.13    -0.019
    -191.85     0.028
    -190.56    -0.001
    -189.27    -0.075
    -187.98     0.055
    -186.69     0.007
    -185.40    -0.077
    -184.12     0.068
    -182.83     0.053
    -181.54    -0.003
    -180.25     0.007
    -178.96     0.027
    -177.68     0.014
    -176.39     0.007
    -175.10     0.026
    -173.81     0.005
    -172.52    -0.076
    -171.23     0.018
    -169.95     0.097
    -168.66    -0.048
    -167.37    -0.024
    -166.08    -0.019
    -164.79    -0.006
    -163.50    -0.004
    -162.22    -0.056
    -160.93    -0.016
    -159.64    -0.021
    -158.35     0.031
    -157.06    -0.119
    -155.78    -0.132
    -154.49     0.031
    -153.20    -0.003
    -151.91     0.040
    -150.62    -0.055
    -149.33    -0.106
    -148.05    -0.077
    -146.76    -0.031
    -145.47    -0.016
    -144.18    -0.094
    -142.89    -0.001
    -141.60    -0.021
    -140.32    -0.002
    -139.03     0.040
    -137.74     0.084
    -136.45     0.036
    -135.16     0.015
    -133.88     0.060
    -132.59     0.044
    -131.30     0.019
    -130.01     0.070
    -128.72     0.034
    -127.43     0.087
    -126.15     0.106
    -124.86     0.040
    -123.57     0.096
    -122.28     0.021
    -120.99     0.037
    -119.70    -0.125
    -118.42    -0.133
    -117.13    -0.066
    -115.84    -0.059
    -114.55     0.034
    -113.26     0.043
    -111.98     0.028
    -110.69    -0.040
    -109.40     0.011
    -108.11    -0.038
    -106.82     0.049
    -105.53     0.015
    -104.25     0.013
    -102.96    -0.050
    -101.67    -0.042
    -100.38    -0.080
     -99.09    -0.135
     -97.80     0.001
     -96.52     0.006
     -95.23     0.076
     -93.94     0.045
     -92.65     0.018
     -91.36    -0.009
     -90.08     0.068
     -88.79     0.039
     -87.50    -0.022
     -86.21    -0.113
     -84.92    -0.048
     -83.63     0.012
     -82.35     0.011
     -81.06     0.021
     -79.77    -0.021
     -78.48    -0.003
     -77.19     0.117
     -75.90     0.128
     -74.62     0.016
     -73.33     0.068
     -72.04     0.060
     -70.75     0.144
     -69.46     0.053
     -68.18     0.136
     -66.89     0.073
     -65.60     0.113
     -64.31     0.152
     -63.02     0.145
     -61.73     0.025
     -60.45     0.178
     -59.16     0.183
     -57.87     0.135
     -56.58     0.058
     -55.29     0.127
     -54.00     0.192
     -52.72    -0.012
     -51.43     0.105
     -50.14     0.151
     -48.85     0.097
     -47.56     0.097
     -46.28     0.080
     -44.99     0.023
     -43.70     0.097
     -42.41     0.136
     -41.12     0.126
     -39.83     0.225
     -38.55     0.154
     -37.26     0.130
     -35.97     0.125
     -34.68     0.126
     -33.39     0.135
     -32.10     0.224
     -30.82     0.231
     -29.53     0.221
     -28.24     0.211
     -26.95     0.378
     -25.66     0.453
     -24.38     0.519
     -23.09     0.643
     -21.80     0.765
     -20.51     0.660
     -19.22     0.848
     -17.93     0.904
     -16.65     0.928
     -15.36     1.104
     -14.07     1.288
     -12.78     1.577
     -11.49     1.894
     -10.20     2.224
      -8.92     2.819
      -7.63     3.798
      -6.34     5.458
      -5.05     7.414
      -3.76     8.485
      -2.48     9.267
      -1.19    10.982
       0.10    14.216
       1.39    19.571
       2.68    23.233
       3.97    19.475
       5.25    14.242
       6.54    12.353
       7.83    12.614
       9.12    12.664
      10.41    11.426
      11.70     9.205
      12.98     7.471
      14.27     6.419
      15.56     5.700
      16.85     5.462
      18.14     4.738
      19.42     4.242
      20.71     3.712
      22.00     3.324
      23.29     2.895
      24.58     2.546
      25.87     2.262
      27.15     1.922
      28.44     1.801
      29.73     1.564
      31.02     1.495
      32.31     1.525
      33.60     1.368
      34.88     1.268
      36.17     1.162
      37.46     0.882
      38.75     0.627
      40.04     0.493
      41.32     0.404
      42.61     0.251
      43.90     0.102
      45.19     0.113
      46.48     0.107
      47.77     0.139
      49.05     0.051
      50.34     0.139
      51.63     0.034
      52.92    -0.032
      54.21    -0.012
      55.50    -0.069
      56.78     0.066
      58.07     0.110
      59.36    -0.024
      60.65     0.031
      61.94    -0.025
      63.22     0.010
      64.51    -0.006
      65.80    -0.050
      67.09     0.010
      68.38     0.077
      69.67     0.008
      70.95     0.065
      72.24    -0.062
      73.53    -0.004
      74.82    -0.072
      76.11    -0.023
      77.40    -0.016
      78.68     0.029
      79.97     0.058
      81.26    -0.001
      82.55     0.020
      83.84    -0.037
      85.12    -0.010
      86.41     0.039
      87.70     0.002
      88.99    -0.000
      90.28     0.056
      91.57     0.049
      92.85    -0.061
      94.14    -0.111
      95.43     0.009
      96.72     0.086
      98.01    -0.097
      99.30    -0.030
     100.58    -0.062
     101.87    -0.075
     103.16    -0.095
     104.45    -0.054
     105.74    -0.025
     107.02    -0.011
     108.31    -0.123
     109.60    -0.036
     110.89     0.096
     112.18    -0.045
     113.47    -0.016
     114.75     0.023
     116.04     0.028
     117.33    -0.001
     118.62     0.041
     119.91     0.013
     121.20     0.035
     122.48    -0.056
     123.77     0.069
     125.06     0.093
     126.35     0.008
     127.64    -0.012
     128.92     0.058
     130.21     0.075
     131.50     0.083
     132.79     0.058
     134.08     0.020
     135.37    -0.034
     136.65    -0.045
     137.94     0.067
     139.23     0.034
     140.52     0.001
     141.81    -0.114
     143.09     0.061
     144.38    -0.001
     145.67     0.053
     146.96     0.059
     148.25    -0.003
     149.54    -0.005
     150.82    -0.064
     152.11    -0.059
     153.40     0.004
     154.69     0.060
     155.98     0.155
     157.27     0.046
     158.55    -0.020
     159.84    -0.034
     161.13    -0.013
     162.42    -0.069
     163.71     0.016
     164.99     0.022
     166.28    -0.050
     167.57     0.055
     168.86     0.075
     170.15    -0.008
     171.44    -0.094
     172.72    -0.114
     174.01     0.010
     175.30     0.023
     176.59    -0.026
     177.88     0.006
     179.17    -0.011
     180.45    -0.035
     181.74    -0.014
     183.03     0.055
     184.32     0.019
     185.61     0.060
     186.89     0.036
     188.18     0.102
     189.47     0.076
     190.76     0.020
     192.05    -0.063
     193.34     0.009
     194.62    -0.071
     195.91    -0.029
     197.20     0.082
     198.49     0.111
     199.78     0.021
     201.07     0.121
     202.35     0.062
     203.64    -0.064
     204.93    -0.057
     206.22    -0.087
     207.51     0.001
     208.79     0.151
     210.08     0.093
     211.37     0.056
     212.66    -0.020
     213.95    -0.002
     215.24     0.012
     216.52     0.056
     217.81     0.061
     219.10     0.059
     220.39    -0.023
     221.68    -0.072
     222.97     0.090
     224.25     0.089
     225.54    -0.080
     226.83    -0.056
     228.12     0.035
     229.41    -0.018
     230.69    -0.055
     231.98    -0.015
     233.27    -0.058
     234.56    -0.034
     235.85     0.011
     237.14     0.035
     238.42    -0.049
     239.71     0.004
     241.00     0.003
     242.29    -0.025
     243.58     0.061
     244.87    -0.045
     246.15     0.064
     247.44     0.051
     248.73     0.042
     250.02    -0.020
     251.31     0.007
     252.59    -0.035
     253.88     0.090
     255.17     0.026
     256.46    -0.118
     257.75     0.030
     259.04    -0.066
     260.32     0.078
     261.61    -0.037
     262.90    -0.042
     264.19    -0.030
     265.48     0.119
     266.77     0.000
     268.05    -0.021
     269.34     0.017
     270.63     0.025
     271.92    -0.051
     273.21     0.012
     274.49     0.005
     275.78    -0.080
     277.07     0.028
     278.36     0.018
     279.65    -0.055
     280.94    -0.018
     282.22     0.047
     283.51    -0.026
     284.80     0.015
     286.09    -0.049
     287.38     0.029
     288.67     0.001
     289.95     0.058
     291.24     0.027
     292.53    -0.016
     293.82     0.015
     295.11    -0.044
     296.39    -0.065
     297.68    -0.012
     298.97     0.045
     300.26     0.069
     301.55    -0.026
     302.84     0.013
     304.12    -0.174
     305.41    -0.151
     306.70    -0.035
     307.99     0.011
     309.28     0.065
     310.57     0.081
     311.85    -0.045
     313.14    -0.040
     314.43     0.006
     315.72     0.005
     317.01     0.020
     318.29    -0.071
     319.58    -0.049
     320.87     0.022
     322.16     0.094
     323.45     0.069
     324.74     0.072
     326.02     0.053
     327.31    -0.026
     328.60    -0.085
     329.89    -0.008
     331.18    -0.147
     332.47    -0.032
     333.75    -0.041
     335.04    -0.024
     336.33    -0.008
     337.62    -0.012
     338.91     0.051
     340.19    -0.018
     341.48     0.017
     342.77     0.074
     344.06     0.002
     345.35     0.018
     346.64     0.045
     347.92    -0.055
     349.21    -0.083
     350.50    -0.028
     351.79     0.027
     353.08     0.013
     354.37     0.016
     355.65     0.016
     356.94     0.020
     358.23    -0.023
     359.52     0.025
     360.81    -0.008
     362.09    -0.005
     363.38     0.057
     364.67     0.065
     365.96     0.026
     367.25     0.053
     368.54    -0.022
     369.82    -0.070
     371.11    -0.071
     372.40     0.028
     373.69     0.015
     374.98     0.043
     376.27    -0.056
     377.55    -0.024
     378.84    -0.083
     380.13    -0.103
     381.42    -0.020
     382.71     0.011
     383.99     0.030
     385.28    -0.010
     386.57    -0.039
     387.86    -0.045
     389.15     0.028
     390.44     0.011
     391.72    -0.048
     393.01     0.038
     394.30     0.043
     395.59     0.034
     396.88    -0.004
     398.17    -0.024
     399.45    -0.018
%%GASS      0  datapoints: v_lsr [km/s] and T_B [K]
%%LAB     777  datapoints: v_lsr [km/s] and T_B [K]
    -399.87     0.067
    -398.84    -0.001
    -397.81    -0.070
    -396.78     0.069
    -395.75    -0.134
    -394.72    -0.000
    -393.68     0.004
    -392.65    -0.123
    -391.62     0.042
    -390.59     0.007
    -389.56     0.073
    -388.53    -0.065
    -387.50    -0.020
    -386.47    -0.095
    -385.44    -0.001
    -384.41    -0.061
    -383.38    -0.140
    -382.35    -0.034
    -381.32    -0.006
    -380.29     0.128
    -379.26     0.038
    -378.23     0.018
    -377.20     0.040
    -376.16     0.075
    -375.13     0.026
    -374.10    -0.010
    -373.07     0.081
    -372.04     0.005
    -371.01    -0.124
    -369.98     0.030
    -368.95     0.093
    -367.92    -0.061
    -366.89    -0.078
    -365.86     0.162
    -364.83     0.008
    -363.80     0.076
    -362.77     0.058
    -361.74     0.197
    -360.71    -0.023
    -359.68    -0.162
    -358.64     0.144
    -357.61    -0.098
    -356.58     0.099
    -355.55     0.111
    -354.52     0.025
    -353.49    -0.032
    -352.46     0.146
    -351.43    -0.014
    -350.40     0.018
    -349.37    -0.187
    -348.34    -0.075
    -347.31    -0.047
    -346.28     0.032
    -345.25    -0.072
    -344.22     0.042
    -343.19    -0.001
    -342.16    -0.232
    -341.12    -0.026
    -340.09     0.062
    -339.06     0.087
    -338.03     0.098
    -337.00    -0.059
    -335.97    -0.017
    -334.94     0.079
    -333.91    -0.178
    -332.88    -0.074
    -331.85     0.074
    -330.82    -0.157
    -329.79     0.068
    -328.76     0.085
    -327.73    -0.125
    -326.70    -0.097
    -325.67     0.227
    -324.64     0.126
    -323.60    -0.018
    -322.57     0.025
    -321.54     0.044
    -320.51     0.047
    -319.48    -0.014
    -318.45     0.051
    -317.42     0.087
    -316.39     0.053
    -315.36     0.036
    -314.33    -0.077
    -313.30     0.110
    -312.27     0.062
    -311.24     0.055
    -310.21    -0.015
    -309.18    -0.123
    -308.15    -0.016
    -307.12    -0.030
    -306.08     0.122
    -305.05    -0.040
    -304.02    -0.018
    -302.99    -0.068
    -301.96     0.041
    -300.93     0.033
    -299.90     0.070
    -298.87     0.150
    -297.84    -0.102
    -296.81    -0.022
    -295.78     0.071
    -294.75     0.184
    -293.72    -0.060
    -292.69     0.052
    -291.66     0.012
    -290.63    -0.068
    -289.60     0.168
    -288.56     0.158
    -287.53    -0.073
    -286.50     0.199
    -285.47    -0.121
    -284.44     0.121
    -283.41    -0.152
    -282.38     0.073
    -281.35     0.023
    -280.32     0.024
    -279.29    -0.157
    -278.26    -0.024
    -277.23    -0.117
    -276.20     0.142
    -275.17     0.032
    -274.14     0.177
    -273.11     0.155
    -272.08    -0.070
    -271.04    -0.027
    -270.01    -0.005
    -268.98     0.009
    -267.95    -0.058
    -266.92    -0.082
    -265.89     0.051
    -264.86    -0.171
    -263.83    -0.028
    -262.80    -0.074
    -261.77     0.074
    -260.74    -0.018
    -259.71    -0.068
    -258.68    -0.162
    -257.65     0.028
    -256.62    -0.009
    -255.59     0.055
    -254.56    -0.142
    -253.52     0.072
    -252.49    -0.043
    -251.46    -0.077
    -250.43     0.057
    -249.40    -0.083
    -248.37     0.050
    -247.34     0.076
    -246.31     0.159
    -245.28     0.059
    -244.25    -0.135
    -243.22    -0.036
    -242.19    -0.064
    -241.16     0.231
    -240.13     0.096
    -239.10     0.048
    -238.07     0.134
    -237.04     0.017
    -236.00    -0.035
    -234.97     0.078
    -233.94     0.011
    -232.91    -0.096
    -231.88    -0.004
    -230.85     0.043
    -229.82    -0.178
    -228.79    -0.014
    -227.76    -0.111
    -226.73     0.041
    -225.70    -0.022
    -224.67    -0.155
    -223.64    -0.011
    -222.61    -0.029
    -221.58    -0.001
    -220.55    -0.021
    -219.52    -0.201
    -218.48    -0.112
    -217.45    -0.013
    -216.42     0.019
    -215.39    -0.017
    -214.36     0.210
    -213.33    -0.189
    -212.30    -0.153
    -211.27     0.079
    -210.24     0.029
    -209.21    -0.023
    -208.18    -0.111
    -207.15    -0.029
    -206.12    -0.022
    -205.09    -0.081
    -204.06    -0.013
    -203.03    -0.061
    -202.00    -0.133
    -200.96    -0.043
    -199.93     0.158
    -198.90     0.068
    -197.87    -0.039
    -196.84    -0.015
    -195.81    -0.104
    -194.78     0.059
    -193.75    -0.025
    -192.72    -0.056
    -191.69    -0.067
    -190.66    -0.118
    -189.63     0.025
    -188.60     0.167
    -187.57     0.082
    -186.54     0.064
    -185.51    -0.072
    -184.48     0.014
    -183.44     0.086
    -182.41    -0.053
    -181.38     0.107
    -180.35    -0.081
    -179.32     0.120
    -178.29    -0.017
    -177.26    -0.130
    -176.23     0.112
    -175.20     0.099
    -174.17    -0.126
    -173.14    -0.026
    -172.11     0.056
    -171.08     0.182
    -170.05    -0.210
    -169.02    -0.075
    -167.99     0.021
    -166.96    -0.071
    -165.92    -0.015
    -164.89     0.054
    -163.86    -0.119
    -162.83    -0.078
    -161.80     0.035
    -160.77    -0.076
    -159.74    -0.187
    -158.71     0.087
    -157.68     0.052
    -156.65    -0.085
    -155.62    -0.091
    -154.59     0.101
    -153.56    -0.087
    -152.53    -0.031
    -151.50    -0.128
    -150.47     0.044
    -149.44    -0.055
    -148.40     0.096
    -147.37     0.050
    -146.34     0.112
    -145.31    -0.084
    -144.28     0.125
    -143.25     0.014
    -142.22     0.024
    -141.19     0.009
    -140.16    -0.004
    -139.13     0.040
    -138.10    -0.048
    -137.07     0.024
    -136.04    -0.067
    -135.01    -0.003
    -133.98    -0.012
    -132.95    -0.024
    -131.92    -0.029
    -130.88     0.031
    -129.85     0.039
    -128.82     0.189
    -127.79    -0.037
    -126.76     0.019
    -125.73    -0.024
    -124.70    -0.116
    -123.67     0.057
    -122.64     0.053
    -121.61     0.120
    -120.58     0.113
    -119.55     0.121
    -118.52     0.031
    -117.49     0.016
    -116.46     0.004
    -115.43     0.105
    -114.40    -0.017
    -113.36     0.034
    -112.33     0.089
    -111.30     0.003
    -110.27     0.068
    -109.24    -0.022
    -108.21     0.009
    -107.18     0.217
    -106.15     0.062
    -105.12    -0.034
    -104.09    -0.150
    -103.06     0.008
    -102.03     0.047
    -101.00     0.006
     -99.97    -0.017
     -98.94     0.116
     -97.91     0.002
     -96.88     0.114
     -95.84     0.063
     -94.81     0.031
     -93.78    -0.081
     -92.75    -0.005
     -91.72     0.066
     -90.69     0.183
     -89.66    -0.117
     -88.63     0.194
     -87.60     0.107
     -86.57     0.025
     -85.54     0.003
     -84.51    -0.048
     -83.48     0.069
     -82.45     0.000
     -81.42     0.050
     -80.39    -0.009
     -79.36     0.105
     -78.32     0.208
     -77.29     0.012
     -76.26     0.098
     -75.23    -0.025
     -74.20     0.031
     -73.17    -0.003
     -72.14     0.025
     -71.11     0.100
     -70.08     0.026
     -69.05    -0.010
     -68.02     0.096
     -66.99     0.110
     -65.96     0.098
     -64.93     0.281
     -63.90     0.119
     -62.87     0.169
     -61.84     0.221
     -60.80     0.097
     -59.77     0.026
     -58.74     0.104
     -57.71     0.028
     -56.68     0.017
     -55.65     0.236
     -54.62     0.191
     -53.59     0.023
     -52.56     0.018
     -51.53     0.073
     -50.50     0.188
     -49.47     0.292
     -48.44     0.096
     -47.41     0.083
     -46.38     0.225
     -45.35     0.125
     -44.32     0.289
     -43.28     0.306
     -42.25     0.192
     -41.22     0.226
     -40.19     0.360
     -39.16     0.275
     -38.13     0.277
     -37.10     0.158
     -36.07     0.289
     -35.04     0.483
     -34.01     0.291
     -32.98     0.352
     -31.95     0.195
     -30.92     0.290
     -29.89     0.297
     -28.86     0.550
     -27.83     0.488
     -26.80     0.694
     -25.76     0.587
     -24.73     0.445
     -23.70     0.606
     -22.67     0.766
     -21.64     0.792
     -20.61     0.679
     -19.58     0.681
     -18.55     0.951
     -17.52     1.107
     -16.49     1.003
     -15.46     1.256
     -14.43     1.199
     -13.40     1.461
     -12.37     1.739
     -11.34     2.081
     -10.31     2.402
      -9.28     2.651
      -8.24     3.010
      -7.21     3.523
      -6.18     4.934
      -5.15     6.442
      -4.12     7.570
      -3.09     8.451
      -2.06     9.616
      -1.03    11.222
       0.00    12.907
       1.03    15.788
       2.06    20.757
       3.09    23.040
       4.12    21.058
       5.15    17.397
       6.18    14.683
       7.21    12.771
       8.24    12.463
       9.28    12.004
      10.31    11.151
      11.34     9.753
      12.37     8.450
      13.40     7.440
      14.43     6.634
      15.46     5.862
      16.49     5.520
      17.52     4.957
      18.55     4.780
      19.58     4.241
      20.61     3.947
      21.64     3.576
      22.67     3.429
      23.70     2.892
      24.73     2.481
      25.76     2.400
      26.80     2.146
      27.83     2.038
      28.86     1.919
      29.89     1.722
      30.92     1.551
      31.95     1.426
      32.98     1.295
      34.01     1.104
      35.04     0.903
      36.07     0.918
      37.10     0.773
      38.13     0.485
      39.16     0.407
      40.19     0.296
      41.22     0.370
      42.25     0.385
      43.28     0.160
      44.32     0.310
      45.35     0.300
      46.38    -0.052
      47.41     0.091
      48.44     0.127
      49.47     0.101
      50.50     0.148
      51.53     0.117
      52.56     0.036
      53.59     0.176
      54.62     0.022
      55.65     0.196
      56.68     0.065
      57.71     0.108
      58.74    -0.072
      59.77    -0.050
      60.80    -0.069
      61.84     0.188
      62.87    -0.056
      63.90     0.090
      64.93     0.032
      65.96     0.061
      66.99     0.071
      68.02     0.088
      69.05    -0.120
      70.08    -0.022
      71.11     0.004
      72.14    -0.054
      73.17     0.035
      74.20    -0.059
      75.23    -0.136
      76.26     0.162
      77.29     0.089
      78.32     0.080
      79.36    -0.045
      80.39     0.048
      81.42    -0.148
      82.45    -0.140
      83.48     0.188
      84.51     0.153
      85.54    -0.014
      86.57    -0.069
      87.60    -0.115
      88.63     0.092
      89.66     0.021
      90.69     0.010
      91.72    -0.069
      92.75     0.026
      93.78     0.194
      94.81    -0.016
      95.84     0.053
      96.88     0.173
      97.91     0.013
      98.94    -0.151
      99.97     0.021
     101.00     0.080
     102.03     0.003
     103.06    -0.012
     104.09     0.171
     105.12    -0.027
     106.15     0.203
     107.18    -0.105
     108.21    -0.074
     109.24    -0.037
     110.27    -0.168
     111.30    -0.090
     112.33    -0.004
     113.36     0.101
     114.40    -0.196
     115.43    -0.099
     116.46     0.122
     117.49     0.011
     118.52    -0.000
     119.55     0.027
     120.58    -0.091
     121.61     0.035
     122.64     0.024
     123.67    -0.062
     124.70    -0.091
     125.73    -0.046
     126.76     0.011
     127.79    -0.031
     128.82     0.021
     129.85     0.186
     130.88     0.083
     131.92     0.129
     132.95    -0.020
     133.98    -0.064
     135.01    -0.106
     136.04     0.020
     137.07     0.031
     138.10     0.000
     139.13     0.080
     140.16    -0.062
     141.19     0.015
     142.22     0.010
     143.25    -0.016
     144.28     0.006
     145.31    -0.005
     146.34     0.087
     147.37    -0.013
     148.40     0.068
     149.44     0.080
     150.47     0.140
     151.50    -0.007
     152.53    -0.140
     153.56    -0.052
     154.59     0.016
     155.62    -0.126
     156.65     0.045
     157.68    -0.121
     158.71     0.052
     159.74     0.077
     160.77     0.007
     161.80    -0.086
     162.83     0.121
     163.86     0.103
     164.89     0.131
     165.92    -0.032
     166.96     0.081
     167.99     0.081
     169.02    -0.013
     170.05     0.074
     171.08     0.010
     172.11    -0.070
     173.14     0.070
     174.17    -0.045
     175.20     0.015
     176.23     0.011
     177.26     0.032
     178.29     0.101
     179.32     0.091
     180.35    -0.013
     181.38    -0.107
     182.41    -0.102
     183.44     0.030
     184.48     0.017
     185.51    -0.060
     186.54    -0.044
     187.57    -0.094
     188.60     0.067
     189.63     0.034
     190.66    -0.118
     191.69    -0.003
     192.72     0.023
     193.75     0.091
     194.78    -0.060
     195.81    -0.066
     196.84    -0.012
     197.87     0.105
     198.90    -0.074
     199.93     0.090
     200.96    -0.006
     202.00     0.062
     203.03    -0.071
     204.06    -0.125
     205.09     0.014
     206.12     0.117
     207.15     0.052
     208.18    -0.068
     209.21     0.310
     210.24     0.021
     211.27    -0.034
     212.30     0.077
     213.33     0.026
     214.36     0.119
     215.39    -0.086
     216.42     0.024
     217.45     0.029
     218.48     0.067
     219.52     0.049
     220.55    -0.003
     221.58    -0.045
     222.61    -0.114
     223.64    -0.093
     224.67     0.148
     225.70    -0.116
     226.73     0.006
     227.76     0.124
     228.79     0.180
     229.82    -0.017
     230.85    -0.078
     231.88     0.162
     232.91     0.155
     233.94    -0.078
     234.97    -0.154
     236.00     0.052
     237.04    -0.053
     238.07    -0.117
     239.10    -0.155
     240.13     0.010
     241.16    -0.018
     242.19     0.096
     243.22    -0.052
     244.25     0.070
     245.28    -0.067
     246.31    -0.073
     247.34     0.071
     248.37     0.058
     249.40     0.028
     250.43     0.128
     251.46     0.042
     252.49     0.016
     253.52     0.017
     254.56     0.085
     255.59     0.180
     256.62    -0.146
     257.65     0.024
     258.68    -0.075
     259.71     0.047
     260.74    -0.153
     261.77    -0.082
     262.80     0.067
     263.83    -0.016
     264.86     0.024
     265.89     0.061
     266.92    -0.106
     267.95    -0.111
     268.98    -0.040
     270.01     0.000
     271.04    -0.001
     272.08     0.064
     273.11    -0.110
     274.14     0.050
     275.17     0.025
     276.20     0.209
     277.23    -0.089
     278.26     0.076
     279.29    -0.054
     280.32    -0.116
     281.35     0.068
     282.38    -0.064
     283.41    -0.046
     284.44     0.002
     285.47    -0.051
     286.50     0.120
     287.53     0.107
     288.56     0.086
     289.60    -0.033
     290.63     0.026
     291.66    -0.216
     292.69    -0.005
     293.72    -0.074
     294.75     0.254
     295.78    -0.063
     296.81     0.066
     297.84    -0.067
     298.87    -0.031
     299.90    -0.109
     300.93    -0.120
     301.96     0.087
     302.99     0.087
     304.02     0.099
     305.05    -0.029
     306.08     0.022
     307.12    -0.097
     308.15    -0.015
     309.18     0.003
     310.21     0.119
     311.24    -0.043
     312.27    -0.063
     313.30     0.057
     314.33    -0.007
     315.36     0.110
     316.39    -0.142
     317.42    -0.043
     318.45    -0.029
     319.48    -0.028
     320.51     0.024
     321.54    -0.035
     322.57    -0.220
     323.60     0.009
     324.64    -0.040
     325.67    -0.021
     326.70    -0.116
     327.73     0.154
     328.76    -0.064
     329.79    -0.115
     330.82    -0.139
     331.85     0.088
     332.88     0.016
     333.91    -0.019
     334.94    -0.063
     335.97     0.069
     337.00    -0.013
     338.03     0.227
     339.06     0.006
     340.09    -0.003
     341.12    -0.080
     342.16     0.104
     343.19     0.044
     344.22     0.068
     345.25    -0.062
     346.28    -0.024
     347.31    -0.100
     348.34     0.027
     349.37     0.021
     350.40     0.214
     351.43    -0.103
     352.46     0.172
     353.49     0.121
     354.52    -0.082
     355.55    -0.079
     356.58    -0.014
     357.61    -0.166
     358.64    -0.119
     359.68     0.008
     360.71     0.068
     361.74     0.027
     362.77    -0.052
     363.80     0.012
     364.83    -0.029
     365.86     0.145
     366.89     0.114
     367.92     0.021
     368.95     0.008
     369.98    -0.017
     371.01    -0.011
     372.04     0.009
     373.07    -0.043
     374.10    -0.054
     375.13     0.079
     376.16    -0.114
     377.20     0.126
     378.23     0.029
     379.26    -0.076
     380.29    -0.077
     381.32    -0.124
     382.35    -0.128
     383.38    -0.072
     384.41    -0.076
     385.44    -0.009
     386.47    -0.052
     387.50    -0.040
     388.53    -0.146
     389.56     0.249
     390.59     0.025
     391.62     0.067
     392.65    -0.113
     393.68    -0.130
     394.72    -0.099
     395.75    -0.078
     396.78     0.074
     397.81     0.023
     398.84    -0.234
     399.87    -0.053
