%%   85.00000  12.50000    0   0.20000
% LAB  survey ------------------
% wanted position:  l, b, RA, DEC, and interpolated  NH
% 85.00 ;  12.50 ; 297.65 ;  51.63 ;  0.119E+22
% nearest position: l, b, RA, DEC, and observed NH
% 85.00 ;  12.50 ; 297.65 ;  51.63 ;  0.119E+22
% GASS III survey --------------
% NH - median within 6 arcmin radius   0.00    
% NH - mean within specified beam      0.00    
% EBHIS survey -----------------
% NH  within specified beam           0.126E+22
%%EBHIS   621  datapoints: v_lsr [km/s] and T_B [K]
    -399.25     0.084
    -397.96    -0.020
    -396.68    -0.012
    -395.39     0.068
    -394.10     0.041
    -392.81     0.079
    -391.52     0.142
    -390.23     0.061
    -388.95    -0.073
    -387.66    -0.011
    -386.37     0.003
    -385.08    -0.059
    -383.79    -0.033
    -382.50    -0.114
    -381.22    -0.037
    -379.93     0.100
    -378.64     0.029
    -377.35     0.079
    -376.06    -0.067
    -374.78     0.047
    -373.49     0.026
    -372.20    -0.118
    -370.91    -0.102
    -369.62    -0.181
    -368.33    -0.021
    -367.05    -0.010
    -365.76    -0.037
    -364.47     0.114
    -363.18     0.070
    -361.89     0.019
    -360.60    -0.068
    -359.32    -0.062
    -358.03    -0.085
    -356.74     0.011
    -355.45     0.083
    -354.16    -0.008
    -352.88     0.129
    -351.59    -0.050
    -350.30     0.029
    -349.01    -0.127
    -347.72    -0.113
    -346.43     0.004
    -345.15    -0.015
    -343.86     0.130
    -342.57     0.102
    -341.28     0.102
    -339.99     0.014
    -338.70     0.131
    -337.42     0.027
    -336.13     0.093
    -334.84    -0.012
    -333.55    -0.005
    -332.26     0.190
    -330.98     0.028
    -329.69    -0.074
    -328.40     0.023
    -327.11     0.009
    -325.82    -0.064
    -324.53     0.032
    -323.25     0.127
    -321.96     0.050
    -320.67     0.049
    -319.38    -0.025
    -318.09    -0.006
    -316.80     0.065
    -315.52     0.026
    -314.23    -0.076
    -312.94    -0.007
    -311.65    -0.077
    -310.36    -0.122
    -309.08    -0.028
    -307.79     0.020
    -306.50     0.146
    -305.21    -0.008
    -303.92    -0.015
    -302.63    -0.085
    -301.35     0.015
    -300.06    -0.039
    -298.77     0.059
    -297.48     0.113
    -296.19    -0.013
    -294.90     0.109
    -293.62    -0.022
    -292.33     0.049
    -291.04     0.014
    -289.75     0.148
    -288.46    -0.040
    -287.18     0.118
    -285.89    -0.017
    -284.60     0.037
    -283.31    -0.028
    -282.02     0.004
    -280.73     0.044
    -279.45     0.031
    -278.16     0.063
    -276.87    -0.029
    -275.58     0.086
    -274.29     0.132
    -273.00    -0.015
    -271.72     0.029
    -270.43    -0.039
    -269.14     0.094
    -267.85     0.013
    -266.56     0.057
    -265.28    -0.040
    -263.99    -0.058
    -262.70     0.008
    -261.41    -0.046
    -260.12    -0.139
    -258.83     0.034
    -257.55    -0.083
    -256.26    -0.081
    -254.97    -0.007
    -253.68    -0.028
    -252.39    -0.176
    -251.10    -0.018
    -249.82    -0.029
    -248.53     0.100
    -247.24    -0.016
    -245.95    -0.105
    -244.66     0.109
    -243.38    -0.062
    -242.09    -0.024
    -240.80    -0.081
    -239.51     0.112
    -238.22    -0.010
    -236.93     0.080
    -235.65     0.188
    -234.36    -0.035
    -233.07    -0.073
    -231.78    -0.006
    -230.49    -0.083
    -229.20    -0.038
    -227.92     0.043
    -226.63    -0.016
    -225.34     0.015
    -224.05     0.163
    -222.76    -0.036
    -221.48     0.019
    -220.19     0.051
    -218.90    -0.102
    -217.61    -0.031
    -216.32     0.026
    -215.03     0.057
    -213.75     0.107
    -212.46     0.066
    -211.17     0.080
    -209.88    -0.072
    -208.59    -0.038
    -207.30    -0.205
    -206.02    -0.140
    -204.73     0.028
    -203.44     0.074
    -202.15     0.082
    -200.86    -0.058
    -199.58     0.022
    -198.29    -0.037
    -197.00     0.058
    -195.71    -0.007
    -194.42    -0.101
    -193.13     0.158
    -191.85     0.079
    -190.56     0.002
    -189.27    -0.031
    -187.98     0.009
    -186.69     0.131
    -185.40     0.032
    -184.12    -0.038
    -182.83    -0.009
    -181.54    -0.036
    -180.25     0.003
    -178.96    -0.124
    -177.68    -0.203
    -176.39    -0.040
    -175.10     0.200
    -173.81     0.081
    -172.52     0.029
    -171.23     0.130
    -169.95    -0.062
    -168.66    -0.039
    -167.37    -0.168
    -166.08     0.007
    -164.79    -0.043
    -163.50     0.060
    -162.22    -0.091
    -160.93    -0.126
    -159.64    -0.036
    -158.35     0.065
    -157.06     0.075
    -155.78    -0.043
    -154.49    -0.067
    -153.20     0.003
    -151.91    -0.020
    -150.62     0.082
    -149.33     0.123
    -148.05     0.010
    -146.76     0.245
    -145.47     0.298
    -144.18     0.221
    -142.89     0.178
    -141.60     0.182
    -140.32     0.296
    -139.03     0.497
    -137.74     0.481
    -136.45     0.504
    -135.16     0.701
    -133.88     0.781
    -132.59     0.920
    -131.30     1.010
    -130.01     1.035
    -128.72     1.369
    -127.43     1.465
    -126.15     1.606
    -124.86     1.709
    -123.57     1.769
    -122.28     1.961
    -120.99     2.005
    -119.70     1.998
    -118.42     1.958
    -117.13     1.850
    -115.84     1.797
    -114.55     1.680
    -113.26     1.423
    -111.98     1.294
    -110.69     1.164
    -109.40     1.144
    -108.11     0.856
    -106.82     0.640
    -105.53     0.648
    -104.25     0.632
    -102.96     0.599
    -101.67     0.673
    -100.38     0.516
     -99.09     0.553
     -97.80     0.459
     -96.52     0.403
     -95.23     0.471
     -93.94     0.373
     -92.65     0.200
     -91.36     0.405
     -90.08     0.513
     -88.79     0.686
     -87.50     0.598
     -86.21     0.485
     -84.92     0.636
     -83.63     0.762
     -82.35     0.728
     -81.06     0.645
     -79.77     0.511
     -78.48     0.640
     -77.19     0.686
     -75.90     0.739
     -74.62     0.752
     -73.33     0.848
     -72.04     0.939
     -70.75     0.966
     -69.46     1.061
     -68.18     1.232
     -66.89     1.354
     -65.60     1.628
     -64.31     1.760
     -63.02     2.149
     -61.73     2.401
     -60.45     2.219
     -59.16     1.936
     -57.87     1.693
     -56.58     1.608
     -55.29     1.550
     -54.00     1.596
     -52.72     1.657
     -51.43     1.382
     -50.14     1.439
     -48.85     1.393
     -47.56     1.252
     -46.28     1.179
     -44.99     1.230
     -43.70     1.207
     -42.41     1.185
     -41.12     1.177
     -39.83     1.449
     -38.55     1.503
     -37.26     1.514
     -35.97     1.895
     -34.68     2.067
     -33.39     2.298
     -32.10     2.531
     -30.82     2.943
     -29.53     3.003
     -28.24     3.190
     -26.95     3.569
     -25.66     4.451
     -24.38     4.185
     -23.09     4.502
     -21.80     4.692
     -20.51     4.781
     -19.22     5.074
     -17.93     5.093
     -16.65     5.108
     -15.36     5.025
     -14.07     5.232
     -12.78     5.482
     -11.49     5.716
     -10.20     6.126
      -8.92     6.676
      -7.63     7.107
      -6.34     7.916
      -5.05    10.272
      -3.76    12.699
      -2.48    12.731
      -1.19    12.969
       0.10    14.082
       1.39    14.490
       2.68    17.034
       3.97    21.346
       5.25    22.655
       6.54    20.813
       7.83    18.487
       9.12    16.642
      10.41    15.477
      11.70    14.532
      12.98    14.542
      14.27    14.022
      15.56    13.250
      16.85    12.029
      18.14    10.470
      19.42     9.214
      20.71     7.926
      22.00     6.577
      23.29     5.066
      24.58     3.892
      25.87     2.922
      27.15     2.420
      28.44     1.776
      29.73     1.435
      31.02     1.143
      32.31     0.800
      33.60     0.542
      34.88     0.474
      36.17     0.400
      37.46     0.327
      38.75     0.268
      40.04     0.318
      41.32     0.234
      42.61     0.234
      43.90     0.393
      45.19     0.191
      46.48     0.146
      47.77     0.232
      49.05     0.274
      50.34     0.185
      51.63     0.016
      52.92     0.004
      54.21     0.067
      55.50     0.012
      56.78    -0.082
      58.07    -0.127
      59.36     0.004
      60.65    -0.014
      61.94    -0.005
      63.22     0.091
      64.51    -0.080
      65.80    -0.021
      67.09    -0.011
      68.38     0.007
      69.67     0.085
      70.95     0.143
      72.24     0.058
      73.53     0.020
      74.82     0.173
      76.11    -0.066
      77.40     0.128
      78.68     0.156
      79.97     0.061
      81.26    -0.070
      82.55    -0.017
      83.84     0.054
      85.12     0.002
      86.41    -0.015
      87.70    -0.030
      88.99    -0.058
      90.28    -0.003
      91.57     0.066
      92.85    -0.010
      94.14     0.023
      95.43    -0.220
      96.72     0.010
      98.01    -0.010
      99.30    -0.152
     100.58    -0.072
     101.87     0.002
     103.16     0.049
     104.45    -0.025
     105.74     0.303
     107.02    -0.070
     108.31    -0.037
     109.60    -0.075
     110.89    -0.012
     112.18     0.041
     113.47     0.039
     114.75    -0.185
     116.04    -0.041
     117.33    -0.009
     118.62     0.078
     119.91     0.036
     121.20    -0.044
     122.48     0.197
     123.77     0.034
     125.06     0.021
     126.35    -0.009
     127.64    -0.042
     128.92    -0.030
     130.21     0.110
     131.50     0.048
     132.79    -0.006
     134.08     0.053
     135.37    -0.003
     136.65    -0.113
     137.94    -0.025
     139.23     0.027
     140.52     0.037
     141.81    -0.009
     143.09    -0.017
     144.38     0.123
     145.67     0.017
     146.96    -0.051
     148.25     0.002
     149.54     0.074
     150.82     0.000
     152.11    -0.048
     153.40    -0.002
     154.69     0.070
     155.98    -0.032
     157.27    -0.063
     158.55    -0.011
     159.84    -0.034
     161.13    -0.101
     162.42    -0.088
     163.71     0.138
     164.99    -0.001
     166.28     0.068
     167.57     0.028
     168.86     0.037
     170.15     0.067
     171.44    -0.060
     172.72    -0.194
     174.01     0.165
     175.30    -0.092
     176.59    -0.005
     177.88     0.125
     179.17    -0.058
     180.45     0.024
     181.74    -0.028
     183.03    -0.065
     184.32     0.064
     185.61    -0.035
     186.89     0.164
     188.18    -0.046
     189.47    -0.117
     190.76    -0.087
     192.05     0.006
     193.34    -0.115
     194.62    -0.049
     195.91     0.090
     197.20     0.042
     198.49     0.025
     199.78    -0.082
     201.07    -0.160
     202.35     0.015
     203.64     0.092
     204.93     0.084
     206.22     0.074
     207.51    -0.049
     208.79    -0.022
     210.08     0.020
     211.37    -0.016
     212.66     0.021
     213.95    -0.003
     215.24     0.007
     216.52     0.004
     217.81    -0.027
     219.10     0.049
     220.39     0.048
     221.68     0.029
     222.97     0.019
     224.25    -0.115
     225.54    -0.058
     226.83     0.062
     228.12    -0.109
     229.41     0.046
     230.69    -0.029
     231.98     0.020
     233.27     0.006
     234.56    -0.091
     235.85     0.082
     237.14    -0.005
     238.42     0.043
     239.71     0.007
     241.00     0.104
     242.29     0.043
     243.58    -0.056
     244.87     0.069
     246.15     0.070
     247.44    -0.078
     248.73    -0.077
     250.02     0.057
     251.31     0.145
     252.59     0.153
     253.88     0.039
     255.17    -0.002
     256.46     0.102
     257.75     0.064
     259.04     0.135
     260.32     0.054
     261.61     0.004
     262.90    -0.016
     264.19     0.054
     265.48     0.097
     266.77     0.072
     268.05    -0.011
     269.34     0.057
     270.63     0.031
     271.92    -0.029
     273.21     0.023
     274.49     0.021
     275.78    -0.094
     277.07    -0.156
     278.36    -0.138
     279.65     0.070
     280.94    -0.039
     282.22     0.030
     283.51     0.091
     284.80    -0.038
     286.09     0.010
     287.38     0.006
     288.67     0.002
     289.95     0.028
     291.24    -0.032
     292.53    -0.056
     293.82     0.058
     295.11     0.029
     296.39    -0.001
     297.68    -0.065
     298.97    -0.206
     300.26    -0.218
     301.55     0.003
     302.84    -0.041
     304.12     0.038
     305.41     0.119
     306.70    -0.028
     307.99    -0.021
     309.28    -0.098
     310.57    -0.034
     311.85     0.056
     313.14    -0.017
     314.43     0.028
     315.72     0.120
     317.01     0.077
     318.29    -0.060
     319.58    -0.052
     320.87    -0.006
     322.16     0.023
     323.45    -0.013
     324.74    -0.179
     326.02    -0.151
     327.31     0.018
     328.60     0.089
     329.89    -0.105
     331.18    -0.166
     332.47     0.032
     333.75     0.066
     335.04    -0.100
     336.33     0.035
     337.62    -0.009
     338.91    -0.056
     340.19    -0.044
     341.48     0.098
     342.77     0.070
     344.06     0.081
     345.35     0.140
     346.64    -0.080
     347.92    -0.067
     349.21    -0.009
     350.50     0.104
     351.79     0.066
     353.08     0.008
     354.37    -0.124
     355.65    -0.047
     356.94    -0.018
     358.23    -0.152
     359.52    -0.004
     360.81     0.027
     362.09    -0.103
     363.38    -0.038
     364.67    -0.153
     365.96    -0.061
     367.25     0.070
     368.54     0.024
     369.82    -0.010
     371.11     0.014
     372.40     0.149
     373.69     0.135
     374.98    -0.021
     376.27     0.120
     377.55     0.036
     378.84     0.130
     380.13     0.064
     381.42    -0.101
     382.71    -0.021
     383.99     0.032
     385.28    -0.053
     386.57     0.117
     387.86     0.035
     389.15    -0.032
     390.44     0.099
     391.72     0.022
     393.01    -0.096
     394.30    -0.052
     395.59     0.006
     396.88    -0.082
     398.17    -0.051
     399.45    -0.021
%%GASS      0  datapoints: v_lsr [km/s] and T_B [K]
%%LAB     777  datapoints: v_lsr [km/s] and T_B [K]
    -399.83    -0.013
    -398.80    -0.027
    -397.77     0.092
    -396.73     0.074
    -395.70     0.116
    -394.67    -0.027
    -393.64     0.065
    -392.61     0.075
    -391.58    -0.155
    -390.55    -0.166
    -389.52    -0.061
    -388.49    -0.019
    -387.46    -0.102
    -386.43    -0.053
    -385.40     0.078
    -384.37    -0.164
    -383.34     0.041
    -382.31    -0.015
    -381.28    -0.016
    -380.25    -0.120
    -379.22    -0.049
    -378.19     0.051
    -377.16     0.103
    -376.13     0.176
    -375.09    -0.020
    -374.06    -0.136
    -373.03    -0.011
    -372.00    -0.012
    -370.97    -0.091
    -369.94    -0.034
    -368.91     0.015
    -367.88    -0.156
    -366.85     0.055
    -365.82    -0.118
    -364.79     0.002
    -363.76    -0.088
    -362.73     0.047
    -361.70    -0.052
    -360.67    -0.004
    -359.64     0.074
    -358.61    -0.040
    -357.58     0.089
    -356.55    -0.000
    -355.52    -0.088
    -354.49     0.044
    -353.45     0.037
    -352.42    -0.106
    -351.39     0.147
    -350.36    -0.096
    -349.33    -0.116
    -348.30    -0.000
    -347.27     0.025
    -346.24     0.001
    -345.21     0.062
    -344.18    -0.037
    -343.15    -0.004
    -342.12    -0.012
    -341.09     0.121
    -340.06     0.125
    -339.03     0.026
    -338.00     0.067
    -336.97    -0.101
    -335.94    -0.062
    -334.91    -0.065
    -333.88    -0.106
    -332.85    -0.150
    -331.81    -0.118
    -330.78    -0.009
    -329.75     0.020
    -328.72    -0.039
    -327.69    -0.009
    -326.66     0.039
    -325.63    -0.024
    -324.60    -0.014
    -323.57     0.151
    -322.54    -0.101
    -321.51     0.087
    -320.48     0.057
    -319.45     0.195
    -318.42    -0.166
    -317.39     0.097
    -316.36    -0.115
    -315.33     0.165
    -314.30     0.018
    -313.27     0.088
    -312.24     0.025
    -311.21     0.060
    -310.17    -0.047
    -309.14     0.029
    -308.11     0.094
    -307.08     0.077
    -306.05    -0.043
    -305.02    -0.089
    -303.99    -0.158
    -302.96     0.105
    -301.93     0.081
    -300.90    -0.040
    -299.87    -0.049
    -298.84    -0.020
    -297.81    -0.096
    -296.78     0.108
    -295.75    -0.082
    -294.72     0.018
    -293.69    -0.102
    -292.66     0.037
    -291.63     0.017
    -290.60     0.031
    -289.56     0.084
    -288.53     0.022
    -287.50    -0.040
    -286.47     0.011
    -285.44     0.051
    -284.41    -0.069
    -283.38    -0.082
    -282.35     0.030
    -281.32    -0.025
    -280.29    -0.077
    -279.26     0.108
    -278.23    -0.032
    -277.20    -0.019
    -276.17     0.050
    -275.14    -0.070
    -274.11     0.015
    -273.08     0.134
    -272.05     0.056
    -271.02    -0.021
    -269.99     0.206
    -268.96     0.083
    -267.92     0.072
    -266.89    -0.012
    -265.86    -0.044
    -264.83     0.054
    -263.80     0.151
    -262.77     0.064
    -261.74     0.050
    -260.71     0.078
    -259.68    -0.114
    -258.65    -0.084
    -257.62     0.022
    -256.59    -0.076
    -255.56     0.134
    -254.53    -0.207
    -253.50     0.035
    -252.47     0.039
    -251.44    -0.017
    -250.41    -0.021
    -249.38    -0.019
    -248.35     0.088
    -247.32    -0.047
    -246.28    -0.068
    -245.25     0.017
    -244.22    -0.042
    -243.19     0.064
    -242.16     0.023
    -241.13    -0.021
    -240.10     0.074
    -239.07    -0.090
    -238.04     0.159
    -237.01     0.051
    -235.98    -0.035
    -234.95    -0.090
    -233.92     0.069
    -232.89     0.097
    -231.86    -0.067
    -230.83    -0.002
    -229.80    -0.038
    -228.77    -0.009
    -227.74     0.034
    -226.71    -0.087
    -225.68     0.056
    -224.64    -0.009
    -223.61    -0.004
    -222.58     0.221
    -221.55    -0.127
    -220.52     0.157
    -219.49    -0.103
    -218.46     0.047
    -217.43     0.079
    -216.40     0.004
    -215.37     0.040
    -214.34     0.002
    -213.31     0.009
    -212.28     0.069
    -211.25     0.047
    -210.22    -0.010
    -209.19     0.072
    -208.16     0.046
    -207.13     0.032
    -206.10     0.206
    -205.07    -0.124
    -204.04    -0.021
    -203.00     0.031
    -201.97     0.035
    -200.94    -0.022
    -199.91    -0.163
    -198.88    -0.048
    -197.85    -0.084
    -196.82    -0.062
    -195.79     0.053
    -194.76     0.072
    -193.73     0.164
    -192.70     0.098
    -191.67     0.027
    -190.64     0.004
    -189.61    -0.076
    -188.58     0.001
    -187.55     0.001
    -186.52     0.042
    -185.49     0.180
    -184.46    -0.010
    -183.43     0.141
    -182.39    -0.115
    -181.36    -0.195
    -180.33    -0.020
    -179.30     0.065
    -178.27    -0.097
    -177.24     0.022
    -176.21    -0.030
    -175.18     0.018
    -174.15     0.074
    -173.12     0.020
    -172.09     0.038
    -171.06     0.016
    -170.03    -0.030
    -169.00    -0.076
    -167.97     0.099
    -166.94     0.066
    -165.91    -0.063
    -164.88     0.078
    -163.85    -0.121
    -162.82    -0.084
    -161.79    -0.094
    -160.75    -0.078
    -159.72     0.007
    -158.69     0.009
    -157.66     0.151
    -156.63     0.148
    -155.60     0.125
    -154.57     0.056
    -153.54     0.128
    -152.51    -0.071
    -151.48    -0.035
    -150.45     0.112
    -149.42    -0.083
    -148.39     0.113
    -147.36     0.216
    -146.33     0.328
    -145.30     0.122
    -144.27     0.320
    -143.24     0.297
    -142.21     0.263
    -141.18     0.394
    -140.15     0.335
    -139.11     0.491
    -138.08     0.473
    -137.05     0.535
    -136.02     0.617
    -134.99     0.700
    -133.96     0.860
    -132.93     1.001
    -131.90     0.966
    -130.87     0.984
    -129.84     1.245
    -128.81     1.244
    -127.78     1.418
    -126.75     1.450
    -125.72     1.591
    -124.69     1.654
    -123.66     1.826
    -122.63     1.780
    -121.60     1.806
    -120.57     1.854
    -119.54     1.805
    -118.51     1.739
    -117.47     1.717
    -116.44     1.695
    -115.41     1.606
    -114.38     1.700
    -113.35     1.201
    -112.32     1.270
    -111.29     1.232
    -110.26     1.161
    -109.23     1.169
    -108.20     0.885
    -107.17     0.843
    -106.14     0.638
    -105.11     0.914
    -104.08     0.802
    -103.05     0.811
    -102.02     0.601
    -100.99     0.700
     -99.96     0.585
     -98.93     0.560
     -97.90     0.620
     -96.87     0.630
     -95.83     0.482
     -94.80     0.565
     -93.77     0.499
     -92.74     0.685
     -91.71     0.545
     -90.68     0.512
     -89.65     0.745
     -88.62     0.692
     -87.59     0.587
     -86.56     0.681
     -85.53     0.692
     -84.50     0.758
     -83.47     0.832
     -82.44     0.877
     -81.41     0.889
     -80.38     0.838
     -79.35     0.926
     -78.32     0.868
     -77.29     0.860
     -76.26     0.812
     -75.23     0.846
     -74.19     0.936
     -73.16     0.827
     -72.13     0.923
     -71.10     1.028
     -70.07     1.023
     -69.04     1.100
     -68.01     1.290
     -66.98     1.447
     -65.95     1.636
     -64.92     1.740
     -63.89     2.333
     -62.86     2.948
     -61.83     3.545
     -60.80     3.469
     -59.77     2.820
     -58.74     2.285
     -57.71     2.138
     -56.68     1.908
     -55.65     1.950
     -54.62     1.735
     -53.58     1.796
     -52.55     1.686
     -51.52     1.647
     -50.49     1.557
     -49.46     1.625
     -48.43     1.317
     -47.40     1.208
     -46.37     1.357
     -45.34     1.330
     -44.31     1.270
     -43.28     1.343
     -42.25     1.228
     -41.22     1.324
     -40.19     1.236
     -39.16     1.393
     -38.13     1.427
     -37.10     1.665
     -36.07     1.801
     -35.04     1.853
     -34.01     1.898
     -32.98     2.308
     -31.94     2.407
     -30.91     2.643
     -29.88     2.774
     -28.85     3.093
     -27.82     3.249
     -26.79     3.534
     -25.76     3.647
     -24.73     3.850
     -23.70     4.245
     -22.67     4.414
     -21.64     4.539
     -20.61     4.621
     -19.58     4.617
     -18.55     4.758
     -17.52     4.627
     -16.49     4.794
     -15.46     4.570
     -14.43     4.638
     -13.40     4.689
     -12.37     4.808
     -11.34     4.798
     -10.30     5.136
      -9.27     5.468
      -8.24     5.958
      -7.21     6.561
      -6.18     7.303
      -5.15     9.024
      -4.12    11.250
      -3.09    11.740
      -2.06    11.293
      -1.03    11.369
       0.00    12.087
       1.03    13.146
       2.06    14.500
       3.09    16.901
       4.12    19.008
       5.15    20.007
       6.18    18.820
       7.21    16.849
       8.24    15.584
       9.27    14.997
      10.30    14.479
      11.34    14.161
      12.37    14.088
      13.40    13.978
      14.43    13.789
      15.46    13.011
      16.49    11.771
      17.52    10.249
      18.55     8.980
      19.58     7.517
      20.61     6.455
      21.64     5.441
      22.67     4.671
      23.70     3.850
      24.73     3.110
      25.76     2.535
      26.79     2.172
      27.82     1.846
      28.85     1.591
      29.88     1.145
      30.91     0.993
      31.94     0.844
      32.98     0.846
      34.01     0.717
      35.04     0.548
      36.07     0.442
      37.10     0.525
      38.13     0.315
      39.16     0.396
      40.19     0.097
      41.22     0.208
      42.25     0.262
      43.28     0.219
      44.31     0.192
      45.34     0.077
      46.37     0.078
      47.40     0.061
      48.43     0.198
      49.46     0.141
      50.49    -0.120
      51.52    -0.112
      52.55    -0.019
      53.58    -0.014
      54.62    -0.009
      55.65     0.076
      56.68     0.019
      57.71     0.039
      58.74     0.030
      59.77    -0.012
      60.80     0.031
      61.83     0.012
      62.86    -0.106
      63.89     0.029
      64.92    -0.022
      65.95     0.142
      66.98     0.070
      68.01     0.024
      69.04    -0.129
      70.07    -0.106
      71.10    -0.079
      72.13    -0.020
      73.16     0.027
      74.19    -0.058
      75.23    -0.076
      76.26     0.058
      77.29     0.076
      78.32     0.017
      79.35     0.234
      80.38     0.065
      81.41     0.112
      82.44     0.147
      83.47     0.118
      84.50     0.109
      85.53    -0.026
      86.56     0.132
      87.59     0.012
      88.62     0.020
      89.65     0.041
      90.68     0.156
      91.71    -0.002
      92.74    -0.040
      93.77     0.102
      94.80     0.060
      95.83     0.074
      96.87    -0.045
      97.90    -0.027
      98.93     0.098
      99.96    -0.113
     100.99     0.134
     102.02     0.076
     103.05    -0.025
     104.08    -0.145
     105.11     0.048
     106.14    -0.124
     107.17     0.126
     108.20     0.244
     109.23     0.065
     110.26    -0.070
     111.29     0.081
     112.32     0.102
     113.35     0.099
     114.38     0.014
     115.41     0.079
     116.44     0.010
     117.47    -0.052
     118.51    -0.023
     119.54     0.056
     120.57     0.037
     121.60     0.072
     122.63     0.083
     123.66     0.068
     124.69     0.031
     125.72     0.138
     126.75     0.055
     127.78    -0.046
     128.81     0.070
     129.84     0.250
     130.87    -0.072
     131.90     0.090
     132.93    -0.200
     133.96     0.098
     134.99     0.042
     136.02    -0.048
     137.05    -0.044
     138.08     0.183
     139.11     0.073
     140.15    -0.009
     141.18    -0.003
     142.21     0.168
     143.24    -0.073
     144.27    -0.045
     145.30    -0.090
     146.33     0.018
     147.36    -0.014
     148.39    -0.131
     149.42    -0.098
     150.45     0.053
     151.48    -0.133
     152.51    -0.038
     153.54     0.078
     154.57     0.024
     155.60    -0.004
     156.63    -0.090
     157.66    -0.101
     158.69     0.110
     159.72     0.014
     160.75    -0.128
     161.79    -0.019
     162.82    -0.070
     163.85    -0.006
     164.88    -0.074
     165.91     0.048
     166.94     0.089
     167.97     0.172
     169.00     0.047
     170.03     0.145
     171.06     0.011
     172.09     0.012
     173.12     0.065
     174.15     0.024
     175.18     0.027
     176.21    -0.016
     177.24    -0.087
     178.27     0.084
     179.30    -0.074
     180.33    -0.087
     181.36    -0.055
     182.39    -0.122
     183.43    -0.041
     184.46    -0.017
     185.49     0.040
     186.52     0.101
     187.55    -0.082
     188.58    -0.130
     189.61     0.177
     190.64    -0.063
     191.67    -0.009
     192.70    -0.039
     193.73     0.053
     194.76    -0.261
     195.79    -0.044
     196.82    -0.079
     197.85     0.092
     198.88     0.157
     199.91     0.222
     200.94    -0.152
     201.97    -0.026
     203.00    -0.046
     204.04     0.061
     205.07     0.102
     206.10    -0.068
     207.13     0.164
     208.16    -0.172
     209.19    -0.066
     210.22     0.138
     211.25    -0.189
     212.28    -0.020
     213.31     0.078
     214.34     0.132
     215.37     0.058
     216.40    -0.134
     217.43     0.006
     218.46     0.015
     219.49     0.015
     220.52     0.164
     221.55     0.006
     222.58     0.073
     223.61    -0.073
     224.64     0.030
     225.68    -0.005
     226.71     0.068
     227.74     0.039
     228.77     0.069
     229.80    -0.099
     230.83     0.030
     231.86     0.181
     232.89     0.009
     233.92    -0.106
     234.95     0.094
     235.98     0.017
     237.01     0.099
     238.04     0.059
     239.07    -0.013
     240.10     0.127
     241.13     0.107
     242.16    -0.145
     243.19    -0.041
     244.22    -0.103
     245.25    -0.039
     246.28    -0.001
     247.32    -0.091
     248.35    -0.102
     249.38    -0.025
     250.41    -0.078
     251.44    -0.060
     252.47    -0.070
     253.50    -0.024
     254.53     0.085
     255.56     0.166
     256.59    -0.009
     257.62    -0.119
     258.65    -0.207
     259.68     0.026
     260.71    -0.121
     261.74     0.023
     262.77    -0.132
     263.80    -0.009
     264.83    -0.132
     265.86     0.056
     266.89     0.112
     267.92     0.024
     268.96    -0.029
     269.99     0.022
     271.02    -0.003
     272.05    -0.068
     273.08     0.009
     274.11     0.144
     275.14     0.094
     276.17     0.033
     277.20     0.113
     278.23     0.001
     279.26     0.089
     280.29    -0.017
     281.32     0.087
     282.35     0.303
     283.38     0.047
     284.41     0.090
     285.44     0.217
     286.47     0.103
     287.50     0.009
     288.53     0.195
     289.56     0.020
     290.60    -0.058
     291.63    -0.128
     292.66     0.091
     293.69    -0.078
     294.72     0.065
     295.75    -0.002
     296.78    -0.058
     297.81     0.148
     298.84    -0.052
     299.87     0.067
     300.90     0.112
     301.93    -0.075
     302.96    -0.100
     303.99     0.126
     305.02    -0.009
     306.05     0.031
     307.08    -0.038
     308.11    -0.055
     309.14     0.111
     310.17    -0.059
     311.21     0.069
     312.24     0.007
     313.27     0.009
     314.30     0.029
     315.33     0.126
     316.36    -0.033
     317.39    -0.155
     318.42     0.004
     319.45     0.094
     320.48     0.118
     321.51     0.034
     322.54    -0.092
     323.57     0.082
     324.60    -0.096
     325.63    -0.111
     326.66     0.004
     327.69    -0.226
     328.72    -0.016
     329.75    -0.015
     330.78    -0.089
     331.81     0.016
     332.85    -0.051
     333.88     0.130
     334.91     0.007
     335.94    -0.048
     336.97    -0.128
     338.00     0.037
     339.03     0.031
     340.06    -0.061
     341.09    -0.065
     342.12     0.008
     343.15    -0.047
     344.18     0.049
     345.21    -0.152
     346.24     0.056
     347.27     0.083
     348.30     0.035
     349.33    -0.058
     350.36     0.140
     351.39    -0.038
     352.42    -0.080
     353.45     0.022
     354.49    -0.004
     355.52    -0.084
     356.55    -0.054
     357.58    -0.011
     358.61     0.099
     359.64     0.060
     360.67     0.068
     361.70    -0.046
     362.73    -0.067
     363.76    -0.081
     364.79     0.104
     365.82    -0.154
     366.85     0.030
     367.88    -0.069
     368.91    -0.019
     369.94     0.023
     370.97     0.060
     372.00    -0.021
     373.03     0.078
     374.06    -0.098
     375.09     0.124
     376.13    -0.095
     377.16     0.234
     378.19     0.022
     379.22     0.029
     380.25     0.010
     381.28     0.029
     382.31    -0.077
     383.34     0.109
     384.37     0.132
     385.40     0.159
     386.43    -0.098
     387.46    -0.072
     388.49    -0.094
     389.52    -0.060
     390.55    -0.075
     391.58     0.025
     392.61     0.042
     393.64     0.094
     394.67     0.006
     395.70     0.142
     396.73     0.063
     397.77     0.248
     398.80    -0.002
     399.83    -0.031
