%%   77.50000 -20.00000    0   0.20000
% LAB  survey ------------------
% wanted position:  l, b, RA, DEC, and interpolated  NH
% 77.50 ; -20.00 ; 324.97 ;  25.53 ;  0.568E+21
% nearest position: l, b, RA, DEC, and observed NH
% 77.50 ; -20.00 ; 324.97 ;  25.53 ;  0.568E+21
% GASS III survey --------------
% NH - median within 6 arcmin radius   0.00    
% NH - mean within specified beam      0.00    
% EBHIS survey -----------------
% NH  within specified beam           0.593E+21
%%EBHIS   621  datapoints: v_lsr [km/s] and T_B [K]
    -399.25     0.044
    -397.96    -0.011
    -396.68    -0.055
    -395.39     0.051
    -394.10    -0.056
    -392.81    -0.054
    -391.52     0.003
    -390.23    -0.015
    -388.95    -0.003
    -387.66     0.053
    -386.37    -0.033
    -385.08     0.001
    -383.79    -0.005
    -382.50     0.028
    -381.22    -0.015
    -379.93    -0.010
    -378.64    -0.032
    -377.35    -0.020
    -376.06    -0.044
    -374.78    -0.004
    -373.49    -0.017
    -372.20     0.035
    -370.91    -0.060
    -369.62     0.000
    -368.33     0.088
    -367.05    -0.035
    -365.76    -0.003
    -364.47     0.014
    -363.18    -0.106
    -361.89    -0.015
    -360.60    -0.025
    -359.32    -0.039
    -358.03    -0.053
    -356.74    -0.110
    -355.45    -0.036
    -354.16    -0.024
    -352.88    -0.070
    -351.59     0.001
    -350.30    -0.008
    -349.01     0.031
    -347.72     0.058
    -346.43    -0.020
    -345.15     0.008
    -343.86     0.030
    -342.57    -0.021
    -341.28    -0.017
    -339.99    -0.073
    -338.70     0.013
    -337.42     0.040
    -336.13    -0.006
    -334.84     0.036
    -333.55    -0.067
    -332.26     0.005
    -330.98     0.036
    -329.69     0.029
    -328.40     0.005
    -327.11    -0.034
    -325.82     0.024
    -324.53     0.111
    -323.25    -0.084
    -321.96    -0.020
    -320.67    -0.021
    -319.38     0.060
    -318.09     0.013
    -316.80    -0.017
    -315.52    -0.039
    -314.23    -0.090
    -312.94    -0.048
    -311.65     0.048
    -310.36     0.022
    -309.08     0.095
    -307.79    -0.012
    -306.50    -0.095
    -305.21     0.029
    -303.92     0.045
    -302.63    -0.008
    -301.35     0.097
    -300.06     0.025
    -298.77    -0.038
    -297.48    -0.059
    -296.19     0.047
    -294.90    -0.015
    -293.62    -0.060
    -292.33    -0.035
    -291.04    -0.012
    -289.75     0.111
    -288.46     0.097
    -287.18     0.034
    -285.89     0.052
    -284.60     0.121
    -283.31     0.068
    -282.02     0.014
    -280.73    -0.087
    -279.45    -0.009
    -278.16     0.018
    -276.87     0.001
    -275.58     0.007
    -274.29     0.038
    -273.00    -0.014
    -271.72     0.026
    -270.43     0.016
    -269.14     0.033
    -267.85     0.028
    -266.56     0.091
    -265.28    -0.038
    -263.99     0.042
    -262.70    -0.047
    -261.41     0.010
    -260.12     0.046
    -258.83     0.153
    -257.55     0.078
    -256.26    -0.024
    -254.97     0.018
    -253.68    -0.044
    -252.39    -0.121
    -251.10    -0.122
    -249.82     0.026
    -248.53    -0.023
    -247.24    -0.007
    -245.95     0.138
    -244.66    -0.056
    -243.38    -0.033
    -242.09     0.000
    -240.80     0.017
    -239.51    -0.100
    -238.22    -0.002
    -236.93    -0.008
    -235.65    -0.043
    -234.36     0.015
    -233.07    -0.005
    -231.78     0.026
    -230.49    -0.021
    -229.20    -0.094
    -227.92    -0.049
    -226.63    -0.023
    -225.34    -0.030
    -224.05    -0.049
    -222.76     0.078
    -221.48     0.073
    -220.19     0.060
    -218.90    -0.019
    -217.61     0.015
    -216.32    -0.035
    -215.03     0.021
    -213.75     0.007
    -212.46     0.018
    -211.17    -0.073
    -209.88    -0.021
    -208.59     0.021
    -207.30     0.059
    -206.02     0.075
    -204.73     0.043
    -203.44     0.124
    -202.15     0.069
    -200.86    -0.001
    -199.58     0.040
    -198.29     0.039
    -197.00    -0.026
    -195.71    -0.072
    -194.42    -0.024
    -193.13    -0.019
    -191.85    -0.038
    -190.56     0.058
    -189.27     0.046
    -187.98    -0.078
    -186.69     0.032
    -185.40     0.028
    -184.12    -0.004
    -182.83    -0.004
    -181.54     0.029
    -180.25     0.088
    -178.96     0.064
    -177.68    -0.031
    -176.39    -0.030
    -175.10    -0.083
    -173.81     0.014
    -172.52     0.037
    -171.23    -0.024
    -169.95    -0.020
    -168.66    -0.062
    -167.37     0.037
    -166.08    -0.023
    -164.79     0.018
    -163.50    -0.017
    -162.22    -0.010
    -160.93    -0.019
    -159.64    -0.063
    -158.35     0.020
    -157.06     0.035
    -155.78    -0.046
    -154.49     0.093
    -153.20    -0.034
    -151.91     0.002
    -150.62     0.054
    -149.33    -0.047
    -148.05    -0.097
    -146.76     0.002
    -145.47     0.099
    -144.18     0.017
    -142.89    -0.054
    -141.60     0.054
    -140.32     0.082
    -139.03    -0.027
    -137.74     0.014
    -136.45    -0.011
    -135.16    -0.068
    -133.88     0.018
    -132.59     0.105
    -131.30    -0.005
    -130.01    -0.081
    -128.72     0.021
    -127.43     0.048
    -126.15     0.059
    -124.86    -0.094
    -123.57     0.117
    -122.28     0.013
    -120.99     0.072
    -119.70     0.140
    -118.42     0.064
    -117.13    -0.015
    -115.84     0.090
    -114.55     0.015
    -113.26    -0.081
    -111.98    -0.046
    -110.69     0.038
    -109.40    -0.089
    -108.11     0.060
    -106.82     0.026
    -105.53     0.035
    -104.25    -0.015
    -102.96     0.012
    -101.67     0.067
    -100.38    -0.069
     -99.09    -0.001
     -97.80    -0.060
     -96.52     0.009
     -95.23     0.118
     -93.94     0.132
     -92.65     0.046
     -91.36     0.179
     -90.08     0.102
     -88.79     0.084
     -87.50     0.109
     -86.21     0.068
     -84.92     0.025
     -83.63     0.015
     -82.35     0.075
     -81.06     0.127
     -79.77     0.010
     -78.48    -0.024
     -77.19     0.029
     -75.90     0.114
     -74.62    -0.009
     -73.33    -0.005
     -72.04     0.065
     -70.75     0.038
     -69.46     0.050
     -68.18     0.050
     -66.89    -0.083
     -65.60     0.052
     -64.31     0.182
     -63.02     0.096
     -61.73     0.028
     -60.45     0.100
     -59.16     0.131
     -57.87     0.169
     -56.58     0.182
     -55.29     0.261
     -54.00     0.334
     -52.72     0.419
     -51.43     0.525
     -50.14     0.531
     -48.85     0.603
     -47.56     0.643
     -46.28     0.673
     -44.99     0.758
     -43.70     0.783
     -42.41     0.858
     -41.12     0.877
     -39.83     0.868
     -38.55     0.861
     -37.26     0.883
     -35.97     0.881
     -34.68     0.868
     -33.39     0.713
     -32.10     0.745
     -30.82     0.801
     -29.53     0.954
     -28.24     0.792
     -26.95     0.701
     -25.66     0.742
     -24.38     0.907
     -23.09     0.947
     -21.80     0.854
     -20.51     0.991
     -19.22     1.148
     -17.93     1.326
     -16.65     1.470
     -15.36     1.746
     -14.07     1.941
     -12.78     2.209
     -11.49     2.599
     -10.20     3.002
      -8.92     3.610
      -7.63     4.065
      -6.34     4.812
      -5.05     6.270
      -3.76    10.189
      -2.48    15.375
      -1.19    15.926
       0.10    14.339
       1.39    12.736
       2.68    11.758
       3.97    11.838
       5.25    12.193
       6.54    12.305
       7.83    12.208
       9.12    11.693
      10.41    10.513
      11.70     8.956
      12.98     7.190
      14.27     5.763
      15.56     4.711
      16.85     3.550
      18.14     2.796
      19.42     2.270
      20.71     1.819
      22.00     1.308
      23.29     1.073
      24.58     0.913
      25.87     0.642
      27.15     0.424
      28.44     0.305
      29.73     0.183
      31.02     0.222
      32.31     0.269
      33.60     0.085
      34.88     0.128
      36.17     0.025
      37.46     0.105
      38.75     0.178
      40.04     0.161
      41.32     0.088
      42.61     0.096
      43.90     0.128
      45.19     0.046
      46.48    -0.007
      47.77    -0.019
      49.05     0.014
      50.34    -0.058
      51.63     0.012
      52.92    -0.038
      54.21     0.054
      55.50     0.023
      56.78    -0.037
      58.07    -0.093
      59.36     0.045
      60.65     0.007
      61.94     0.011
      63.22     0.003
      64.51    -0.093
      65.80     0.128
      67.09     0.072
      68.38    -0.002
      69.67    -0.031
      70.95    -0.085
      72.24    -0.070
      73.53     0.014
      74.82    -0.019
      76.11     0.025
      77.40    -0.007
      78.68     0.114
      79.97     0.051
      81.26    -0.072
      82.55    -0.025
      83.84    -0.064
      85.12     0.005
      86.41    -0.106
      87.70     0.042
      88.99    -0.095
      90.28    -0.050
      91.57    -0.022
      92.85    -0.090
      94.14    -0.056
      95.43    -0.028
      96.72     0.103
      98.01     0.028
      99.30    -0.002
     100.58     0.048
     101.87     0.053
     103.16     0.064
     104.45     0.050
     105.74     0.100
     107.02    -0.006
     108.31     0.038
     109.60     0.035
     110.89     0.075
     112.18    -0.022
     113.47    -0.059
     114.75     0.010
     116.04    -0.067
     117.33     0.006
     118.62     0.023
     119.91     0.008
     121.20     0.012
     122.48     0.044
     123.77    -0.010
     125.06    -0.034
     126.35    -0.002
     127.64     0.095
     128.92    -0.071
     130.21    -0.074
     131.50     0.003
     132.79     0.053
     134.08     0.051
     135.37     0.048
     136.65     0.071
     137.94     0.016
     139.23     0.033
     140.52    -0.047
     141.81    -0.000
     143.09     0.006
     144.38    -0.059
     145.67     0.016
     146.96     0.061
     148.25     0.090
     149.54    -0.027
     150.82     0.031
     152.11    -0.066
     153.40     0.002
     154.69    -0.009
     155.98    -0.012
     157.27     0.082
     158.55     0.043
     159.84     0.071
     161.13    -0.023
     162.42     0.004
     163.71     0.011
     164.99    -0.010
     166.28    -0.068
     167.57    -0.023
     168.86    -0.026
     170.15    -0.015
     171.44    -0.034
     172.72    -0.064
     174.01    -0.139
     175.30    -0.047
     176.59    -0.090
     177.88    -0.118
     179.17    -0.035
     180.45    -0.041
     181.74    -0.045
     183.03     0.041
     184.32     0.041
     185.61     0.057
     186.89    -0.013
     188.18    -0.009
     189.47     0.040
     190.76    -0.019
     192.05    -0.041
     193.34    -0.043
     194.62     0.040
     195.91     0.015
     197.20     0.027
     198.49     0.083
     199.78     0.043
     201.07    -0.058
     202.35    -0.045
     203.64     0.016
     204.93    -0.035
     206.22    -0.007
     207.51    -0.020
     208.79    -0.057
     210.08     0.014
     211.37     0.054
     212.66     0.041
     213.95     0.007
     215.24    -0.005
     216.52     0.090
     217.81    -0.009
     219.10    -0.081
     220.39     0.031
     221.68    -0.041
     222.97    -0.036
     224.25     0.089
     225.54     0.102
     226.83     0.035
     228.12    -0.068
     229.41    -0.111
     230.69    -0.015
     231.98    -0.032
     233.27     0.081
     234.56    -0.008
     235.85    -0.038
     237.14     0.039
     238.42    -0.033
     239.71     0.016
     241.00     0.068
     242.29    -0.002
     243.58     0.006
     244.87     0.075
     246.15    -0.039
     247.44    -0.046
     248.73    -0.054
     250.02    -0.098
     251.31    -0.117
     252.59    -0.019
     253.88    -0.023
     255.17     0.006
     256.46     0.021
     257.75     0.052
     259.04     0.018
     260.32    -0.047
     261.61    -0.008
     262.90     0.043
     264.19     0.082
     265.48     0.010
     266.77     0.016
     268.05     0.009
     269.34     0.037
     270.63     0.034
     271.92    -0.063
     273.21    -0.015
     274.49    -0.051
     275.78    -0.056
     277.07    -0.019
     278.36    -0.050
     279.65    -0.048
     280.94    -0.045
     282.22    -0.019
     283.51    -0.063
     284.80    -0.047
     286.09     0.109
     287.38     0.044
     288.67     0.059
     289.95     0.008
     291.24    -0.002
     292.53     0.031
     293.82     0.039
     295.11    -0.074
     296.39    -0.017
     297.68    -0.032
     298.97    -0.001
     300.26    -0.079
     301.55    -0.023
     302.84     0.050
     304.12    -0.059
     305.41    -0.026
     306.70     0.014
     307.99     0.053
     309.28     0.050
     310.57     0.013
     311.85     0.067
     313.14     0.047
     314.43     0.043
     315.72     0.023
     317.01    -0.027
     318.29    -0.005
     319.58     0.047
     320.87    -0.058
     322.16    -0.045
     323.45    -0.005
     324.74    -0.047
     326.02    -0.019
     327.31    -0.023
     328.60     0.030
     329.89     0.052
     331.18     0.025
     332.47     0.090
     333.75     0.073
     335.04    -0.032
     336.33    -0.028
     337.62     0.046
     338.91    -0.068
     340.19     0.045
     341.48    -0.056
     342.77    -0.056
     344.06     0.056
     345.35     0.109
     346.64     0.082
     347.92     0.067
     349.21     0.012
     350.50    -0.067
     351.79    -0.020
     353.08    -0.011
     354.37    -0.009
     355.65     0.047
     356.94     0.084
     358.23     0.036
     359.52    -0.037
     360.81    -0.115
     362.09     0.119
     363.38     0.045
     364.67    -0.030
     365.96     0.181
     367.25     0.040
     368.54     0.070
     369.82     0.092
     371.11    -0.070
     372.40    -0.099
     373.69     0.012
     374.98     0.025
     376.27     0.047
     377.55    -0.012
     378.84    -0.026
     380.13    -0.025
     381.42    -0.016
     382.71     0.029
     383.99     0.039
     385.28    -0.053
     386.57     0.026
     387.86     0.141
     389.15     0.037
     390.44     0.039
     391.72     0.050
     393.01     0.022
     394.30    -0.113
     395.59    -0.002
     396.88    -0.001
     398.17    -0.086
     399.45    -0.075
%%GASS      0  datapoints: v_lsr [km/s] and T_B [K]
%%LAB     777  datapoints: v_lsr [km/s] and T_B [K]
    -399.86     0.013
    -398.83     0.023
    -397.80    -0.065
    -396.77    -0.124
    -395.74    -0.181
    -394.71     0.062
    -393.68    -0.044
    -392.65     0.019
    -391.62    -0.044
    -390.59     0.037
    -389.56     0.053
    -388.53    -0.028
    -387.50    -0.071
    -386.47    -0.098
    -385.44    -0.058
    -384.41     0.009
    -383.37     0.074
    -382.34    -0.035
    -381.31    -0.013
    -380.28     0.073
    -379.25    -0.122
    -378.22    -0.044
    -377.19     0.062
    -376.16    -0.040
    -375.13     0.136
    -374.10     0.029
    -373.07     0.044
    -372.04    -0.019
    -371.01     0.161
    -369.98     0.026
    -368.95     0.068
    -367.92    -0.014
    -366.89     0.256
    -365.85     0.105
    -364.82     0.058
    -363.79    -0.245
    -362.76    -0.055
    -361.73    -0.024
    -360.70     0.058
    -359.67    -0.043
    -358.64    -0.026
    -357.61    -0.037
    -356.58     0.085
    -355.55    -0.090
    -354.52    -0.127
    -353.49    -0.012
    -352.46    -0.045
    -351.43     0.004
    -350.40    -0.000
    -349.37    -0.191
    -348.33     0.093
    -347.30     0.029
    -346.27    -0.005
    -345.24     0.015
    -344.21     0.124
    -343.18    -0.052
    -342.15     0.003
    -341.12     0.011
    -340.09     0.036
    -339.06    -0.066
    -338.03     0.030
    -337.00    -0.020
    -335.97     0.139
    -334.94     0.035
    -333.91     0.103
    -332.88     0.049
    -331.85    -0.039
    -330.82     0.010
    -329.78    -0.014
    -328.75    -0.161
    -327.72    -0.042
    -326.69    -0.072
    -325.66     0.045
    -324.63     0.074
    -323.60     0.123
    -322.57     0.066
    -321.54     0.082
    -320.51    -0.087
    -319.48    -0.015
    -318.45    -0.047
    -317.42     0.009
    -316.39    -0.125
    -315.36     0.099
    -314.33     0.026
    -313.30     0.027
    -312.26    -0.078
    -311.23    -0.124
    -310.20     0.083
    -309.17    -0.129
    -308.14    -0.068
    -307.11     0.090
    -306.08    -0.007
    -305.05     0.050
    -304.02     0.096
    -302.99     0.226
    -301.96    -0.064
    -300.93    -0.011
    -299.90     0.040
    -298.87     0.002
    -297.84    -0.024
    -296.81    -0.065
    -295.78    -0.083
    -294.74    -0.040
    -293.71    -0.056
    -292.68    -0.013
    -291.65     0.018
    -290.62    -0.023
    -289.59     0.078
    -288.56    -0.059
    -287.53     0.039
    -286.50     0.030
    -285.47     0.037
    -284.44     0.030
    -283.41    -0.019
    -282.38    -0.015
    -281.35    -0.038
    -280.32    -0.185
    -279.29    -0.075
    -278.26     0.004
    -277.23    -0.039
    -276.19     0.132
    -275.16    -0.026
    -274.13    -0.161
    -273.10     0.095
    -272.07     0.104
    -271.04     0.018
    -270.01     0.083
    -268.98    -0.041
    -267.95     0.108
    -266.92    -0.079
    -265.89     0.175
    -264.86    -0.102
    -263.83     0.085
    -262.80    -0.190
    -261.77     0.048
    -260.74     0.009
    -259.71    -0.044
    -258.67    -0.030
    -257.64    -0.077
    -256.61     0.051
    -255.58     0.050
    -254.55    -0.142
    -253.52    -0.075
    -252.49     0.150
    -251.46    -0.133
    -250.43     0.043
    -249.40     0.024
    -248.37    -0.031
    -247.34     0.071
    -246.31    -0.064
    -245.28    -0.057
    -244.25    -0.068
    -243.22     0.097
    -242.19     0.065
    -241.15    -0.023
    -240.12     0.124
    -239.09     0.024
    -238.06     0.067
    -237.03    -0.150
    -236.00     0.058
    -234.97     0.149
    -233.94     0.001
    -232.91     0.039
    -231.88     0.085
    -230.85     0.068
    -229.82    -0.027
    -228.79    -0.058
    -227.76    -0.053
    -226.73    -0.045
    -225.70    -0.054
    -224.67    -0.017
    -223.64    -0.028
    -222.60     0.099
    -221.57    -0.079
    -220.54     0.002
    -219.51     0.075
    -218.48    -0.058
    -217.45     0.000
    -216.42     0.052
    -215.39     0.025
    -214.36    -0.027
    -213.33    -0.019
    -212.30     0.142
    -211.27    -0.070
    -210.24    -0.017
    -209.21     0.024
    -208.18     0.163
    -207.15    -0.039
    -206.12     0.034
    -205.08     0.064
    -204.05     0.128
    -203.02    -0.025
    -201.99    -0.034
    -200.96    -0.153
    -199.93    -0.046
    -198.90    -0.012
    -197.87    -0.029
    -196.84     0.074
    -195.81     0.050
    -194.78    -0.003
    -193.75     0.134
    -192.72     0.062
    -191.69    -0.174
    -190.66     0.091
    -189.63     0.073
    -188.60    -0.005
    -187.56    -0.116
    -186.53     0.108
    -185.50    -0.003
    -184.47    -0.044
    -183.44    -0.058
    -182.41     0.067
    -181.38    -0.068
    -180.35    -0.121
    -179.32    -0.046
    -178.29     0.021
    -177.26     0.130
    -176.23    -0.052
    -175.20     0.070
    -174.17     0.129
    -173.14    -0.001
    -172.11    -0.083
    -171.08     0.024
    -170.05     0.000
    -169.01     0.105
    -167.98    -0.050
    -166.95     0.017
    -165.92    -0.164
    -164.89     0.143
    -163.86     0.059
    -162.83    -0.080
    -161.80    -0.029
    -160.77    -0.034
    -159.74    -0.020
    -158.71    -0.008
    -157.68    -0.178
    -156.65     0.109
    -155.62     0.063
    -154.59    -0.005
    -153.56     0.102
    -152.53     0.066
    -151.49    -0.067
    -150.46     0.164
    -149.43     0.097
    -148.40    -0.037
    -147.37     0.085
    -146.34     0.041
    -145.31     0.060
    -144.28    -0.055
    -143.25    -0.154
    -142.22     0.003
    -141.19    -0.080
    -140.16     0.050
    -139.13     0.085
    -138.10     0.035
    -137.07     0.095
    -136.04     0.127
    -135.01    -0.056
    -133.97     0.072
    -132.94    -0.096
    -131.91     0.083
    -130.88    -0.044
    -129.85    -0.039
    -128.82    -0.208
    -127.79    -0.104
    -126.76    -0.067
    -125.73     0.113
    -124.70     0.148
    -123.67     0.132
    -122.64     0.030
    -121.61     0.044
    -120.58     0.192
    -119.55     0.024
    -118.52     0.054
    -117.49    -0.007
    -116.46     0.034
    -115.42     0.156
    -114.39    -0.147
    -113.36     0.110
    -112.33    -0.068
    -111.30     0.146
    -110.27     0.021
    -109.24    -0.081
    -108.21    -0.042
    -107.18    -0.001
    -106.15     0.078
    -105.12     0.024
    -104.09    -0.026
    -103.06     0.037
    -102.03     0.001
    -101.00     0.044
     -99.97    -0.013
     -98.94     0.210
     -97.90    -0.064
     -96.87     0.178
     -95.84     0.049
     -94.81    -0.034
     -93.78     0.014
     -92.75     0.086
     -91.72    -0.052
     -90.69     0.219
     -89.66     0.052
     -88.63    -0.022
     -87.60    -0.046
     -86.57     0.159
     -85.54     0.049
     -84.51     0.140
     -83.48     0.161
     -82.45     0.097
     -81.42     0.167
     -80.38     0.197
     -79.35     0.264
     -78.32     0.089
     -77.29     0.048
     -76.26     0.040
     -75.23     0.102
     -74.20     0.167
     -73.17     0.238
     -72.14     0.138
     -71.11     0.230
     -70.08     0.122
     -69.05     0.213
     -68.02     0.304
     -66.99     0.097
     -65.96     0.165
     -64.93     0.339
     -63.90     0.037
     -62.87     0.084
     -61.83     0.359
     -60.80     0.093
     -59.77     0.201
     -58.74     0.370
     -57.71     0.461
     -56.68     0.147
     -55.65     0.290
     -54.62     0.465
     -53.59     0.445
     -52.56     0.408
     -51.53     0.568
     -50.50     0.487
     -49.47     0.422
     -48.44     0.519
     -47.41     0.564
     -46.38     0.676
     -45.35     0.670
     -44.31     0.742
     -43.28     0.750
     -42.25     0.631
     -41.22     0.666
     -40.19     0.870
     -39.16     0.748
     -38.13     0.715
     -37.10     0.852
     -36.07     0.854
     -35.04     0.841
     -34.01     0.873
     -32.98     0.898
     -31.95     0.767
     -30.92     0.881
     -29.89     0.563
     -28.86     0.782
     -27.83     0.717
     -26.79     0.935
     -25.76     0.886
     -24.73     0.734
     -23.70     0.857
     -22.67     0.935
     -21.64     1.072
     -20.61     1.189
     -19.58     1.206
     -18.55     1.261
     -17.52     1.559
     -16.49     1.579
     -15.46     1.520
     -14.43     1.937
     -13.40     2.084
     -12.37     2.215
     -11.34     2.652
     -10.31     2.975
      -9.28     3.336
      -8.24     3.765
      -7.21     4.293
      -6.18     5.144
      -5.15     5.913
      -4.12     7.156
      -3.09    10.091
      -2.06    13.130
      -1.03    14.122
       0.00    13.760
       1.03    12.476
       2.06    11.539
       3.09    10.632
       4.12    10.631
       5.15    11.034
       6.18    11.079
       7.21    11.529
       8.24    11.538
       9.28    10.635
      10.31     9.533
      11.34     8.859
      12.37     7.787
      13.40     6.799
      14.43     6.069
      15.46     5.220
      16.49     4.413
      17.52     3.560
      18.55     3.017
      19.58     2.443
      20.61     1.906
      21.64     1.766
      22.67     1.463
      23.70     1.110
      24.73     0.845
      25.76     0.567
      26.79     0.606
      27.83     0.458
      28.86     0.300
      29.89     0.132
      30.92     0.264
      31.95     0.237
      32.98     0.006
      34.01     0.152
      35.04     0.203
      36.07     0.143
      37.10     0.049
      38.13     0.119
      39.16     0.066
      40.19    -0.023
      41.22    -0.024
      42.25     0.039
      43.28     0.223
      44.31    -0.111
      45.35    -0.023
      46.38    -0.041
      47.41     0.086
      48.44     0.028
      49.47     0.049
      50.50    -0.081
      51.53     0.059
      52.56    -0.052
      53.59     0.019
      54.62     0.082
      55.65     0.027
      56.68     0.108
      57.71    -0.039
      58.74    -0.090
      59.77     0.086
      60.80     0.019
      61.83     0.006
      62.87     0.009
      63.90    -0.039
      64.93     0.023
      65.96     0.050
      66.99     0.067
      68.02     0.071
      69.05     0.008
      70.08    -0.004
      71.11     0.072
      72.14    -0.082
      73.17    -0.032
      74.20     0.121
      75.23    -0.022
      76.26     0.151
      77.29     0.023
      78.32     0.008
      79.35     0.051
      80.39    -0.115
      81.42     0.091
      82.45    -0.121
      83.48     0.010
      84.51    -0.001
      85.54     0.082
      86.57    -0.048
      87.60     0.140
      88.63    -0.002
      89.66    -0.145
      90.69     0.128
      91.72     0.024
      92.75     0.058
      93.78    -0.108
      94.81     0.148
      95.84    -0.045
      96.87     0.104
      97.90    -0.060
      98.94     0.016
      99.97    -0.050
     101.00     0.105
     102.03    -0.034
     103.06     0.004
     104.09    -0.010
     105.12     0.063
     106.15    -0.017
     107.18    -0.013
     108.21    -0.041
     109.24     0.159
     110.27    -0.117
     111.30    -0.036
     112.33    -0.004
     113.36     0.083
     114.39    -0.040
     115.42    -0.013
     116.46     0.016
     117.49     0.001
     118.52    -0.134
     119.55    -0.118
     120.58    -0.138
     121.61     0.004
     122.64    -0.022
     123.67     0.044
     124.70    -0.030
     125.73     0.218
     126.76     0.044
     127.79     0.029
     128.82     0.077
     129.85    -0.012
     130.88    -0.033
     131.91     0.158
     132.94    -0.011
     133.97     0.118
     135.01    -0.093
     136.04     0.049
     137.07    -0.016
     138.10     0.037
     139.13    -0.106
     140.16    -0.022
     141.19    -0.099
     142.22     0.098
     143.25    -0.016
     144.28     0.188
     145.31     0.034
     146.34     0.104
     147.37    -0.066
     148.40    -0.059
     149.43     0.097
     150.46     0.129
     151.49     0.013
     152.53    -0.077
     153.56     0.005
     154.59    -0.144
     155.62     0.039
     156.65    -0.155
     157.68    -0.036
     158.71     0.055
     159.74    -0.042
     160.77     0.014
     161.80    -0.155
     162.83     0.134
     163.86    -0.046
     164.89     0.179
     165.92    -0.062
     166.95     0.144
     167.98    -0.023
     169.01    -0.069
     170.05    -0.063
     171.08     0.088
     172.11     0.064
     173.14     0.058
     174.17    -0.098
     175.20     0.149
     176.23     0.037
     177.26     0.069
     178.29    -0.063
     179.32     0.039
     180.35    -0.023
     181.38     0.056
     182.41    -0.118
     183.44     0.067
     184.47    -0.093
     185.50    -0.025
     186.53    -0.047
     187.56     0.009
     188.60    -0.016
     189.63     0.040
     190.66    -0.053
     191.69     0.047
     192.72    -0.044
     193.75     0.043
     194.78    -0.013
     195.81    -0.008
     196.84    -0.135
     197.87    -0.103
     198.90    -0.071
     199.93     0.050
     200.96    -0.017
     201.99     0.111
     203.02    -0.057
     204.05    -0.034
     205.08     0.047
     206.12     0.060
     207.15    -0.044
     208.18    -0.028
     209.21    -0.086
     210.24    -0.077
     211.27    -0.049
     212.30     0.041
     213.33     0.047
     214.36     0.088
     215.39    -0.111
     216.42    -0.091
     217.45    -0.178
     218.48    -0.043
     219.51     0.044
     220.54     0.016
     221.57     0.009
     222.60     0.112
     223.64     0.024
     224.67    -0.161
     225.70    -0.012
     226.73     0.087
     227.76     0.113
     228.79    -0.069
     229.82    -0.004
     230.85    -0.080
     231.88    -0.143
     232.91     0.124
     233.94     0.002
     234.97    -0.145
     236.00    -0.002
     237.03     0.101
     238.06    -0.025
     239.09     0.085
     240.12    -0.010
     241.15     0.025
     242.19    -0.044
     243.22     0.093
     244.25    -0.163
     245.28     0.033
     246.31     0.068
     247.34     0.072
     248.37     0.125
     249.40     0.132
     250.43    -0.008
     251.46     0.017
     252.49     0.036
     253.52    -0.001
     254.55     0.006
     255.58     0.073
     256.61     0.014
     257.64     0.112
     258.67    -0.001
     259.71     0.039
     260.74     0.224
     261.77     0.088
     262.80    -0.083
     263.83    -0.092
     264.86    -0.087
     265.89     0.081
     266.92    -0.070
     267.95     0.009
     268.98     0.020
     270.01     0.239
     271.04    -0.014
     272.07     0.197
     273.10     0.128
     274.13    -0.146
     275.16    -0.111
     276.19    -0.020
     277.23     0.095
     278.26     0.011
     279.29     0.123
     280.32     0.044
     281.35    -0.073
     282.38     0.060
     283.41    -0.083
     284.44    -0.054
     285.47    -0.028
     286.50    -0.078
     287.53    -0.104
     288.56     0.104
     289.59     0.115
     290.62    -0.048
     291.65    -0.041
     292.68    -0.062
     293.71    -0.013
     294.74    -0.172
     295.78    -0.003
     296.81     0.147
     297.84    -0.091
     298.87    -0.138
     299.90    -0.015
     300.93     0.040
     301.96     0.026
     302.99     0.110
     304.02     0.066
     305.05     0.012
     306.08     0.147
     307.11     0.116
     308.14    -0.049
     309.17    -0.122
     310.20    -0.120
     311.23     0.026
     312.26    -0.117
     313.30     0.060
     314.33    -0.027
     315.36    -0.088
     316.39    -0.109
     317.42     0.026
     318.45    -0.035
     319.48    -0.082
     320.51    -0.104
     321.54     0.034
     322.57    -0.075
     323.60     0.080
     324.63     0.003
     325.66    -0.008
     326.69     0.005
     327.72    -0.007
     328.75     0.008
     329.78     0.120
     330.82    -0.105
     331.85     0.148
     332.88    -0.039
     333.91     0.012
     334.94     0.005
     335.97     0.101
     337.00     0.009
     338.03    -0.023
     339.06    -0.176
     340.09    -0.001
     341.12    -0.102
     342.15     0.021
     343.18    -0.082
     344.21     0.034
     345.24    -0.072
     346.27     0.006
     347.30     0.035
     348.33    -0.038
     349.37    -0.128
     350.40    -0.018
     351.43    -0.036
     352.46     0.131
     353.49    -0.014
     354.52    -0.162
     355.55     0.099
     356.58     0.036
     357.61     0.075
     358.64     0.082
     359.67     0.032
     360.70    -0.041
     361.73    -0.149
     362.76    -0.005
     363.79    -0.059
     364.82     0.124
     365.85     0.089
     366.89     0.048
     367.92     0.106
     368.95     0.029
     369.98    -0.109
     371.01     0.035
     372.04    -0.152
     373.07     0.158
     374.10    -0.013
     375.13    -0.095
     376.16    -0.091
     377.19     0.101
     378.22     0.037
     379.25     0.074
     380.28    -0.099
     381.31     0.038
     382.34    -0.112
     383.37    -0.119
     384.41    -0.087
     385.44    -0.021
     386.47    -0.043
     387.50     0.002
     388.53     0.035
     389.56    -0.037
     390.59    -0.141
     391.62    -0.039
     392.65    -0.019
     393.68     0.205
     394.71    -0.174
     395.74     0.180
     396.77    -0.087
     397.80     0.094
     398.83    -0.095
     399.86     0.072
