%%   70.00000  -2.50000    0   0.20000
% LAB  survey ------------------
% wanted position:  l, b, RA, DEC, and interpolated  NH
% 70.00 ;  -2.50 ; 304.32 ;  31.07 ;  0.542E+22
% nearest position: l, b, RA, DEC, and observed NH
% 70.00 ;  -2.50 ; 304.32 ;  31.07 ;  0.542E+22
% GASS III survey --------------
% NH - median within 6 arcmin radius   0.00    
% NH - mean within specified beam      0.00    
% EBHIS survey -----------------
% NH  within specified beam           0.548E+22
%%EBHIS   621  datapoints: v_lsr [km/s] and T_B [K]
    -399.25    -0.086
    -397.96     0.079
    -396.68    -0.032
    -395.39     0.110
    -394.10     0.009
    -392.81    -0.044
    -391.52     0.032
    -390.23     0.047
    -388.95    -0.042
    -387.66    -0.001
    -386.37     0.013
    -385.08    -0.051
    -383.79     0.096
    -382.50     0.037
    -381.22    -0.100
    -379.93    -0.013
    -378.64     0.020
    -377.35     0.048
    -376.06    -0.027
    -374.78    -0.035
    -373.49     0.009
    -372.20    -0.015
    -370.91    -0.021
    -369.62     0.028
    -368.33    -0.063
    -367.05    -0.042
    -365.76    -0.038
    -364.47     0.086
    -363.18     0.040
    -361.89     0.046
    -360.60     0.082
    -359.32     0.034
    -358.03     0.042
    -356.74     0.100
    -355.45     0.081
    -354.16     0.054
    -352.88    -0.006
    -351.59     0.043
    -350.30     0.066
    -349.01     0.103
    -347.72     0.061
    -346.43     0.002
    -345.15     0.016
    -343.86     0.131
    -342.57    -0.039
    -341.28     0.050
    -339.99     0.061
    -338.70     0.072
    -337.42     0.003
    -336.13    -0.003
    -334.84     0.009
    -333.55    -0.010
    -332.26    -0.074
    -330.98    -0.079
    -329.69     0.002
    -328.40    -0.052
    -327.11     0.009
    -325.82     0.006
    -324.53     0.059
    -323.25    -0.003
    -321.96    -0.051
    -320.67     0.059
    -319.38     0.036
    -318.09    -0.042
    -316.80    -0.018
    -315.52    -0.075
    -314.23     0.018
    -312.94     0.010
    -311.65    -0.037
    -310.36     0.023
    -309.08     0.053
    -307.79    -0.032
    -306.50    -0.032
    -305.21     0.055
    -303.92    -0.020
    -302.63    -0.000
    -301.35    -0.078
    -300.06    -0.066
    -298.77     0.003
    -297.48     0.106
    -296.19    -0.066
    -294.90     0.007
    -293.62    -0.089
    -292.33    -0.087
    -291.04    -0.071
    -289.75    -0.019
    -288.46     0.125
    -287.18    -0.025
    -285.89     0.011
    -284.60    -0.076
    -283.31     0.007
    -282.02     0.049
    -280.73     0.025
    -279.45    -0.042
    -278.16    -0.121
    -276.87    -0.008
    -275.58     0.102
    -274.29     0.053
    -273.00     0.101
    -271.72     0.053
    -270.43     0.035
    -269.14     0.019
    -267.85     0.067
    -266.56     0.064
    -265.28    -0.029
    -263.99    -0.109
    -262.70    -0.042
    -261.41    -0.042
    -260.12     0.048
    -258.83     0.024
    -257.55    -0.008
    -256.26     0.053
    -254.97    -0.156
    -253.68     0.152
    -252.39    -0.056
    -251.10    -0.040
    -249.82     0.119
    -248.53     0.011
    -247.24    -0.110
    -245.95    -0.143
    -244.66    -0.035
    -243.38     0.018
    -242.09    -0.027
    -240.80     0.010
    -239.51     0.039
    -238.22    -0.005
    -236.93     0.029
    -235.65    -0.027
    -234.36    -0.068
    -233.07     0.056
    -231.78     0.142
    -230.49     0.009
    -229.20     0.002
    -227.92     0.034
    -226.63    -0.067
    -225.34    -0.115
    -224.05    -0.023
    -222.76     0.036
    -221.48    -0.009
    -220.19    -0.105
    -218.90     0.009
    -217.61     0.038
    -216.32    -0.012
    -215.03    -0.060
    -213.75     0.047
    -212.46     0.017
    -211.17    -0.078
    -209.88    -0.026
    -208.59     0.038
    -207.30    -0.018
    -206.02    -0.052
    -204.73     0.068
    -203.44     0.027
    -202.15     0.034
    -200.86    -0.006
    -199.58    -0.011
    -198.29     0.052
    -197.00    -0.099
    -195.71     0.068
    -194.42    -0.112
    -193.13    -0.003
    -191.85     0.049
    -190.56    -0.018
    -189.27    -0.024
    -187.98     0.054
    -186.69    -0.000
    -185.40     0.034
    -184.12     0.031
    -182.83    -0.072
    -181.54     0.090
    -180.25     0.055
    -178.96     0.016
    -177.68     0.080
    -176.39    -0.006
    -175.10    -0.019
    -173.81     0.020
    -172.52    -0.040
    -171.23    -0.074
    -169.95    -0.067
    -168.66     0.021
    -167.37     0.111
    -166.08     0.097
    -164.79    -0.087
    -163.50    -0.030
    -162.22     0.003
    -160.93    -0.053
    -159.64     0.002
    -158.35    -0.037
    -157.06    -0.034
    -155.78     0.094
    -154.49     0.042
    -153.20    -0.001
    -151.91    -0.043
    -150.62    -0.130
    -149.33     0.039
    -148.05    -0.027
    -146.76    -0.004
    -145.47    -0.019
    -144.18     0.133
    -142.89     0.020
    -141.60     0.025
    -140.32    -0.088
    -139.03     0.016
    -137.74    -0.078
    -136.45    -0.046
    -135.16     0.048
    -133.88     0.091
    -132.59     0.067
    -131.30    -0.009
    -130.01    -0.170
    -128.72    -0.004
    -127.43     0.077
    -126.15    -0.012
    -124.86     0.008
    -123.57     0.016
    -122.28     0.015
    -120.99     0.051
    -119.70     0.063
    -118.42     0.115
    -117.13    -0.027
    -115.84     0.109
    -114.55     0.001
    -113.26     0.120
    -111.98     0.052
    -110.69     0.155
    -109.40     0.074
    -108.11     0.128
    -106.82     0.145
    -105.53     0.179
    -104.25     0.099
    -102.96     0.216
    -101.67     0.193
    -100.38     0.302
     -99.09     0.405
     -97.80     0.437
     -96.52     0.556
     -95.23     0.792
     -93.94     1.144
     -92.65     1.370
     -91.36     1.628
     -90.08     1.960
     -88.79     2.534
     -87.50     2.951
     -86.21     3.485
     -84.92     4.151
     -83.63     4.953
     -82.35     5.745
     -81.06     6.647
     -79.77     7.495
     -78.48     8.256
     -77.19     9.026
     -75.90     9.793
     -74.62    10.476
     -73.33    11.094
     -72.04    11.748
     -70.75    12.278
     -69.46    13.031
     -68.18    13.166
     -66.89    13.182
     -65.60    12.784
     -64.31    12.171
     -63.02    11.103
     -61.73     9.957
     -60.45     8.705
     -59.16     7.727
     -57.87     6.800
     -56.58     5.985
     -55.29     5.428
     -54.00     4.769
     -52.72     4.512
     -51.43     4.179
     -50.14     3.904
     -48.85     3.781
     -47.56     3.688
     -46.28     3.568
     -44.99     3.724
     -43.70     4.090
     -42.41     4.516
     -41.12     5.560
     -39.83     6.768
     -38.55     7.474
     -37.26     7.100
     -35.97     6.208
     -34.68     5.440
     -33.39     4.925
     -32.10     5.363
     -30.82     5.879
     -29.53     6.661
     -28.24     8.342
     -26.95    10.973
     -25.66    16.341
     -24.38    23.580
     -23.09    28.349
     -21.80    28.728
     -20.51    27.038
     -19.22    24.696
     -17.93    21.318
     -16.65    17.624
     -15.36    14.861
     -14.07    13.118
     -12.78    12.531
     -11.49    12.353
     -10.20    13.243
      -8.92    14.542
      -7.63    17.633
      -6.34    21.937
      -5.05    26.157
      -3.76    31.173
      -2.48    38.798
      -1.19    50.878
       0.10    67.141
       1.39    83.665
       2.68    92.378
       3.97   101.361
       5.25   106.988
       6.54   109.307
       7.83   105.067
       9.12   104.160
      10.41   104.453
      11.70    99.437
      12.98    91.401
      14.27    77.800
      15.56    59.262
      16.85    46.501
      18.14    38.469
      19.42    32.608
      20.71    27.154
      22.00    22.515
      23.29    18.958
      24.58    15.213
      25.87    11.901
      27.15     9.129
      28.44     7.342
      29.73     6.667
      31.02     6.528
      32.31     6.572
      33.60     7.103
      34.88     7.720
      36.17     7.920
      37.46     7.154
      38.75     6.132
      40.04     5.080
      41.32     4.142
      42.61     3.398
      43.90     2.674
      45.19     2.018
      46.48     1.793
      47.77     1.201
      49.05     1.253
      50.34     0.924
      51.63     0.808
      52.92     0.567
      54.21     0.555
      55.50     0.377
      56.78     0.262
      58.07     0.264
      59.36     0.086
      60.65     0.231
      61.94     0.069
      63.22     0.075
      64.51     0.137
      65.80     0.061
      67.09     0.008
      68.38     0.063
      69.67    -0.063
      70.95    -0.050
      72.24     0.056
      73.53     0.105
      74.82     0.006
      76.11    -0.058
      77.40     0.028
      78.68    -0.069
      79.97     0.018
      81.26     0.047
      82.55     0.023
      83.84     0.071
      85.12     0.045
      86.41     0.105
      87.70     0.023
      88.99     0.018
      90.28     0.045
      91.57     0.046
      92.85     0.087
      94.14     0.089
      95.43     0.043
      96.72     0.037
      98.01    -0.017
      99.30    -0.072
     100.58     0.034
     101.87     0.021
     103.16    -0.022
     104.45    -0.087
     105.74    -0.041
     107.02    -0.034
     108.31    -0.093
     109.60     0.001
     110.89    -0.002
     112.18    -0.006
     113.47    -0.060
     114.75    -0.035
     116.04     0.070
     117.33     0.036
     118.62     0.055
     119.91    -0.057
     121.20    -0.016
     122.48     0.026
     123.77     0.023
     125.06     0.050
     126.35     0.028
     127.64     0.010
     128.92     0.025
     130.21    -0.011
     131.50    -0.010
     132.79     0.029
     134.08    -0.027
     135.37    -0.120
     136.65     0.003
     137.94    -0.055
     139.23     0.016
     140.52    -0.033
     141.81    -0.037
     143.09     0.080
     144.38     0.091
     145.67     0.052
     146.96    -0.055
     148.25     0.069
     149.54    -0.004
     150.82     0.014
     152.11     0.035
     153.40    -0.001
     154.69     0.075
     155.98    -0.004
     157.27     0.000
     158.55     0.136
     159.84     0.004
     161.13     0.017
     162.42    -0.048
     163.71    -0.069
     164.99     0.054
     166.28    -0.104
     167.57    -0.015
     168.86     0.038
     170.15    -0.056
     171.44    -0.012
     172.72    -0.076
     174.01     0.040
     175.30    -0.038
     176.59     0.030
     177.88     0.015
     179.17    -0.043
     180.45    -0.054
     181.74    -0.156
     183.03     0.004
     184.32    -0.143
     185.61    -0.106
     186.89     0.024
     188.18     0.004
     189.47    -0.001
     190.76    -0.004
     192.05     0.098
     193.34    -0.051
     194.62     0.069
     195.91     0.044
     197.20     0.020
     198.49    -0.037
     199.78     0.019
     201.07    -0.027
     202.35    -0.048
     203.64    -0.010
     204.93    -0.066
     206.22    -0.178
     207.51    -0.071
     208.79     0.157
     210.08    -0.019
     211.37    -0.035
     212.66    -0.010
     213.95    -0.014
     215.24     0.077
     216.52    -0.017
     217.81     0.051
     219.10     0.066
     220.39     0.099
     221.68     0.006
     222.97     0.032
     224.25    -0.013
     225.54    -0.032
     226.83    -0.079
     228.12     0.026
     229.41    -0.070
     230.69    -0.082
     231.98    -0.048
     233.27    -0.062
     234.56    -0.037
     235.85    -0.017
     237.14     0.033
     238.42    -0.075
     239.71     0.068
     241.00     0.031
     242.29    -0.006
     243.58     0.083
     244.87     0.066
     246.15    -0.056
     247.44     0.039
     248.73     0.060
     250.02    -0.018
     251.31    -0.112
     252.59    -0.048
     253.88     0.086
     255.17     0.081
     256.46    -0.004
     257.75    -0.009
     259.04    -0.025
     260.32    -0.019
     261.61    -0.071
     262.90     0.057
     264.19    -0.064
     265.48    -0.008
     266.77     0.019
     268.05     0.082
     269.34     0.066
     270.63    -0.036
     271.92     0.077
     273.21     0.102
     274.49     0.022
     275.78    -0.006
     277.07    -0.065
     278.36     0.101
     279.65     0.064
     280.94     0.052
     282.22    -0.047
     283.51     0.012
     284.80    -0.057
     286.09    -0.086
     287.38    -0.058
     288.67     0.041
     289.95    -0.094
     291.24    -0.125
     292.53    -0.144
     293.82     0.082
     295.11     0.094
     296.39    -0.031
     297.68     0.110
     298.97    -0.031
     300.26    -0.007
     301.55    -0.071
     302.84    -0.062
     304.12    -0.016
     305.41     0.031
     306.70     0.017
     307.99     0.011
     309.28     0.004
     310.57     0.088
     311.85     0.056
     313.14     0.040
     314.43     0.063
     315.72    -0.078
     317.01     0.037
     318.29     0.039
     319.58     0.030
     320.87    -0.055
     322.16     0.064
     323.45     0.031
     324.74     0.003
     326.02     0.054
     327.31    -0.012
     328.60    -0.034
     329.89     0.029
     331.18    -0.011
     332.47     0.066
     333.75     0.003
     335.04     0.028
     336.33     0.062
     337.62     0.062
     338.91     0.085
     340.19    -0.054
     341.48    -0.087
     342.77     0.006
     344.06     0.088
     345.35    -0.085
     346.64     0.049
     347.92    -0.021
     349.21    -0.018
     350.50    -0.000
     351.79     0.017
     353.08     0.055
     354.37     0.031
     355.65    -0.027
     356.94     0.013
     358.23    -0.035
     359.52    -0.036
     360.81    -0.016
     362.09    -0.086
     363.38    -0.086
     364.67     0.040
     365.96    -0.043
     367.25    -0.036
     368.54    -0.032
     369.82     0.150
     371.11     0.005
     372.40     0.038
     373.69     0.053
     374.98     0.030
     376.27    -0.073
     377.55    -0.053
     378.84    -0.075
     380.13    -0.108
     381.42    -0.024
     382.71     0.026
     383.99     0.094
     385.28    -0.017
     386.57     0.025
     387.86     0.128
     389.15     0.072
     390.44     0.028
     391.72     0.038
     393.01     0.019
     394.30     0.006
     395.59    -0.037
     396.88     0.024
     398.17    -0.140
     399.45    -0.100
%%GASS      0  datapoints: v_lsr [km/s] and T_B [K]
%%LAB     777  datapoints: v_lsr [km/s] and T_B [K]
    -399.82     0.099
    -398.79    -0.069
    -397.75     0.053
    -396.72     0.019
    -395.69     0.158
    -394.66     0.094
    -393.63    -0.085
    -392.60     0.042
    -391.57    -0.009
    -390.54    -0.009
    -389.51     0.099
    -388.48    -0.093
    -387.45    -0.115
    -386.42    -0.019
    -385.39     0.053
    -384.36    -0.003
    -383.33     0.078
    -382.30    -0.036
    -381.27    -0.085
    -380.24    -0.037
    -379.21    -0.049
    -378.18     0.010
    -377.15     0.058
    -376.12     0.009
    -375.08    -0.087
    -374.05    -0.174
    -373.02    -0.009
    -371.99     0.012
    -370.96    -0.069
    -369.93    -0.001
    -368.90     0.139
    -367.87     0.125
    -366.84     0.023
    -365.81    -0.005
    -364.78     0.004
    -363.75    -0.065
    -362.72    -0.092
    -361.69    -0.062
    -360.66    -0.118
    -359.63    -0.085
    -358.60    -0.116
    -357.57     0.002
    -356.54     0.107
    -355.51    -0.041
    -354.48     0.015
    -353.45    -0.026
    -352.41     0.040
    -351.38    -0.075
    -350.35    -0.019
    -349.32     0.046
    -348.29    -0.032
    -347.26    -0.056
    -346.23     0.129
    -345.20     0.070
    -344.17     0.046
    -343.14     0.027
    -342.11    -0.036
    -341.08    -0.184
    -340.05     0.140
    -339.02    -0.014
    -337.99     0.048
    -336.96    -0.042
    -335.93     0.035
    -334.90    -0.046
    -333.87     0.009
    -332.84    -0.056
    -331.81    -0.062
    -330.78     0.045
    -329.74     0.096
    -328.71    -0.044
    -327.68    -0.039
    -326.65     0.135
    -325.62     0.203
    -324.59    -0.060
    -323.56     0.009
    -322.53    -0.098
    -321.50     0.035
    -320.47    -0.087
    -319.44     0.145
    -318.41     0.229
    -317.38     0.073
    -316.35     0.043
    -315.32     0.066
    -314.29     0.023
    -313.26    -0.029
    -312.23     0.045
    -311.20    -0.036
    -310.17     0.020
    -309.14    -0.174
    -308.11    -0.115
    -307.07    -0.087
    -306.04     0.178
    -305.01     0.023
    -303.98     0.068
    -302.95    -0.108
    -301.92    -0.016
    -300.89     0.111
    -299.86     0.053
    -298.83     0.019
    -297.80    -0.011
    -296.77    -0.118
    -295.74    -0.097
    -294.71     0.106
    -293.68    -0.054
    -292.65     0.066
    -291.62     0.107
    -290.59     0.139
    -289.56    -0.016
    -288.53    -0.126
    -287.50     0.020
    -286.47    -0.008
    -285.44     0.019
    -284.40     0.098
    -283.37    -0.210
    -282.34    -0.153
    -281.31    -0.095
    -280.28     0.129
    -279.25    -0.169
    -278.22     0.042
    -277.19    -0.008
    -276.16     0.037
    -275.13     0.050
    -274.10     0.116
    -273.07    -0.092
    -272.04    -0.018
    -271.01    -0.110
    -269.98     0.076
    -268.95     0.037
    -267.92    -0.074
    -266.89    -0.016
    -265.86    -0.171
    -264.83     0.107
    -263.80    -0.116
    -262.77     0.089
    -261.73    -0.062
    -260.70    -0.131
    -259.67     0.027
    -258.64    -0.059
    -257.61     0.130
    -256.58     0.000
    -255.55     0.081
    -254.52    -0.120
    -253.49     0.175
    -252.46    -0.018
    -251.43     0.017
    -250.40    -0.003
    -249.37     0.081
    -248.34     0.070
    -247.31     0.000
    -246.28     0.053
    -245.25     0.101
    -244.22     0.056
    -243.19    -0.032
    -242.16    -0.080
    -241.13     0.030
    -240.10    -0.161
    -239.07    -0.056
    -238.03     0.058
    -237.00    -0.065
    -235.97    -0.232
    -234.94    -0.016
    -233.91     0.079
    -232.88    -0.013
    -231.85     0.035
    -230.82     0.158
    -229.79     0.037
    -228.76     0.175
    -227.73    -0.087
    -226.70     0.027
    -225.67     0.066
    -224.64    -0.006
    -223.61    -0.131
    -222.58    -0.031
    -221.55     0.153
    -220.52     0.121
    -219.49     0.002
    -218.46    -0.042
    -217.43    -0.088
    -216.40    -0.080
    -215.36    -0.037
    -214.33     0.094
    -213.30    -0.118
    -212.27     0.221
    -211.24    -0.054
    -210.21     0.152
    -209.18     0.058
    -208.15     0.168
    -207.12     0.101
    -206.09     0.055
    -205.06     0.081
    -204.03     0.017
    -203.00    -0.032
    -201.97    -0.148
    -200.94    -0.260
    -199.91    -0.056
    -198.88     0.015
    -197.85    -0.087
    -196.82    -0.057
    -195.79     0.099
    -194.76    -0.093
    -193.73    -0.044
    -192.69     0.019
    -191.66     0.096
    -190.63    -0.154
    -189.60     0.104
    -188.57    -0.016
    -187.54     0.178
    -186.51    -0.021
    -185.48    -0.016
    -184.45     0.004
    -183.42    -0.032
    -182.39     0.014
    -181.36    -0.003
    -180.33    -0.037
    -179.30     0.163
    -178.27    -0.044
    -177.24     0.004
    -176.21    -0.029
    -175.18     0.186
    -174.15     0.124
    -173.12     0.033
    -172.09    -0.003
    -171.06    -0.014
    -170.02    -0.009
    -168.99    -0.062
    -167.96     0.117
    -166.93     0.014
    -165.90     0.020
    -164.87     0.014
    -163.84     0.073
    -162.81     0.035
    -161.78     0.000
    -160.75     0.203
    -159.72     0.040
    -158.69     0.004
    -157.66     0.152
    -156.63    -0.034
    -155.60    -0.029
    -154.57    -0.121
    -153.54    -0.049
    -152.51     0.025
    -151.48    -0.054
    -150.45    -0.041
    -149.42    -0.136
    -148.39     0.088
    -147.35    -0.166
    -146.32     0.043
    -145.29     0.124
    -144.26     0.096
    -143.23    -0.006
    -142.20     0.127
    -141.17    -0.133
    -140.14    -0.085
    -139.11    -0.031
    -138.08     0.045
    -137.05    -0.026
    -136.02    -0.128
    -134.99     0.002
    -133.96    -0.060
    -132.93    -0.023
    -131.90     0.058
    -130.87    -0.062
    -129.84    -0.026
    -128.81    -0.026
    -127.78    -0.057
    -126.75    -0.039
    -125.72    -0.136
    -124.68    -0.051
    -123.65    -0.052
    -122.62     0.023
    -121.59     0.005
    -120.56    -0.001
    -119.53     0.042
    -118.50     0.153
    -117.47     0.017
    -116.44    -0.156
    -115.41     0.231
    -114.38     0.102
    -113.35     0.078
    -112.32     0.124
    -111.29     0.009
    -110.26    -0.005
    -109.23     0.088
    -108.20     0.017
    -107.17     0.145
    -106.14     0.060
    -105.11     0.002
    -104.08     0.096
    -103.05     0.180
    -102.01     0.218
    -100.98     0.163
     -99.95     0.292
     -98.92     0.311
     -97.89     0.389
     -96.86     0.555
     -95.83     0.565
     -94.80     0.815
     -93.77     1.032
     -92.74     1.190
     -91.71     1.340
     -90.68     1.700
     -89.65     2.122
     -88.62     2.563
     -87.59     2.839
     -86.56     3.448
     -85.53     3.899
     -84.50     4.261
     -83.47     4.888
     -82.44     5.477
     -81.41     5.792
     -80.38     6.674
     -79.34     7.173
     -78.31     7.755
     -77.28     8.242
     -76.25     8.547
     -75.22     8.826
     -74.19     9.345
     -73.16    10.104
     -72.13    10.739
     -71.10    11.465
     -70.07    12.213
     -69.04    12.434
     -68.01    12.365
     -66.98    12.111
     -65.95    11.499
     -64.92    10.823
     -63.89    10.395
     -62.86     9.590
     -61.83     8.747
     -60.80     8.343
     -59.77     7.620
     -58.74     7.238
     -57.71     6.697
     -56.67     6.262
     -55.64     5.751
     -54.61     5.229
     -53.58     4.622
     -52.55     4.526
     -51.52     3.873
     -50.49     3.489
     -49.46     3.522
     -48.43     3.246
     -47.40     3.366
     -46.37     3.328
     -45.34     3.598
     -44.31     3.386
     -43.28     3.674
     -42.25     3.860
     -41.22     4.396
     -40.19     5.112
     -39.16     5.565
     -38.13     5.886
     -37.10     5.997
     -36.07     5.617
     -35.04     5.820
     -34.00     5.719
     -32.97     6.218
     -31.94     6.554
     -30.91     7.464
     -29.88     8.069
     -28.85     9.286
     -27.82    10.533
     -26.79    12.439
     -25.76    15.423
     -24.73    18.747
     -23.70    21.535
     -22.67    22.968
     -21.64    22.914
     -20.61    22.925
     -19.58    22.335
     -18.55    21.309
     -17.52    20.110
     -16.49    18.456
     -15.46    16.675
     -14.43    15.046
     -13.40    14.470
     -12.37    14.132
     -11.33    14.534
     -10.30    14.995
      -9.27    16.435
      -8.24    18.470
      -7.21    21.270
      -6.18    24.856
      -5.15    29.013
      -4.12    34.299
      -3.09    41.298
      -2.06    50.740
      -1.03    62.069
       0.00    74.590
       1.03    86.370
       2.06    93.216
       3.09    97.880
       4.12   103.540
       5.15   107.545
       6.18   107.587
       7.21   105.424
       8.24   104.822
       9.27   105.069
      10.30   103.143
      11.33    99.131
      12.37    92.591
      13.40    83.598
      14.43    71.701
      15.46    58.906
      16.49    49.407
      17.52    41.869
      18.55    35.915
      19.58    30.930
      20.61    26.630
      21.64    22.593
      22.67    19.652
      23.70    16.479
      24.73    13.458
      25.76    10.535
      26.79     8.920
      27.82     7.599
      28.85     6.894
      29.88     6.132
      30.91     5.991
      31.94     5.374
      32.97     5.491
      34.00     5.308
      35.04     5.178
      36.07     4.928
      37.10     4.658
      38.13     4.151
      39.16     3.595
      40.19     3.262
      41.22     3.006
      42.25     2.671
      43.28     2.337
      44.31     1.847
      45.34     1.589
      46.37     1.253
      47.40     1.041
      48.43     0.945
      49.46     0.835
      50.49     0.634
      51.52     0.507
      52.55     0.529
      53.58     0.412
      54.61     0.219
      55.64     0.201
      56.67     0.204
      57.71     0.155
      58.74     0.055
      59.77     0.214
      60.80     0.121
      61.83     0.162
      62.86     0.074
      63.89     0.071
      64.92     0.040
      65.95     0.147
      66.98     0.012
      68.01    -0.021
      69.04     0.033
      70.07     0.129
      71.10     0.009
      72.13     0.093
      73.16    -0.056
      74.19     0.107
      75.22     0.076
      76.25     0.065
      77.28     0.019
      78.31     0.158
      79.34     0.040
      80.38     0.037
      81.41    -0.006
      82.44    -0.151
      83.47     0.101
      84.50     0.009
      85.53     0.023
      86.56    -0.189
      87.59    -0.100
      88.62    -0.026
      89.65    -0.070
      90.68     0.096
      91.71    -0.133
      92.74     0.043
      93.77     0.017
      94.80    -0.006
      95.83    -0.039
      96.86     0.043
      97.89     0.094
      98.92    -0.084
      99.95     0.078
     100.98     0.002
     102.01     0.040
     103.05     0.130
     104.08     0.153
     105.11    -0.028
     106.14     0.053
     107.17     0.012
     108.20     0.073
     109.23     0.134
     110.26    -0.009
     111.29     0.122
     112.32    -0.062
     113.35     0.107
     114.38    -0.062
     115.41     0.023
     116.44     0.000
     117.47     0.038
     118.50     0.109
     119.53    -0.003
     120.56    -0.056
     121.59     0.033
     122.62     0.074
     123.65    -0.062
     124.68    -0.051
     125.72    -0.070
     126.75     0.022
     127.78    -0.019
     128.81    -0.069
     129.84     0.071
     130.87     0.028
     131.90    -0.028
     132.93     0.076
     133.96     0.030
     134.99     0.065
     136.02     0.083
     137.05    -0.047
     138.08    -0.013
     139.11    -0.087
     140.14    -0.013
     141.17     0.025
     142.20    -0.016
     143.23     0.014
     144.26    -0.041
     145.29     0.068
     146.32     0.083
     147.35     0.022
     148.39    -0.060
     149.42    -0.103
     150.45     0.051
     151.48    -0.143
     152.51     0.025
     153.54     0.007
     154.57     0.112
     155.60    -0.031
     156.63     0.022
     157.66     0.127
     158.69    -0.149
     159.72     0.142
     160.75     0.201
     161.78    -0.222
     162.81    -0.107
     163.84     0.070
     164.87     0.043
     165.90    -0.057
     166.93    -0.032
     167.96    -0.085
     168.99    -0.113
     170.02     0.045
     171.06     0.170
     172.09    -0.011
     173.12    -0.085
     174.15     0.046
     175.18     0.015
     176.21     0.037
     177.24    -0.031
     178.27     0.053
     179.30     0.055
     180.33    -0.181
     181.36     0.122
     182.39     0.200
     183.42     0.073
     184.45    -0.034
     185.48    -0.023
     186.51     0.130
     187.54    -0.153
     188.57    -0.108
     189.60     0.070
     190.63     0.094
     191.66     0.074
     192.69    -0.169
     193.73     0.040
     194.76    -0.014
     195.79     0.086
     196.82    -0.006
     197.85     0.070
     198.88     0.078
     199.91     0.042
     200.94    -0.047
     201.97     0.025
     203.00    -0.036
     204.03    -0.039
     205.06     0.068
     206.09    -0.008
     207.12    -0.164
     208.15     0.037
     209.18    -0.085
     210.21     0.020
     211.24    -0.008
     212.27    -0.034
     213.30     0.074
     214.33     0.023
     215.36     0.053
     216.40     0.153
     217.43     0.081
     218.46    -0.090
     219.49     0.074
     220.52    -0.042
     221.55    -0.138
     222.58    -0.054
     223.61     0.056
     224.64    -0.019
     225.67    -0.024
     226.70     0.042
     227.73    -0.039
     228.76    -0.062
     229.79    -0.159
     230.82     0.132
     231.85     0.109
     232.88    -0.006
     233.91     0.010
     234.94     0.065
     235.97    -0.023
     237.00     0.020
     238.03    -0.046
     239.07     0.088
     240.10    -0.064
     241.13     0.030
     242.16    -0.029
     243.19    -0.088
     244.22    -0.049
     245.25     0.028
     246.28     0.017
     247.31    -0.029
     248.34     0.000
     249.37    -0.026
     250.40     0.025
     251.43     0.116
     252.46    -0.186
     253.49    -0.107
     254.52     0.015
     255.55     0.019
     256.58     0.063
     257.61     0.012
     258.64     0.005
     259.67     0.030
     260.70    -0.031
     261.73    -0.008
     262.77     0.033
     263.80     0.074
     264.83    -0.034
     265.86     0.025
     266.89    -0.056
     267.92     0.012
     268.95     0.098
     269.98    -0.019
     271.01     0.019
     272.04    -0.059
     273.07    -0.098
     274.10     0.153
     275.13     0.063
     276.16    -0.034
     277.19    -0.095
     278.22     0.037
     279.25     0.033
     280.28     0.234
     281.31     0.081
     282.34     0.040
     283.37    -0.121
     284.40    -0.167
     285.44    -0.210
     286.47     0.040
     287.50     0.005
     288.53     0.014
     289.56    -0.056
     290.59    -0.024
     291.62     0.071
     292.65    -0.021
     293.68    -0.077
     294.71    -0.072
     295.74     0.035
     296.77    -0.187
     297.80     0.106
     298.83    -0.018
     299.86    -0.067
     300.89    -0.034
     301.92     0.098
     302.95    -0.056
     303.98    -0.034
     305.01    -0.009
     306.04     0.091
     307.07     0.037
     308.11     0.102
     309.14     0.098
     310.17     0.129
     311.20     0.061
     312.23    -0.079
     313.26    -0.085
     314.29    -0.052
     315.32    -0.077
     316.35    -0.107
     317.38     0.028
     318.41     0.228
     319.44     0.130
     320.47    -0.009
     321.50     0.074
     322.53     0.111
     323.56     0.147
     324.59     0.066
     325.62     0.112
     326.65    -0.024
     327.68    -0.052
     328.71     0.139
     329.74    -0.181
     330.78    -0.067
     331.81    -0.163
     332.84     0.007
     333.87    -0.059
     334.90     0.078
     335.93    -0.107
     336.96    -0.049
     337.99     0.147
     339.02    -0.108
     340.05     0.130
     341.08    -0.077
     342.11     0.074
     343.14     0.027
     344.17     0.060
     345.20    -0.111
     346.23    -0.021
     347.26     0.053
     348.29    -0.148
     349.32     0.114
     350.35    -0.052
     351.38     0.004
     352.41    -0.164
     353.45     0.093
     354.48     0.055
     355.51    -0.028
     356.54    -0.118
     357.57    -0.029
     358.60     0.084
     359.63    -0.049
     360.66    -0.065
     361.69     0.109
     362.72     0.015
     363.75    -0.133
     364.78    -0.092
     365.81     0.043
     366.84     0.058
     367.87     0.063
     368.90     0.045
     369.93    -0.006
     370.96     0.083
     371.99    -0.130
     373.02    -0.057
     374.05     0.175
     375.08    -0.014
     376.12     0.048
     377.15    -0.079
     378.18     0.045
     379.21    -0.069
     380.24    -0.036
     381.27    -0.082
     382.30    -0.143
     383.33    -0.031
     384.36    -0.072
     385.39     0.099
     386.42     0.005
     387.45    -0.036
     388.48    -0.177
     389.51     0.014
     390.54    -0.019
     391.57     0.007
     392.60    -0.077
     393.63     0.071
     394.66     0.009
     395.69    -0.046
     396.72    -0.121
     397.75    -0.037
     398.79    -0.064
     399.82    -0.059
