%%   75.00000  12.50000    0   0.20000
% LAB  survey ------------------
% wanted position:  l, b, RA, DEC, and interpolated  NH
% 75.00 ;  12.50 ; 291.15 ;  42.91 ;  0.803E+21
% nearest position: l, b, RA, DEC, and observed NH
% 75.00 ;  12.50 ; 291.15 ;  42.91 ;  0.803E+21
% GASS III survey --------------
% NH - median within 6 arcmin radius   0.00    
% NH - mean within specified beam      0.00    
% EBHIS survey -----------------
% NH  within specified beam           0.795E+21
%%EBHIS   621  datapoints: v_lsr [km/s] and T_B [K]
    -399.25     0.142
    -397.96     0.011
    -396.68     0.079
    -395.39     0.132
    -394.10    -0.001
    -392.81    -0.082
    -391.52    -0.010
    -390.23     0.056
    -388.95     0.000
    -387.66     0.057
    -386.37    -0.017
    -385.08    -0.042
    -383.79     0.065
    -382.50     0.024
    -381.22    -0.035
    -379.93    -0.043
    -378.64     0.138
    -377.35    -0.187
    -376.06    -0.022
    -374.78    -0.022
    -373.49    -0.013
    -372.20     0.011
    -370.91     0.040
    -369.62     0.096
    -368.33     0.025
    -367.05    -0.111
    -365.76     0.018
    -364.47     0.079
    -363.18    -0.076
    -361.89    -0.067
    -360.60     0.043
    -359.32    -0.019
    -358.03     0.012
    -356.74    -0.187
    -355.45    -0.045
    -354.16    -0.010
    -352.88     0.032
    -351.59     0.048
    -350.30    -0.019
    -349.01    -0.073
    -347.72    -0.052
    -346.43    -0.031
    -345.15     0.027
    -343.86    -0.068
    -342.57    -0.085
    -341.28     0.019
    -339.99     0.016
    -338.70    -0.079
    -337.42    -0.127
    -336.13    -0.100
    -334.84    -0.158
    -333.55     0.006
    -332.26    -0.078
    -330.98    -0.089
    -329.69    -0.077
    -328.40    -0.040
    -327.11     0.055
    -325.82    -0.083
    -324.53     0.027
    -323.25     0.075
    -321.96    -0.001
    -320.67    -0.069
    -319.38    -0.066
    -318.09     0.051
    -316.80     0.067
    -315.52     0.012
    -314.23    -0.020
    -312.94    -0.078
    -311.65     0.025
    -310.36    -0.073
    -309.08    -0.071
    -307.79    -0.038
    -306.50     0.041
    -305.21    -0.116
    -303.92     0.051
    -302.63    -0.096
    -301.35    -0.003
    -300.06     0.027
    -298.77    -0.005
    -297.48     0.076
    -296.19     0.203
    -294.90    -0.048
    -293.62    -0.158
    -292.33    -0.023
    -291.04     0.021
    -289.75     0.043
    -288.46     0.096
    -287.18    -0.007
    -285.89    -0.033
    -284.60    -0.076
    -283.31    -0.007
    -282.02     0.117
    -280.73    -0.071
    -279.45    -0.031
    -278.16     0.150
    -276.87     0.058
    -275.58     0.008
    -274.29     0.013
    -273.00     0.118
    -271.72     0.011
    -270.43     0.020
    -269.14    -0.032
    -267.85     0.004
    -266.56     0.032
    -265.28    -0.113
    -263.99     0.019
    -262.70    -0.051
    -261.41    -0.071
    -260.12     0.026
    -258.83     0.086
    -257.55     0.025
    -256.26     0.081
    -254.97     0.083
    -253.68    -0.023
    -252.39    -0.063
    -251.10    -0.066
    -249.82    -0.068
    -248.53    -0.019
    -247.24    -0.053
    -245.95    -0.064
    -244.66     0.074
    -243.38     0.056
    -242.09    -0.013
    -240.80    -0.064
    -239.51     0.008
    -238.22    -0.051
    -236.93     0.037
    -235.65    -0.131
    -234.36    -0.089
    -233.07     0.006
    -231.78     0.068
    -230.49     0.006
    -229.20    -0.022
    -227.92     0.005
    -226.63     0.062
    -225.34     0.112
    -224.05     0.103
    -222.76     0.001
    -221.48     0.013
    -220.19    -0.102
    -218.90    -0.008
    -217.61     0.031
    -216.32    -0.039
    -215.03    -0.064
    -213.75     0.034
    -212.46     0.093
    -211.17    -0.095
    -209.88    -0.042
    -208.59    -0.077
    -207.30     0.160
    -206.02    -0.041
    -204.73    -0.131
    -203.44     0.027
    -202.15     0.068
    -200.86    -0.026
    -199.58     0.054
    -198.29     0.056
    -197.00     0.007
    -195.71     0.032
    -194.42     0.014
    -193.13    -0.011
    -191.85     0.069
    -190.56     0.058
    -189.27    -0.014
    -187.98     0.125
    -186.69     0.091
    -185.40    -0.051
    -184.12     0.064
    -182.83     0.066
    -181.54     0.131
    -180.25     0.045
    -178.96    -0.043
    -177.68    -0.026
    -176.39     0.007
    -175.10    -0.030
    -173.81    -0.066
    -172.52     0.003
    -171.23     0.165
    -169.95     0.043
    -168.66     0.082
    -167.37     0.062
    -166.08    -0.045
    -164.79     0.024
    -163.50    -0.023
    -162.22     0.015
    -160.93     0.079
    -159.64     0.096
    -158.35     0.071
    -157.06    -0.163
    -155.78    -0.022
    -154.49    -0.037
    -153.20    -0.062
    -151.91     0.027
    -150.62    -0.062
    -149.33    -0.089
    -148.05     0.006
    -146.76    -0.014
    -145.47     0.097
    -144.18     0.103
    -142.89    -0.055
    -141.60     0.059
    -140.32     0.015
    -139.03     0.042
    -137.74     0.014
    -136.45     0.064
    -135.16     0.173
    -133.88     0.182
    -132.59     0.087
    -131.30    -0.028
    -130.01     0.135
    -128.72     0.147
    -127.43     0.131
    -126.15     0.132
    -124.86     0.333
    -123.57     0.291
    -122.28     0.390
    -120.99     0.318
    -119.70     0.397
    -118.42     0.393
    -117.13     0.475
    -115.84     0.416
    -114.55     0.573
    -113.26     0.665
    -111.98     0.714
    -110.69     0.732
    -109.40     0.868
    -108.11     0.996
    -106.82     0.968
    -105.53     1.038
    -104.25     1.122
    -102.96     1.109
    -101.67     1.141
    -100.38     1.313
     -99.09     1.187
     -97.80     1.361
     -96.52     1.410
     -95.23     1.495
     -93.94     1.560
     -92.65     1.640
     -91.36     1.631
     -90.08     1.562
     -88.79     1.637
     -87.50     1.505
     -86.21     1.148
     -84.92     1.238
     -83.63     1.077
     -82.35     0.868
     -81.06     0.720
     -79.77     0.796
     -78.48     0.555
     -77.19     0.676
     -75.90     0.624
     -74.62     0.632
     -73.33     0.552
     -72.04     0.482
     -70.75     0.498
     -69.46     0.460
     -68.18     0.398
     -66.89     0.410
     -65.60     0.377
     -64.31     0.344
     -63.02     0.346
     -61.73     0.261
     -60.45     0.285
     -59.16     0.174
     -57.87     0.183
     -56.58     0.316
     -55.29     0.400
     -54.00     0.209
     -52.72     0.379
     -51.43     0.363
     -50.14     0.230
     -48.85     0.247
     -47.56     0.176
     -46.28     0.216
     -44.99     0.219
     -43.70     0.165
     -42.41     0.187
     -41.12     0.224
     -39.83     0.429
     -38.55     0.436
     -37.26     0.466
     -35.97     0.645
     -34.68     0.839
     -33.39     1.153
     -32.10     1.107
     -30.82     1.105
     -29.53     1.130
     -28.24     1.307
     -26.95     1.608
     -25.66     1.880
     -24.38     2.083
     -23.09     2.246
     -21.80     2.823
     -20.51     3.165
     -19.22     3.404
     -17.93     3.762
     -16.65     4.346
     -15.36     4.921
     -14.07     5.486
     -12.78     6.504
     -11.49     7.420
     -10.20     8.623
      -8.92     9.788
      -7.63    10.944
      -6.34    12.008
      -5.05    13.347
      -3.76    14.845
      -2.48    16.208
      -1.19    16.078
       0.10    14.414
       1.39    13.251
       2.68    12.570
       3.97    11.883
       5.25    10.600
       6.54     8.512
       7.83     6.796
       9.12     5.720
      10.41     5.142
      11.70     4.544
      12.98     4.294
      14.27     3.872
      15.56     3.556
      16.85     3.346
      18.14     2.931
      19.42     2.767
      20.71     2.443
      22.00     2.235
      23.29     2.011
      24.58     1.785
      25.87     1.714
      27.15     1.447
      28.44     1.225
      29.73     1.106
      31.02     0.794
      32.31     0.604
      33.60     0.555
      34.88     0.461
      36.17     0.256
      37.46     0.314
      38.75     0.215
      40.04     0.146
      41.32     0.078
      42.61     0.060
      43.90     0.067
      45.19     0.097
      46.48     0.035
      47.77     0.009
      49.05     0.118
      50.34     0.089
      51.63    -0.068
      52.92    -0.003
      54.21    -0.158
      55.50    -0.002
      56.78    -0.036
      58.07     0.045
      59.36    -0.057
      60.65    -0.119
      61.94    -0.005
      63.22    -0.004
      64.51     0.043
      65.80    -0.038
      67.09    -0.071
      68.38    -0.132
      69.67     0.165
      70.95     0.138
      72.24     0.081
      73.53    -0.001
      74.82     0.111
      76.11     0.024
      77.40     0.015
      78.68    -0.030
      79.97    -0.037
      81.26     0.092
      82.55    -0.038
      83.84     0.031
      85.12    -0.031
      86.41    -0.027
      87.70    -0.070
      88.99    -0.075
      90.28    -0.047
      91.57     0.081
      92.85    -0.067
      94.14    -0.035
      95.43     0.059
      96.72    -0.010
      98.01     0.072
      99.30     0.203
     100.58     0.099
     101.87     0.002
     103.16     0.086
     104.45     0.031
     105.74    -0.048
     107.02     0.139
     108.31    -0.128
     109.60     0.042
     110.89     0.079
     112.18     0.157
     113.47    -0.054
     114.75    -0.050
     116.04    -0.076
     117.33    -0.059
     118.62    -0.055
     119.91    -0.008
     121.20    -0.009
     122.48     0.128
     123.77    -0.086
     125.06     0.043
     126.35     0.004
     127.64     0.039
     128.92    -0.049
     130.21    -0.043
     131.50     0.045
     132.79    -0.022
     134.08    -0.255
     135.37    -0.028
     136.65     0.049
     137.94     0.025
     139.23     0.044
     140.52     0.066
     141.81     0.061
     143.09     0.022
     144.38    -0.142
     145.67    -0.023
     146.96     0.086
     148.25    -0.043
     149.54    -0.021
     150.82     0.016
     152.11     0.088
     153.40    -0.109
     154.69     0.036
     155.98     0.028
     157.27     0.094
     158.55     0.038
     159.84     0.019
     161.13    -0.080
     162.42     0.061
     163.71    -0.161
     164.99     0.024
     166.28     0.004
     167.57     0.012
     168.86     0.082
     170.15     0.140
     171.44     0.006
     172.72    -0.046
     174.01    -0.054
     175.30    -0.005
     176.59    -0.004
     177.88     0.048
     179.17     0.007
     180.45     0.023
     181.74    -0.128
     183.03    -0.082
     184.32     0.006
     185.61     0.021
     186.89    -0.002
     188.18     0.095
     189.47     0.043
     190.76    -0.071
     192.05    -0.038
     193.34    -0.062
     194.62    -0.013
     195.91    -0.027
     197.20    -0.099
     198.49     0.011
     199.78     0.049
     201.07    -0.054
     202.35    -0.146
     203.64     0.011
     204.93     0.109
     206.22     0.065
     207.51     0.017
     208.79    -0.122
     210.08     0.069
     211.37    -0.003
     212.66    -0.018
     213.95    -0.125
     215.24     0.006
     216.52    -0.049
     217.81     0.020
     219.10    -0.113
     220.39    -0.052
     221.68    -0.075
     222.97    -0.110
     224.25    -0.057
     225.54    -0.030
     226.83    -0.008
     228.12    -0.151
     229.41     0.042
     230.69     0.005
     231.98    -0.031
     233.27    -0.041
     234.56     0.106
     235.85    -0.037
     237.14    -0.040
     238.42    -0.035
     239.71     0.140
     241.00     0.058
     242.29     0.030
     243.58    -0.056
     244.87     0.007
     246.15     0.043
     247.44    -0.012
     248.73    -0.037
     250.02     0.027
     251.31     0.009
     252.59     0.114
     253.88     0.064
     255.17    -0.006
     256.46    -0.054
     257.75     0.047
     259.04    -0.121
     260.32    -0.054
     261.61    -0.173
     262.90     0.016
     264.19     0.069
     265.48    -0.017
     266.77     0.052
     268.05    -0.079
     269.34    -0.055
     270.63    -0.070
     271.92     0.031
     273.21    -0.031
     274.49    -0.083
     275.78    -0.099
     277.07     0.039
     278.36     0.046
     279.65    -0.018
     280.94     0.004
     282.22     0.100
     283.51     0.054
     284.80     0.099
     286.09     0.059
     287.38     0.009
     288.67    -0.021
     289.95    -0.113
     291.24    -0.075
     292.53    -0.037
     293.82     0.028
     295.11    -0.061
     296.39    -0.018
     297.68     0.026
     298.97     0.062
     300.26     0.097
     301.55     0.019
     302.84     0.012
     304.12     0.055
     305.41    -0.011
     306.70    -0.027
     307.99    -0.090
     309.28    -0.024
     310.57     0.062
     311.85     0.101
     313.14     0.032
     314.43     0.001
     315.72    -0.077
     317.01    -0.030
     318.29     0.056
     319.58     0.037
     320.87    -0.030
     322.16     0.138
     323.45    -0.073
     324.74     0.100
     326.02     0.062
     327.31     0.033
     328.60    -0.072
     329.89    -0.085
     331.18    -0.023
     332.47     0.027
     333.75     0.074
     335.04    -0.068
     336.33     0.031
     337.62    -0.007
     338.91     0.072
     340.19    -0.017
     341.48     0.048
     342.77     0.000
     344.06     0.014
     345.35     0.041
     346.64     0.071
     347.92    -0.061
     349.21     0.007
     350.50     0.089
     351.79     0.080
     353.08     0.043
     354.37     0.039
     355.65    -0.083
     356.94    -0.072
     358.23     0.046
     359.52    -0.025
     360.81     0.058
     362.09     0.008
     363.38     0.083
     364.67    -0.005
     365.96     0.028
     367.25    -0.128
     368.54     0.003
     369.82     0.052
     371.11     0.023
     372.40    -0.022
     373.69    -0.046
     374.98    -0.067
     376.27    -0.019
     377.55     0.022
     378.84     0.032
     380.13     0.022
     381.42     0.109
     382.71     0.087
     383.99     0.060
     385.28     0.020
     386.57     0.105
     387.86     0.017
     389.15    -0.082
     390.44    -0.018
     391.72    -0.011
     393.01     0.025
     394.30    -0.132
     395.59    -0.140
     396.88    -0.203
     398.17     0.056
     399.45     0.030
%%GASS      0  datapoints: v_lsr [km/s] and T_B [K]
%%LAB     777  datapoints: v_lsr [km/s] and T_B [K]
    -399.83     0.060
    -398.80     0.017
    -397.77    -0.044
    -396.74    -0.004
    -395.70    -0.014
    -394.67     0.067
    -393.64    -0.018
    -392.61    -0.142
    -391.58     0.108
    -390.55    -0.004
    -389.52     0.126
    -388.49    -0.021
    -387.46    -0.051
    -386.43     0.007
    -385.40     0.016
    -384.37     0.216
    -383.34     0.192
    -382.31     0.003
    -381.28    -0.121
    -380.25    -0.122
    -379.22    -0.019
    -378.19    -0.057
    -377.16     0.078
    -376.13    -0.057
    -375.10    -0.138
    -374.06     0.083
    -373.03     0.055
    -372.00    -0.087
    -370.97     0.067
    -369.94    -0.011
    -368.91     0.025
    -367.88    -0.090
    -366.85    -0.081
    -365.82    -0.009
    -364.79    -0.008
    -363.76     0.052
    -362.73     0.053
    -361.70     0.029
    -360.67    -0.006
    -359.64     0.018
    -358.61    -0.011
    -357.58    -0.006
    -356.55     0.035
    -355.52     0.028
    -354.49     0.065
    -353.45    -0.082
    -352.42    -0.073
    -351.39     0.005
    -350.36     0.038
    -349.33     0.028
    -348.30     0.078
    -347.27     0.076
    -346.24     0.087
    -345.21    -0.112
    -344.18     0.049
    -343.15    -0.035
    -342.12    -0.061
    -341.09     0.103
    -340.06    -0.023
    -339.03     0.085
    -338.00    -0.022
    -336.97    -0.085
    -335.94    -0.017
    -334.91    -0.026
    -333.88    -0.213
    -332.85     0.005
    -331.81    -0.042
    -330.78     0.061
    -329.75    -0.038
    -328.72    -0.037
    -327.69     0.052
    -326.66     0.057
    -325.63    -0.162
    -324.60    -0.035
    -323.57     0.039
    -322.54    -0.150
    -321.51     0.075
    -320.48     0.050
    -319.45     0.049
    -318.42    -0.038
    -317.39    -0.043
    -316.36    -0.024
    -315.33    -0.104
    -314.30    -0.185
    -313.27     0.139
    -312.24     0.080
    -311.21    -0.153
    -310.17     0.072
    -309.14    -0.023
    -308.11    -0.114
    -307.08     0.068
    -306.05    -0.047
    -305.02     0.002
    -303.99    -0.047
    -302.96     0.033
    -301.93     0.028
    -300.90     0.006
    -299.87    -0.070
    -298.84    -0.030
    -297.81     0.021
    -296.78    -0.064
    -295.75    -0.079
    -294.72    -0.065
    -293.69     0.040
    -292.66     0.061
    -291.63     0.151
    -290.60     0.063
    -289.57    -0.060
    -288.53     0.079
    -287.50    -0.145
    -286.47    -0.180
    -285.44    -0.215
    -284.41     0.006
    -283.38     0.133
    -282.35     0.035
    -281.32    -0.185
    -280.29     0.239
    -279.26     0.134
    -278.23     0.091
    -277.20    -0.009
    -276.17    -0.018
    -275.14    -0.021
    -274.11    -0.067
    -273.08    -0.083
    -272.05     0.038
    -271.02    -0.070
    -269.99     0.045
    -268.96    -0.039
    -267.93     0.010
    -266.89    -0.012
    -265.86     0.115
    -264.83     0.102
    -263.80     0.126
    -262.77     0.064
    -261.74    -0.036
    -260.71     0.039
    -259.68     0.170
    -258.65    -0.048
    -257.62     0.148
    -256.59    -0.022
    -255.56    -0.037
    -254.53     0.072
    -253.50     0.045
    -252.47    -0.033
    -251.44    -0.091
    -250.41     0.140
    -249.38     0.075
    -248.35    -0.057
    -247.32    -0.069
    -246.28    -0.005
    -245.25     0.017
    -244.22    -0.019
    -243.19    -0.107
    -242.16    -0.060
    -241.13    -0.030
    -240.10    -0.245
    -239.07     0.112
    -238.04     0.044
    -237.01     0.072
    -235.98     0.047
    -234.95     0.002
    -233.92     0.093
    -232.89     0.023
    -231.86    -0.132
    -230.83     0.140
    -229.80    -0.095
    -228.77    -0.049
    -227.74    -0.030
    -226.71     0.173
    -225.68    -0.037
    -224.64     0.040
    -223.61    -0.077
    -222.58     0.001
    -221.55    -0.001
    -220.52     0.125
    -219.49     0.127
    -218.46    -0.030
    -217.43     0.055
    -216.40    -0.067
    -215.37     0.095
    -214.34    -0.057
    -213.31     0.008
    -212.28    -0.026
    -211.25     0.107
    -210.22     0.055
    -209.19    -0.039
    -208.16     0.205
    -207.13     0.244
    -206.10    -0.061
    -205.07     0.054
    -204.04     0.014
    -203.00    -0.051
    -201.97     0.049
    -200.94    -0.057
    -199.91     0.080
    -198.88    -0.102
    -197.85     0.022
    -196.82     0.058
    -195.79    -0.060
    -194.76    -0.134
    -193.73     0.058
    -192.70     0.027
    -191.67     0.018
    -190.64    -0.074
    -189.61    -0.013
    -188.58     0.044
    -187.55     0.025
    -186.52    -0.020
    -185.49     0.020
    -184.46    -0.064
    -183.43    -0.081
    -182.40     0.068
    -181.36    -0.121
    -180.33    -0.004
    -179.30     0.037
    -178.27    -0.012
    -177.24    -0.044
    -176.21    -0.022
    -175.18    -0.094
    -174.15     0.005
    -173.12     0.129
    -172.09    -0.182
    -171.06     0.011
    -170.03     0.132
    -169.00     0.068
    -167.97    -0.129
    -166.94     0.129
    -165.91    -0.045
    -164.88     0.020
    -163.85    -0.007
    -162.82     0.049
    -161.79    -0.078
    -160.76     0.088
    -159.72     0.043
    -158.69    -0.082
    -157.66    -0.070
    -156.63     0.179
    -155.60    -0.019
    -154.57     0.095
    -153.54     0.016
    -152.51     0.012
    -151.48    -0.015
    -150.45    -0.011
    -149.42    -0.024
    -148.39     0.109
    -147.36    -0.108
    -146.33     0.084
    -145.30     0.035
    -144.27    -0.020
    -143.24     0.033
    -142.21    -0.000
    -141.18     0.018
    -140.15     0.092
    -139.11     0.064
    -138.08     0.124
    -137.05     0.024
    -136.02     0.149
    -134.99    -0.051
    -133.96     0.149
    -132.93     0.149
    -131.90     0.103
    -130.87    -0.008
    -129.84     0.180
    -128.81     0.083
    -127.78     0.235
    -126.75     0.195
    -125.72     0.212
    -124.69     0.250
    -123.66     0.358
    -122.63     0.297
    -121.60     0.388
    -120.57     0.401
    -119.54     0.417
    -118.51     0.527
    -117.47     0.539
    -116.44     0.509
    -115.41     0.714
    -114.38     0.582
    -113.35     0.734
    -112.32     0.774
    -111.29     0.773
    -110.26     0.927
    -109.23     1.037
    -108.20     1.101
    -107.17     1.074
    -106.14     1.127
    -105.11     1.220
    -104.08     1.090
    -103.05     1.322
    -102.02     1.279
    -100.99     1.333
     -99.96     1.366
     -98.93     1.368
     -97.90     1.388
     -96.87     1.479
     -95.83     1.403
     -94.80     1.568
     -93.77     1.620
     -92.74     1.620
     -91.71     1.536
     -90.68     1.551
     -89.65     1.487
     -88.62     1.559
     -87.59     1.561
     -86.56     1.319
     -85.53     1.268
     -84.50     1.283
     -83.47     1.229
     -82.44     1.067
     -81.41     1.076
     -80.38     0.898
     -79.35     0.747
     -78.32     1.093
     -77.29     0.754
     -76.26     0.780
     -75.23     0.732
     -74.19     0.581
     -73.16     0.632
     -72.13     0.549
     -71.10     0.548
     -70.07     0.564
     -69.04     0.591
     -68.01     0.464
     -66.98     0.327
     -65.95     0.563
     -64.92     0.445
     -63.89     0.211
     -62.86     0.504
     -61.83     0.308
     -60.80     0.363
     -59.77     0.302
     -58.74     0.239
     -57.71     0.324
     -56.68     0.127
     -55.65     0.402
     -54.62     0.355
     -53.58     0.270
     -52.55     0.134
     -51.52     0.257
     -50.49     0.205
     -49.46     0.141
     -48.43     0.287
     -47.40     0.302
     -46.37     0.402
     -45.34     0.275
     -44.31     0.450
     -43.28     0.428
     -42.25     0.371
     -41.22     0.538
     -40.19     0.728
     -39.16     0.628
     -38.13     0.616
     -37.10     0.816
     -36.07     0.738
     -35.04     0.774
     -34.01     0.891
     -32.98     1.083
     -31.94     1.032
     -30.91     1.214
     -29.88     1.367
     -28.85     1.662
     -27.82     1.597
     -26.79     1.879
     -25.76     2.070
     -24.73     2.254
     -23.70     2.448
     -22.67     2.827
     -21.64     2.811
     -20.61     3.224
     -19.58     3.670
     -18.55     3.908
     -17.52     4.139
     -16.49     4.323
     -15.46     4.713
     -14.43     4.920
     -13.40     5.602
     -12.37     6.179
     -11.34     6.957
     -10.30     7.931
      -9.27     8.862
      -8.24    10.149
      -7.21    11.877
      -6.18    13.097
      -5.15    14.372
      -4.12    15.575
      -3.09    16.899
      -2.06    17.349
      -1.03    17.220
       0.00    15.577
       1.03    14.260
       2.06    13.107
       3.09    12.236
       4.12    10.934
       5.15     9.644
       6.18     8.072
       7.21     6.743
       8.24     5.702
       9.27     4.874
      10.30     4.521
      11.34     4.001
      12.37     3.702
      13.40     3.409
      14.43     3.174
      15.46     2.833
      16.49     2.802
      17.52     2.442
      18.55     2.409
      19.58     2.045
      20.61     2.096
      21.64     1.848
      22.67     1.618
      23.70     1.594
      24.73     1.356
      25.76     1.314
      26.79     1.268
      27.82     1.243
      28.85     1.145
      29.88     1.023
      30.91     0.703
      31.94     0.685
      32.98     0.600
      34.01     0.536
      35.04     0.230
      36.07     0.387
      37.10     0.392
      38.13     0.097
      39.16     0.114
      40.19     0.209
      41.22     0.293
      42.25     0.104
      43.28     0.171
      44.31     0.002
      45.34    -0.072
      46.37     0.159
      47.40     0.010
      48.43     0.058
      49.46     0.101
      50.49     0.139
      51.52     0.198
      52.55     0.103
      53.59     0.062
      54.62    -0.134
      55.65    -0.001
      56.68     0.082
      57.71     0.110
      58.74     0.009
      59.77     0.081
      60.80     0.189
      61.83     0.071
      62.86    -0.061
      63.89    -0.073
      64.92     0.028
      65.95    -0.004
      66.98     0.001
      68.01    -0.068
      69.04     0.089
      70.07    -0.011
      71.10    -0.122
      72.13     0.001
      73.16     0.017
      74.19     0.166
      75.23    -0.051
      76.26    -0.036
      77.29    -0.108
      78.32     0.185
      79.35     0.003
      80.38     0.056
      81.41    -0.063
      82.44    -0.044
      83.47     0.144
      84.50     0.038
      85.53    -0.012
      86.56    -0.006
      87.59    -0.097
      88.62    -0.015
      89.65    -0.033
      90.68    -0.011
      91.71     0.012
      92.74     0.202
      93.77    -0.080
      94.80    -0.018
      95.83     0.169
      96.87     0.017
      97.90     0.054
      98.93     0.147
      99.96     0.012
     100.99     0.164
     102.02     0.123
     103.05    -0.044
     104.08     0.032
     105.11    -0.149
     106.14    -0.175
     107.17     0.033
     108.20     0.088
     109.23    -0.037
     110.26    -0.069
     111.29     0.096
     112.32    -0.037
     113.35    -0.044
     114.38     0.040
     115.41     0.031
     116.44     0.024
     117.47     0.074
     118.51     0.037
     119.54    -0.028
     120.57    -0.052
     121.60     0.091
     122.63    -0.139
     123.66    -0.125
     124.69    -0.113
     125.72    -0.002
     126.75    -0.033
     127.78    -0.106
     128.81    -0.010
     129.84    -0.029
     130.87    -0.034
     131.90    -0.205
     132.93     0.089
     133.96     0.046
     134.99    -0.066
     136.02     0.004
     137.05     0.032
     138.08     0.124
     139.11     0.069
     140.15     0.062
     141.18    -0.079
     142.21    -0.044
     143.24     0.112
     144.27     0.156
     145.30    -0.028
     146.33    -0.019
     147.36     0.081
     148.39    -0.004
     149.42     0.051
     150.45     0.007
     151.48    -0.024
     152.51     0.048
     153.54     0.092
     154.57     0.088
     155.60    -0.148
     156.63    -0.037
     157.66     0.014
     158.69     0.005
     159.72    -0.054
     160.76     0.108
     161.79    -0.157
     162.82    -0.016
     163.85    -0.058
     164.88     0.017
     165.91    -0.112
     166.94     0.043
     167.97     0.015
     169.00    -0.067
     170.03    -0.029
     171.06    -0.058
     172.09    -0.102
     173.12    -0.066
     174.15     0.008
     175.18     0.075
     176.21     0.015
     177.24     0.149
     178.27    -0.030
     179.30     0.013
     180.33     0.004
     181.36     0.016
     182.40    -0.003
     183.43     0.018
     184.46     0.167
     185.49    -0.167
     186.52    -0.057
     187.55     0.015
     188.58     0.041
     189.61    -0.040
     190.64    -0.128
     191.67    -0.050
     192.70    -0.067
     193.73    -0.006
     194.76     0.049
     195.79    -0.186
     196.82    -0.181
     197.85     0.039
     198.88     0.064
     199.91     0.186
     200.94     0.068
     201.97     0.020
     203.00    -0.037
     204.04    -0.165
     205.07     0.041
     206.10    -0.022
     207.13    -0.087
     208.16     0.031
     209.19     0.105
     210.22     0.082
     211.25    -0.027
     212.28     0.063
     213.31     0.125
     214.34    -0.064
     215.37     0.024
     216.40     0.021
     217.43    -0.024
     218.46     0.119
     219.49     0.053
     220.52    -0.060
     221.55    -0.108
     222.58     0.023
     223.61    -0.044
     224.64    -0.047
     225.68     0.002
     226.71     0.148
     227.74    -0.006
     228.77     0.088
     229.80     0.097
     230.83     0.175
     231.86     0.089
     232.89    -0.029
     233.92    -0.095
     234.95     0.066
     235.98    -0.113
     237.01    -0.025
     238.04    -0.110
     239.07     0.002
     240.10    -0.084
     241.13     0.093
     242.16    -0.055
     243.19     0.094
     244.22    -0.011
     245.25    -0.073
     246.28    -0.024
     247.32    -0.033
     248.35     0.080
     249.38    -0.012
     250.41     0.080
     251.44     0.108
     252.47     0.072
     253.50     0.018
     254.53    -0.022
     255.56    -0.067
     256.59    -0.034
     257.62     0.078
     258.65    -0.023
     259.68     0.019
     260.71     0.006
     261.74     0.006
     262.77     0.046
     263.80    -0.035
     264.83     0.095
     265.86     0.064
     266.89    -0.060
     267.93     0.114
     268.96    -0.082
     269.99     0.055
     271.02     0.078
     272.05     0.078
     273.08    -0.077
     274.11    -0.030
     275.14     0.033
     276.17     0.020
     277.20    -0.008
     278.23     0.184
     279.26    -0.046
     280.29     0.049
     281.32     0.003
     282.35    -0.122
     283.38    -0.055
     284.41     0.119
     285.44    -0.106
     286.47     0.035
     287.50     0.017
     288.53    -0.119
     289.57    -0.071
     290.60     0.034
     291.63     0.046
     292.66     0.145
     293.69    -0.025
     294.72    -0.036
     295.75    -0.030
     296.78     0.029
     297.81     0.053
     298.84     0.094
     299.87    -0.037
     300.90    -0.031
     301.93    -0.103
     302.96    -0.083
     303.99    -0.072
     305.02     0.034
     306.05    -0.117
     307.08     0.042
     308.11    -0.005
     309.14     0.029
     310.17    -0.050
     311.21    -0.007
     312.24     0.034
     313.27    -0.054
     314.30     0.037
     315.33     0.013
     316.36     0.029
     317.39     0.077
     318.42     0.197
     319.45     0.091
     320.48     0.124
     321.51     0.096
     322.54     0.007
     323.57     0.084
     324.60     0.047
     325.63     0.018
     326.66     0.129
     327.69    -0.006
     328.72    -0.042
     329.75    -0.074
     330.78    -0.034
     331.81     0.101
     332.85    -0.133
     333.88    -0.022
     334.91    -0.016
     335.94     0.025
     336.97     0.136
     338.00    -0.023
     339.03    -0.046
     340.06    -0.166
     341.09    -0.035
     342.12    -0.135
     343.15    -0.016
     344.18     0.222
     345.21    -0.038
     346.24     0.056
     347.27     0.038
     348.30    -0.033
     349.33    -0.014
     350.36    -0.114
     351.39     0.022
     352.42     0.004
     353.45     0.017
     354.49    -0.002
     355.52    -0.105
     356.55     0.057
     357.58    -0.073
     358.61     0.065
     359.64     0.018
     360.67    -0.120
     361.70    -0.129
     362.73    -0.042
     363.76     0.010
     364.79     0.046
     365.82    -0.037
     366.85    -0.027
     367.88     0.051
     368.91     0.023
     369.94    -0.004
     370.97     0.021
     372.00    -0.026
     373.03     0.058
     374.06    -0.109
     375.10     0.085
     376.13    -0.028
     377.16     0.027
     378.19     0.001
     379.22     0.045
     380.25    -0.098
     381.28    -0.074
     382.31     0.002
     383.34     0.025
     384.37    -0.006
     385.40     0.135
     386.43    -0.128
     387.46    -0.050
     388.49    -0.023
     389.52    -0.053
     390.55     0.059
     391.58     0.112
     392.61    -0.102
     393.64    -0.049
     394.67    -0.091
     395.70     0.115
     396.74     0.034
     397.77    -0.031
     398.80     0.008
     399.83     0.022
