%%   90.00000  12.50000    0   0.20000
% LAB  survey ------------------
% wanted position:  l, b, RA, DEC, and interpolated  NH
% 90.00 ;  12.50 ; 301.69 ;  55.89 ;  0.202E+22
% nearest position: l, b, RA, DEC, and observed NH
% 90.00 ;  12.50 ; 301.69 ;  55.89 ;  0.202E+22
% GASS III survey --------------
% NH - median within 6 arcmin radius   0.00    
% NH - mean within specified beam      0.00    
% EBHIS survey -----------------
% NH  within specified beam           0.201E+22
%%EBHIS   621  datapoints: v_lsr [km/s] and T_B [K]
    -399.25     0.103
    -397.96     0.160
    -396.68     0.032
    -395.39    -0.080
    -394.10    -0.155
    -392.81     0.025
    -391.52    -0.065
    -390.23    -0.139
    -388.95    -0.079
    -387.66    -0.133
    -386.37    -0.040
    -385.08    -0.080
    -383.79    -0.105
    -382.50     0.046
    -381.22     0.096
    -379.93    -0.024
    -378.64     0.006
    -377.35     0.053
    -376.06     0.028
    -374.78     0.038
    -373.49    -0.017
    -372.20    -0.071
    -370.91    -0.101
    -369.62     0.025
    -368.33    -0.032
    -367.05    -0.036
    -365.76    -0.125
    -364.47    -0.140
    -363.18    -0.102
    -361.89    -0.031
    -360.60     0.040
    -359.32    -0.060
    -358.03     0.077
    -356.74     0.009
    -355.45     0.023
    -354.16    -0.053
    -352.88    -0.130
    -351.59    -0.032
    -350.30    -0.119
    -349.01    -0.007
    -347.72     0.047
    -346.43     0.148
    -345.15    -0.000
    -343.86     0.012
    -342.57    -0.067
    -341.28     0.018
    -339.99     0.126
    -338.70     0.024
    -337.42     0.009
    -336.13    -0.031
    -334.84     0.063
    -333.55     0.071
    -332.26    -0.058
    -330.98     0.018
    -329.69    -0.011
    -328.40    -0.075
    -327.11    -0.035
    -325.82    -0.061
    -324.53    -0.053
    -323.25     0.017
    -321.96    -0.068
    -320.67     0.005
    -319.38    -0.044
    -318.09     0.052
    -316.80    -0.044
    -315.52     0.149
    -314.23    -0.021
    -312.94    -0.016
    -311.65     0.019
    -310.36     0.015
    -309.08     0.072
    -307.79     0.132
    -306.50     0.093
    -305.21     0.019
    -303.92     0.032
    -302.63     0.043
    -301.35     0.001
    -300.06     0.079
    -298.77     0.095
    -297.48     0.104
    -296.19     0.023
    -294.90    -0.013
    -293.62     0.048
    -292.33    -0.013
    -291.04    -0.047
    -289.75    -0.064
    -288.46     0.006
    -287.18     0.032
    -285.89    -0.161
    -284.60    -0.068
    -283.31    -0.002
    -282.02    -0.088
    -280.73     0.078
    -279.45     0.069
    -278.16     0.027
    -276.87    -0.072
    -275.58     0.005
    -274.29     0.102
    -273.00     0.026
    -271.72     0.053
    -270.43     0.157
    -269.14    -0.014
    -267.85     0.067
    -266.56     0.030
    -265.28    -0.010
    -263.99     0.009
    -262.70    -0.067
    -261.41     0.011
    -260.12    -0.093
    -258.83     0.014
    -257.55     0.064
    -256.26    -0.013
    -254.97     0.044
    -253.68     0.090
    -252.39     0.005
    -251.10    -0.021
    -249.82     0.065
    -248.53     0.034
    -247.24    -0.008
    -245.95     0.062
    -244.66     0.080
    -243.38    -0.018
    -242.09     0.068
    -240.80     0.029
    -239.51     0.032
    -238.22     0.040
    -236.93     0.041
    -235.65     0.103
    -234.36     0.008
    -233.07    -0.101
    -231.78    -0.072
    -230.49     0.096
    -229.20    -0.009
    -227.92    -0.127
    -226.63    -0.067
    -225.34     0.031
    -224.05     0.096
    -222.76    -0.014
    -221.48    -0.089
    -220.19    -0.021
    -218.90    -0.050
    -217.61     0.014
    -216.32    -0.035
    -215.03    -0.049
    -213.75    -0.028
    -212.46    -0.046
    -211.17    -0.015
    -209.88    -0.019
    -208.59     0.029
    -207.30     0.095
    -206.02     0.051
    -204.73    -0.056
    -203.44     0.041
    -202.15     0.080
    -200.86     0.106
    -199.58    -0.035
    -198.29    -0.030
    -197.00    -0.049
    -195.71     0.088
    -194.42     0.075
    -193.13     0.113
    -191.85     0.091
    -190.56     0.060
    -189.27     0.048
    -187.98    -0.062
    -186.69     0.014
    -185.40     0.004
    -184.12    -0.124
    -182.83    -0.019
    -181.54     0.094
    -180.25     0.172
    -178.96     0.063
    -177.68    -0.028
    -176.39    -0.010
    -175.10     0.002
    -173.81     0.072
    -172.52     0.061
    -171.23    -0.055
    -169.95    -0.061
    -168.66     0.068
    -167.37     0.007
    -166.08     0.017
    -164.79     0.045
    -163.50     0.000
    -162.22     0.115
    -160.93     0.195
    -159.64     0.062
    -158.35     0.072
    -157.06     0.061
    -155.78     0.248
    -154.49     0.340
    -153.20     0.231
    -151.91     0.318
    -150.62     0.288
    -149.33     0.341
    -148.05     0.388
    -146.76     0.428
    -145.47     0.426
    -144.18     0.510
    -142.89     0.611
    -141.60     0.631
    -140.32     0.609
    -139.03     0.666
    -137.74     0.659
    -136.45     0.677
    -135.16     0.673
    -133.88     0.686
    -132.59     0.677
    -131.30     0.738
    -130.01     0.828
    -128.72     0.699
    -127.43     0.772
    -126.15     0.783
    -124.86     0.919
    -123.57     0.893
    -122.28     0.912
    -120.99     0.758
    -119.70     0.736
    -118.42     0.719
    -117.13     0.978
    -115.84     1.007
    -114.55     0.893
    -113.26     0.994
    -111.98     0.880
    -110.69     0.757
    -109.40     0.732
    -108.11     0.738
    -106.82     0.712
    -105.53     0.740
    -104.25     0.681
    -102.96     0.515
    -101.67     0.498
    -100.38     0.484
     -99.09     0.506
     -97.80     0.624
     -96.52     0.562
     -95.23     0.560
     -93.94     0.630
     -92.65     0.668
     -91.36     0.943
     -90.08     1.005
     -88.79     1.115
     -87.50     1.086
     -86.21     1.274
     -84.92     1.300
     -83.63     1.424
     -82.35     1.496
     -81.06     1.838
     -79.77     1.973
     -78.48     2.100
     -77.19     2.178
     -75.90     2.368
     -74.62     2.532
     -73.33     2.990
     -72.04     3.278
     -70.75     3.486
     -69.46     3.722
     -68.18     3.936
     -66.89     3.560
     -65.60     3.183
     -64.31     2.834
     -63.02     2.394
     -61.73     2.044
     -60.45     1.704
     -59.16     1.353
     -57.87     1.217
     -56.58     1.031
     -55.29     0.921
     -54.00     0.958
     -52.72     1.037
     -51.43     0.912
     -50.14     0.986
     -48.85     1.069
     -47.56     1.354
     -46.28     1.567
     -44.99     1.914
     -43.70     2.575
     -42.41     3.435
     -41.12     4.196
     -39.83     5.185
     -38.55     5.532
     -37.26     6.341
     -35.97     7.133
     -34.68     7.714
     -33.39     8.200
     -32.10     8.655
     -30.82     9.137
     -29.53     9.917
     -28.24    10.284
     -26.95    10.326
     -25.66    10.372
     -24.38    10.303
     -23.09    10.315
     -21.80    10.696
     -20.51    10.647
     -19.22     9.614
     -17.93     8.684
     -16.65     8.402
     -15.36     8.111
     -14.07     8.343
     -12.78     8.466
     -11.49     8.906
     -10.20     9.854
      -8.92    11.606
      -7.63    14.829
      -6.34    18.372
      -5.05    20.946
      -3.76    23.002
      -2.48    25.648
      -1.19    29.691
       0.10    36.482
       1.39    44.512
       2.68    48.652
       3.97    49.054
       5.25    48.075
       6.54    43.599
       7.83    34.523
       9.12    23.777
      10.41    15.375
      11.70    10.551
      12.98     7.552
      14.27     5.689
      15.56     4.278
      16.85     3.172
      18.14     2.394
      19.42     1.901
      20.71     1.479
      22.00     0.984
      23.29     0.704
      24.58     0.715
      25.87     0.563
      27.15     0.461
      28.44     0.416
      29.73     0.352
      31.02     0.267
      32.31     0.219
      33.60     0.151
      34.88     0.150
      36.17     0.023
      37.46     0.132
      38.75     0.059
      40.04     0.067
      41.32     0.033
      42.61    -0.031
      43.90     0.061
      45.19     0.039
      46.48     0.076
      47.77    -0.033
      49.05     0.038
      50.34    -0.022
      51.63     0.112
      52.92     0.069
      54.21     0.159
      55.50     0.127
      56.78     0.184
      58.07     0.048
      59.36    -0.001
      60.65     0.043
      61.94     0.119
      63.22     0.113
      64.51    -0.095
      65.80    -0.064
      67.09     0.008
      68.38    -0.010
      69.67     0.047
      70.95     0.092
      72.24     0.073
      73.53     0.008
      74.82    -0.056
      76.11    -0.001
      77.40     0.080
      78.68     0.008
      79.97    -0.014
      81.26    -0.131
      82.55    -0.061
      83.84    -0.059
      85.12    -0.056
      86.41     0.026
      87.70    -0.018
      88.99    -0.020
      90.28    -0.005
      91.57     0.108
      92.85     0.037
      94.14    -0.227
      95.43    -0.129
      96.72     0.084
      98.01    -0.032
      99.30    -0.077
     100.58    -0.142
     101.87    -0.002
     103.16     0.088
     104.45    -0.029
     105.74    -0.021
     107.02     0.089
     108.31    -0.026
     109.60    -0.036
     110.89     0.044
     112.18    -0.028
     113.47     0.086
     114.75    -0.048
     116.04    -0.086
     117.33    -0.057
     118.62     0.071
     119.91    -0.027
     121.20    -0.089
     122.48     0.016
     123.77    -0.154
     125.06    -0.130
     126.35    -0.142
     127.64    -0.028
     128.92    -0.025
     130.21    -0.008
     131.50     0.044
     132.79     0.093
     134.08     0.021
     135.37    -0.002
     136.65     0.057
     137.94    -0.070
     139.23    -0.003
     140.52     0.010
     141.81     0.067
     143.09     0.035
     144.38     0.089
     145.67     0.054
     146.96    -0.033
     148.25    -0.018
     149.54     0.030
     150.82     0.037
     152.11     0.050
     153.40     0.134
     154.69     0.072
     155.98    -0.002
     157.27    -0.024
     158.55     0.125
     159.84     0.003
     161.13    -0.019
     162.42    -0.101
     163.71    -0.104
     164.99     0.028
     166.28    -0.008
     167.57     0.034
     168.86     0.052
     170.15     0.006
     171.44     0.019
     172.72    -0.123
     174.01    -0.068
     175.30     0.063
     176.59    -0.055
     177.88     0.017
     179.17    -0.026
     180.45     0.004
     181.74    -0.031
     183.03    -0.084
     184.32    -0.035
     185.61    -0.081
     186.89    -0.016
     188.18    -0.032
     189.47     0.059
     190.76     0.037
     192.05     0.003
     193.34     0.054
     194.62     0.069
     195.91    -0.054
     197.20    -0.073
     198.49    -0.063
     199.78    -0.023
     201.07    -0.048
     202.35    -0.039
     203.64     0.007
     204.93    -0.024
     206.22    -0.168
     207.51    -0.062
     208.79     0.062
     210.08     0.018
     211.37    -0.050
     212.66     0.031
     213.95    -0.024
     215.24    -0.049
     216.52     0.017
     217.81    -0.049
     219.10     0.027
     220.39     0.051
     221.68     0.007
     222.97     0.023
     224.25    -0.043
     225.54     0.012
     226.83    -0.014
     228.12    -0.051
     229.41    -0.069
     230.69     0.036
     231.98     0.053
     233.27     0.004
     234.56    -0.071
     235.85     0.009
     237.14     0.154
     238.42     0.084
     239.71     0.010
     241.00    -0.089
     242.29    -0.007
     243.58     0.072
     244.87     0.111
     246.15    -0.064
     247.44     0.066
     248.73     0.042
     250.02     0.011
     251.31    -0.076
     252.59     0.051
     253.88     0.043
     255.17    -0.033
     256.46    -0.028
     257.75    -0.014
     259.04     0.095
     260.32    -0.006
     261.61     0.008
     262.90     0.012
     264.19    -0.045
     265.48    -0.117
     266.77    -0.093
     268.05     0.069
     269.34    -0.022
     270.63    -0.068
     271.92    -0.037
     273.21    -0.030
     274.49     0.016
     275.78    -0.066
     277.07     0.057
     278.36     0.036
     279.65    -0.020
     280.94    -0.046
     282.22    -0.042
     283.51    -0.064
     284.80    -0.004
     286.09     0.098
     287.38    -0.115
     288.67    -0.099
     289.95     0.071
     291.24     0.019
     292.53    -0.041
     293.82     0.048
     295.11    -0.038
     296.39    -0.058
     297.68     0.009
     298.97    -0.024
     300.26    -0.033
     301.55     0.055
     302.84    -0.017
     304.12     0.024
     305.41     0.070
     306.70     0.072
     307.99     0.039
     309.28     0.028
     310.57    -0.010
     311.85    -0.055
     313.14    -0.073
     314.43    -0.066
     315.72     0.132
     317.01    -0.014
     318.29    -0.060
     319.58     0.055
     320.87    -0.010
     322.16    -0.004
     323.45     0.003
     324.74    -0.006
     326.02    -0.011
     327.31    -0.062
     328.60    -0.035
     329.89    -0.034
     331.18     0.070
     332.47    -0.030
     333.75     0.028
     335.04     0.100
     336.33     0.054
     337.62     0.024
     338.91     0.070
     340.19     0.049
     341.48    -0.047
     342.77    -0.077
     344.06     0.054
     345.35     0.037
     346.64    -0.017
     347.92     0.032
     349.21    -0.000
     350.50    -0.050
     351.79     0.009
     353.08    -0.005
     354.37    -0.004
     355.65     0.088
     356.94     0.109
     358.23     0.235
     359.52     0.032
     360.81     0.042
     362.09     0.036
     363.38    -0.036
     364.67    -0.146
     365.96    -0.099
     367.25     0.064
     368.54     0.022
     369.82     0.024
     371.11     0.047
     372.40     0.027
     373.69     0.016
     374.98     0.023
     376.27    -0.001
     377.55    -0.029
     378.84    -0.006
     380.13    -0.103
     381.42    -0.013
     382.71     0.006
     383.99     0.002
     385.28    -0.063
     386.57    -0.135
     387.86    -0.096
     389.15    -0.140
     390.44    -0.116
     391.72    -0.068
     393.01     0.007
     394.30     0.010
     395.59     0.000
     396.88    -0.035
     398.17     0.032
     399.45     0.088
%%GASS      0  datapoints: v_lsr [km/s] and T_B [K]
%%LAB     777  datapoints: v_lsr [km/s] and T_B [K]
    -399.83     0.038
    -398.80     0.067
    -397.77     0.094
    -396.74    -0.102
    -395.71    -0.154
    -394.68     0.073
    -393.65    -0.045
    -392.62    -0.133
    -391.59     0.031
    -390.56    -0.040
    -389.52    -0.065
    -388.49     0.034
    -387.46    -0.075
    -386.43     0.040
    -385.40     0.038
    -384.37     0.057
    -383.34     0.204
    -382.31    -0.002
    -381.28    -0.033
    -380.25     0.029
    -379.22     0.148
    -378.19     0.001
    -377.16     0.080
    -376.13    -0.034
    -375.10    -0.016
    -374.07    -0.010
    -373.04    -0.073
    -372.01    -0.012
    -370.98    -0.065
    -369.95    -0.107
    -368.92     0.130
    -367.88     0.056
    -366.85     0.145
    -365.82     0.018
    -364.79    -0.059
    -363.76    -0.089
    -362.73     0.013
    -361.70    -0.083
    -360.67     0.098
    -359.64     0.095
    -358.61     0.139
    -357.58    -0.032
    -356.55     0.022
    -355.52    -0.143
    -354.49     0.054
    -353.46    -0.203
    -352.43     0.142
    -351.40    -0.088
    -350.37    -0.031
    -349.34    -0.005
    -348.31     0.024
    -347.27     0.022
    -346.24     0.030
    -345.21    -0.028
    -344.18    -0.079
    -343.15    -0.005
    -342.12     0.146
    -341.09     0.067
    -340.06     0.041
    -339.03    -0.139
    -338.00     0.090
    -336.97     0.143
    -335.94    -0.067
    -334.91     0.050
    -333.88     0.071
    -332.85    -0.122
    -331.82    -0.075
    -330.79    -0.117
    -329.76     0.023
    -328.73     0.223
    -327.70    -0.064
    -326.67    -0.098
    -325.63     0.077
    -324.60    -0.032
    -323.57     0.065
    -322.54    -0.009
    -321.51     0.097
    -320.48    -0.058
    -319.45    -0.116
    -318.42     0.031
    -317.39     0.027
    -316.36    -0.096
    -315.33     0.063
    -314.30    -0.070
    -313.27    -0.146
    -312.24    -0.038
    -311.21     0.020
    -310.18     0.048
    -309.15     0.015
    -308.12    -0.112
    -307.09     0.080
    -306.06    -0.028
    -305.02    -0.035
    -303.99    -0.012
    -302.96     0.052
    -301.93     0.165
    -300.90    -0.005
    -299.87     0.028
    -298.84     0.129
    -297.81    -0.019
    -296.78    -0.028
    -295.75     0.061
    -294.72     0.046
    -293.69    -0.121
    -292.66     0.073
    -291.63     0.121
    -290.60     0.022
    -289.57     0.085
    -288.54     0.173
    -287.51    -0.124
    -286.48    -0.051
    -285.45    -0.040
    -284.41     0.087
    -283.38    -0.058
    -282.35     0.070
    -281.32     0.064
    -280.29    -0.088
    -279.26    -0.030
    -278.23    -0.036
    -277.20    -0.111
    -276.17    -0.015
    -275.14    -0.049
    -274.11    -0.023
    -273.08    -0.007
    -272.05    -0.053
    -271.02    -0.001
    -269.99     0.031
    -268.96     0.024
    -267.93     0.074
    -266.90     0.074
    -265.87     0.007
    -264.84     0.145
    -263.81    -0.023
    -262.77     0.115
    -261.74     0.153
    -260.71     0.009
    -259.68     0.091
    -258.65    -0.071
    -257.62     0.138
    -256.59    -0.000
    -255.56    -0.022
    -254.53    -0.219
    -253.50    -0.105
    -252.47     0.008
    -251.44    -0.088
    -250.41    -0.043
    -249.38     0.134
    -248.35    -0.039
    -247.32     0.067
    -246.29     0.070
    -245.26     0.070
    -244.23    -0.131
    -243.20    -0.026
    -242.16    -0.027
    -241.13     0.130
    -240.10     0.149
    -239.07    -0.154
    -238.04    -0.029
    -237.01     0.143
    -235.98     0.095
    -234.95    -0.060
    -233.92    -0.041
    -232.89     0.146
    -231.86     0.041
    -230.83     0.009
    -229.80    -0.132
    -228.77     0.049
    -227.74    -0.079
    -226.71    -0.061
    -225.68    -0.037
    -224.65    -0.066
    -223.62    -0.030
    -222.59     0.092
    -221.56    -0.101
    -220.52    -0.153
    -219.49    -0.051
    -218.46     0.087
    -217.43    -0.110
    -216.40     0.044
    -215.37    -0.051
    -214.34     0.099
    -213.31    -0.033
    -212.28    -0.071
    -211.25     0.094
    -210.22     0.013
    -209.19     0.074
    -208.16     0.081
    -207.13     0.048
    -206.10    -0.037
    -205.07    -0.022
    -204.04     0.016
    -203.01    -0.060
    -201.98     0.180
    -200.95     0.006
    -199.91     0.011
    -198.88    -0.168
    -197.85     0.028
    -196.82     0.068
    -195.79    -0.061
    -194.76     0.026
    -193.73     0.124
    -192.70     0.043
    -191.67     0.047
    -190.64    -0.015
    -189.61     0.020
    -188.58    -0.058
    -187.55     0.107
    -186.52    -0.058
    -185.49     0.022
    -184.46     0.034
    -183.43    -0.018
    -182.40    -0.073
    -181.37     0.022
    -180.34    -0.005
    -179.31    -0.032
    -178.27    -0.010
    -177.24     0.034
    -176.21     0.110
    -175.18     0.078
    -174.15    -0.104
    -173.12    -0.090
    -172.09    -0.037
    -171.06     0.071
    -170.03    -0.125
    -169.00    -0.136
    -167.97     0.045
    -166.94    -0.061
    -165.91     0.005
    -164.88     0.212
    -163.85     0.142
    -162.82     0.157
    -161.79    -0.047
    -160.76     0.143
    -159.73     0.056
    -158.70     0.042
    -157.66     0.183
    -156.63     0.230
    -155.60     0.047
    -154.57     0.221
    -153.54     0.135
    -152.51     0.260
    -151.48     0.232
    -150.45     0.163
    -149.42     0.314
    -148.39     0.425
    -147.36     0.499
    -146.33     0.448
    -145.30     0.473
    -144.27     0.393
    -143.24     0.535
    -142.21     0.548
    -141.18     0.581
    -140.15     0.639
    -139.12     0.518
    -138.09     0.696
    -137.06     0.648
    -136.02     0.928
    -134.99     0.801
    -133.96     0.774
    -132.93     0.798
    -131.90     0.596
    -130.87     0.667
    -129.84     0.637
    -128.81     0.772
    -127.78     0.740
    -126.75     0.591
    -125.72     0.760
    -124.69     0.685
    -123.66     0.786
    -122.63     0.780
    -121.60     0.676
    -120.57     0.695
    -119.54     0.912
    -118.51     0.791
    -117.48     1.098
    -116.45     0.868
    -115.41     1.152
    -114.38     1.042
    -113.35     0.995
    -112.32     1.104
    -111.29     1.102
    -110.26     0.884
    -109.23     1.054
    -108.20     0.739
    -107.17     0.872
    -106.14     0.763
    -105.11     0.632
    -104.08     0.744
    -103.05     0.456
    -102.02     0.673
    -100.99     0.666
     -99.96     0.487
     -98.93     0.712
     -97.90     0.519
     -96.87     0.607
     -95.84     0.489
     -94.80     0.637
     -93.77     0.738
     -92.74     0.761
     -91.71     0.802
     -90.68     0.957
     -89.65     0.984
     -88.62     0.911
     -87.59     1.134
     -86.56     1.312
     -85.53     1.218
     -84.50     1.459
     -83.47     1.469
     -82.44     1.456
     -81.41     1.668
     -80.38     1.717
     -79.35     1.905
     -78.32     1.985
     -77.29     1.912
     -76.26     2.240
     -75.23     2.338
     -74.20     2.422
     -73.16     2.438
     -72.13     2.658
     -71.10     2.646
     -70.07     2.876
     -69.04     2.976
     -68.01     2.797
     -66.98     2.832
     -65.95     2.653
     -64.92     2.424
     -63.89     2.015
     -62.86     1.754
     -61.83     1.795
     -60.80     1.374
     -59.77     1.300
     -58.74     1.255
     -57.71     1.093
     -56.68     1.186
     -55.65     0.970
     -54.62     0.832
     -53.59     0.871
     -52.55     0.909
     -51.52     1.059
     -50.49     1.086
     -49.46     1.056
     -48.43     1.398
     -47.40     1.507
     -46.37     1.712
     -45.34     2.232
     -44.31     2.605
     -43.28     3.265
     -42.25     3.956
     -41.22     4.932
     -40.19     5.454
     -39.16     6.237
     -38.13     6.876
     -37.10     7.298
     -36.07     7.401
     -35.04     7.758
     -34.01     7.774
     -32.98     8.200
     -31.95     8.609
     -30.91     9.018
     -29.88     9.602
     -28.85    10.145
     -27.82    10.269
     -26.79    10.420
     -25.76    11.030
     -24.73    11.037
     -23.70    11.660
     -22.67    12.552
     -21.64    13.776
     -20.61    14.484
     -19.58    14.378
     -18.55    12.901
     -17.52    11.357
     -16.49    10.535
     -15.46    10.080
     -14.43    10.118
     -13.40    10.145
     -12.37    10.702
     -11.34    10.817
     -10.30    11.364
      -9.27    11.923
      -8.24    13.318
      -7.21    15.770
      -6.18    18.592
      -5.15    20.476
      -4.12    21.817
      -3.09    23.202
      -2.06    25.715
      -1.03    29.372
       0.00    34.825
       1.03    40.717
       2.06    46.565
       3.09    49.837
       4.12    50.014
       5.15    47.898
       6.18    42.819
       7.21    35.692
       8.24    28.054
       9.27    20.659
      10.30    14.674
      11.34    10.566
      12.37     7.863
      13.40     5.976
      14.43     4.805
      15.46     3.673
      16.49     2.876
      17.52     2.278
      18.55     1.905
      19.58     1.557
      20.61     1.139
      21.64     0.898
      22.67     0.714
      23.70     0.581
      24.73     0.485
      25.76     0.326
      26.79     0.268
      27.82     0.198
      28.85     0.239
      29.88     0.089
      30.91     0.055
      31.95     0.029
      32.98     0.102
      34.01    -0.024
      35.04     0.092
      36.07     0.165
      37.10    -0.010
      38.13     0.062
      39.16     0.011
      40.19     0.066
      41.22    -0.039
      42.25     0.188
      43.28    -0.103
      44.31     0.019
      45.34     0.010
      46.37     0.083
      47.40    -0.048
      48.43    -0.036
      49.46     0.140
      50.49     0.245
      51.52     0.241
      52.55    -0.116
      53.59     0.099
      54.62     0.024
      55.65     0.008
      56.68    -0.009
      57.71    -0.119
      58.74    -0.154
      59.77     0.156
      60.80     0.053
      61.83    -0.021
      62.86     0.074
      63.89     0.163
      64.92    -0.054
      65.95     0.105
      66.98    -0.100
      68.01     0.057
      69.04    -0.026
      70.07    -0.017
      71.10     0.047
      72.13     0.044
      73.16    -0.153
      74.20     0.012
      75.23     0.007
      76.26    -0.071
      77.29    -0.097
      78.32    -0.056
      79.35    -0.141
      80.38     0.090
      81.41    -0.005
      82.44    -0.032
      83.47    -0.003
      84.50     0.018
      85.53    -0.025
      86.56     0.082
      87.59    -0.038
      88.62    -0.048
      89.65     0.100
      90.68     0.117
      91.71    -0.012
      92.74    -0.069
      93.77     0.103
      94.80     0.058
      95.84     0.024
      96.87     0.024
      97.90    -0.009
      98.93     0.033
      99.96    -0.039
     100.99     0.168
     102.02    -0.045
     103.05    -0.153
     104.08    -0.229
     105.11     0.127
     106.14    -0.060
     107.17     0.147
     108.20    -0.145
     109.23     0.064
     110.26    -0.141
     111.29     0.184
     112.32     0.024
     113.35    -0.140
     114.38     0.081
     115.41     0.130
     116.45    -0.051
     117.48     0.061
     118.51     0.075
     119.54     0.029
     120.57    -0.038
     121.60     0.145
     122.63     0.143
     123.66     0.073
     124.69     0.122
     125.72    -0.002
     126.75     0.041
     127.78     0.035
     128.81    -0.046
     129.84     0.054
     130.87    -0.040
     131.90    -0.106
     132.93     0.083
     133.96    -0.098
     134.99    -0.009
     136.02    -0.114
     137.06    -0.019
     138.09    -0.012
     139.12    -0.035
     140.15    -0.006
     141.18    -0.226
     142.21     0.170
     143.24     0.003
     144.27    -0.071
     145.30     0.205
     146.33    -0.052
     147.36    -0.083
     148.39    -0.104
     149.42    -0.065
     150.45    -0.025
     151.48     0.036
     152.51     0.144
     153.54    -0.039
     154.57     0.118
     155.60     0.046
     156.63     0.017
     157.66     0.133
     158.70     0.177
     159.73    -0.042
     160.76     0.024
     161.79    -0.013
     162.82     0.002
     163.85    -0.058
     164.88    -0.022
     165.91    -0.039
     166.94    -0.042
     167.97    -0.053
     169.00    -0.019
     170.03     0.031
     171.06    -0.128
     172.09    -0.119
     173.12    -0.003
     174.15     0.094
     175.18    -0.153
     176.21     0.015
     177.24     0.152
     178.27    -0.017
     179.31     0.093
     180.34     0.034
     181.37    -0.007
     182.40     0.061
     183.43     0.024
     184.46     0.163
     185.49     0.148
     186.52    -0.054
     187.55    -0.047
     188.58     0.127
     189.61    -0.092
     190.64    -0.002
     191.67    -0.005
     192.70    -0.077
     193.73     0.006
     194.76     0.033
     195.79     0.107
     196.82    -0.038
     197.85     0.081
     198.88     0.100
     199.91     0.057
     200.95     0.047
     201.98    -0.038
     203.01    -0.081
     204.04     0.024
     205.07     0.011
     206.10    -0.050
     207.13    -0.038
     208.16    -0.181
     209.19    -0.071
     210.22    -0.022
     211.25    -0.063
     212.28    -0.006
     213.31    -0.141
     214.34    -0.021
     215.37    -0.263
     216.40    -0.045
     217.43     0.028
     218.46     0.119
     219.49     0.008
     220.52    -0.075
     221.56     0.026
     222.59     0.044
     223.62    -0.002
     224.65     0.121
     225.68     0.088
     226.71     0.135
     227.74    -0.087
     228.77     0.038
     229.80    -0.025
     230.83     0.077
     231.86    -0.027
     232.89    -0.049
     233.92    -0.032
     234.95    -0.073
     235.98     0.126
     237.01    -0.015
     238.04    -0.022
     239.07    -0.072
     240.10    -0.058
     241.13    -0.048
     242.16    -0.098
     243.20     0.061
     244.23    -0.019
     245.26    -0.063
     246.29     0.119
     247.32     0.129
     248.35    -0.058
     249.38     0.011
     250.41     0.213
     251.44     0.023
     252.47    -0.064
     253.50    -0.048
     254.53    -0.082
     255.56    -0.001
     256.59     0.015
     257.62     0.035
     258.65    -0.126
     259.68     0.136
     260.71     0.083
     261.74    -0.086
     262.77    -0.069
     263.81    -0.187
     264.84     0.006
     265.87    -0.063
     266.90     0.005
     267.93     0.175
     268.96    -0.029
     269.99     0.130
     271.02     0.031
     272.05    -0.065
     273.08    -0.065
     274.11     0.049
     275.14    -0.011
     276.17     0.100
     277.20     0.130
     278.23    -0.117
     279.26     0.008
     280.29    -0.057
     281.32    -0.030
     282.35     0.026
     283.38     0.007
     284.41     0.010
     285.45    -0.047
     286.48    -0.028
     287.51     0.106
     288.54    -0.015
     289.57    -0.005
     290.60    -0.005
     291.63     0.038
     292.66     0.020
     293.69    -0.037
     294.72    -0.058
     295.75    -0.036
     296.78    -0.054
     297.81    -0.026
     298.84    -0.059
     299.87     0.143
     300.90    -0.032
     301.93    -0.088
     302.96     0.002
     303.99     0.021
     305.02    -0.238
     306.06     0.011
     307.09     0.164
     308.12    -0.022
     309.15     0.104
     310.18     0.076
     311.21     0.025
     312.24     0.117
     313.27    -0.012
     314.30     0.053
     315.33    -0.011
     316.36     0.121
     317.39    -0.075
     318.42    -0.021
     319.45    -0.169
     320.48     0.067
     321.51    -0.055
     322.54    -0.001
     323.57     0.057
     324.60    -0.027
     325.63    -0.050
     326.67    -0.002
     327.70     0.093
     328.73    -0.065
     329.76     0.026
     330.79    -0.010
     331.82    -0.047
     332.85    -0.014
     333.88     0.027
     334.91     0.070
     335.94    -0.090
     336.97     0.073
     338.00     0.044
     339.03    -0.104
     340.06     0.080
     341.09    -0.036
     342.12     0.130
     343.15    -0.075
     344.18    -0.119
     345.21     0.095
     346.24    -0.081
     347.27     0.041
     348.31     0.080
     349.34    -0.131
     350.37    -0.028
     351.40    -0.164
     352.43     0.076
     353.46    -0.125
     354.49     0.041
     355.52    -0.047
     356.55    -0.012
     357.58     0.001
     358.61    -0.043
     359.64    -0.035
     360.67    -0.000
     361.70    -0.112
     362.73     0.084
     363.76     0.001
     364.79     0.069
     365.82    -0.025
     366.85     0.043
     367.88    -0.032
     368.92    -0.061
     369.95     0.162
     370.98    -0.000
     372.01     0.012
     373.04     0.150
     374.07     0.054
     375.10     0.033
     376.13    -0.013
     377.16     0.012
     378.19    -0.008
     379.22    -0.046
     380.25     0.031
     381.28     0.025
     382.31    -0.093
     383.34    -0.051
     384.37    -0.046
     385.40     0.232
     386.43     0.017
     387.46    -0.020
     388.49    -0.152
     389.52     0.071
     390.56     0.018
     391.59    -0.051
     392.62    -0.075
     393.65     0.080
     394.68     0.071
     395.71     0.046
     396.74    -0.055
     397.77    -0.076
     398.80    -0.137
     399.83     0.181
