%%   97.50000 -10.00000    0   0.20000
% LAB  survey ------------------
% wanted position:  l, b, RA, DEC, and interpolated  NH
% 97.50 ; -10.00 ; 335.80 ;  45.43 ;  0.167E+22
% nearest position: l, b, RA, DEC, and observed NH
% 97.50 ; -10.00 ; 335.80 ;  45.43 ;  0.167E+22
% GASS III survey --------------
% NH - median within 6 arcmin radius   0.00    
% NH - mean within specified beam      0.00    
% EBHIS survey -----------------
% NH  within specified beam           0.169E+22
%%EBHIS   621  datapoints: v_lsr [km/s] and T_B [K]
    -399.25     0.009
    -397.96     0.055
    -396.68     0.067
    -395.39     0.118
    -394.10    -0.018
    -392.81     0.076
    -391.52     0.074
    -390.23    -0.068
    -388.95    -0.007
    -387.66    -0.012
    -386.37    -0.166
    -385.08    -0.044
    -383.79     0.051
    -382.50    -0.011
    -381.22    -0.109
    -379.93     0.007
    -378.64    -0.074
    -377.35    -0.134
    -376.06     0.021
    -374.78    -0.028
    -373.49    -0.011
    -372.20     0.052
    -370.91     0.046
    -369.62    -0.065
    -368.33    -0.090
    -367.05     0.096
    -365.76    -0.129
    -364.47     0.137
    -363.18     0.096
    -361.89     0.008
    -360.60     0.017
    -359.32    -0.021
    -358.03    -0.080
    -356.74     0.020
    -355.45    -0.091
    -354.16    -0.075
    -352.88     0.136
    -351.59    -0.035
    -350.30    -0.034
    -349.01    -0.100
    -347.72     0.001
    -346.43    -0.076
    -345.15    -0.003
    -343.86    -0.033
    -342.57    -0.064
    -341.28    -0.063
    -339.99    -0.065
    -338.70    -0.045
    -337.42    -0.088
    -336.13    -0.141
    -334.84    -0.062
    -333.55    -0.011
    -332.26    -0.019
    -330.98    -0.071
    -329.69     0.011
    -328.40     0.017
    -327.11    -0.017
    -325.82    -0.021
    -324.53    -0.144
    -323.25    -0.036
    -321.96     0.056
    -320.67    -0.036
    -319.38     0.002
    -318.09    -0.011
    -316.80    -0.062
    -315.52    -0.060
    -314.23     0.011
    -312.94     0.062
    -311.65    -0.003
    -310.36     0.013
    -309.08     0.168
    -307.79     0.025
    -306.50     0.160
    -305.21     0.010
    -303.92    -0.018
    -302.63     0.004
    -301.35    -0.044
    -300.06     0.018
    -298.77     0.062
    -297.48     0.067
    -296.19    -0.012
    -294.90     0.027
    -293.62    -0.054
    -292.33    -0.018
    -291.04     0.052
    -289.75     0.003
    -288.46     0.026
    -287.18    -0.024
    -285.89    -0.007
    -284.60     0.105
    -283.31     0.029
    -282.02     0.006
    -280.73    -0.095
    -279.45    -0.051
    -278.16    -0.026
    -276.87    -0.031
    -275.58    -0.140
    -274.29    -0.076
    -273.00    -0.043
    -271.72     0.009
    -270.43     0.034
    -269.14    -0.089
    -267.85     0.052
    -266.56     0.050
    -265.28    -0.063
    -263.99     0.008
    -262.70     0.123
    -261.41     0.147
    -260.12     0.030
    -258.83     0.103
    -257.55     0.018
    -256.26     0.044
    -254.97    -0.024
    -253.68    -0.010
    -252.39     0.111
    -251.10    -0.069
    -249.82    -0.012
    -248.53    -0.015
    -247.24     0.019
    -245.95    -0.037
    -244.66     0.131
    -243.38     0.090
    -242.09    -0.028
    -240.80     0.095
    -239.51    -0.033
    -238.22     0.045
    -236.93     0.067
    -235.65     0.082
    -234.36     0.078
    -233.07     0.190
    -231.78     0.088
    -230.49     0.017
    -229.20    -0.058
    -227.92    -0.090
    -226.63    -0.050
    -225.34    -0.030
    -224.05    -0.031
    -222.76     0.065
    -221.48     0.056
    -220.19     0.111
    -218.90     0.017
    -217.61    -0.127
    -216.32     0.025
    -215.03     0.028
    -213.75     0.054
    -212.46     0.030
    -211.17    -0.038
    -209.88     0.079
    -208.59     0.117
    -207.30     0.131
    -206.02     0.109
    -204.73     0.083
    -203.44    -0.091
    -202.15    -0.105
    -200.86     0.064
    -199.58     0.045
    -198.29    -0.047
    -197.00    -0.120
    -195.71    -0.027
    -194.42     0.002
    -193.13    -0.043
    -191.85    -0.032
    -190.56     0.053
    -189.27    -0.153
    -187.98    -0.073
    -186.69     0.031
    -185.40    -0.023
    -184.12     0.146
    -182.83     0.202
    -181.54     0.088
    -180.25     0.109
    -178.96    -0.013
    -177.68     0.022
    -176.39    -0.024
    -175.10    -0.063
    -173.81    -0.074
    -172.52    -0.134
    -171.23     0.108
    -169.95     0.052
    -168.66     0.066
    -167.37     0.047
    -166.08     0.128
    -164.79     0.091
    -163.50     0.069
    -162.22     0.105
    -160.93     0.100
    -159.64     0.038
    -158.35     0.109
    -157.06     0.162
    -155.78     0.075
    -154.49     0.112
    -153.20     0.227
    -151.91     0.151
    -150.62     0.068
    -149.33     0.233
    -148.05     0.129
    -146.76     0.142
    -145.47     0.184
    -144.18     0.175
    -142.89     0.281
    -141.60     0.130
    -140.32     0.111
    -139.03     0.093
    -137.74     0.304
    -136.45     0.244
    -135.16     0.236
    -133.88     0.236
    -132.59     0.287
    -131.30     0.362
    -130.01     0.203
    -128.72     0.188
    -127.43     0.295
    -126.15     0.373
    -124.86     0.485
    -123.57     0.324
    -122.28     0.260
    -120.99     0.183
    -119.70     0.347
    -118.42     0.311
    -117.13     0.242
    -115.84     0.277
    -114.55     0.295
    -113.26     0.263
    -111.98     0.378
    -110.69     0.251
    -109.40     0.394
    -108.11     0.224
    -106.82     0.274
    -105.53     0.425
    -104.25     0.317
    -102.96     0.265
    -101.67     0.385
    -100.38     0.391
     -99.09     0.407
     -97.80     0.409
     -96.52     0.446
     -95.23     0.402
     -93.94     0.365
     -92.65     0.490
     -91.36     0.274
     -90.08     0.445
     -88.79     0.393
     -87.50     0.324
     -86.21     0.569
     -84.92     0.535
     -83.63     0.602
     -82.35     0.589
     -81.06     0.772
     -79.77     0.744
     -78.48     0.889
     -77.19     1.003
     -75.90     1.033
     -74.62     1.211
     -73.33     1.377
     -72.04     1.333
     -70.75     1.684
     -69.46     2.023
     -68.18     2.392
     -66.89     2.851
     -65.60     3.766
     -64.31     4.555
     -63.02     5.003
     -61.73     5.144
     -60.45     5.353
     -59.16     5.486
     -57.87     5.415
     -56.58     5.281
     -55.29     4.974
     -54.00     4.800
     -52.72     4.803
     -51.43     4.735
     -50.14     4.941
     -48.85     4.972
     -47.56     5.322
     -46.28     5.504
     -44.99     5.456
     -43.70     5.473
     -42.41     5.443
     -41.12     5.258
     -39.83     5.160
     -38.55     5.032
     -37.26     4.603
     -35.97     4.581
     -34.68     4.450
     -33.39     4.442
     -32.10     4.457
     -30.82     4.504
     -29.53     4.533
     -28.24     4.702
     -26.95     4.910
     -25.66     5.005
     -24.38     5.216
     -23.09     5.087
     -21.80     5.197
     -20.51     5.093
     -19.22     5.309
     -17.93     5.525
     -16.65     6.012
     -15.36     6.816
     -14.07     7.918
     -12.78     9.154
     -11.49    10.209
     -10.20    11.273
      -8.92    13.719
      -7.63    17.648
      -6.34    22.681
      -5.05    27.501
      -3.76    31.569
      -2.48    36.806
      -1.19    42.104
       0.10    44.214
       1.39    41.212
       2.68    36.436
       3.97    29.881
       5.25    22.554
       6.54    16.388
       7.83    11.684
       9.12     8.622
      10.41     6.753
      11.70     5.331
      12.98     4.379
      14.27     3.739
      15.56     3.384
      16.85     2.795
      18.14     2.189
      19.42     1.706
      20.71     1.332
      22.00     1.078
      23.29     0.891
      24.58     0.668
      25.87     0.588
      27.15     0.421
      28.44     0.579
      29.73     0.506
      31.02     0.422
      32.31     0.272
      33.60     0.286
      34.88     0.275
      36.17     0.448
      37.46     0.419
      38.75     0.359
      40.04     0.488
      41.32     0.470
      42.61     0.402
      43.90     0.329
      45.19     0.263
      46.48     0.186
      47.77     0.229
      49.05     0.045
      50.34     0.116
      51.63     0.079
      52.92     0.043
      54.21     0.049
      55.50    -0.060
      56.78    -0.016
      58.07    -0.029
      59.36     0.117
      60.65     0.104
      61.94    -0.010
      63.22     0.019
      64.51    -0.055
      65.80    -0.010
      67.09     0.051
      68.38     0.033
      69.67    -0.065
      70.95     0.061
      72.24     0.052
      73.53    -0.026
      74.82    -0.088
      76.11    -0.015
      77.40    -0.022
      78.68    -0.062
      79.97    -0.105
      81.26    -0.063
      82.55    -0.059
      83.84    -0.166
      85.12    -0.015
      86.41    -0.023
      87.70    -0.116
      88.99     0.135
      90.28     0.073
      91.57    -0.028
      92.85    -0.123
      94.14    -0.067
      95.43     0.025
      96.72     0.181
      98.01     0.123
      99.30     0.062
     100.58    -0.055
     101.87    -0.139
     103.16     0.033
     104.45    -0.001
     105.74     0.084
     107.02    -0.029
     108.31    -0.142
     109.60    -0.123
     110.89    -0.093
     112.18     0.066
     113.47     0.131
     114.75    -0.043
     116.04     0.060
     117.33    -0.030
     118.62    -0.033
     119.91     0.010
     121.20     0.071
     122.48     0.161
     123.77     0.005
     125.06     0.015
     126.35     0.062
     127.64     0.024
     128.92    -0.059
     130.21    -0.013
     131.50    -0.026
     132.79    -0.111
     134.08     0.018
     135.37     0.048
     136.65    -0.074
     137.94     0.001
     139.23     0.064
     140.52     0.053
     141.81    -0.018
     143.09    -0.093
     144.38    -0.089
     145.67     0.093
     146.96     0.056
     148.25     0.125
     149.54     0.129
     150.82     0.022
     152.11     0.041
     153.40    -0.034
     154.69    -0.015
     155.98    -0.045
     157.27    -0.044
     158.55    -0.020
     159.84    -0.025
     161.13    -0.012
     162.42    -0.041
     163.71     0.031
     164.99    -0.057
     166.28     0.024
     167.57     0.134
     168.86     0.087
     170.15    -0.026
     171.44     0.141
     172.72     0.059
     174.01    -0.052
     175.30    -0.079
     176.59    -0.013
     177.88     0.029
     179.17    -0.033
     180.45    -0.120
     181.74     0.021
     183.03    -0.077
     184.32    -0.039
     185.61    -0.009
     186.89     0.069
     188.18     0.122
     189.47     0.066
     190.76     0.045
     192.05     0.022
     193.34    -0.056
     194.62    -0.029
     195.91     0.171
     197.20    -0.012
     198.49    -0.068
     199.78     0.007
     201.07     0.022
     202.35    -0.013
     203.64    -0.057
     204.93     0.040
     206.22    -0.060
     207.51    -0.103
     208.79    -0.042
     210.08    -0.021
     211.37    -0.045
     212.66    -0.040
     213.95     0.091
     215.24     0.047
     216.52     0.056
     217.81     0.042
     219.10     0.086
     220.39     0.080
     221.68     0.051
     222.97     0.003
     224.25     0.006
     225.54    -0.078
     226.83     0.047
     228.12     0.192
     229.41     0.056
     230.69     0.114
     231.98     0.099
     233.27     0.033
     234.56    -0.077
     235.85    -0.115
     237.14    -0.064
     238.42    -0.086
     239.71    -0.070
     241.00    -0.053
     242.29     0.091
     243.58     0.032
     244.87    -0.017
     246.15    -0.045
     247.44    -0.021
     248.73     0.017
     250.02     0.032
     251.31     0.037
     252.59    -0.065
     253.88    -0.133
     255.17    -0.001
     256.46    -0.096
     257.75     0.033
     259.04     0.012
     260.32    -0.072
     261.61     0.083
     262.90     0.044
     264.19    -0.032
     265.48    -0.081
     266.77     0.018
     268.05     0.020
     269.34    -0.028
     270.63     0.015
     271.92     0.039
     273.21    -0.019
     274.49     0.090
     275.78     0.133
     277.07    -0.056
     278.36     0.156
     279.65     0.053
     280.94     0.081
     282.22     0.085
     283.51     0.059
     284.80     0.027
     286.09    -0.048
     287.38    -0.016
     288.67     0.070
     289.95     0.011
     291.24    -0.165
     292.53    -0.166
     293.82     0.074
     295.11    -0.005
     296.39    -0.140
     297.68     0.007
     298.97     0.029
     300.26    -0.105
     301.55    -0.072
     302.84     0.056
     304.12     0.019
     305.41    -0.077
     306.70    -0.131
     307.99     0.065
     309.28    -0.077
     310.57    -0.072
     311.85    -0.102
     313.14    -0.086
     314.43    -0.029
     315.72    -0.091
     317.01    -0.021
     318.29     0.027
     319.58     0.002
     320.87     0.176
     322.16    -0.019
     323.45    -0.031
     324.74    -0.074
     326.02    -0.046
     327.31    -0.041
     328.60    -0.144
     329.89    -0.055
     331.18     0.074
     332.47     0.072
     333.75     0.016
     335.04    -0.015
     336.33    -0.037
     337.62     0.005
     338.91    -0.048
     340.19    -0.047
     341.48     0.005
     342.77     0.004
     344.06     0.013
     345.35     0.019
     346.64    -0.052
     347.92     0.061
     349.21    -0.042
     350.50     0.019
     351.79    -0.006
     353.08    -0.036
     354.37    -0.101
     355.65    -0.076
     356.94    -0.008
     358.23    -0.003
     359.52     0.042
     360.81     0.051
     362.09    -0.027
     363.38    -0.068
     364.67    -0.222
     365.96    -0.033
     367.25    -0.045
     368.54     0.103
     369.82     0.029
     371.11    -0.094
     372.40    -0.073
     373.69    -0.058
     374.98     0.077
     376.27     0.073
     377.55     0.121
     378.84     0.060
     380.13    -0.086
     381.42     0.094
     382.71     0.013
     383.99     0.050
     385.28     0.093
     386.57     0.061
     387.86    -0.042
     389.15     0.052
     390.44    -0.027
     391.72     0.036
     393.01     0.035
     394.30     0.057
     395.59    -0.089
     396.88     0.012
     398.17    -0.099
     399.45    -0.068
%%GASS      0  datapoints: v_lsr [km/s] and T_B [K]
%%LAB     777  datapoints: v_lsr [km/s] and T_B [K]
    -399.86     0.198
    -398.83    -0.094
    -397.80    -0.141
    -396.77     0.000
    -395.74     0.000
    -394.71    -0.017
    -393.67     0.024
    -392.64     0.004
    -391.61     0.049
    -390.58     0.025
    -389.55     0.073
    -388.52    -0.012
    -387.49     0.042
    -386.46    -0.022
    -385.43     0.130
    -384.40    -0.017
    -383.37    -0.014
    -382.34     0.072
    -381.31     0.076
    -380.28     0.039
    -379.25    -0.008
    -378.22    -0.120
    -377.19    -0.084
    -376.16    -0.020
    -375.12     0.046
    -374.09     0.112
    -373.06     0.069
    -372.03    -0.061
    -371.00     0.004
    -369.97    -0.096
    -368.94    -0.001
    -367.91    -0.148
    -366.88     0.035
    -365.85    -0.085
    -364.82     0.002
    -363.79     0.023
    -362.76    -0.008
    -361.73    -0.032
    -360.70    -0.002
    -359.67     0.030
    -358.64    -0.003
    -357.61    -0.002
    -356.57     0.016
    -355.54    -0.198
    -354.51     0.018
    -353.48     0.053
    -352.45    -0.022
    -351.42    -0.099
    -350.39     0.018
    -349.36    -0.091
    -348.33    -0.070
    -347.30    -0.017
    -346.27     0.019
    -345.24    -0.073
    -344.21     0.107
    -343.18     0.042
    -342.15    -0.044
    -341.12    -0.149
    -340.09     0.077
    -339.06     0.103
    -338.02    -0.038
    -336.99     0.023
    -335.96    -0.020
    -334.93     0.001
    -333.90    -0.120
    -332.87     0.148
    -331.84     0.061
    -330.81    -0.142
    -329.78     0.198
    -328.75     0.034
    -327.72     0.098
    -326.69     0.033
    -325.66     0.063
    -324.63     0.042
    -323.60     0.018
    -322.57     0.076
    -321.54    -0.052
    -320.51     0.118
    -319.47    -0.033
    -318.44     0.081
    -317.41     0.107
    -316.38    -0.033
    -315.35     0.107
    -314.32     0.088
    -313.29     0.039
    -312.26    -0.080
    -311.23     0.014
    -310.20     0.116
    -309.17     0.009
    -308.14     0.039
    -307.11     0.051
    -306.08     0.034
    -305.05     0.064
    -304.02     0.022
    -302.99    -0.069
    -301.95    -0.047
    -300.92    -0.001
    -299.89     0.093
    -298.86    -0.050
    -297.83    -0.017
    -296.80     0.188
    -295.77    -0.017
    -294.74     0.030
    -293.71    -0.045
    -292.68    -0.112
    -291.65     0.021
    -290.62    -0.105
    -289.59    -0.037
    -288.56     0.020
    -287.53    -0.109
    -286.50    -0.239
    -285.47    -0.003
    -284.44     0.120
    -283.40    -0.019
    -282.37    -0.037
    -281.34     0.098
    -280.31     0.191
    -279.28    -0.063
    -278.25     0.039
    -277.22     0.052
    -276.19    -0.099
    -275.16     0.116
    -274.13     0.178
    -273.10     0.077
    -272.07    -0.078
    -271.04    -0.138
    -270.01    -0.086
    -268.98     0.035
    -267.95    -0.037
    -266.92     0.091
    -265.89    -0.061
    -264.85    -0.098
    -263.82     0.066
    -262.79    -0.035
    -261.76    -0.175
    -260.73    -0.165
    -259.70    -0.122
    -258.67     0.073
    -257.64    -0.050
    -256.61     0.108
    -255.58     0.015
    -254.55    -0.035
    -253.52     0.081
    -252.49    -0.021
    -251.46     0.068
    -250.43     0.014
    -249.40     0.086
    -248.37     0.027
    -247.34     0.019
    -246.30     0.001
    -245.27     0.049
    -244.24     0.097
    -243.21     0.119
    -242.18    -0.068
    -241.15     0.070
    -240.12     0.027
    -239.09    -0.024
    -238.06     0.052
    -237.03     0.046
    -236.00     0.063
    -234.97     0.114
    -233.94    -0.061
    -232.91    -0.098
    -231.88    -0.016
    -230.85     0.197
    -229.82     0.117
    -228.78    -0.028
    -227.75    -0.179
    -226.72     0.035
    -225.69    -0.105
    -224.66    -0.096
    -223.63     0.025
    -222.60    -0.045
    -221.57    -0.059
    -220.54     0.051
    -219.51    -0.021
    -218.48     0.143
    -217.45    -0.012
    -216.42     0.076
    -215.39    -0.079
    -214.36    -0.156
    -213.33    -0.035
    -212.30    -0.084
    -211.27    -0.045
    -210.23     0.039
    -209.20    -0.192
    -208.17    -0.063
    -207.14     0.130
    -206.11     0.001
    -205.08    -0.023
    -204.05     0.031
    -203.02    -0.006
    -201.99     0.048
    -200.96    -0.159
    -199.93     0.118
    -198.90    -0.011
    -197.87     0.002
    -196.84     0.121
    -195.81    -0.010
    -194.78    -0.016
    -193.75     0.079
    -192.72     0.112
    -191.68    -0.010
    -190.65    -0.046
    -189.62    -0.112
    -188.59    -0.026
    -187.56    -0.045
    -186.53    -0.054
    -185.50    -0.004
    -184.47     0.048
    -183.44     0.039
    -182.41    -0.096
    -181.38    -0.141
    -180.35     0.076
    -179.32     0.095
    -178.29    -0.160
    -177.26     0.049
    -176.23     0.176
    -175.20     0.032
    -174.17    -0.059
    -173.13    -0.050
    -172.10    -0.091
    -171.07     0.067
    -170.04     0.083
    -169.01    -0.057
    -167.98     0.035
    -166.95     0.054
    -165.92     0.159
    -164.89     0.056
    -163.86     0.168
    -162.83     0.090
    -161.80    -0.054
    -160.77     0.010
    -159.74    -0.142
    -158.71    -0.072
    -157.68    -0.019
    -156.65     0.181
    -155.61    -0.056
    -154.58     0.020
    -153.55     0.158
    -152.52     0.160
    -151.49     0.102
    -150.46     0.091
    -149.43    -0.033
    -148.40     0.172
    -147.37     0.155
    -146.34     0.305
    -145.31     0.190
    -144.28     0.195
    -143.25     0.116
    -142.22     0.016
    -141.19     0.066
    -140.16     0.344
    -139.13     0.293
    -138.10     0.189
    -137.06     0.128
    -136.03     0.258
    -135.00     0.239
    -133.97     0.223
    -132.94     0.249
    -131.91     0.237
    -130.88     0.310
    -129.85     0.157
    -128.82     0.106
    -127.79     0.154
    -126.76     0.223
    -125.73     0.260
    -124.70     0.215
    -123.67     0.243
    -122.64     0.385
    -121.61     0.372
    -120.58     0.148
    -119.55     0.269
    -118.51     0.095
    -117.48     0.173
    -116.45     0.221
    -115.42     0.226
    -114.39     0.210
    -113.36     0.218
    -112.33     0.156
    -111.30     0.235
    -110.27     0.279
    -109.24     0.345
    -108.21     0.339
    -107.18     0.374
    -106.15     0.058
    -105.12     0.322
    -104.09     0.083
    -103.06     0.323
    -102.03     0.235
    -101.00     0.290
     -99.96     0.265
     -98.93     0.451
     -97.90     0.174
     -96.87     0.326
     -95.84     0.285
     -94.81     0.330
     -93.78     0.325
     -92.75     0.279
     -91.72     0.261
     -90.69     0.388
     -89.66     0.370
     -88.63     0.574
     -87.60     0.485
     -86.57     0.423
     -85.54     0.550
     -84.51     0.491
     -83.48     0.562
     -82.45     0.538
     -81.41     0.704
     -80.38     0.617
     -79.35     0.763
     -78.32     0.808
     -77.29     0.799
     -76.26     0.838
     -75.23     1.016
     -74.20     1.004
     -73.17     1.246
     -72.14     1.305
     -71.11     1.706
     -70.08     1.703
     -69.05     1.984
     -68.02     2.003
     -66.99     2.249
     -65.96     2.722
     -64.93     2.958
     -63.89     3.370
     -62.86     3.505
     -61.83     3.785
     -60.80     4.189
     -59.77     4.609
     -58.74     4.588
     -57.71     4.761
     -56.68     4.609
     -55.65     4.732
     -54.62     4.621
     -53.59     4.830
     -52.56     4.891
     -51.53     5.027
     -50.50     5.208
     -49.47     5.482
     -48.44     5.591
     -47.41     5.753
     -46.38     5.993
     -45.34     5.975
     -44.31     5.739
     -43.28     5.698
     -42.25     5.448
     -41.22     5.399
     -40.19     5.114
     -39.16     5.015
     -38.13     4.768
     -37.10     4.777
     -36.07     4.654
     -35.04     4.636
     -34.01     4.714
     -32.98     4.553
     -31.95     4.712
     -30.92     4.678
     -29.89     4.689
     -28.86     4.960
     -27.83     4.793
     -26.79     4.774
     -25.76     4.931
     -24.73     4.787
     -23.70     4.770
     -22.67     4.971
     -21.64     4.901
     -20.61     4.992
     -19.58     5.328
     -18.55     5.504
     -17.52     5.721
     -16.49     6.282
     -15.46     6.904
     -14.43     7.887
     -13.40     8.792
     -12.37     9.906
     -11.34    11.097
     -10.31    12.959
      -9.28    15.136
      -8.24    18.022
      -7.21    21.454
      -6.18    25.486
      -5.15    28.909
      -4.12    30.972
      -3.09    33.328
      -2.06    35.594
      -1.03    38.873
       0.00    41.478
       1.03    41.475
       2.06    37.675
       3.09    33.051
       4.12    29.021
       5.15    23.560
       6.18    18.784
       7.21    14.393
       8.24    10.932
       9.28     8.972
      10.31     7.166
      11.34     5.939
      12.37     5.102
      13.40     4.236
      14.43     3.303
      15.46     2.933
      16.49     2.251
      17.52     1.900
      18.55     1.777
      19.58     1.408
      20.61     1.139
      21.64     1.015
      22.67     0.943
      23.70     0.800
      24.73     0.614
      25.76     0.634
      26.79     0.490
      27.83     0.433
      28.86     0.472
      29.89     0.363
      30.92     0.301
      31.95     0.380
      32.98     0.315
      34.01     0.150
      35.04     0.253
      36.07     0.295
      37.10     0.324
      38.13     0.097
      39.16     0.494
      40.19     0.119
      41.22     0.228
      42.25     0.260
      43.28     0.359
      44.31     0.246
      45.34     0.245
      46.38     0.211
      47.41     0.190
      48.44     0.031
      49.47     0.207
      50.50     0.226
      51.53     0.083
      52.56     0.056
      53.59     0.067
      54.62     0.053
      55.65     0.044
      56.68     0.139
      57.71    -0.068
      58.74    -0.002
      59.77     0.021
      60.80     0.023
      61.83    -0.054
      62.86     0.046
      63.89     0.198
      64.93     0.011
      65.96     0.012
      66.99     0.093
      68.02    -0.009
      69.05     0.131
      70.08    -0.002
      71.11    -0.140
      72.14     0.149
      73.17     0.098
      74.20    -0.004
      75.23     0.068
      76.26    -0.015
      77.29     0.005
      78.32     0.186
      79.35     0.081
      80.38    -0.100
      81.41     0.226
      82.45    -0.016
      83.48     0.204
      84.51    -0.031
      85.54     0.118
      86.57     0.220
      87.60     0.067
      88.63     0.138
      89.66    -0.089
      90.69     0.127
      91.72    -0.010
      92.75     0.085
      93.78    -0.052
      94.81     0.136
      95.84     0.076
      96.87    -0.005
      97.90    -0.113
      98.93    -0.056
      99.96     0.023
     101.00     0.058
     102.03    -0.021
     103.06     0.000
     104.09     0.036
     105.12     0.026
     106.15     0.077
     107.18     0.082
     108.21     0.027
     109.24    -0.069
     110.27    -0.120
     111.30     0.001
     112.33    -0.194
     113.36     0.044
     114.39    -0.140
     115.42    -0.029
     116.45     0.088
     117.48    -0.087
     118.51    -0.017
     119.55     0.046
     120.58    -0.115
     121.61     0.077
     122.64     0.042
     123.67     0.055
     124.70    -0.147
     125.73     0.115
     126.76    -0.009
     127.79    -0.053
     128.82    -0.033
     129.85     0.051
     130.88    -0.070
     131.91     0.004
     132.94     0.053
     133.97     0.029
     135.00    -0.021
     136.03     0.074
     137.06    -0.022
     138.10    -0.098
     139.13    -0.001
     140.16     0.111
     141.19     0.076
     142.22    -0.035
     143.25     0.091
     144.28     0.068
     145.31     0.002
     146.34     0.032
     147.37    -0.048
     148.40     0.081
     149.43    -0.049
     150.46     0.055
     151.49    -0.019
     152.52    -0.004
     153.55     0.031
     154.58     0.029
     155.61    -0.107
     156.65     0.141
     157.68     0.042
     158.71     0.013
     159.74     0.004
     160.77    -0.081
     161.80    -0.077
     162.83    -0.026
     163.86     0.027
     164.89     0.098
     165.92     0.044
     166.95     0.048
     167.98    -0.072
     169.01    -0.015
     170.04     0.127
     171.07     0.109
     172.10    -0.092
     173.13     0.151
     174.17     0.055
     175.20    -0.001
     176.23    -0.045
     177.26     0.083
     178.29    -0.005
     179.32     0.074
     180.35    -0.052
     181.38    -0.040
     182.41    -0.073
     183.44    -0.060
     184.47    -0.038
     185.50     0.125
     186.53     0.134
     187.56     0.055
     188.59    -0.021
     189.62    -0.094
     190.65    -0.087
     191.68     0.057
     192.72    -0.014
     193.75     0.048
     194.78     0.048
     195.81     0.052
     196.84     0.000
     197.87     0.000
     198.90     0.052
     199.93    -0.063
     200.96    -0.171
     201.99     0.071
     203.02    -0.074
     204.05     0.022
     205.08    -0.082
     206.11    -0.129
     207.14    -0.176
     208.17     0.107
     209.20    -0.065
     210.23     0.000
     211.27     0.046
     212.30     0.021
     213.33    -0.025
     214.36    -0.072
     215.39    -0.117
     216.42     0.021
     217.45    -0.075
     218.48    -0.035
     219.51    -0.079
     220.54    -0.008
     221.57    -0.080
     222.60     0.114
     223.63    -0.091
     224.66     0.002
     225.69    -0.043
     226.72     0.063
     227.75    -0.055
     228.78    -0.012
     229.82    -0.057
     230.85    -0.089
     231.88    -0.111
     232.91     0.062
     233.94     0.089
     234.97    -0.042
     236.00     0.037
     237.03     0.183
     238.06    -0.112
     239.09     0.060
     240.12     0.162
     241.15     0.125
     242.18    -0.092
     243.21     0.205
     244.24     0.007
     245.27     0.062
     246.30    -0.156
     247.34     0.049
     248.37     0.065
     249.40    -0.007
     250.43    -0.092
     251.46     0.013
     252.49     0.162
     253.52    -0.045
     254.55    -0.036
     255.58     0.013
     256.61     0.090
     257.64     0.004
     258.67     0.135
     259.70    -0.052
     260.73    -0.008
     261.76     0.173
     262.79    -0.084
     263.82    -0.049
     264.85     0.071
     265.89    -0.037
     266.92     0.220
     267.95     0.011
     268.98    -0.208
     270.01    -0.040
     271.04     0.011
     272.07     0.029
     273.10    -0.060
     274.13     0.035
     275.16     0.111
     276.19     0.021
     277.22     0.083
     278.25     0.114
     279.28    -0.088
     280.31     0.097
     281.34    -0.078
     282.37    -0.112
     283.40    -0.078
     284.44     0.034
     285.47     0.062
     286.50     0.058
     287.53    -0.008
     288.56    -0.067
     289.59    -0.112
     290.62     0.105
     291.65    -0.107
     292.68     0.058
     293.71    -0.057
     294.74    -0.017
     295.77    -0.191
     296.80     0.070
     297.83     0.011
     298.86    -0.055
     299.89    -0.049
     300.92     0.090
     301.95    -0.148
     302.99    -0.110
     304.02    -0.064
     305.05    -0.004
     306.08    -0.126
     307.11     0.153
     308.14     0.086
     309.17     0.057
     310.20    -0.010
     311.23    -0.007
     312.26     0.039
     313.29    -0.087
     314.32    -0.050
     315.35    -0.000
     316.38     0.121
     317.41    -0.015
     318.44    -0.071
     319.47     0.186
     320.51    -0.138
     321.54    -0.009
     322.57    -0.036
     323.60    -0.013
     324.63    -0.091
     325.66    -0.013
     326.69    -0.067
     327.72    -0.001
     328.75     0.079
     329.78     0.042
     330.81     0.046
     331.84     0.195
     332.87    -0.014
     333.90     0.075
     334.93    -0.163
     335.96     0.135
     336.99    -0.055
     338.02     0.082
     339.06    -0.070
     340.09    -0.059
     341.12    -0.017
     342.15     0.072
     343.18     0.000
     344.21    -0.005
     345.24     0.064
     346.27    -0.054
     347.30    -0.091
     348.33     0.053
     349.36    -0.108
     350.39     0.016
     351.42    -0.029
     352.45    -0.063
     353.48    -0.076
     354.51     0.053
     355.54    -0.015
     356.57     0.003
     357.61    -0.133
     358.64     0.065
     359.67    -0.048
     360.70     0.058
     361.73    -0.050
     362.76    -0.043
     363.79     0.049
     364.82    -0.108
     365.85     0.084
     366.88     0.053
     367.91    -0.112
     368.94     0.042
     369.97     0.044
     371.00     0.118
     372.03    -0.010
     373.06    -0.017
     374.09     0.035
     375.12     0.045
     376.16     0.116
     377.19    -0.033
     378.22    -0.090
     379.25     0.107
     380.28    -0.112
     381.31    -0.018
     382.34     0.007
     383.37     0.040
     384.40    -0.111
     385.43     0.001
     386.46     0.017
     387.49     0.092
     388.52     0.082
     389.55    -0.129
     390.58     0.158
     391.61     0.155
     392.64    -0.106
     393.67     0.082
     394.71    -0.179
     395.74     0.052
     396.77     0.039
     397.80     0.100
     398.83    -0.004
     399.86     0.069
