%%  100.00000  10.00000    0   0.20000
% LAB  survey ------------------
% wanted position:  l, b, RA, DEC, and interpolated  NH
%100.00 ;  10.00 ; 316.88 ;  62.42 ;  0.281E+22
% nearest position: l, b, RA, DEC, and observed NH
%100.00 ;  10.00 ; 316.88 ;  62.42 ;  0.281E+22
% GASS III survey --------------
% NH - median within 6 arcmin radius   0.00    
% NH - mean within specified beam      0.00    
% EBHIS survey -----------------
% NH  within specified beam           0.293E+22
%%EBHIS   621  datapoints: v_lsr [km/s] and T_B [K]
    -399.25    -0.072
    -397.96    -0.130
    -396.68     0.014
    -395.39     0.023
    -394.10    -0.103
    -392.81     0.032
    -391.52    -0.112
    -390.23    -0.117
    -388.95     0.080
    -387.66     0.032
    -386.37     0.080
    -385.08     0.015
    -383.79    -0.002
    -382.50    -0.069
    -381.22     0.002
    -379.93    -0.009
    -378.64     0.084
    -377.35     0.024
    -376.06     0.062
    -374.78    -0.002
    -373.49     0.002
    -372.20    -0.021
    -370.91     0.025
    -369.62     0.052
    -368.33    -0.077
    -367.05    -0.038
    -365.76    -0.068
    -364.47    -0.077
    -363.18    -0.013
    -361.89     0.040
    -360.60    -0.050
    -359.32    -0.017
    -358.03     0.048
    -356.74     0.042
    -355.45    -0.040
    -354.16     0.042
    -352.88     0.100
    -351.59    -0.027
    -350.30    -0.038
    -349.01    -0.037
    -347.72    -0.026
    -346.43    -0.036
    -345.15     0.129
    -343.86     0.037
    -342.57     0.068
    -341.28    -0.022
    -339.99    -0.088
    -338.70    -0.040
    -337.42    -0.147
    -336.13     0.023
    -334.84     0.073
    -333.55    -0.072
    -332.26    -0.050
    -330.98    -0.037
    -329.69     0.100
    -328.40     0.084
    -327.11     0.100
    -325.82     0.015
    -324.53     0.080
    -323.25    -0.017
    -321.96     0.009
    -320.67    -0.003
    -319.38     0.051
    -318.09    -0.021
    -316.80     0.037
    -315.52    -0.017
    -314.23    -0.003
    -312.94     0.006
    -311.65    -0.105
    -310.36    -0.098
    -309.08    -0.011
    -307.79    -0.056
    -306.50    -0.023
    -305.21    -0.067
    -303.92    -0.014
    -302.63     0.060
    -301.35     0.000
    -300.06     0.030
    -298.77     0.023
    -297.48    -0.005
    -296.19     0.050
    -294.90    -0.054
    -293.62     0.051
    -292.33     0.045
    -291.04     0.034
    -289.75    -0.016
    -288.46     0.062
    -287.18    -0.017
    -285.89     0.016
    -284.60    -0.020
    -283.31     0.024
    -282.02     0.011
    -280.73    -0.025
    -279.45     0.079
    -278.16    -0.030
    -276.87    -0.040
    -275.58    -0.031
    -274.29    -0.024
    -273.00     0.019
    -271.72    -0.036
    -270.43    -0.062
    -269.14    -0.023
    -267.85    -0.076
    -266.56    -0.063
    -265.28    -0.019
    -263.99    -0.066
    -262.70    -0.001
    -261.41     0.027
    -260.12     0.107
    -258.83     0.038
    -257.55     0.040
    -256.26     0.031
    -254.97    -0.057
    -253.68    -0.009
    -252.39    -0.004
    -251.10     0.061
    -249.82     0.073
    -248.53     0.028
    -247.24     0.028
    -245.95     0.056
    -244.66    -0.013
    -243.38     0.017
    -242.09    -0.009
    -240.80     0.141
    -239.51    -0.028
    -238.22     0.003
    -236.93     0.014
    -235.65     0.075
    -234.36    -0.010
    -233.07    -0.027
    -231.78    -0.003
    -230.49     0.092
    -229.20    -0.033
    -227.92    -0.068
    -226.63     0.024
    -225.34    -0.064
    -224.05     0.015
    -222.76     0.011
    -221.48     0.039
    -220.19    -0.012
    -218.90     0.016
    -217.61     0.139
    -216.32     0.061
    -215.03    -0.048
    -213.75    -0.068
    -212.46    -0.138
    -211.17     0.053
    -209.88     0.063
    -208.59     0.098
    -207.30    -0.005
    -206.02    -0.013
    -204.73    -0.021
    -203.44    -0.042
    -202.15     0.034
    -200.86     0.063
    -199.58    -0.014
    -198.29    -0.082
    -197.00    -0.023
    -195.71    -0.106
    -194.42    -0.080
    -193.13     0.054
    -191.85     0.032
    -190.56     0.044
    -189.27     0.037
    -187.98     0.067
    -186.69    -0.109
    -185.40     0.056
    -184.12     0.010
    -182.83     0.057
    -181.54     0.069
    -180.25    -0.025
    -178.96    -0.018
    -177.68     0.079
    -176.39     0.099
    -175.10     0.075
    -173.81    -0.012
    -172.52     0.036
    -171.23     0.044
    -169.95     0.035
    -168.66     0.145
    -167.37    -0.026
    -166.08     0.134
    -164.79     0.127
    -163.50    -0.083
    -162.22    -0.011
    -160.93     0.070
    -159.64     0.112
    -158.35     0.039
    -157.06     0.024
    -155.78     0.014
    -154.49     0.212
    -153.20     0.186
    -151.91     0.210
    -150.62     0.232
    -149.33     0.312
    -148.05     0.341
    -146.76     0.367
    -145.47     0.527
    -144.18     0.472
    -142.89     0.511
    -141.60     0.740
    -140.32     0.866
    -139.03     0.934
    -137.74     1.093
    -136.45     1.130
    -135.16     1.319
    -133.88     1.665
    -132.59     1.847
    -131.30     1.894
    -130.01     2.139
    -128.72     2.536
    -127.43     3.016
    -126.15     3.128
    -124.86     3.368
    -123.57     3.356
    -122.28     3.282
    -120.99     3.108
    -119.70     2.911
    -118.42     2.617
    -117.13     2.363
    -115.84     2.243
    -114.55     1.990
    -113.26     1.852
    -111.98     1.667
    -110.69     1.462
    -109.40     1.211
    -108.11     1.219
    -106.82     1.155
    -105.53     1.023
    -104.25     0.967
    -102.96     0.807
    -101.67     0.872
    -100.38     0.816
     -99.09     0.818
     -97.80     0.818
     -96.52     0.978
     -95.23     1.108
     -93.94     1.189
     -92.65     1.305
     -91.36     1.521
     -90.08     1.756
     -88.79     1.966
     -87.50     2.180
     -86.21     2.448
     -84.92     2.629
     -83.63     2.464
     -82.35     2.411
     -81.06     2.183
     -79.77     1.862
     -78.48     1.784
     -77.19     1.709
     -75.90     1.478
     -74.62     1.345
     -73.33     1.386
     -72.04     1.207
     -70.75     1.064
     -69.46     1.062
     -68.18     1.027
     -66.89     1.022
     -65.60     0.905
     -64.31     0.897
     -63.02     0.987
     -61.73     0.995
     -60.45     0.947
     -59.16     0.931
     -57.87     0.860
     -56.58     0.867
     -55.29     0.855
     -54.00     0.840
     -52.72     0.964
     -51.43     0.962
     -50.14     0.892
     -48.85     1.028
     -47.56     1.051
     -46.28     1.164
     -44.99     1.187
     -43.70     1.316
     -42.41     1.415
     -41.12     1.669
     -39.83     1.783
     -38.55     1.827
     -37.26     2.083
     -35.97     2.144
     -34.68     2.160
     -33.39     2.181
     -32.10     2.214
     -30.82     2.287
     -29.53     2.682
     -28.24     3.046
     -26.95     3.419
     -25.66     4.020
     -24.38     4.848
     -23.09     5.863
     -21.80     7.139
     -20.51     8.539
     -19.22    10.011
     -17.93    11.723
     -16.65    14.276
     -15.36    19.004
     -14.07    31.120
     -12.78    49.737
     -11.49    62.096
     -10.20    68.718
      -8.92    74.170
      -7.63    76.236
      -6.34    75.828
      -5.05    74.803
      -3.76    75.206
      -2.48    77.118
      -1.19    77.977
       0.10    72.877
       1.39    59.640
       2.68    43.194
       3.97    30.510
       5.25    21.957
       6.54    14.174
       7.83     7.721
       9.12     4.512
      10.41     3.207
      11.70     2.324
      12.98     1.864
      14.27     1.398
      15.56     0.847
      16.85     0.725
      18.14     0.570
      19.42     0.532
      20.71     0.311
      22.00     0.274
      23.29     0.247
      24.58     0.229
      25.87     0.151
      27.15     0.129
      28.44     0.145
      29.73     0.068
      31.02     0.005
      32.31     0.078
      33.60     0.046
      34.88     0.001
      36.17     0.063
      37.46     0.033
      38.75     0.078
      40.04     0.115
      41.32     0.090
      42.61     0.016
      43.90     0.025
      45.19     0.120
      46.48     0.016
      47.77     0.068
      49.05     0.062
      50.34     0.064
      51.63    -0.027
      52.92     0.016
      54.21     0.024
      55.50     0.066
      56.78    -0.068
      58.07    -0.034
      59.36     0.041
      60.65     0.000
      61.94     0.068
      63.22     0.016
      64.51    -0.025
      65.80    -0.015
      67.09    -0.061
      68.38     0.016
      69.67    -0.071
      70.95    -0.088
      72.24    -0.083
      73.53    -0.135
      74.82     0.002
      76.11    -0.021
      77.40    -0.052
      78.68    -0.039
      79.97    -0.086
      81.26    -0.044
      82.55    -0.028
      83.84    -0.038
      85.12    -0.001
      86.41    -0.051
      87.70     0.028
      88.99    -0.000
      90.28    -0.034
      91.57    -0.034
      92.85     0.006
      94.14    -0.006
      95.43    -0.083
      96.72    -0.067
      98.01    -0.147
      99.30     0.047
     100.58     0.051
     101.87    -0.087
     103.16    -0.065
     104.45    -0.131
     105.74    -0.029
     107.02     0.023
     108.31    -0.003
     109.60    -0.081
     110.89     0.023
     112.18     0.036
     113.47    -0.027
     114.75    -0.071
     116.04    -0.082
     117.33    -0.013
     118.62    -0.013
     119.91    -0.021
     121.20    -0.035
     122.48    -0.036
     123.77    -0.105
     125.06     0.033
     126.35     0.016
     127.64     0.074
     128.92    -0.022
     130.21     0.022
     131.50     0.064
     132.79     0.022
     134.08     0.068
     135.37     0.051
     136.65     0.020
     137.94     0.019
     139.23     0.048
     140.52    -0.006
     141.81    -0.053
     143.09    -0.046
     144.38     0.207
     145.67     0.089
     146.96    -0.015
     148.25     0.045
     149.54     0.001
     150.82     0.024
     152.11    -0.025
     153.40     0.025
     154.69     0.068
     155.98     0.039
     157.27     0.097
     158.55    -0.000
     159.84    -0.129
     161.13     0.011
     162.42    -0.008
     163.71    -0.025
     164.99    -0.058
     166.28    -0.007
     167.57     0.000
     168.86     0.002
     170.15     0.094
     171.44     0.147
     172.72     0.045
     174.01     0.063
     175.30     0.001
     176.59    -0.013
     177.88     0.025
     179.17     0.091
     180.45     0.036
     181.74    -0.036
     183.03    -0.026
     184.32     0.098
     185.61     0.084
     186.89     0.014
     188.18    -0.046
     189.47    -0.026
     190.76     0.089
     192.05     0.036
     193.34     0.000
     194.62    -0.037
     195.91    -0.052
     197.20    -0.108
     198.49    -0.071
     199.78    -0.053
     201.07    -0.038
     202.35    -0.058
     203.64     0.023
     204.93    -0.035
     206.22    -0.068
     207.51    -0.017
     208.79    -0.126
     210.08    -0.039
     211.37    -0.023
     212.66    -0.015
     213.95     0.072
     215.24     0.053
     216.52    -0.071
     217.81     0.036
     219.10    -0.003
     220.39    -0.032
     221.68     0.051
     222.97     0.021
     224.25    -0.027
     225.54     0.020
     226.83     0.025
     228.12    -0.023
     229.41    -0.062
     230.69    -0.057
     231.98    -0.002
     233.27     0.193
     234.56     0.056
     235.85    -0.086
     237.14    -0.034
     238.42    -0.004
     239.71     0.064
     241.00     0.078
     242.29    -0.122
     243.58    -0.010
     244.87     0.158
     246.15     0.140
     247.44     0.025
     248.73     0.042
     250.02    -0.002
     251.31     0.021
     252.59    -0.033
     253.88     0.004
     255.17    -0.020
     256.46    -0.048
     257.75    -0.003
     259.04    -0.036
     260.32     0.017
     261.61     0.021
     262.90    -0.023
     264.19    -0.029
     265.48    -0.035
     266.77     0.039
     268.05    -0.028
     269.34     0.034
     270.63     0.012
     271.92    -0.067
     273.21     0.004
     274.49    -0.001
     275.78    -0.040
     277.07    -0.078
     278.36    -0.007
     279.65     0.024
     280.94     0.070
     282.22    -0.025
     283.51    -0.110
     284.80    -0.037
     286.09     0.016
     287.38    -0.071
     288.67    -0.078
     289.95    -0.038
     291.24    -0.032
     292.53     0.054
     293.82     0.033
     295.11     0.134
     296.39     0.147
     297.68    -0.036
     298.97    -0.070
     300.26    -0.007
     301.55     0.033
     302.84    -0.046
     304.12    -0.019
     305.41    -0.027
     306.70     0.037
     307.99     0.052
     309.28     0.043
     310.57    -0.103
     311.85    -0.048
     313.14     0.079
     314.43     0.032
     315.72     0.052
     317.01    -0.004
     318.29     0.097
     319.58     0.081
     320.87     0.089
     322.16     0.031
     323.45    -0.057
     324.74    -0.032
     326.02     0.049
     327.31     0.001
     328.60    -0.021
     329.89    -0.076
     331.18     0.025
     332.47    -0.053
     333.75    -0.023
     335.04     0.061
     336.33    -0.028
     337.62     0.068
     338.91    -0.079
     340.19    -0.090
     341.48    -0.023
     342.77    -0.006
     344.06     0.038
     345.35     0.103
     346.64     0.061
     347.92     0.059
     349.21    -0.029
     350.50    -0.046
     351.79    -0.085
     353.08     0.064
     354.37     0.074
     355.65     0.178
     356.94     0.030
     358.23    -0.019
     359.52     0.070
     360.81     0.125
     362.09     0.016
     363.38     0.141
     364.67    -0.036
     365.96    -0.087
     367.25    -0.043
     368.54    -0.008
     369.82    -0.016
     371.11    -0.003
     372.40     0.093
     373.69     0.075
     374.98    -0.037
     376.27     0.030
     377.55     0.129
     378.84     0.078
     380.13    -0.060
     381.42     0.013
     382.71    -0.068
     383.99    -0.066
     385.28    -0.023
     386.57    -0.083
     387.86    -0.049
     389.15     0.070
     390.44    -0.075
     391.72    -0.031
     393.01     0.014
     394.30     0.151
     395.59     0.020
     396.88     0.047
     398.17     0.020
     399.45     0.110
%%GASS      0  datapoints: v_lsr [km/s] and T_B [K]
%%LAB     777  datapoints: v_lsr [km/s] and T_B [K]
    -399.83     0.078
    -398.80    -0.087
    -397.77    -0.160
    -396.74    -0.131
    -395.71     0.004
    -394.68    -0.051
    -393.65     0.241
    -392.62     0.002
    -391.59     0.147
    -390.56     0.038
    -389.53     0.088
    -388.50     0.184
    -387.47     0.062
    -386.44     0.007
    -385.41    -0.101
    -384.37    -0.034
    -383.34     0.051
    -382.31     0.034
    -381.28    -0.092
    -380.25    -0.176
    -379.22     0.094
    -378.19    -0.181
    -377.16     0.076
    -376.13     0.048
    -375.10    -0.001
    -374.07     0.056
    -373.04     0.055
    -372.01     0.050
    -370.98    -0.147
    -369.95    -0.080
    -368.92    -0.088
    -367.89     0.005
    -366.86    -0.142
    -365.83     0.022
    -364.80    -0.065
    -363.76    -0.101
    -362.73    -0.012
    -361.70    -0.070
    -360.67     0.079
    -359.64    -0.052
    -358.61    -0.134
    -357.58    -0.151
    -356.55    -0.115
    -355.52     0.000
    -354.49     0.076
    -353.46     0.030
    -352.43     0.121
    -351.40     0.120
    -350.37     0.081
    -349.34    -0.027
    -348.31    -0.012
    -347.28    -0.101
    -346.25     0.038
    -345.22     0.016
    -344.19    -0.017
    -343.15    -0.020
    -342.12    -0.046
    -341.09     0.069
    -340.06    -0.030
    -339.03     0.027
    -338.00     0.040
    -336.97    -0.024
    -335.94     0.140
    -334.91     0.059
    -333.88    -0.002
    -332.85    -0.050
    -331.82     0.121
    -330.79    -0.094
    -329.76     0.104
    -328.73    -0.072
    -327.70    -0.053
    -326.67     0.000
    -325.64    -0.079
    -324.61     0.043
    -323.58     0.029
    -322.55     0.013
    -321.51     0.095
    -320.48    -0.099
    -319.45     0.056
    -318.42    -0.035
    -317.39     0.057
    -316.36     0.066
    -315.33     0.017
    -314.30    -0.113
    -313.27     0.013
    -312.24     0.040
    -311.21    -0.017
    -310.18    -0.193
    -309.15     0.052
    -308.12     0.117
    -307.09     0.109
    -306.06     0.026
    -305.03    -0.010
    -304.00     0.052
    -302.97    -0.078
    -301.94     0.008
    -300.90    -0.029
    -299.87    -0.202
    -298.84     0.161
    -297.81    -0.001
    -296.78     0.008
    -295.75     0.055
    -294.72     0.022
    -293.69    -0.029
    -292.66     0.069
    -291.63    -0.192
    -290.60     0.079
    -289.57     0.048
    -288.54    -0.014
    -287.51     0.057
    -286.48     0.047
    -285.45    -0.123
    -284.42    -0.014
    -283.39     0.062
    -282.36    -0.002
    -281.33    -0.085
    -280.29     0.007
    -279.26     0.027
    -278.23     0.002
    -277.20     0.072
    -276.17     0.124
    -275.14     0.007
    -274.11    -0.017
    -273.08    -0.022
    -272.05    -0.029
    -271.02     0.001
    -269.99     0.193
    -268.96     0.047
    -267.93    -0.017
    -266.90    -0.055
    -265.87     0.049
    -264.84    -0.037
    -263.81     0.121
    -262.78     0.111
    -261.75     0.017
    -260.72    -0.007
    -259.68     0.149
    -258.65     0.079
    -257.62     0.012
    -256.59     0.026
    -255.56    -0.008
    -254.53    -0.091
    -253.50    -0.030
    -252.47     0.056
    -251.44     0.062
    -250.41    -0.063
    -249.38     0.120
    -248.35     0.030
    -247.32     0.066
    -246.29    -0.048
    -245.26     0.040
    -244.23    -0.073
    -243.20     0.042
    -242.17     0.026
    -241.14    -0.078
    -240.11    -0.045
    -239.07     0.067
    -238.04     0.048
    -237.01     0.033
    -235.98     0.000
    -234.95    -0.048
    -233.92    -0.072
    -232.89    -0.012
    -231.86     0.041
    -230.83     0.106
    -229.80    -0.020
    -228.77     0.013
    -227.74    -0.133
    -226.71    -0.045
    -225.68     0.097
    -224.65     0.133
    -223.62    -0.038
    -222.59     0.066
    -221.56    -0.040
    -220.53     0.073
    -219.50     0.117
    -218.47     0.111
    -217.43     0.065
    -216.40    -0.064
    -215.37    -0.155
    -214.34     0.116
    -213.31    -0.087
    -212.28     0.019
    -211.25     0.055
    -210.22     0.134
    -209.19     0.193
    -208.16     0.015
    -207.13     0.095
    -206.10     0.104
    -205.07     0.031
    -204.04    -0.143
    -203.01    -0.052
    -201.98     0.128
    -200.95     0.015
    -199.92    -0.067
    -198.89    -0.023
    -197.86     0.007
    -196.82    -0.040
    -195.79     0.045
    -194.76     0.055
    -193.73     0.067
    -192.70    -0.065
    -191.67     0.073
    -190.64     0.072
    -189.61    -0.053
    -188.58    -0.022
    -187.55    -0.031
    -186.52     0.077
    -185.49     0.121
    -184.46     0.157
    -183.43     0.028
    -182.40    -0.063
    -181.37    -0.036
    -180.34    -0.020
    -179.31    -0.050
    -178.28     0.022
    -177.25    -0.067
    -176.21    -0.033
    -175.18    -0.129
    -174.15    -0.027
    -173.12     0.017
    -172.09     0.050
    -171.06     0.007
    -170.03    -0.017
    -169.00    -0.103
    -167.97    -0.002
    -166.94    -0.026
    -165.91    -0.084
    -164.88     0.081
    -163.85    -0.002
    -162.82    -0.087
    -161.79    -0.060
    -160.76     0.020
    -159.73     0.017
    -158.70     0.015
    -157.67     0.106
    -156.64     0.077
    -155.60     0.172
    -154.57    -0.012
    -153.54     0.185
    -152.51     0.007
    -151.48     0.051
    -150.45     0.299
    -149.42     0.156
    -148.39     0.279
    -147.36     0.284
    -146.33     0.402
    -145.30     0.291
    -144.27     0.448
    -143.24     0.554
    -142.21     0.593
    -141.18     0.607
    -140.15     0.699
    -139.12     0.832
    -138.09     1.020
    -137.06     1.019
    -136.03     1.160
    -134.99     1.162
    -133.96     1.399
    -132.93     1.527
    -131.90     1.684
    -130.87     1.679
    -129.84     2.004
    -128.81     2.189
    -127.78     2.446
    -126.75     2.442
    -125.72     2.864
    -124.69     2.791
    -123.66     2.916
    -122.63     2.806
    -121.60     2.816
    -120.57     2.621
    -119.54     2.639
    -118.51     2.589
    -117.48     2.346
    -116.45     2.062
    -115.42     2.013
    -114.38     1.915
    -113.35     1.871
    -112.32     1.682
    -111.29     1.593
    -110.26     1.333
    -109.23     1.447
    -108.20     1.204
    -107.17     1.187
    -106.14     1.012
    -105.11     1.051
    -104.08     1.010
    -103.05     1.049
    -102.02     0.797
    -100.99     0.736
     -99.96     0.889
     -98.93     0.883
     -97.90     0.855
     -96.87     0.959
     -95.84     1.029
     -94.81     1.032
     -93.78     1.026
     -92.74     1.186
     -91.71     1.277
     -90.68     1.367
     -89.65     1.520
     -88.62     1.571
     -87.59     1.633
     -86.56     1.736
     -85.53     1.941
     -84.50     2.103
     -83.47     2.036
     -82.44     1.899
     -81.41     1.800
     -80.38     1.797
     -79.35     1.636
     -78.32     1.529
     -77.29     1.539
     -76.26     1.489
     -75.23     1.299
     -74.20     1.358
     -73.17     1.219
     -72.13     1.269
     -71.10     1.211
     -70.07     1.163
     -69.04     1.037
     -68.01     1.062
     -66.98     1.011
     -65.95     1.144
     -64.92     1.039
     -63.89     1.049
     -62.86     1.125
     -61.83     0.959
     -60.80     1.010
     -59.77     0.992
     -58.74     0.825
     -57.71     1.043
     -56.68     0.983
     -55.65     1.014
     -54.62     0.892
     -53.59     0.993
     -52.56     0.977
     -51.52     0.999
     -50.49     0.932
     -49.46     1.096
     -48.43     1.165
     -47.40     1.177
     -46.37     1.304
     -45.34     1.407
     -44.31     1.447
     -43.28     1.379
     -42.25     1.348
     -41.22     1.433
     -40.19     1.507
     -39.16     1.639
     -38.13     1.506
     -37.10     1.672
     -36.07     1.734
     -35.04     1.648
     -34.01     1.648
     -32.98     1.967
     -31.95     1.995
     -30.91     2.035
     -29.88     2.227
     -28.85     2.480
     -27.82     2.746
     -26.79     3.256
     -25.76     3.747
     -24.73     4.233
     -23.70     5.142
     -22.67     6.120
     -21.64     6.759
     -20.61     7.821
     -19.58     8.903
     -18.55    10.163
     -17.52    11.518
     -16.49    13.569
     -15.46    17.106
     -14.43    23.319
     -13.40    34.429
     -12.37    47.859
     -11.34    57.151
     -10.30    62.629
      -9.27    67.193
      -8.24    70.730
      -7.21    72.366
      -6.18    73.009
      -5.15    72.417
      -4.12    72.201
      -3.09    73.791
      -2.06    75.851
      -1.03    75.450
       0.00    73.826
       1.03    67.779
       2.06    55.605
       3.09    42.115
       4.12    30.255
       5.15    22.112
       6.18    16.623
       7.21    10.944
       8.24     7.035
       9.27     4.744
      10.30     3.412
      11.34     2.581
      12.37     1.936
      13.40     1.497
      14.43     1.204
      15.46     0.890
      16.49     0.776
      17.52     0.478
      18.55     0.430
      19.58     0.276
      20.61     0.297
      21.64     0.031
      22.67     0.283
      23.70     0.069
      24.73     0.097
      25.76     0.067
      26.79     0.266
      27.82     0.117
      28.85     0.035
      29.88     0.001
      30.91     0.062
      31.95     0.078
      32.98     0.015
      34.01     0.041
      35.04    -0.050
      36.07     0.116
      37.10     0.197
      38.13    -0.108
      39.16     0.020
      40.19     0.126
      41.22     0.133
      42.25     0.009
      43.28     0.148
      44.31     0.020
      45.34    -0.010
      46.37     0.014
      47.40    -0.101
      48.43    -0.166
      49.46     0.048
      50.49    -0.147
      51.52     0.023
      52.56     0.062
      53.59     0.070
      54.62     0.131
      55.65     0.088
      56.68    -0.007
      57.71     0.121
      58.74    -0.053
      59.77    -0.002
      60.80     0.083
      61.83    -0.124
      62.86    -0.031
      63.89    -0.006
      64.92     0.027
      65.95     0.033
      66.98     0.120
      68.01     0.005
      69.04    -0.113
      70.07     0.037
      71.10    -0.077
      72.13     0.077
      73.17    -0.057
      74.20     0.065
      75.23     0.010
      76.26     0.099
      77.29    -0.083
      78.32     0.143
      79.35    -0.173
      80.38    -0.085
      81.41     0.072
      82.44     0.163
      83.47    -0.056
      84.50     0.049
      85.53    -0.086
      86.56     0.014
      87.59     0.051
      88.62    -0.123
      89.65    -0.095
      90.68    -0.035
      91.71    -0.066
      92.74     0.124
      93.78    -0.021
      94.81     0.079
      95.84    -0.035
      96.87    -0.085
      97.90    -0.183
      98.93    -0.093
      99.96    -0.073
     100.99     0.028
     102.02     0.004
     103.05     0.134
     104.08     0.077
     105.11    -0.037
     106.14    -0.153
     107.17     0.158
     108.20     0.095
     109.23     0.033
     110.26    -0.093
     111.29    -0.108
     112.32     0.143
     113.35    -0.048
     114.39     0.014
     115.42     0.035
     116.45    -0.043
     117.48     0.105
     118.51    -0.072
     119.54    -0.085
     120.57    -0.067
     121.60     0.205
     122.63     0.035
     123.66    -0.185
     124.69     0.158
     125.72     0.088
     126.75     0.090
     127.78    -0.064
     128.81    -0.131
     129.84     0.083
     130.87    -0.107
     131.90    -0.056
     132.93     0.083
     133.96     0.014
     134.99     0.027
     136.03    -0.009
     137.06     0.084
     138.09     0.116
     139.12     0.085
     140.15     0.198
     141.18     0.031
     142.21    -0.065
     143.24    -0.051
     144.27     0.037
     145.30     0.163
     146.33     0.227
     147.36     0.064
     148.39    -0.005
     149.42    -0.063
     150.45    -0.023
     151.48    -0.093
     152.51     0.045
     153.54    -0.070
     154.57     0.061
     155.60     0.048
     156.64     0.036
     157.67     0.034
     158.70    -0.214
     159.73    -0.036
     160.76     0.024
     161.79     0.031
     162.82     0.234
     163.85     0.030
     164.88     0.033
     165.91    -0.109
     166.94     0.058
     167.97    -0.094
     169.00    -0.042
     170.03     0.078
     171.06     0.038
     172.09    -0.099
     173.12     0.047
     174.15    -0.060
     175.18    -0.057
     176.21    -0.058
     177.25    -0.078
     178.28     0.072
     179.31    -0.062
     180.34    -0.038
     181.37    -0.009
     182.40    -0.027
     183.43     0.095
     184.46    -0.014
     185.49     0.086
     186.52    -0.019
     187.55    -0.108
     188.58     0.094
     189.61     0.058
     190.64    -0.064
     191.67     0.101
     192.70    -0.056
     193.73     0.038
     194.76    -0.063
     195.79    -0.005
     196.82     0.043
     197.86    -0.085
     198.89    -0.096
     199.92     0.013
     200.95    -0.024
     201.98    -0.019
     203.01    -0.070
     204.04    -0.069
     205.07    -0.123
     206.10     0.058
     207.13    -0.035
     208.16     0.077
     209.19    -0.034
     210.22     0.224
     211.25    -0.079
     212.28     0.052
     213.31    -0.049
     214.34    -0.119
     215.37    -0.038
     216.40    -0.007
     217.43     0.050
     218.47    -0.098
     219.50     0.029
     220.53     0.090
     221.56    -0.012
     222.59     0.049
     223.62     0.084
     224.65     0.050
     225.68     0.029
     226.71     0.071
     227.74    -0.135
     228.77     0.047
     229.80     0.022
     230.83    -0.006
     231.86    -0.058
     232.89     0.188
     233.92    -0.136
     234.95    -0.036
     235.98     0.134
     237.01     0.120
     238.04     0.002
     239.07     0.027
     240.11     0.001
     241.14    -0.016
     242.17     0.087
     243.20     0.009
     244.23    -0.045
     245.26     0.104
     246.29    -0.080
     247.32     0.069
     248.35    -0.001
     249.38    -0.022
     250.41    -0.107
     251.44    -0.136
     252.47    -0.167
     253.50    -0.063
     254.53     0.123
     255.56    -0.031
     256.59    -0.040
     257.62    -0.024
     258.65    -0.056
     259.68    -0.123
     260.72    -0.140
     261.75    -0.099
     262.78     0.074
     263.81     0.047
     264.84    -0.155
     265.87     0.006
     266.90    -0.008
     267.93    -0.013
     268.96     0.026
     269.99     0.004
     271.02     0.054
     272.05    -0.063
     273.08     0.031
     274.11     0.052
     275.14    -0.024
     276.17     0.028
     277.20    -0.016
     278.23     0.154
     279.26     0.016
     280.29    -0.040
     281.33    -0.033
     282.36    -0.017
     283.39    -0.103
     284.42    -0.033
     285.45     0.091
     286.48    -0.070
     287.51     0.038
     288.54     0.002
     289.57    -0.017
     290.60     0.113
     291.63     0.159
     292.66    -0.036
     293.69    -0.022
     294.72    -0.029
     295.75     0.019
     296.78     0.024
     297.81     0.074
     298.84    -0.029
     299.87    -0.020
     300.90     0.067
     301.94     0.040
     302.97     0.049
     304.00     0.029
     305.03    -0.049
     306.06    -0.021
     307.09     0.041
     308.12    -0.003
     309.15    -0.046
     310.18    -0.017
     311.21    -0.006
     312.24     0.021
     313.27     0.122
     314.30     0.041
     315.33    -0.098
     316.36    -0.024
     317.39    -0.020
     318.42     0.108
     319.45    -0.012
     320.48    -0.008
     321.51     0.111
     322.55     0.163
     323.58     0.090
     324.61     0.041
     325.64    -0.013
     326.67     0.069
     327.70    -0.059
     328.73    -0.093
     329.76    -0.012
     330.79     0.138
     331.82    -0.103
     332.85    -0.149
     333.88     0.043
     334.91     0.044
     335.94     0.051
     336.97    -0.086
     338.00    -0.107
     339.03    -0.028
     340.06     0.091
     341.09     0.055
     342.12    -0.176
     343.15     0.059
     344.19     0.029
     345.22     0.192
     346.25     0.109
     347.28    -0.049
     348.31     0.067
     349.34    -0.135
     350.37    -0.150
     351.40     0.036
     352.43     0.006
     353.46     0.086
     354.49    -0.020
     355.52     0.056
     356.55    -0.087
     357.58    -0.077
     358.61     0.020
     359.64     0.114
     360.67     0.034
     361.70    -0.148
     362.73     0.097
     363.76    -0.034
     364.80    -0.044
     365.83     0.037
     366.86     0.035
     367.89    -0.159
     368.92    -0.084
     369.95     0.005
     370.98     0.026
     372.01    -0.051
     373.04     0.078
     374.07    -0.173
     375.10    -0.007
     376.13    -0.019
     377.16     0.009
     378.19     0.026
     379.22     0.048
     380.25     0.022
     381.28     0.099
     382.31    -0.007
     383.34     0.117
     384.37     0.016
     385.41    -0.059
     386.44    -0.003
     387.47     0.005
     388.50    -0.129
     389.53     0.029
     390.56    -0.012
     391.59     0.078
     392.62    -0.065
     393.65    -0.034
     394.68     0.047
     395.71     0.102
     396.74    -0.015
     397.77    -0.013
     398.80    -0.043
     399.83     0.033
