%%   87.50000 -10.00000    0   0.20000
% LAB  survey ------------------
% wanted position:  l, b, RA, DEC, and interpolated  NH
% 87.50 ; -10.00 ; 325.21 ;  39.42 ;  0.197E+22
% nearest position: l, b, RA, DEC, and observed NH
% 87.50 ; -10.00 ; 325.21 ;  39.42 ;  0.197E+22
% GASS III survey --------------
% NH - median within 6 arcmin radius   0.00    
% NH - mean within specified beam      0.00    
% EBHIS survey -----------------
% NH  within specified beam           0.220E+22
%%EBHIS   621  datapoints: v_lsr [km/s] and T_B [K]
    -399.25    -0.088
    -397.96    -0.082
    -396.68    -0.046
    -395.39     0.023
    -394.10     0.039
    -392.81     0.011
    -391.52    -0.045
    -390.23    -0.004
    -388.95    -0.059
    -387.66    -0.155
    -386.37    -0.065
    -385.08    -0.051
    -383.79    -0.113
    -382.50    -0.079
    -381.22    -0.012
    -379.93    -0.018
    -378.64     0.063
    -377.35    -0.032
    -376.06    -0.006
    -374.78     0.029
    -373.49     0.047
    -372.20    -0.045
    -370.91    -0.051
    -369.62    -0.027
    -368.33    -0.012
    -367.05     0.038
    -365.76     0.052
    -364.47    -0.009
    -363.18     0.063
    -361.89     0.013
    -360.60     0.001
    -359.32     0.025
    -358.03     0.015
    -356.74     0.030
    -355.45     0.171
    -354.16     0.086
    -352.88     0.023
    -351.59    -0.051
    -350.30    -0.009
    -349.01     0.079
    -347.72     0.144
    -346.43    -0.029
    -345.15     0.072
    -343.86     0.021
    -342.57     0.089
    -341.28     0.041
    -339.99    -0.056
    -338.70     0.032
    -337.42     0.147
    -336.13     0.011
    -334.84     0.025
    -333.55    -0.019
    -332.26    -0.016
    -330.98     0.038
    -329.69    -0.001
    -328.40     0.018
    -327.11     0.031
    -325.82     0.039
    -324.53    -0.000
    -323.25    -0.018
    -321.96    -0.025
    -320.67     0.082
    -319.38     0.126
    -318.09     0.053
    -316.80     0.019
    -315.52     0.046
    -314.23    -0.097
    -312.94     0.014
    -311.65    -0.043
    -310.36    -0.065
    -309.08     0.021
    -307.79     0.022
    -306.50    -0.042
    -305.21    -0.055
    -303.92     0.031
    -302.63    -0.005
    -301.35     0.028
    -300.06     0.032
    -298.77    -0.062
    -297.48    -0.010
    -296.19    -0.060
    -294.90    -0.051
    -293.62     0.049
    -292.33     0.066
    -291.04     0.068
    -289.75     0.010
    -288.46    -0.067
    -287.18     0.007
    -285.89     0.031
    -284.60    -0.054
    -283.31    -0.032
    -282.02    -0.001
    -280.73     0.086
    -279.45     0.032
    -278.16    -0.002
    -276.87    -0.009
    -275.58    -0.057
    -274.29    -0.118
    -273.00     0.030
    -271.72     0.044
    -270.43     0.017
    -269.14     0.006
    -267.85     0.071
    -266.56     0.028
    -265.28     0.058
    -263.99    -0.028
    -262.70    -0.063
    -261.41    -0.053
    -260.12    -0.075
    -258.83    -0.037
    -257.55     0.024
    -256.26     0.010
    -254.97     0.094
    -253.68     0.080
    -252.39     0.058
    -251.10     0.092
    -249.82     0.055
    -248.53    -0.022
    -247.24     0.075
    -245.95    -0.076
    -244.66     0.030
    -243.38    -0.059
    -242.09     0.062
    -240.80     0.035
    -239.51     0.018
    -238.22     0.056
    -236.93     0.061
    -235.65    -0.023
    -234.36    -0.130
    -233.07    -0.117
    -231.78    -0.014
    -230.49    -0.003
    -229.20    -0.056
    -227.92     0.032
    -226.63    -0.022
    -225.34    -0.016
    -224.05    -0.024
    -222.76     0.020
    -221.48     0.003
    -220.19     0.000
    -218.90    -0.100
    -217.61     0.029
    -216.32     0.002
    -215.03     0.011
    -213.75    -0.012
    -212.46     0.060
    -211.17    -0.073
    -209.88    -0.029
    -208.59    -0.051
    -207.30    -0.072
    -206.02     0.010
    -204.73    -0.020
    -203.44     0.035
    -202.15     0.012
    -200.86     0.087
    -199.58    -0.016
    -198.29    -0.057
    -197.00    -0.108
    -195.71    -0.103
    -194.42    -0.007
    -193.13     0.061
    -191.85     0.053
    -190.56    -0.028
    -189.27    -0.042
    -187.98    -0.103
    -186.69    -0.038
    -185.40     0.042
    -184.12     0.033
    -182.83    -0.096
    -181.54    -0.014
    -180.25    -0.011
    -178.96     0.020
    -177.68    -0.060
    -176.39     0.046
    -175.10     0.033
    -173.81     0.044
    -172.52     0.019
    -171.23    -0.020
    -169.95    -0.024
    -168.66     0.005
    -167.37     0.126
    -166.08     0.077
    -164.79    -0.001
    -163.50     0.012
    -162.22    -0.001
    -160.93    -0.064
    -159.64    -0.081
    -158.35    -0.061
    -157.06    -0.031
    -155.78     0.015
    -154.49     0.046
    -153.20    -0.008
    -151.91     0.014
    -150.62     0.056
    -149.33    -0.002
    -148.05    -0.046
    -146.76     0.016
    -145.47     0.032
    -144.18     0.003
    -142.89     0.017
    -141.60    -0.029
    -140.32    -0.029
    -139.03    -0.041
    -137.74    -0.045
    -136.45     0.037
    -135.16     0.035
    -133.88     0.096
    -132.59     0.112
    -131.30     0.048
    -130.01     0.016
    -128.72    -0.076
    -127.43     0.065
    -126.15     0.021
    -124.86     0.050
    -123.57     0.024
    -122.28     0.018
    -120.99     0.019
    -119.70     0.041
    -118.42     0.084
    -117.13     0.098
    -115.84     0.104
    -114.55     0.210
    -113.26     0.096
    -111.98     0.131
    -110.69     0.150
    -109.40     0.170
    -108.11     0.203
    -106.82     0.252
    -105.53     0.336
    -104.25     0.349
    -102.96     0.362
    -101.67     0.387
    -100.38     0.380
     -99.09     0.411
     -97.80     0.506
     -96.52     0.528
     -95.23     0.667
     -93.94     0.653
     -92.65     0.796
     -91.36     0.927
     -90.08     1.027
     -88.79     1.020
     -87.50     1.113
     -86.21     1.315
     -84.92     1.489
     -83.63     1.428
     -82.35     1.475
     -81.06     1.642
     -79.77     1.621
     -78.48     1.713
     -77.19     1.699
     -75.90     1.697
     -74.62     1.714
     -73.33     1.699
     -72.04     1.675
     -70.75     1.721
     -69.46     1.655
     -68.18     1.828
     -66.89     1.694
     -65.60     1.593
     -64.31     1.660
     -63.02     1.752
     -61.73     1.796
     -60.45     1.903
     -59.16     1.934
     -57.87     1.965
     -56.58     1.984
     -55.29     1.876
     -54.00     1.747
     -52.72     1.720
     -51.43     1.587
     -50.14     1.550
     -48.85     1.506
     -47.56     1.459
     -46.28     1.396
     -44.99     1.360
     -43.70     1.246
     -42.41     1.130
     -41.12     1.134
     -39.83     1.149
     -38.55     1.210
     -37.26     1.374
     -35.97     1.536
     -34.68     1.829
     -33.39     2.213
     -32.10     2.862
     -30.82     3.665
     -29.53     4.581
     -28.24     5.480
     -26.95     6.886
     -25.66     8.599
     -24.38    10.612
     -23.09    12.428
     -21.80    13.495
     -20.51    13.125
     -19.22    12.138
     -17.93    11.514
     -16.65    11.500
     -15.36    11.854
     -14.07    11.741
     -12.78    11.441
     -11.49    12.152
     -10.20    13.862
      -8.92    16.445
      -7.63    20.070
      -6.34    24.807
      -5.05    31.255
      -3.76    39.634
      -2.48    48.480
      -1.19    56.452
       0.10    64.757
       1.39    70.542
       2.68    69.564
       3.97    60.629
       5.25    47.018
       6.54    32.822
       7.83    22.501
       9.12    15.643
      10.41    11.651
      11.70     9.186
      12.98     7.478
      14.27     6.209
      15.56     4.953
      16.85     3.745
      18.14     2.960
      19.42     2.285
      20.71     1.743
      22.00     1.404
      23.29     1.156
      24.58     0.841
      25.87     0.657
      27.15     0.548
      28.44     0.310
      29.73     0.294
      31.02     0.266
      32.31     0.092
      33.60     0.109
      34.88     0.124
      36.17     0.069
      37.46     0.052
      38.75     0.095
      40.04     0.194
      41.32     0.115
      42.61     0.169
      43.90     0.047
      45.19     0.063
      46.48     0.015
      47.77     0.119
      49.05     0.132
      50.34     0.122
      51.63     0.084
      52.92    -0.066
      54.21    -0.019
      55.50     0.088
      56.78     0.091
      58.07    -0.062
      59.36     0.012
      60.65     0.030
      61.94    -0.034
      63.22     0.048
      64.51     0.024
      65.80     0.004
      67.09     0.075
      68.38     0.110
      69.67     0.184
      70.95     0.006
      72.24     0.036
      73.53     0.088
      74.82    -0.045
      76.11     0.063
      77.40     0.074
      78.68    -0.015
      79.97     0.018
      81.26    -0.073
      82.55    -0.037
      83.84    -0.019
      85.12    -0.117
      86.41    -0.064
      87.70    -0.046
      88.99    -0.127
      90.28    -0.043
      91.57     0.022
      92.85     0.056
      94.14     0.031
      95.43    -0.002
      96.72    -0.065
      98.01    -0.026
      99.30     0.033
     100.58     0.007
     101.87     0.032
     103.16    -0.098
     104.45    -0.077
     105.74    -0.020
     107.02     0.066
     108.31     0.041
     109.60     0.006
     110.89     0.001
     112.18     0.062
     113.47     0.006
     114.75    -0.189
     116.04    -0.047
     117.33     0.060
     118.62     0.108
     119.91     0.062
     121.20     0.053
     122.48    -0.127
     123.77    -0.032
     125.06    -0.046
     126.35     0.084
     127.64     0.013
     128.92    -0.043
     130.21    -0.060
     131.50    -0.092
     132.79    -0.113
     134.08     0.062
     135.37    -0.054
     136.65    -0.031
     137.94     0.040
     139.23    -0.003
     140.52    -0.003
     141.81    -0.017
     143.09    -0.048
     144.38     0.046
     145.67    -0.014
     146.96    -0.095
     148.25     0.022
     149.54     0.089
     150.82     0.052
     152.11     0.027
     153.40    -0.013
     154.69    -0.046
     155.98     0.017
     157.27     0.026
     158.55    -0.061
     159.84    -0.202
     161.13    -0.102
     162.42     0.056
     163.71     0.064
     164.99     0.047
     166.28    -0.044
     167.57    -0.041
     168.86     0.042
     170.15     0.067
     171.44    -0.063
     172.72     0.018
     174.01    -0.049
     175.30     0.076
     176.59     0.122
     177.88     0.110
     179.17    -0.054
     180.45     0.056
     181.74     0.129
     183.03     0.061
     184.32     0.022
     185.61     0.004
     186.89    -0.002
     188.18     0.048
     189.47     0.058
     190.76     0.051
     192.05     0.045
     193.34     0.032
     194.62    -0.026
     195.91    -0.043
     197.20    -0.120
     198.49    -0.143
     199.78    -0.010
     201.07     0.043
     202.35    -0.025
     203.64     0.028
     204.93     0.060
     206.22    -0.034
     207.51     0.040
     208.79     0.047
     210.08    -0.040
     211.37    -0.011
     212.66     0.095
     213.95     0.017
     215.24     0.042
     216.52    -0.035
     217.81    -0.141
     219.10     0.003
     220.39     0.096
     221.68     0.026
     222.97     0.029
     224.25     0.041
     225.54    -0.093
     226.83    -0.052
     228.12     0.025
     229.41    -0.039
     230.69    -0.047
     231.98    -0.040
     233.27     0.057
     234.56    -0.052
     235.85     0.052
     237.14     0.001
     238.42     0.050
     239.71     0.068
     241.00     0.015
     242.29     0.016
     243.58     0.041
     244.87     0.066
     246.15     0.033
     247.44    -0.075
     248.73    -0.063
     250.02     0.005
     251.31     0.099
     252.59     0.083
     253.88    -0.001
     255.17    -0.027
     256.46     0.074
     257.75     0.037
     259.04     0.052
     260.32    -0.005
     261.61     0.042
     262.90    -0.063
     264.19    -0.050
     265.48    -0.009
     266.77     0.060
     268.05     0.089
     269.34     0.065
     270.63    -0.132
     271.92    -0.060
     273.21    -0.012
     274.49     0.094
     275.78    -0.040
     277.07     0.001
     278.36    -0.064
     279.65    -0.018
     280.94    -0.058
     282.22     0.043
     283.51     0.112
     284.80    -0.074
     286.09    -0.013
     287.38     0.007
     288.67    -0.087
     289.95    -0.068
     291.24    -0.119
     292.53    -0.061
     293.82     0.016
     295.11     0.015
     296.39    -0.010
     297.68    -0.159
     298.97     0.048
     300.26    -0.086
     301.55    -0.085
     302.84     0.071
     304.12     0.080
     305.41     0.056
     306.70     0.028
     307.99     0.048
     309.28     0.013
     310.57     0.018
     311.85     0.060
     313.14     0.005
     314.43     0.058
     315.72     0.057
     317.01     0.027
     318.29     0.007
     319.58     0.085
     320.87    -0.049
     322.16    -0.068
     323.45     0.001
     324.74     0.023
     326.02    -0.059
     327.31    -0.079
     328.60    -0.013
     329.89    -0.005
     331.18    -0.013
     332.47    -0.099
     333.75    -0.009
     335.04    -0.044
     336.33    -0.017
     337.62    -0.034
     338.91    -0.108
     340.19    -0.011
     341.48    -0.036
     342.77    -0.087
     344.06     0.071
     345.35     0.064
     346.64     0.017
     347.92     0.119
     349.21     0.080
     350.50     0.038
     351.79     0.011
     353.08    -0.001
     354.37    -0.069
     355.65     0.002
     356.94    -0.073
     358.23    -0.128
     359.52     0.015
     360.81     0.040
     362.09     0.067
     363.38    -0.048
     364.67     0.075
     365.96     0.012
     367.25     0.002
     368.54     0.133
     369.82     0.115
     371.11     0.017
     372.40    -0.099
     373.69    -0.057
     374.98     0.074
     376.27     0.079
     377.55    -0.041
     378.84     0.035
     380.13    -0.011
     381.42    -0.022
     382.71     0.003
     383.99     0.040
     385.28     0.115
     386.57     0.103
     387.86     0.055
     389.15    -0.004
     390.44    -0.021
     391.72    -0.020
     393.01    -0.023
     394.30    -0.010
     395.59     0.002
     396.88    -0.010
     398.17    -0.015
     399.45    -0.040
%%GASS      0  datapoints: v_lsr [km/s] and T_B [K]
%%LAB     777  datapoints: v_lsr [km/s] and T_B [K]
    -399.85     0.056
    -398.82    -0.162
    -397.79    -0.070
    -396.76     0.024
    -395.73     0.040
    -394.70    -0.014
    -393.67     0.090
    -392.64    -0.081
    -391.61     0.048
    -390.58    -0.170
    -389.54    -0.157
    -388.51    -0.144
    -387.48    -0.061
    -386.45    -0.098
    -385.42     0.124
    -384.39    -0.053
    -383.36     0.081
    -382.33     0.114
    -381.30     0.197
    -380.27     0.106
    -379.24     0.056
    -378.21     0.013
    -377.18     0.040
    -376.15     0.063
    -375.12     0.049
    -374.09    -0.167
    -373.06    -0.023
    -372.03    -0.045
    -371.00     0.058
    -369.96    -0.095
    -368.93     0.127
    -367.90    -0.037
    -366.87    -0.024
    -365.84     0.157
    -364.81     0.039
    -363.78     0.057
    -362.75    -0.048
    -361.72    -0.046
    -360.69    -0.065
    -359.66    -0.122
    -358.63     0.082
    -357.60    -0.062
    -356.57     0.012
    -355.54    -0.072
    -354.51     0.037
    -353.48    -0.156
    -352.45     0.067
    -351.41    -0.058
    -350.38    -0.046
    -349.35    -0.156
    -348.32     0.033
    -347.29     0.071
    -346.26     0.031
    -345.23     0.179
    -344.20     0.161
    -343.17    -0.046
    -342.14     0.015
    -341.11     0.111
    -340.08     0.130
    -339.05    -0.016
    -338.02    -0.034
    -336.99     0.006
    -335.96    -0.052
    -334.93     0.145
    -333.90     0.039
    -332.87    -0.047
    -331.83    -0.039
    -330.80    -0.114
    -329.77     0.065
    -328.74     0.110
    -327.71     0.037
    -326.68     0.007
    -325.65     0.045
    -324.62     0.026
    -323.59     0.085
    -322.56    -0.063
    -321.53     0.123
    -320.50    -0.037
    -319.47     0.007
    -318.44    -0.026
    -317.41    -0.053
    -316.38     0.006
    -315.35     0.042
    -314.32    -0.016
    -313.28     0.058
    -312.25    -0.025
    -311.22     0.167
    -310.19     0.106
    -309.16    -0.101
    -308.13    -0.105
    -307.10     0.072
    -306.07    -0.063
    -305.04    -0.036
    -304.01    -0.115
    -302.98    -0.099
    -301.95    -0.018
    -300.92     0.147
    -299.89     0.072
    -298.86    -0.002
    -297.83    -0.047
    -296.80     0.082
    -295.77    -0.039
    -294.74     0.078
    -293.70    -0.008
    -292.67    -0.042
    -291.64    -0.092
    -290.61    -0.047
    -289.58    -0.063
    -288.55    -0.065
    -287.52    -0.060
    -286.49     0.031
    -285.46     0.127
    -284.43     0.003
    -283.40     0.002
    -282.37     0.056
    -281.34    -0.043
    -280.31    -0.057
    -279.28    -0.043
    -278.25     0.038
    -277.22     0.050
    -276.19     0.079
    -275.15    -0.027
    -274.12     0.056
    -273.09    -0.015
    -272.06    -0.119
    -271.03    -0.028
    -270.00    -0.005
    -268.97    -0.057
    -267.94     0.077
    -266.91    -0.017
    -265.88     0.089
    -264.85    -0.036
    -263.82     0.025
    -262.79    -0.010
    -261.76    -0.128
    -260.73     0.012
    -259.70     0.189
    -258.67    -0.134
    -257.64     0.012
    -256.60     0.014
    -255.57     0.071
    -254.54     0.049
    -253.51    -0.144
    -252.48     0.066
    -251.45     0.019
    -250.42    -0.115
    -249.39    -0.037
    -248.36    -0.115
    -247.33     0.103
    -246.30     0.030
    -245.27     0.005
    -244.24    -0.018
    -243.21    -0.047
    -242.18     0.043
    -241.15     0.052
    -240.12    -0.006
    -239.09    -0.011
    -238.06    -0.086
    -237.02    -0.003
    -235.99    -0.110
    -234.96    -0.060
    -233.93     0.047
    -232.90     0.038
    -231.87     0.045
    -230.84     0.070
    -229.81     0.001
    -228.78     0.018
    -227.75    -0.036
    -226.72    -0.000
    -225.69    -0.084
    -224.66     0.057
    -223.63     0.096
    -222.60     0.048
    -221.57     0.019
    -220.54     0.084
    -219.51     0.162
    -218.47    -0.008
    -217.44     0.045
    -216.41     0.077
    -215.38     0.017
    -214.35    -0.047
    -213.32     0.021
    -212.29     0.060
    -211.26     0.056
    -210.23    -0.023
    -209.20     0.100
    -208.17    -0.023
    -207.14    -0.003
    -206.11    -0.103
    -205.08    -0.184
    -204.05     0.131
    -203.02     0.088
    -201.99     0.131
    -200.96    -0.068
    -199.93    -0.149
    -198.89    -0.063
    -197.86     0.040
    -196.83    -0.112
    -195.80     0.071
    -194.77    -0.151
    -193.74     0.112
    -192.71    -0.053
    -191.68    -0.028
    -190.65     0.045
    -189.62     0.065
    -188.59     0.086
    -187.56    -0.000
    -186.53    -0.017
    -185.50    -0.125
    -184.47    -0.076
    -183.44     0.071
    -182.41     0.066
    -181.38    -0.027
    -180.34    -0.163
    -179.31     0.077
    -178.28    -0.005
    -177.25     0.039
    -176.22     0.070
    -175.19     0.107
    -174.16    -0.135
    -173.13     0.040
    -172.10     0.041
    -171.07    -0.012
    -170.04     0.023
    -169.01     0.079
    -167.98    -0.024
    -166.95     0.052
    -165.92     0.026
    -164.89    -0.030
    -163.86     0.102
    -162.83    -0.089
    -161.80     0.006
    -160.76     0.057
    -159.73    -0.063
    -158.70     0.105
    -157.67    -0.018
    -156.64     0.001
    -155.61     0.046
    -154.58    -0.007
    -153.55    -0.037
    -152.52     0.040
    -151.49     0.063
    -150.46     0.122
    -149.43    -0.006
    -148.40    -0.010
    -147.37     0.065
    -146.34    -0.082
    -145.31     0.011
    -144.28     0.038
    -143.25    -0.032
    -142.21    -0.047
    -141.18     0.077
    -140.15    -0.005
    -139.12    -0.078
    -138.09    -0.046
    -137.06     0.008
    -136.03    -0.036
    -135.00    -0.010
    -133.97     0.122
    -132.94    -0.081
    -131.91    -0.004
    -130.88    -0.001
    -129.85    -0.010
    -128.82     0.091
    -127.79     0.063
    -126.76    -0.042
    -125.73    -0.019
    -124.70    -0.132
    -123.67     0.045
    -122.63     0.226
    -121.60    -0.074
    -120.57     0.101
    -119.54    -0.008
    -118.51     0.036
    -117.48     0.168
    -116.45     0.116
    -115.42     0.166
    -114.39     0.060
    -113.36     0.209
    -112.33     0.205
    -111.30     0.039
    -110.27     0.245
    -109.24     0.234
    -108.21     0.293
    -107.18     0.213
    -106.15     0.326
    -105.12     0.407
    -104.08     0.259
    -103.05     0.363
    -102.02     0.443
    -100.99     0.522
     -99.96     0.404
     -98.93     0.509
     -97.90     0.522
     -96.87     0.602
     -95.84     0.609
     -94.81     0.740
     -93.78     0.812
     -92.75     0.751
     -91.72     0.756
     -90.69     0.956
     -89.66     0.849
     -88.63     1.029
     -87.60     1.219
     -86.57     1.187
     -85.54     1.209
     -84.50     1.474
     -83.47     1.478
     -82.44     1.445
     -81.41     1.447
     -80.38     1.568
     -79.35     1.726
     -78.32     1.713
     -77.29     1.699
     -76.26     1.679
     -75.23     1.715
     -74.20     1.816
     -73.17     1.756
     -72.14     1.762
     -71.11     1.894
     -70.08     1.863
     -69.05     1.720
     -68.02     1.626
     -66.99     1.747
     -65.95     1.804
     -64.92     1.780
     -63.89     1.748
     -62.86     1.853
     -61.83     1.975
     -60.80     1.959
     -59.77     2.182
     -58.74     2.127
     -57.71     2.568
     -56.68     2.285
     -55.65     2.016
     -54.62     1.988
     -53.59     1.874
     -52.56     1.799
     -51.53     1.638
     -50.50     1.570
     -49.47     1.389
     -48.44     1.374
     -47.40     1.444
     -46.37     1.187
     -45.34     1.293
     -44.31     1.177
     -43.28     1.065
     -42.25     1.162
     -41.22     1.118
     -40.19     1.051
     -39.16     1.028
     -38.13     1.107
     -37.10     0.989
     -36.07     1.071
     -35.04     1.123
     -34.01     1.224
     -32.98     1.550
     -31.95     1.634
     -30.92     2.037
     -29.89     2.496
     -28.86     2.793
     -27.82     3.348
     -26.79     4.162
     -25.76     5.108
     -24.73     6.525
     -23.70     7.879
     -22.67     9.204
     -21.64     9.734
     -20.61     9.930
     -19.58     9.854
     -18.55     9.984
     -17.52    10.345
     -16.49    11.131
     -15.46    11.844
     -14.43    12.221
     -13.40    12.268
     -12.37    12.633
     -11.34    12.924
     -10.31    13.674
      -9.27    14.596
      -8.24    16.026
      -7.21    17.894
      -6.18    20.376
      -5.15    23.509
      -4.12    28.235
      -3.09    34.586
      -2.06    42.029
      -1.03    49.673
       0.00    57.745
       1.03    63.457
       2.06    65.790
       3.09    64.099
       4.12    57.604
       5.15    48.569
       6.18    37.232
       7.21    27.440
       8.24    19.880
       9.27    14.288
      10.31    10.718
      11.34     8.633
      12.37     7.161
      13.40     6.078
      14.43     5.172
      15.46     4.221
      16.49     3.585
      17.52     2.988
      18.55     2.360
      19.58     2.020
      20.61     1.539
      21.64     1.419
      22.67     1.185
      23.70     0.825
      24.73     0.649
      25.76     0.633
      26.79     0.485
      27.82     0.264
      28.86     0.389
      29.89     0.255
      30.92     0.133
      31.95     0.036
      32.98     0.133
      34.01     0.139
      35.04     0.047
      36.07     0.147
      37.10     0.081
      38.13     0.115
      39.16     0.090
      40.19     0.057
      41.22     0.096
      42.25     0.124
      43.28     0.020
      44.31    -0.005
      45.34     0.135
      46.37     0.018
      47.40     0.028
      48.44     0.086
      49.47     0.037
      50.50    -0.074
      51.53     0.052
      52.56    -0.110
      53.59    -0.086
      54.62     0.072
      55.65     0.018
      56.68    -0.096
      57.71     0.017
      58.74     0.051
      59.77    -0.117
      60.80    -0.085
      61.83     0.051
      62.86     0.024
      63.89     0.144
      64.92    -0.018
      65.95     0.118
      66.99     0.041
      68.02     0.004
      69.05     0.133
      70.08     0.064
      71.11     0.178
      72.14     0.004
      73.17     0.121
      74.20     0.049
      75.23    -0.027
      76.26     0.002
      77.29     0.177
      78.32    -0.038
      79.35     0.065
      80.38    -0.055
      81.41     0.126
      82.44     0.165
      83.47    -0.038
      84.50     0.060
      85.53     0.186
      86.57     0.021
      87.60     0.038
      88.63    -0.017
      89.66    -0.008
      90.69     0.070
      91.72     0.045
      92.75     0.014
      93.78    -0.012
      94.81     0.059
      95.84    -0.015
      96.87    -0.038
      97.90    -0.053
      98.93     0.010
      99.96     0.154
     100.99    -0.082
     102.02     0.029
     103.05     0.083
     104.08    -0.059
     105.12     0.036
     106.15    -0.036
     107.18    -0.042
     108.21     0.065
     109.24     0.149
     110.27     0.029
     111.30     0.074
     112.33    -0.062
     113.36    -0.005
     114.39    -0.038
     115.42     0.064
     116.45     0.030
     117.48     0.067
     118.51     0.027
     119.54    -0.119
     120.57    -0.133
     121.60    -0.060
     122.63     0.004
     123.67    -0.039
     124.70    -0.082
     125.73     0.004
     126.76    -0.036
     127.79     0.040
     128.82    -0.029
     129.85     0.041
     130.88     0.139
     131.91    -0.081
     132.94     0.095
     133.97    -0.030
     135.00    -0.000
     136.03     0.140
     137.06    -0.103
     138.09     0.101
     139.12     0.075
     140.15     0.007
     141.18     0.057
     142.21     0.074
     143.25     0.102
     144.28    -0.025
     145.31     0.017
     146.34    -0.042
     147.37     0.019
     148.40     0.126
     149.43    -0.017
     150.46     0.074
     151.49    -0.003
     152.52     0.131
     153.55    -0.152
     154.58     0.054
     155.61    -0.104
     156.64     0.048
     157.67    -0.023
     158.70     0.034
     159.73    -0.184
     160.76    -0.033
     161.80    -0.004
     162.83    -0.078
     163.86    -0.059
     164.89     0.064
     165.92    -0.073
     166.95    -0.149
     167.98     0.045
     169.01     0.152
     170.04    -0.022
     171.07    -0.076
     172.10    -0.051
     173.13     0.043
     174.16     0.039
     175.19     0.086
     176.22     0.086
     177.25    -0.015
     178.28     0.038
     179.31    -0.165
     180.34    -0.008
     181.38     0.067
     182.41     0.033
     183.44     0.186
     184.47    -0.068
     185.50     0.098
     186.53     0.022
     187.56     0.185
     188.59    -0.050
     189.62    -0.084
     190.65     0.011
     191.68     0.081
     192.71     0.039
     193.74     0.173
     194.77    -0.081
     195.80    -0.091
     196.83    -0.038
     197.86     0.216
     198.89    -0.068
     199.93    -0.018
     200.96    -0.000
     201.99     0.006
     203.02     0.099
     204.05     0.026
     205.08    -0.101
     206.11    -0.114
     207.14    -0.145
     208.17     0.116
     209.20     0.107
     210.23    -0.088
     211.26    -0.039
     212.29     0.010
     213.32     0.007
     214.35    -0.023
     215.38     0.003
     216.41     0.117
     217.44     0.115
     218.47     0.034
     219.51    -0.061
     220.54    -0.037
     221.57    -0.129
     222.60     0.029
     223.63    -0.071
     224.66    -0.033
     225.69    -0.027
     226.72     0.030
     227.75    -0.023
     228.78     0.016
     229.81    -0.107
     230.84    -0.060
     231.87     0.076
     232.90    -0.048
     233.93    -0.092
     234.96    -0.167
     235.99     0.034
     237.02     0.042
     238.06     0.019
     239.09    -0.005
     240.12     0.172
     241.15     0.065
     242.18    -0.013
     243.21     0.095
     244.24    -0.004
     245.27     0.071
     246.30    -0.053
     247.33     0.127
     248.36    -0.052
     249.39    -0.083
     250.42    -0.072
     251.45     0.052
     252.48    -0.171
     253.51     0.067
     254.54    -0.105
     255.57     0.068
     256.60    -0.215
     257.64    -0.020
     258.67    -0.035
     259.70     0.079
     260.73     0.081
     261.76     0.012
     262.79    -0.059
     263.82     0.071
     264.85     0.094
     265.88     0.099
     266.91     0.074
     267.94    -0.038
     268.97    -0.058
     270.00    -0.086
     271.03     0.028
     272.06     0.045
     273.09    -0.053
     274.12     0.121
     275.15    -0.140
     276.19    -0.063
     277.22    -0.050
     278.25     0.031
     279.28    -0.016
     280.31    -0.140
     281.34    -0.013
     282.37    -0.036
     283.40    -0.013
     284.43     0.103
     285.46    -0.046
     286.49     0.044
     287.52    -0.037
     288.55     0.165
     289.58     0.008
     290.61     0.046
     291.64     0.153
     292.67     0.071
     293.70    -0.065
     294.74     0.061
     295.77    -0.138
     296.80     0.043
     297.83    -0.103
     298.86     0.109
     299.89    -0.007
     300.92     0.029
     301.95    -0.109
     302.98     0.059
     304.01     0.176
     305.04     0.024
     306.07    -0.052
     307.10    -0.002
     308.13     0.001
     309.16    -0.010
     310.19    -0.034
     311.22     0.129
     312.25    -0.064
     313.28     0.023
     314.32    -0.016
     315.35    -0.059
     316.38    -0.151
     317.41     0.001
     318.44    -0.034
     319.47     0.057
     320.50     0.017
     321.53    -0.214
     322.56    -0.024
     323.59    -0.148
     324.62    -0.030
     325.65     0.082
     326.68    -0.011
     327.71    -0.016
     328.74     0.017
     329.77     0.083
     330.80    -0.148
     331.83     0.032
     332.87    -0.022
     333.90    -0.033
     334.93    -0.010
     335.96     0.043
     336.99     0.059
     338.02    -0.053
     339.05    -0.041
     340.08    -0.035
     341.11     0.022
     342.14    -0.013
     343.17    -0.182
     344.20     0.034
     345.23     0.079
     346.26     0.086
     347.29    -0.027
     348.32     0.091
     349.35    -0.099
     350.38     0.113
     351.41     0.007
     352.45    -0.007
     353.48    -0.013
     354.51     0.038
     355.54    -0.121
     356.57    -0.062
     357.60     0.017
     358.63    -0.050
     359.66     0.096
     360.69    -0.034
     361.72     0.017
     362.75     0.012
     363.78     0.020
     364.81     0.029
     365.84    -0.098
     366.87     0.093
     367.90    -0.060
     368.93     0.102
     369.96    -0.027
     371.00     0.013
     372.03     0.106
     373.06    -0.044
     374.09    -0.054
     375.12     0.020
     376.15     0.008
     377.18     0.075
     378.21     0.017
     379.24     0.047
     380.27    -0.072
     381.30    -0.075
     382.33    -0.025
     383.36    -0.014
     384.39    -0.029
     385.42     0.034
     386.45    -0.167
     387.48    -0.043
     388.51    -0.147
     389.54    -0.013
     390.58     0.121
     391.61    -0.073
     392.64    -0.020
     393.67    -0.150
     394.70     0.017
     395.73    -0.043
     396.76     0.039
     397.79    -0.052
     398.82    -0.038
     399.85     0.073
