%%   80.00000  10.00000    0   0.20000
% LAB  survey ------------------
% wanted position:  l, b, RA, DEC, and interpolated  NH
% 80.00 ;  10.00 ; 297.42 ;  46.13 ;  0.159E+22
% nearest position: l, b, RA, DEC, and observed NH
% 80.00 ;  10.00 ; 297.42 ;  46.13 ;  0.159E+22
% GASS III survey --------------
% NH - median within 6 arcmin radius   0.00    
% NH - mean within specified beam      0.00    
% EBHIS survey -----------------
% NH  within specified beam           0.158E+22
%%EBHIS   621  datapoints: v_lsr [km/s] and T_B [K]
    -399.25     0.010
    -397.96     0.093
    -396.68     0.136
    -395.39     0.015
    -394.10     0.056
    -392.81     0.038
    -391.52    -0.006
    -390.23    -0.021
    -388.95     0.119
    -387.66    -0.067
    -386.37    -0.021
    -385.08    -0.008
    -383.79     0.004
    -382.50    -0.006
    -381.22    -0.000
    -379.93     0.078
    -378.64     0.026
    -377.35    -0.059
    -376.06     0.069
    -374.78     0.130
    -373.49     0.058
    -372.20     0.002
    -370.91     0.067
    -369.62     0.022
    -368.33     0.008
    -367.05    -0.037
    -365.76    -0.004
    -364.47     0.036
    -363.18    -0.036
    -361.89    -0.073
    -360.60     0.026
    -359.32     0.089
    -358.03     0.047
    -356.74    -0.037
    -355.45    -0.049
    -354.16    -0.045
    -352.88     0.039
    -351.59    -0.163
    -350.30    -0.110
    -349.01     0.149
    -347.72     0.195
    -346.43     0.113
    -345.15     0.021
    -343.86    -0.076
    -342.57    -0.106
    -341.28     0.069
    -339.99     0.125
    -338.70     0.022
    -337.42     0.015
    -336.13    -0.041
    -334.84    -0.028
    -333.55     0.015
    -332.26     0.002
    -330.98    -0.021
    -329.69    -0.060
    -328.40    -0.063
    -327.11    -0.061
    -325.82    -0.074
    -324.53    -0.111
    -323.25    -0.077
    -321.96     0.091
    -320.67     0.104
    -319.38     0.057
    -318.09     0.048
    -316.80     0.133
    -315.52     0.069
    -314.23     0.005
    -312.94     0.172
    -311.65     0.049
    -310.36    -0.030
    -309.08     0.014
    -307.79     0.007
    -306.50     0.056
    -305.21    -0.017
    -303.92     0.001
    -302.63    -0.014
    -301.35    -0.027
    -300.06    -0.150
    -298.77    -0.008
    -297.48    -0.036
    -296.19    -0.045
    -294.90    -0.060
    -293.62    -0.123
    -292.33    -0.018
    -291.04    -0.034
    -289.75    -0.095
    -288.46    -0.015
    -287.18     0.011
    -285.89     0.004
    -284.60    -0.064
    -283.31     0.063
    -282.02     0.091
    -280.73     0.006
    -279.45     0.063
    -278.16     0.045
    -276.87     0.002
    -275.58    -0.154
    -274.29    -0.036
    -273.00    -0.099
    -271.72    -0.012
    -270.43     0.041
    -269.14     0.057
    -267.85     0.044
    -266.56     0.009
    -265.28     0.101
    -263.99     0.045
    -262.70     0.017
    -261.41     0.015
    -260.12     0.048
    -258.83     0.100
    -257.55     0.111
    -256.26     0.044
    -254.97     0.079
    -253.68    -0.005
    -252.39    -0.145
    -251.10     0.012
    -249.82    -0.092
    -248.53    -0.089
    -247.24     0.007
    -245.95     0.051
    -244.66    -0.118
    -243.38    -0.126
    -242.09     0.098
    -240.80     0.056
    -239.51     0.066
    -238.22    -0.016
    -236.93    -0.011
    -235.65     0.043
    -234.36     0.037
    -233.07    -0.006
    -231.78    -0.041
    -230.49     0.067
    -229.20    -0.085
    -227.92    -0.161
    -226.63    -0.087
    -225.34     0.024
    -224.05    -0.040
    -222.76     0.043
    -221.48     0.012
    -220.19    -0.036
    -218.90    -0.050
    -217.61    -0.034
    -216.32    -0.057
    -215.03    -0.107
    -213.75    -0.143
    -212.46     0.038
    -211.17    -0.079
    -209.88    -0.113
    -208.59     0.027
    -207.30    -0.007
    -206.02     0.072
    -204.73     0.096
    -203.44    -0.057
    -202.15    -0.053
    -200.86    -0.010
    -199.58     0.108
    -198.29    -0.022
    -197.00    -0.150
    -195.71    -0.033
    -194.42     0.176
    -193.13     0.083
    -191.85     0.019
    -190.56     0.055
    -189.27     0.071
    -187.98     0.042
    -186.69    -0.010
    -185.40     0.012
    -184.12     0.170
    -182.83     0.133
    -181.54     0.068
    -180.25     0.040
    -178.96     0.035
    -177.68    -0.004
    -176.39    -0.032
    -175.10    -0.078
    -173.81     0.135
    -172.52     0.029
    -171.23     0.011
    -169.95     0.038
    -168.66     0.020
    -167.37     0.018
    -166.08     0.007
    -164.79    -0.121
    -163.50    -0.159
    -162.22    -0.031
    -160.93     0.010
    -159.64     0.033
    -158.35    -0.075
    -157.06    -0.067
    -155.78    -0.005
    -154.49    -0.054
    -153.20    -0.064
    -151.91    -0.039
    -150.62     0.166
    -149.33     0.207
    -148.05     0.051
    -146.76    -0.030
    -145.47    -0.052
    -144.18     0.052
    -142.89     0.210
    -141.60     0.311
    -140.32     0.169
    -139.03     0.181
    -137.74     0.328
    -136.45     0.225
    -135.16     0.357
    -133.88     0.491
    -132.59     0.674
    -131.30     0.818
    -130.01     0.959
    -128.72     1.154
    -127.43     1.433
    -126.15     1.637
    -124.86     2.026
    -123.57     2.777
    -122.28     3.905
    -120.99     5.277
    -119.70     5.884
    -118.42     5.525
    -117.13     4.583
    -115.84     3.499
    -114.55     2.483
    -113.26     1.996
    -111.98     1.701
    -110.69     1.439
    -109.40     1.126
    -108.11     1.004
    -106.82     0.904
    -105.53     0.761
    -104.25     0.711
    -102.96     0.694
    -101.67     0.680
    -100.38     0.827
     -99.09     0.733
     -97.80     0.686
     -96.52     0.621
     -95.23     0.683
     -93.94     0.739
     -92.65     0.667
     -91.36     0.686
     -90.08     0.743
     -88.79     0.746
     -87.50     0.915
     -86.21     0.939
     -84.92     1.113
     -83.63     1.314
     -82.35     1.401
     -81.06     1.637
     -79.77     1.864
     -78.48     1.956
     -77.19     1.883
     -75.90     1.712
     -74.62     1.684
     -73.33     1.609
     -72.04     1.551
     -70.75     1.461
     -69.46     1.312
     -68.18     1.389
     -66.89     1.535
     -65.60     1.265
     -64.31     1.308
     -63.02     1.305
     -61.73     1.390
     -60.45     1.327
     -59.16     1.471
     -57.87     1.724
     -56.58     1.800
     -55.29     1.925
     -54.00     2.236
     -52.72     2.727
     -51.43     3.051
     -50.14     3.573
     -48.85     4.239
     -47.56     5.039
     -46.28     5.575
     -44.99     5.865
     -43.70     5.605
     -42.41     4.999
     -41.12     4.426
     -39.83     4.099
     -38.55     3.908
     -37.26     3.420
     -35.97     3.317
     -34.68     3.384
     -33.39     3.281
     -32.10     3.123
     -30.82     2.862
     -29.53     2.540
     -28.24     2.310
     -26.95     2.293
     -25.66     2.342
     -24.38     2.569
     -23.09     2.898
     -21.80     3.508
     -20.51     4.101
     -19.22     4.313
     -17.93     4.658
     -16.65     5.035
     -15.36     5.724
     -14.07     6.747
     -12.78     7.681
     -11.49     8.898
     -10.20    10.141
      -8.92    12.076
      -7.63    14.255
      -6.34    16.643
      -5.05    19.269
      -3.76    22.376
      -2.48    25.297
      -1.19    24.858
       0.10    21.952
       1.39    18.480
       2.68    16.125
       3.97    14.843
       5.25    13.858
       6.54    13.550
       7.83    14.064
       9.12    15.223
      10.41    16.379
      11.70    17.030
      12.98    16.266
      14.27    14.466
      15.56    12.514
      16.85    11.194
      18.14    10.332
      19.42     9.521
      20.71     8.363
      22.00     7.193
      23.29     6.055
      24.58     4.937
      25.87     4.041
      27.15     3.406
      28.44     2.897
      29.73     2.352
      31.02     1.874
      32.31     1.402
      33.60     1.248
      34.88     0.936
      36.17     0.721
      37.46     0.654
      38.75     0.613
      40.04     0.384
      41.32     0.226
      42.61     0.271
      43.90     0.261
      45.19     0.182
      46.48     0.233
      47.77     0.182
      49.05     0.079
      50.34     0.113
      51.63     0.194
      52.92     0.174
      54.21     0.088
      55.50     0.015
      56.78     0.081
      58.07     0.179
      59.36    -0.006
      60.65    -0.072
      61.94     0.022
      63.22    -0.117
      64.51    -0.053
      65.80    -0.048
      67.09     0.121
      68.38     0.118
      69.67     0.135
      70.95     0.106
      72.24    -0.072
      73.53    -0.059
      74.82     0.033
      76.11    -0.032
      77.40    -0.038
      78.68     0.049
      79.97     0.093
      81.26     0.011
      82.55     0.015
      83.84    -0.017
      85.12     0.046
      86.41     0.075
      87.70     0.083
      88.99    -0.058
      90.28    -0.059
      91.57     0.067
      92.85    -0.011
      94.14    -0.102
      95.43     0.001
      96.72    -0.010
      98.01    -0.002
      99.30     0.068
     100.58    -0.044
     101.87    -0.003
     103.16    -0.105
     104.45    -0.046
     105.74     0.073
     107.02     0.044
     108.31    -0.059
     109.60    -0.018
     110.89     0.059
     112.18     0.100
     113.47    -0.058
     114.75    -0.032
     116.04     0.047
     117.33    -0.080
     118.62    -0.119
     119.91     0.025
     121.20     0.058
     122.48     0.050
     123.77    -0.101
     125.06     0.073
     126.35     0.115
     127.64     0.086
     128.92    -0.100
     130.21     0.009
     131.50     0.027
     132.79     0.076
     134.08    -0.059
     135.37     0.012
     136.65     0.024
     137.94    -0.053
     139.23    -0.028
     140.52     0.012
     141.81    -0.113
     143.09    -0.184
     144.38    -0.095
     145.67     0.109
     146.96     0.020
     148.25    -0.030
     149.54     0.130
     150.82     0.035
     152.11    -0.061
     153.40    -0.038
     154.69    -0.061
     155.98     0.074
     157.27     0.044
     158.55    -0.041
     159.84    -0.011
     161.13    -0.076
     162.42    -0.055
     163.71    -0.034
     164.99     0.022
     166.28    -0.001
     167.57    -0.096
     168.86    -0.019
     170.15     0.079
     171.44    -0.036
     172.72    -0.042
     174.01    -0.056
     175.30     0.039
     176.59     0.096
     177.88    -0.017
     179.17    -0.095
     180.45    -0.027
     181.74     0.058
     183.03     0.012
     184.32     0.007
     185.61     0.079
     186.89     0.073
     188.18    -0.080
     189.47    -0.063
     190.76    -0.015
     192.05     0.040
     193.34     0.010
     194.62    -0.045
     195.91    -0.021
     197.20     0.035
     198.49    -0.019
     199.78    -0.056
     201.07    -0.081
     202.35    -0.088
     203.64    -0.092
     204.93    -0.101
     206.22     0.032
     207.51    -0.041
     208.79     0.080
     210.08     0.180
     211.37     0.015
     212.66    -0.004
     213.95    -0.087
     215.24    -0.137
     216.52    -0.007
     217.81    -0.035
     219.10    -0.042
     220.39    -0.045
     221.68     0.000
     222.97     0.020
     224.25     0.175
     225.54     0.053
     226.83    -0.067
     228.12    -0.009
     229.41    -0.177
     230.69    -0.121
     231.98     0.067
     233.27     0.087
     234.56     0.081
     235.85    -0.065
     237.14     0.079
     238.42     0.047
     239.71     0.063
     241.00     0.015
     242.29     0.000
     243.58     0.029
     244.87     0.065
     246.15     0.060
     247.44    -0.020
     248.73    -0.055
     250.02     0.044
     251.31    -0.001
     252.59    -0.024
     253.88    -0.018
     255.17    -0.065
     256.46     0.046
     257.75     0.096
     259.04     0.034
     260.32     0.025
     261.61     0.011
     262.90     0.150
     264.19    -0.034
     265.48     0.016
     266.77     0.004
     268.05     0.105
     269.34     0.098
     270.63    -0.014
     271.92    -0.092
     273.21     0.040
     274.49     0.060
     275.78     0.115
     277.07    -0.070
     278.36    -0.071
     279.65     0.025
     280.94    -0.010
     282.22     0.051
     283.51     0.060
     284.80    -0.046
     286.09    -0.231
     287.38    -0.073
     288.67    -0.057
     289.95    -0.113
     291.24    -0.058
     292.53    -0.024
     293.82    -0.047
     295.11    -0.098
     296.39    -0.058
     297.68    -0.060
     298.97    -0.059
     300.26    -0.126
     301.55    -0.015
     302.84     0.036
     304.12    -0.048
     305.41     0.061
     306.70     0.012
     307.99    -0.063
     309.28     0.052
     310.57     0.143
     311.85     0.019
     313.14    -0.051
     314.43     0.105
     315.72     0.011
     317.01     0.013
     318.29     0.053
     319.58     0.030
     320.87    -0.022
     322.16    -0.042
     323.45     0.024
     324.74     0.046
     326.02     0.037
     327.31     0.005
     328.60    -0.030
     329.89    -0.130
     331.18    -0.178
     332.47    -0.047
     333.75     0.020
     335.04     0.019
     336.33    -0.049
     337.62     0.041
     338.91    -0.006
     340.19    -0.034
     341.48     0.052
     342.77    -0.059
     344.06    -0.022
     345.35    -0.056
     346.64    -0.039
     347.92    -0.063
     349.21    -0.004
     350.50     0.046
     351.79     0.117
     353.08     0.052
     354.37    -0.072
     355.65     0.041
     356.94     0.032
     358.23     0.048
     359.52     0.071
     360.81    -0.061
     362.09    -0.086
     363.38    -0.061
     364.67    -0.041
     365.96    -0.033
     367.25     0.023
     368.54     0.071
     369.82     0.085
     371.11     0.102
     372.40     0.137
     373.69    -0.086
     374.98    -0.191
     376.27    -0.101
     377.55    -0.079
     378.84     0.019
     380.13     0.006
     381.42     0.177
     382.71     0.173
     383.99     0.052
     385.28    -0.077
     386.57    -0.115
     387.86    -0.127
     389.15    -0.172
     390.44    -0.098
     391.72    -0.035
     393.01    -0.016
     394.30     0.031
     395.59     0.142
     396.88     0.050
     398.17     0.040
     399.45     0.014
%%GASS      0  datapoints: v_lsr [km/s] and T_B [K]
%%LAB     777  datapoints: v_lsr [km/s] and T_B [K]
    -399.83     0.063
    -398.80    -0.051
    -397.77     0.065
    -396.74     0.062
    -395.71     0.108
    -394.68     0.003
    -393.65    -0.007
    -392.62     0.073
    -391.59    -0.006
    -390.56     0.012
    -389.53     0.070
    -388.50    -0.049
    -387.47    -0.069
    -386.44    -0.034
    -385.41     0.165
    -384.38    -0.057
    -383.35    -0.108
    -382.32     0.029
    -381.29     0.024
    -380.26     0.002
    -379.22    -0.061
    -378.19    -0.124
    -377.16    -0.032
    -376.13    -0.035
    -375.10     0.102
    -374.07    -0.130
    -373.04     0.005
    -372.01    -0.152
    -370.98     0.094
    -369.95    -0.152
    -368.92    -0.003
    -367.89     0.064
    -366.86     0.073
    -365.83    -0.157
    -364.80    -0.039
    -363.77     0.162
    -362.74    -0.007
    -361.71     0.007
    -360.68     0.087
    -359.65    -0.135
    -358.61     0.121
    -357.58    -0.127
    -356.55    -0.013
    -355.52    -0.030
    -354.49    -0.047
    -353.46     0.047
    -352.43     0.048
    -351.40    -0.039
    -350.37    -0.019
    -349.34    -0.015
    -348.31    -0.073
    -347.28     0.081
    -346.25     0.035
    -345.22    -0.045
    -344.19     0.143
    -343.16     0.043
    -342.13     0.028
    -341.10    -0.138
    -340.07     0.087
    -339.04     0.055
    -338.00    -0.002
    -336.97    -0.103
    -335.94    -0.071
    -334.91    -0.077
    -333.88     0.088
    -332.85     0.038
    -331.82    -0.007
    -330.79     0.018
    -329.76     0.026
    -328.73     0.069
    -327.70     0.018
    -326.67     0.050
    -325.64     0.045
    -324.61     0.105
    -323.58    -0.076
    -322.55     0.059
    -321.52    -0.051
    -320.49     0.129
    -319.46    -0.010
    -318.43    -0.055
    -317.39    -0.024
    -316.36     0.012
    -315.33     0.047
    -314.30    -0.208
    -313.27    -0.061
    -312.24     0.086
    -311.21     0.072
    -310.18    -0.024
    -309.15    -0.025
    -308.12    -0.061
    -307.09     0.035
    -306.06    -0.062
    -305.03    -0.032
    -304.00    -0.105
    -302.97    -0.143
    -301.94    -0.029
    -300.91     0.002
    -299.88     0.002
    -298.85     0.014
    -297.82    -0.021
    -296.78     0.047
    -295.75     0.032
    -294.72    -0.021
    -293.69    -0.028
    -292.66    -0.012
    -291.63    -0.015
    -290.60    -0.105
    -289.57     0.130
    -288.54    -0.003
    -287.51    -0.004
    -286.48    -0.006
    -285.45    -0.044
    -284.42    -0.004
    -283.39     0.055
    -282.36     0.120
    -281.33    -0.045
    -280.30     0.039
    -279.27    -0.065
    -278.24     0.102
    -277.21    -0.032
    -276.17     0.169
    -275.14    -0.075
    -274.11    -0.088
    -273.08     0.078
    -272.05     0.133
    -271.02     0.021
    -269.99     0.025
    -268.96     0.034
    -267.93     0.105
    -266.90     0.015
    -265.87     0.110
    -264.84    -0.124
    -263.81    -0.059
    -262.78     0.001
    -261.75     0.001
    -260.72    -0.073
    -259.69     0.003
    -258.66    -0.049
    -257.63    -0.036
    -256.60     0.137
    -255.56    -0.039
    -254.53     0.045
    -253.50    -0.010
    -252.47     0.041
    -251.44     0.034
    -250.41     0.078
    -249.38     0.061
    -248.35     0.107
    -247.32    -0.070
    -246.29     0.054
    -245.26     0.089
    -244.23     0.030
    -243.20     0.056
    -242.17     0.017
    -241.14     0.060
    -240.11    -0.116
    -239.08    -0.151
    -238.05     0.030
    -237.02    -0.053
    -235.99     0.100
    -234.95     0.088
    -233.92    -0.021
    -232.89    -0.066
    -231.86    -0.023
    -230.83    -0.049
    -229.80     0.002
    -228.77     0.225
    -227.74    -0.183
    -226.71    -0.033
    -225.68    -0.021
    -224.65     0.096
    -223.62    -0.142
    -222.59    -0.013
    -221.56    -0.089
    -220.53    -0.009
    -219.50     0.001
    -218.47     0.047
    -217.44     0.268
    -216.41     0.060
    -215.38    -0.029
    -214.34     0.002
    -213.31     0.080
    -212.28    -0.134
    -211.25     0.132
    -210.22     0.081
    -209.19     0.018
    -208.16    -0.081
    -207.13    -0.021
    -206.10    -0.014
    -205.07     0.032
    -204.04     0.145
    -203.01     0.054
    -201.98     0.144
    -200.95    -0.084
    -199.92     0.039
    -198.89     0.155
    -197.86     0.077
    -196.83    -0.024
    -195.80     0.043
    -194.76    -0.126
    -193.73     0.127
    -192.70    -0.044
    -191.67    -0.049
    -190.64    -0.043
    -189.61     0.088
    -188.58    -0.048
    -187.55     0.029
    -186.52    -0.037
    -185.49    -0.019
    -184.46     0.149
    -183.43     0.075
    -182.40     0.121
    -181.37     0.033
    -180.34    -0.013
    -179.31    -0.080
    -178.28    -0.109
    -177.25     0.147
    -176.22     0.150
    -175.19     0.090
    -174.15    -0.118
    -173.12    -0.057
    -172.09    -0.079
    -171.06     0.128
    -170.03     0.077
    -169.00    -0.011
    -167.97    -0.066
    -166.94     0.089
    -165.91     0.048
    -164.88     0.077
    -163.85    -0.030
    -162.82     0.130
    -161.79    -0.092
    -160.76     0.022
    -159.73     0.018
    -158.70    -0.048
    -157.67     0.002
    -156.64     0.086
    -155.61    -0.116
    -154.58     0.047
    -153.54     0.009
    -152.51     0.123
    -151.48    -0.010
    -150.45     0.093
    -149.42     0.017
    -148.39    -0.047
    -147.36     0.026
    -146.33     0.124
    -145.30     0.165
    -144.27     0.251
    -143.24     0.154
    -142.21     0.110
    -141.18     0.005
    -140.15     0.119
    -139.12     0.224
    -138.09     0.226
    -137.06     0.246
    -136.03     0.411
    -135.00     0.330
    -133.97     0.372
    -132.93     0.546
    -131.90     0.616
    -130.87     0.815
    -129.84     1.048
    -128.81     0.932
    -127.78     1.400
    -126.75     1.583
    -125.72     1.718
    -124.69     2.136
    -123.66     2.567
    -122.63     2.866
    -121.60     3.331
    -120.57     4.065
    -119.54     4.931
    -118.51     5.650
    -117.48     5.738
    -116.45     5.453
    -115.42     4.594
    -114.39     3.454
    -113.36     2.670
    -112.32     2.118
    -111.29     1.809
    -110.26     1.579
    -109.23     1.303
    -108.20     0.945
    -107.17     0.893
    -106.14     1.018
    -105.11     0.940
    -104.08     0.836
    -103.05     0.826
    -102.02     0.771
    -100.99     0.630
     -99.96     0.818
     -98.93     0.652
     -97.90     0.608
     -96.87     0.691
     -95.84     0.689
     -94.81     0.782
     -93.78     0.632
     -92.75     0.782
     -91.71     0.789
     -90.68     0.801
     -89.65     0.874
     -88.62     0.953
     -87.59     1.127
     -86.56     1.140
     -85.53     1.228
     -84.50     1.153
     -83.47     1.367
     -82.44     1.529
     -81.41     1.658
     -80.38     1.860
     -79.35     1.860
     -78.32     2.165
     -77.29     2.056
     -76.26     2.095
     -75.23     2.232
     -74.20     2.129
     -73.17     2.032
     -72.14     1.949
     -71.10     1.811
     -70.07     1.791
     -69.04     1.550
     -68.01     1.637
     -66.98     1.571
     -65.95     1.569
     -64.92     1.422
     -63.89     1.342
     -62.86     1.293
     -61.83     1.449
     -60.80     1.476
     -59.77     1.579
     -58.74     1.592
     -57.71     1.936
     -56.68     1.787
     -55.65     2.153
     -54.62     2.354
     -53.59     2.572
     -52.56     2.903
     -51.53     3.495
     -50.49     3.684
     -49.46     4.400
     -48.43     4.513
     -47.40     4.904
     -46.37     5.194
     -45.34     5.354
     -44.31     5.297
     -43.28     5.103
     -42.25     4.749
     -41.22     4.639
     -40.19     4.313
     -39.16     4.060
     -38.13     3.942
     -37.10     3.700
     -36.07     3.541
     -35.04     3.303
     -34.01     3.208
     -32.98     3.007
     -31.95     2.913
     -30.92     2.909
     -29.88     2.611
     -28.85     2.584
     -27.82     2.552
     -26.79     2.710
     -25.76     2.596
     -24.73     2.880
     -23.70     3.163
     -22.67     3.499
     -21.64     3.855
     -20.61     4.338
     -19.58     4.655
     -18.55     4.838
     -17.52     5.375
     -16.49     5.748
     -15.46     6.340
     -14.43     7.077
     -13.40     7.947
     -12.37     8.632
     -11.34     9.619
     -10.31    10.774
      -9.27    11.874
      -8.24    13.567
      -7.21    15.132
      -6.18    16.859
      -5.15    18.430
      -4.12    20.186
      -3.09    22.616
      -2.06    24.663
      -1.03    24.460
       0.00    22.169
       1.03    18.962
       2.06    16.595
       3.09    15.103
       4.12    14.226
       5.15    13.817
       6.18    13.707
       7.21    13.983
       8.24    14.321
       9.27    15.219
      10.31    16.332
      11.34    17.195
      12.37    17.080
      13.40    15.521
      14.43    13.973
      15.46    12.199
      16.49    10.894
      17.52    10.076
      18.55     9.017
      19.58     8.334
      20.61     7.398
      21.64     6.557
      22.67     5.876
      23.70     4.915
      24.73     4.348
      25.76     3.900
      26.79     3.556
      27.82     3.051
      28.85     2.648
      29.88     2.160
      30.92     1.775
      31.95     1.651
      32.98     1.520
      34.01     1.357
      35.04     1.030
      36.07     0.879
      37.10     0.781
      38.13     0.565
      39.16     0.501
      40.19     0.437
      41.22     0.393
      42.25     0.287
      43.28     0.388
      44.31     0.252
      45.34     0.008
      46.37     0.155
      47.40     0.016
      48.43     0.154
      49.46     0.202
      50.49    -0.087
      51.53     0.040
      52.56     0.038
      53.59     0.153
      54.62     0.113
      55.65    -0.003
      56.68     0.048
      57.71     0.027
      58.74     0.148
      59.77     0.021
      60.80     0.155
      61.83    -0.034
      62.86     0.089
      63.89     0.146
      64.92    -0.081
      65.95    -0.042
      66.98     0.100
      68.01    -0.034
      69.04     0.109
      70.07    -0.047
      71.10     0.031
      72.14    -0.043
      73.17     0.132
      74.20    -0.009
      75.23    -0.040
      76.26    -0.086
      77.29    -0.181
      78.32    -0.046
      79.35    -0.029
      80.38    -0.056
      81.41    -0.165
      82.44     0.001
      83.47     0.111
      84.50     0.047
      85.53    -0.062
      86.56     0.024
      87.59     0.061
      88.62     0.173
      89.65     0.069
      90.68     0.021
      91.71    -0.023
      92.75     0.036
      93.78    -0.068
      94.81     0.159
      95.84    -0.013
      96.87     0.217
      97.90    -0.049
      98.93    -0.064
      99.96    -0.085
     100.99     0.045
     102.02    -0.084
     103.05    -0.030
     104.08     0.110
     105.11     0.026
     106.14     0.039
     107.17     0.061
     108.20    -0.048
     109.23    -0.080
     110.26    -0.007
     111.29    -0.077
     112.32     0.010
     113.36    -0.036
     114.39    -0.017
     115.42     0.089
     116.45     0.196
     117.48     0.067
     118.51    -0.065
     119.54     0.056
     120.57    -0.083
     121.60    -0.080
     122.63     0.023
     123.66     0.143
     124.69     0.086
     125.72     0.018
     126.75     0.158
     127.78    -0.010
     128.81    -0.049
     129.84    -0.006
     130.87    -0.111
     131.90     0.053
     132.93    -0.060
     133.97     0.076
     135.00     0.122
     136.03     0.129
     137.06     0.036
     138.09     0.119
     139.12     0.025
     140.15    -0.048
     141.18    -0.073
     142.21    -0.057
     143.24     0.008
     144.27     0.004
     145.30    -0.055
     146.33    -0.059
     147.36    -0.036
     148.39     0.034
     149.42     0.006
     150.45     0.018
     151.48    -0.023
     152.51     0.079
     153.54     0.024
     154.58    -0.015
     155.61    -0.132
     156.64     0.002
     157.67    -0.033
     158.70     0.016
     159.73    -0.036
     160.76     0.051
     161.79     0.023
     162.82     0.065
     163.85    -0.036
     164.88     0.109
     165.91     0.033
     166.94     0.088
     167.97     0.097
     169.00     0.052
     170.03    -0.048
     171.06    -0.029
     172.09    -0.070
     173.12     0.182
     174.15    -0.022
     175.19     0.029
     176.22    -0.106
     177.25     0.102
     178.28     0.061
     179.31    -0.049
     180.34    -0.103
     181.37    -0.069
     182.40    -0.099
     183.43     0.005
     184.46    -0.115
     185.49     0.038
     186.52    -0.152
     187.55     0.058
     188.58     0.042
     189.61    -0.060
     190.64     0.146
     191.67    -0.116
     192.70    -0.059
     193.73    -0.055
     194.76    -0.026
     195.80    -0.007
     196.83    -0.002
     197.86    -0.045
     198.89     0.035
     199.92     0.115
     200.95    -0.093
     201.98     0.007
     203.01    -0.019
     204.04    -0.026
     205.07    -0.023
     206.10    -0.026
     207.13    -0.148
     208.16    -0.026
     209.19     0.067
     210.22     0.043
     211.25    -0.168
     212.28     0.127
     213.31    -0.057
     214.34    -0.094
     215.38     0.045
     216.41     0.171
     217.44    -0.041
     218.47    -0.006
     219.50     0.086
     220.53     0.068
     221.56    -0.095
     222.59    -0.024
     223.62    -0.021
     224.65     0.050
     225.68     0.088
     226.71     0.124
     227.74     0.064
     228.77    -0.026
     229.80     0.031
     230.83    -0.047
     231.86     0.035
     232.89    -0.036
     233.92     0.018
     234.95    -0.088
     235.99    -0.107
     237.02    -0.030
     238.05    -0.088
     239.08     0.032
     240.11    -0.059
     241.14    -0.105
     242.17    -0.126
     243.20    -0.001
     244.23    -0.017
     245.26     0.097
     246.29     0.012
     247.32     0.059
     248.35     0.054
     249.38    -0.071
     250.41    -0.023
     251.44     0.117
     252.47    -0.097
     253.50    -0.036
     254.53    -0.131
     255.56     0.068
     256.60     0.018
     257.63     0.010
     258.66     0.013
     259.69    -0.022
     260.72    -0.020
     261.75    -0.039
     262.78    -0.028
     263.81    -0.035
     264.84     0.053
     265.87     0.085
     266.90    -0.009
     267.93     0.048
     268.96     0.031
     269.99     0.095
     271.02    -0.047
     272.05     0.031
     273.08     0.129
     274.11    -0.046
     275.14    -0.015
     276.17     0.020
     277.21     0.100
     278.24     0.023
     279.27    -0.108
     280.30    -0.071
     281.33     0.015
     282.36     0.049
     283.39    -0.066
     284.42     0.068
     285.45    -0.078
     286.48     0.008
     287.51     0.019
     288.54    -0.075
     289.57    -0.036
     290.60     0.062
     291.63     0.094
     292.66     0.132
     293.69    -0.055
     294.72     0.032
     295.75    -0.021
     296.78     0.035
     297.82    -0.046
     298.85     0.069
     299.88    -0.020
     300.91    -0.041
     301.94    -0.097
     302.97     0.097
     304.00    -0.106
     305.03     0.149
     306.06    -0.040
     307.09    -0.102
     308.12    -0.027
     309.15    -0.070
     310.18    -0.094
     311.21     0.084
     312.24     0.019
     313.27    -0.011
     314.30     0.077
     315.33    -0.050
     316.36     0.206
     317.39     0.089
     318.43    -0.122
     319.46    -0.021
     320.49     0.032
     321.52     0.047
     322.55     0.054
     323.58     0.102
     324.61     0.091
     325.64     0.108
     326.67     0.085
     327.70    -0.146
     328.73     0.111
     329.76    -0.105
     330.79    -0.024
     331.82    -0.095
     332.85     0.099
     333.88     0.158
     334.91     0.230
     335.94     0.130
     336.97     0.069
     338.00    -0.080
     339.04    -0.226
     340.07     0.029
     341.10    -0.116
     342.13    -0.120
     343.16    -0.062
     344.19     0.082
     345.22     0.061
     346.25    -0.074
     347.28    -0.179
     348.31     0.007
     349.34    -0.049
     350.37    -0.037
     351.40     0.061
     352.43     0.058
     353.46    -0.071
     354.49     0.111
     355.52    -0.148
     356.55    -0.107
     357.58    -0.173
     358.61     0.163
     359.65    -0.049
     360.68     0.039
     361.71    -0.093
     362.74     0.124
     363.77     0.016
     364.80    -0.021
     365.83    -0.043
     366.86    -0.011
     367.89    -0.097
     368.92     0.054
     369.95    -0.070
     370.98    -0.044
     372.01     0.014
     373.04     0.119
     374.07     0.096
     375.10     0.111
     376.13    -0.045
     377.16     0.073
     378.19    -0.047
     379.22    -0.119
     380.26    -0.219
     381.29     0.075
     382.32     0.226
     383.35    -0.015
     384.38    -0.106
     385.41     0.135
     386.44     0.110
     387.47     0.131
     388.50    -0.032
     389.53     0.030
     390.56     0.037
     391.59     0.017
     392.62     0.036
     393.65     0.172
     394.68    -0.075
     395.71     0.083
     396.74     0.074
     397.77     0.040
     398.80    -0.053
     399.83     0.126
