%%   72.50000  17.50000    0   0.20000
% LAB  survey ------------------
% wanted position:  l, b, RA, DEC, and interpolated  NH
% 72.50 ;  17.50 ; 283.59 ;  42.67 ;  0.645E+21
% nearest position: l, b, RA, DEC, and observed NH
% 72.50 ;  17.50 ; 283.59 ;  42.67 ;  0.645E+21
% GASS III survey --------------
% NH - median within 6 arcmin radius   0.00    
% NH - mean within specified beam      0.00    
% EBHIS survey -----------------
% NH  within specified beam           0.739E+21
%%EBHIS   621  datapoints: v_lsr [km/s] and T_B [K]
    -399.25    -0.066
    -397.96    -0.019
    -396.68    -0.078
    -395.39     0.119
    -394.10     0.061
    -392.81    -0.069
    -391.52     0.026
    -390.23     0.067
    -388.95     0.035
    -387.66    -0.032
    -386.37     0.079
    -385.08     0.109
    -383.79     0.098
    -382.50    -0.060
    -381.22    -0.055
    -379.93    -0.005
    -378.64    -0.146
    -377.35    -0.165
    -376.06    -0.082
    -374.78     0.077
    -373.49    -0.055
    -372.20    -0.055
    -370.91     0.048
    -369.62    -0.125
    -368.33    -0.110
    -367.05     0.142
    -365.76     0.063
    -364.47     0.008
    -363.18     0.068
    -361.89     0.095
    -360.60     0.045
    -359.32     0.073
    -358.03    -0.049
    -356.74    -0.050
    -355.45     0.077
    -354.16    -0.017
    -352.88     0.104
    -351.59     0.041
    -350.30     0.064
    -349.01     0.042
    -347.72    -0.045
    -346.43    -0.034
    -345.15    -0.066
    -343.86    -0.027
    -342.57    -0.020
    -341.28    -0.070
    -339.99     0.024
    -338.70     0.092
    -337.42     0.051
    -336.13    -0.035
    -334.84    -0.024
    -333.55     0.024
    -332.26     0.039
    -330.98     0.038
    -329.69    -0.021
    -328.40     0.045
    -327.11     0.063
    -325.82    -0.004
    -324.53    -0.070
    -323.25     0.043
    -321.96    -0.010
    -320.67     0.135
    -319.38     0.164
    -318.09     0.111
    -316.80    -0.035
    -315.52     0.002
    -314.23     0.114
    -312.94     0.069
    -311.65    -0.086
    -310.36     0.070
    -309.08     0.148
    -307.79     0.075
    -306.50    -0.022
    -305.21     0.064
    -303.92    -0.052
    -302.63    -0.005
    -301.35     0.079
    -300.06     0.032
    -298.77     0.010
    -297.48     0.063
    -296.19    -0.049
    -294.90     0.149
    -293.62     0.002
    -292.33     0.068
    -291.04     0.062
    -289.75    -0.047
    -288.46     0.032
    -287.18    -0.030
    -285.89    -0.031
    -284.60    -0.066
    -283.31    -0.078
    -282.02     0.025
    -280.73     0.036
    -279.45     0.015
    -278.16     0.035
    -276.87     0.050
    -275.58     0.042
    -274.29    -0.015
    -273.00     0.028
    -271.72    -0.002
    -270.43    -0.031
    -269.14    -0.031
    -267.85    -0.054
    -266.56    -0.076
    -265.28     0.106
    -263.99     0.014
    -262.70    -0.043
    -261.41    -0.054
    -260.12     0.024
    -258.83     0.001
    -257.55     0.030
    -256.26    -0.104
    -254.97    -0.071
    -253.68     0.018
    -252.39     0.024
    -251.10    -0.011
    -249.82    -0.069
    -248.53    -0.036
    -247.24    -0.079
    -245.95     0.047
    -244.66    -0.025
    -243.38     0.008
    -242.09    -0.090
    -240.80    -0.043
    -239.51    -0.107
    -238.22    -0.111
    -236.93     0.006
    -235.65     0.005
    -234.36     0.047
    -233.07     0.074
    -231.78     0.008
    -230.49    -0.021
    -229.20    -0.013
    -227.92     0.023
    -226.63    -0.028
    -225.34    -0.045
    -224.05    -0.067
    -222.76     0.037
    -221.48     0.004
    -220.19    -0.073
    -218.90    -0.029
    -217.61     0.098
    -216.32     0.208
    -215.03    -0.011
    -213.75    -0.071
    -212.46     0.015
    -211.17    -0.006
    -209.88     0.026
    -208.59     0.046
    -207.30     0.078
    -206.02     0.080
    -204.73    -0.045
    -203.44    -0.007
    -202.15     0.075
    -200.86    -0.007
    -199.58    -0.045
    -198.29     0.071
    -197.00     0.032
    -195.71     0.045
    -194.42     0.047
    -193.13    -0.008
    -191.85     0.035
    -190.56     0.072
    -189.27    -0.056
    -187.98     0.048
    -186.69    -0.006
    -185.40     0.005
    -184.12     0.024
    -182.83    -0.003
    -181.54    -0.082
    -180.25     0.065
    -178.96     0.134
    -177.68     0.021
    -176.39     0.006
    -175.10    -0.014
    -173.81    -0.058
    -172.52    -0.011
    -171.23     0.048
    -169.95    -0.091
    -168.66     0.021
    -167.37     0.024
    -166.08     0.001
    -164.79     0.077
    -163.50     0.029
    -162.22    -0.072
    -160.93    -0.170
    -159.64     0.111
    -158.35     0.088
    -157.06    -0.018
    -155.78    -0.029
    -154.49     0.015
    -153.20    -0.046
    -151.91     0.095
    -150.62     0.095
    -149.33    -0.077
    -148.05     0.036
    -146.76     0.115
    -145.47     0.130
    -144.18     0.154
    -142.89     0.125
    -141.60     0.239
    -140.32     0.401
    -139.03     0.491
    -137.74     0.379
    -136.45     0.506
    -135.16     0.607
    -133.88     0.549
    -132.59     0.612
    -131.30     0.668
    -130.01     0.621
    -128.72     0.667
    -127.43     0.655
    -126.15     0.678
    -124.86     0.685
    -123.57     0.754
    -122.28     0.728
    -120.99     0.747
    -119.70     0.658
    -118.42     0.551
    -117.13     0.494
    -115.84     0.622
    -114.55     0.562
    -113.26     0.512
    -111.98     0.468
    -110.69     0.377
    -109.40     0.378
    -108.11     0.399
    -106.82     0.388
    -105.53     0.387
    -104.25     0.495
    -102.96     0.481
    -101.67     0.668
    -100.38     0.574
     -99.09     0.435
     -97.80     0.548
     -96.52     0.688
     -95.23     0.671
     -93.94     0.765
     -92.65     0.845
     -91.36     0.828
     -90.08     0.901
     -88.79     0.872
     -87.50     1.050
     -86.21     0.910
     -84.92     0.737
     -83.63     0.784
     -82.35     0.906
     -81.06     0.755
     -79.77     0.727
     -78.48     0.755
     -77.19     0.635
     -75.90     0.555
     -74.62     0.589
     -73.33     0.586
     -72.04     0.543
     -70.75     0.484
     -69.46     0.409
     -68.18     0.298
     -66.89     0.337
     -65.60     0.371
     -64.31     0.281
     -63.02     0.133
     -61.73     0.109
     -60.45     0.108
     -59.16     0.198
     -57.87     0.204
     -56.58     0.228
     -55.29     0.245
     -54.00     0.230
     -52.72     0.278
     -51.43     0.330
     -50.14     0.209
     -48.85     0.162
     -47.56     0.266
     -46.28     0.281
     -44.99     0.250
     -43.70     0.333
     -42.41     0.447
     -41.12     0.383
     -39.83     0.318
     -38.55     0.471
     -37.26     0.656
     -35.97     0.652
     -34.68     0.564
     -33.39     0.649
     -32.10     0.693
     -30.82     0.843
     -29.53     0.811
     -28.24     0.686
     -26.95     0.849
     -25.66     0.899
     -24.38     0.973
     -23.09     1.117
     -21.80     1.091
     -20.51     1.475
     -19.22     1.685
     -17.93     1.884
     -16.65     2.195
     -15.36     2.666
     -14.07     3.251
     -12.78     3.832
     -11.49     4.847
     -10.20     6.070
      -8.92     7.527
      -7.63     9.192
      -6.34    11.283
      -5.05    13.433
      -3.76    15.476
      -2.48    16.228
      -1.19    15.604
       0.10    13.560
       1.39    12.041
       2.68    11.748
       3.97    12.236
       5.25    13.850
       6.54    14.946
       7.83    12.858
       9.12     9.796
      10.41     7.884
      11.70     6.743
      12.98     5.499
      14.27     4.480
      15.56     3.636
      16.85     2.798
      18.14     2.278
      19.42     1.772
      20.71     1.420
      22.00     1.319
      23.29     1.076
      24.58     0.887
      25.87     0.589
      27.15     0.609
      28.44     0.424
      29.73     0.321
      31.02     0.311
      32.31     0.357
      33.60     0.252
      34.88     0.250
      36.17     0.108
      37.46     0.081
      38.75     0.043
      40.04     0.110
      41.32     0.049
      42.61     0.120
      43.90     0.086
      45.19     0.047
      46.48    -0.062
      47.77    -0.049
      49.05    -0.118
      50.34    -0.116
      51.63    -0.052
      52.92    -0.035
      54.21    -0.060
      55.50    -0.012
      56.78     0.133
      58.07     0.083
      59.36     0.020
      60.65     0.060
      61.94     0.121
      63.22     0.052
      64.51    -0.040
      65.80    -0.152
      67.09    -0.110
      68.38     0.009
      69.67    -0.082
      70.95    -0.100
      72.24    -0.111
      73.53    -0.026
      74.82     0.097
      76.11    -0.008
      77.40     0.017
      78.68    -0.017
      79.97    -0.106
      81.26    -0.017
      82.55     0.052
      83.84     0.026
      85.12     0.098
      86.41     0.152
      87.70     0.001
      88.99    -0.014
      90.28    -0.045
      91.57     0.007
      92.85     0.103
      94.14     0.015
      95.43     0.012
      96.72    -0.019
      98.01    -0.003
      99.30     0.045
     100.58     0.026
     101.87     0.017
     103.16    -0.038
     104.45    -0.013
     105.74     0.004
     107.02     0.008
     108.31     0.092
     109.60    -0.026
     110.89    -0.084
     112.18     0.012
     113.47     0.062
     114.75    -0.042
     116.04     0.106
     117.33     0.050
     118.62     0.026
     119.91     0.005
     121.20    -0.054
     122.48     0.005
     123.77    -0.021
     125.06    -0.105
     126.35    -0.078
     127.64    -0.034
     128.92     0.040
     130.21     0.034
     131.50    -0.033
     132.79    -0.080
     134.08    -0.100
     135.37    -0.067
     136.65    -0.026
     137.94    -0.078
     139.23    -0.001
     140.52     0.079
     141.81     0.023
     143.09     0.087
     144.38    -0.013
     145.67    -0.126
     146.96     0.062
     148.25     0.022
     149.54     0.047
     150.82     0.034
     152.11    -0.004
     153.40    -0.007
     154.69     0.024
     155.98    -0.001
     157.27    -0.174
     158.55     0.029
     159.84     0.122
     161.13     0.048
     162.42    -0.092
     163.71    -0.037
     164.99    -0.020
     166.28    -0.108
     167.57    -0.060
     168.86     0.027
     170.15     0.046
     171.44    -0.013
     172.72     0.030
     174.01    -0.024
     175.30     0.109
     176.59     0.044
     177.88    -0.052
     179.17    -0.016
     180.45    -0.006
     181.74     0.125
     183.03    -0.129
     184.32    -0.129
     185.61    -0.004
     186.89     0.092
     188.18    -0.015
     189.47    -0.009
     190.76     0.151
     192.05     0.136
     193.34     0.053
     194.62    -0.020
     195.91    -0.041
     197.20    -0.011
     198.49    -0.066
     199.78    -0.004
     201.07     0.132
     202.35     0.078
     203.64     0.029
     204.93     0.081
     206.22    -0.022
     207.51    -0.034
     208.79     0.026
     210.08     0.034
     211.37     0.027
     212.66    -0.029
     213.95    -0.053
     215.24    -0.113
     216.52     0.063
     217.81    -0.050
     219.10     0.021
     220.39    -0.071
     221.68    -0.098
     222.97    -0.051
     224.25    -0.064
     225.54    -0.096
     226.83    -0.059
     228.12    -0.021
     229.41    -0.034
     230.69    -0.007
     231.98    -0.038
     233.27    -0.202
     234.56    -0.125
     235.85    -0.040
     237.14    -0.032
     238.42     0.012
     239.71    -0.029
     241.00    -0.029
     242.29    -0.040
     243.58    -0.030
     244.87     0.024
     246.15    -0.056
     247.44    -0.055
     248.73     0.014
     250.02     0.001
     251.31     0.005
     252.59    -0.006
     253.88    -0.027
     255.17    -0.046
     256.46     0.027
     257.75     0.020
     259.04    -0.016
     260.32     0.072
     261.61    -0.013
     262.90     0.003
     264.19     0.060
     265.48     0.031
     266.77    -0.078
     268.05    -0.064
     269.34    -0.044
     270.63    -0.012
     271.92     0.112
     273.21    -0.032
     274.49    -0.086
     275.78    -0.080
     277.07     0.093
     278.36     0.147
     279.65    -0.022
     280.94     0.086
     282.22     0.055
     283.51     0.049
     284.80     0.022
     286.09     0.004
     287.38     0.045
     288.67    -0.154
     289.95    -0.031
     291.24     0.037
     292.53     0.115
     293.82     0.122
     295.11     0.019
     296.39    -0.064
     297.68     0.023
     298.97     0.088
     300.26     0.076
     301.55    -0.055
     302.84    -0.034
     304.12     0.121
     305.41     0.178
     306.70     0.050
     307.99     0.022
     309.28    -0.119
     310.57    -0.058
     311.85    -0.012
     313.14     0.057
     314.43     0.034
     315.72    -0.008
     317.01    -0.037
     318.29    -0.020
     319.58     0.017
     320.87    -0.060
     322.16    -0.133
     323.45     0.023
     324.74    -0.026
     326.02    -0.074
     327.31     0.096
     328.60    -0.011
     329.89    -0.046
     331.18     0.044
     332.47     0.064
     333.75     0.041
     335.04     0.082
     336.33    -0.050
     337.62     0.090
     338.91     0.009
     340.19    -0.016
     341.48    -0.005
     342.77     0.024
     344.06    -0.098
     345.35    -0.037
     346.64     0.038
     347.92    -0.047
     349.21     0.071
     350.50     0.077
     351.79     0.152
     353.08     0.032
     354.37    -0.022
     355.65    -0.147
     356.94    -0.028
     358.23    -0.031
     359.52     0.095
     360.81     0.027
     362.09    -0.029
     363.38     0.020
     364.67    -0.032
     365.96    -0.001
     367.25     0.036
     368.54    -0.022
     369.82    -0.022
     371.11    -0.011
     372.40     0.010
     373.69    -0.010
     374.98     0.042
     376.27     0.022
     377.55    -0.054
     378.84    -0.103
     380.13    -0.020
     381.42     0.082
     382.71    -0.047
     383.99     0.005
     385.28     0.014
     386.57    -0.085
     387.86    -0.059
     389.15     0.072
     390.44    -0.137
     391.72    -0.052
     393.01     0.041
     394.30     0.133
     395.59     0.122
     396.88    -0.011
     398.17    -0.033
     399.45    -0.021
%%GASS      0  datapoints: v_lsr [km/s] and T_B [K]
%%LAB     777  datapoints: v_lsr [km/s] and T_B [K]
    -399.82    -0.103
    -398.79     0.060
    -397.76     0.037
    -396.73     0.075
    -395.70    -0.045
    -394.67    -0.022
    -393.64    -0.110
    -392.61     0.019
    -391.58     0.009
    -390.55     0.041
    -389.52    -0.010
    -388.49     0.045
    -387.46     0.058
    -386.43     0.031
    -385.40     0.014
    -384.37    -0.037
    -383.34     0.223
    -382.30     0.156
    -381.27     0.021
    -380.24     0.034
    -379.21    -0.028
    -378.18     0.078
    -377.15    -0.057
    -376.12    -0.016
    -375.09     0.012
    -374.06    -0.059
    -373.03     0.048
    -372.00    -0.002
    -370.97     0.004
    -369.94     0.052
    -368.91    -0.061
    -367.88     0.049
    -366.85     0.081
    -365.82     0.167
    -364.79    -0.110
    -363.76     0.043
    -362.73     0.004
    -361.70    -0.065
    -360.67    -0.035
    -359.63    -0.033
    -358.60     0.099
    -357.57    -0.093
    -356.54     0.094
    -355.51     0.118
    -354.48     0.042
    -353.45     0.035
    -352.42     0.110
    -351.39     0.128
    -350.36     0.075
    -349.33    -0.014
    -348.30     0.094
    -347.27     0.028
    -346.24    -0.018
    -345.21    -0.208
    -344.18     0.049
    -343.15     0.136
    -342.12     0.013
    -341.09    -0.043
    -340.06    -0.001
    -339.03    -0.106
    -337.99     0.025
    -336.96    -0.053
    -335.93    -0.000
    -334.90    -0.183
    -333.87    -0.107
    -332.84     0.081
    -331.81    -0.026
    -330.78     0.012
    -329.75     0.028
    -328.72     0.021
    -327.69     0.043
    -326.66     0.051
    -325.63     0.034
    -324.60    -0.029
    -323.57     0.004
    -322.54     0.019
    -321.51     0.031
    -320.48    -0.036
    -319.45     0.076
    -318.42    -0.080
    -317.39    -0.039
    -316.35     0.047
    -315.32     0.056
    -314.29    -0.118
    -313.26     0.101
    -312.23    -0.023
    -311.20     0.060
    -310.17    -0.111
    -309.14    -0.038
    -308.11     0.060
    -307.08     0.085
    -306.05     0.074
    -305.02    -0.124
    -303.99     0.079
    -302.96     0.109
    -301.93    -0.028
    -300.90     0.044
    -299.87    -0.020
    -298.84    -0.063
    -297.81    -0.052
    -296.78     0.039
    -295.75    -0.039
    -294.71     0.009
    -293.68    -0.042
    -292.65    -0.042
    -291.62     0.071
    -290.59     0.034
    -289.56     0.017
    -288.53     0.004
    -287.50     0.060
    -286.47     0.058
    -285.44    -0.033
    -284.41    -0.017
    -283.38    -0.016
    -282.35     0.025
    -281.32    -0.007
    -280.29    -0.218
    -279.26    -0.106
    -278.23    -0.107
    -277.20     0.076
    -276.17     0.023
    -275.14    -0.125
    -274.11     0.134
    -273.07    -0.027
    -272.04    -0.046
    -271.01    -0.196
    -269.98     0.067
    -268.95     0.059
    -267.92     0.083
    -266.89     0.016
    -265.86     0.076
    -264.83    -0.103
    -263.80     0.116
    -262.77    -0.025
    -261.74    -0.017
    -260.71     0.010
    -259.68     0.081
    -258.65     0.045
    -257.62     0.130
    -256.59     0.011
    -255.56    -0.123
    -254.53     0.064
    -253.50     0.081
    -252.47    -0.042
    -251.44    -0.016
    -250.40     0.095
    -249.37    -0.071
    -248.34    -0.095
    -247.31     0.087
    -246.28    -0.027
    -245.25     0.029
    -244.22    -0.099
    -243.19     0.098
    -242.16     0.030
    -241.13     0.168
    -240.10    -0.044
    -239.07     0.014
    -238.04     0.050
    -237.01     0.151
    -235.98     0.103
    -234.95     0.027
    -233.92     0.024
    -232.89    -0.078
    -231.86    -0.060
    -230.83     0.141
    -229.80    -0.001
    -228.76    -0.066
    -227.73     0.101
    -226.70     0.137
    -225.67    -0.039
    -224.64    -0.085
    -223.61    -0.093
    -222.58     0.004
    -221.55     0.126
    -220.52     0.022
    -219.49     0.023
    -218.46     0.014
    -217.43    -0.052
    -216.40     0.104
    -215.37    -0.060
    -214.34    -0.001
    -213.31    -0.041
    -212.28    -0.000
    -211.25     0.045
    -210.22     0.040
    -209.19     0.012
    -208.16     0.041
    -207.12    -0.022
    -206.09     0.034
    -205.06    -0.008
    -204.03     0.163
    -203.00    -0.009
    -201.97     0.068
    -200.94    -0.046
    -199.91    -0.161
    -198.88    -0.106
    -197.85    -0.007
    -196.82    -0.005
    -195.79    -0.142
    -194.76    -0.276
    -193.73    -0.010
    -192.70    -0.016
    -191.67     0.034
    -190.64     0.003
    -189.61     0.047
    -188.58     0.007
    -187.55     0.115
    -186.52     0.043
    -185.48     0.136
    -184.45    -0.034
    -183.42     0.121
    -182.39    -0.032
    -181.36     0.020
    -180.33    -0.040
    -179.30    -0.093
    -178.27    -0.006
    -177.24    -0.017
    -176.21    -0.016
    -175.18    -0.030
    -174.15     0.019
    -173.12    -0.031
    -172.09    -0.145
    -171.06    -0.111
    -170.03     0.058
    -169.00    -0.141
    -167.97    -0.027
    -166.94    -0.099
    -165.91    -0.018
    -164.88    -0.026
    -163.84    -0.067
    -162.81    -0.142
    -161.78    -0.215
    -160.75    -0.070
    -159.72     0.001
    -158.69    -0.064
    -157.66    -0.022
    -156.63     0.108
    -155.60    -0.131
    -154.57     0.005
    -153.54    -0.095
    -152.51    -0.066
    -151.48     0.070
    -150.45    -0.066
    -149.42     0.103
    -148.39     0.084
    -147.36     0.038
    -146.33     0.033
    -145.30     0.031
    -144.27     0.027
    -143.24     0.144
    -142.21     0.152
    -141.17     0.023
    -140.14     0.232
    -139.11     0.126
    -138.08     0.142
    -137.05     0.349
    -136.02     0.334
    -134.99     0.175
    -133.96     0.411
    -132.93     0.401
    -131.90     0.396
    -130.87     0.522
    -129.84     0.533
    -128.81     0.483
    -127.78     0.506
    -126.75     0.552
    -125.72     0.498
    -124.69     0.581
    -123.66     0.606
    -122.63     0.530
    -121.60     0.549
    -120.57     0.425
    -119.53     0.506
    -118.50     0.364
    -117.47     0.437
    -116.44     0.492
    -115.41     0.391
    -114.38     0.431
    -113.35     0.455
    -112.32     0.462
    -111.29     0.472
    -110.26     0.293
    -109.23     0.361
    -108.20     0.417
    -107.17     0.376
    -106.14     0.255
    -105.11     0.444
    -104.08     0.288
    -103.05     0.447
    -102.02     0.404
    -100.99     0.484
     -99.96     0.495
     -98.93     0.680
     -97.89     0.357
     -96.86     0.510
     -95.83     0.558
     -94.80     0.598
     -93.77     0.675
     -92.74     0.639
     -91.71     0.764
     -90.68     0.704
     -89.65     0.745
     -88.62     0.658
     -87.59     0.690
     -86.56     0.700
     -85.53     0.731
     -84.50     0.665
     -83.47     0.728
     -82.44     0.562
     -81.41     0.628
     -80.38     0.493
     -79.35     0.346
     -78.32     0.465
     -77.29     0.520
     -76.25     0.507
     -75.22     0.330
     -74.19     0.479
     -73.16     0.253
     -72.13     0.255
     -71.10     0.368
     -70.07     0.360
     -69.04     0.290
     -68.01     0.358
     -66.98     0.282
     -65.95     0.315
     -64.92     0.256
     -63.89     0.284
     -62.86     0.255
     -61.83     0.286
     -60.80    -0.028
     -59.77     0.178
     -58.74     0.329
     -57.71     0.073
     -56.68     0.239
     -55.65     0.265
     -54.61     0.044
     -53.58     0.157
     -52.55     0.289
     -51.52     0.156
     -50.49     0.155
     -49.46     0.204
     -48.43     0.218
     -47.40     0.213
     -46.37     0.125
     -45.34     0.177
     -44.31     0.262
     -43.28     0.340
     -42.25     0.329
     -41.22     0.356
     -40.19     0.457
     -39.16     0.346
     -38.13     0.480
     -37.10     0.454
     -36.07     0.427
     -35.04     0.420
     -34.01     0.535
     -32.98     0.513
     -31.94     0.478
     -30.91     0.671
     -29.88     0.356
     -28.85     0.650
     -27.82     0.521
     -26.79     0.611
     -25.76     0.776
     -24.73     0.791
     -23.70     0.961
     -22.67     0.798
     -21.64     0.938
     -20.61     1.022
     -19.58     1.265
     -18.55     1.522
     -17.52     1.539
     -16.49     1.871
     -15.46     1.986
     -14.43     2.402
     -13.40     2.704
     -12.37     3.258
     -11.34     3.820
     -10.30     4.565
      -9.27     5.590
      -8.24     6.703
      -7.21     8.093
      -6.18     9.727
      -5.15    11.355
      -4.12    13.151
      -3.09    14.736
      -2.06    15.442
      -1.03    14.476
       0.00    13.368
       1.03    11.856
       2.06    10.964
       3.09    10.639
       4.12    11.012
       5.15    11.890
       6.18    12.889
       7.21    12.434
       8.24    10.682
       9.27     8.608
      10.30     7.609
      11.34     6.466
      12.37     5.643
      13.40     4.729
      14.43     3.958
      15.46     3.333
      16.49     2.883
      17.52     2.345
      18.55     2.157
      19.58     1.772
      20.61     1.551
      21.64     1.269
      22.67     1.090
      23.70     0.814
      24.73     0.722
      25.76     0.705
      26.79     0.525
      27.82     0.430
      28.85     0.492
      29.88     0.339
      30.91     0.233
      31.94     0.326
      32.98     0.143
      34.01     0.088
      35.04     0.196
      36.07     0.077
      37.10     0.003
      38.13     0.043
      39.16     0.084
      40.19    -0.008
      41.22     0.043
      42.25     0.099
      43.28     0.027
      44.31    -0.093
      45.34     0.163
      46.37     0.010
      47.40    -0.003
      48.43     0.070
      49.46     0.016
      50.49     0.131
      51.52     0.010
      52.55     0.020
      53.58     0.037
      54.61     0.028
      55.65    -0.073
      56.68    -0.056
      57.71     0.009
      58.74    -0.106
      59.77     0.039
      60.80    -0.052
      61.83    -0.001
      62.86     0.019
      63.89    -0.167
      64.92    -0.016
      65.95     0.066
      66.98     0.122
      68.01     0.019
      69.04    -0.072
      70.07    -0.028
      71.10    -0.071
      72.13    -0.028
      73.16    -0.031
      74.19    -0.045
      75.22    -0.024
      76.25    -0.142
      77.29    -0.116
      78.32    -0.017
      79.35     0.057
      80.38    -0.029
      81.41    -0.078
      82.44    -0.064
      83.47    -0.197
      84.50    -0.075
      85.53     0.043
      86.56     0.076
      87.59     0.027
      88.62     0.058
      89.65     0.022
      90.68     0.017
      91.71    -0.127
      92.74     0.040
      93.77    -0.055
      94.80    -0.065
      95.83     0.007
      96.86     0.029
      97.89    -0.038
      98.93     0.183
      99.96     0.003
     100.99     0.092
     102.02    -0.138
     103.05     0.121
     104.08     0.035
     105.11    -0.010
     106.14    -0.017
     107.17    -0.039
     108.20     0.032
     109.23     0.045
     110.26     0.068
     111.29     0.039
     112.32     0.012
     113.35    -0.042
     114.38     0.353
     115.41     0.208
     116.44     0.013
     117.47     0.069
     118.50    -0.005
     119.53     0.075
     120.57    -0.069
     121.60     0.007
     122.63    -0.008
     123.66     0.024
     124.69     0.111
     125.72     0.071
     126.75     0.105
     127.78     0.069
     128.81     0.099
     129.84    -0.022
     130.87     0.043
     131.90     0.014
     132.93    -0.008
     133.96     0.145
     134.99    -0.006
     136.02     0.104
     137.05    -0.010
     138.08     0.016
     139.11     0.067
     140.14    -0.002
     141.17     0.004
     142.21     0.010
     143.24     0.008
     144.27    -0.003
     145.30     0.069
     146.33    -0.057
     147.36     0.117
     148.39     0.101
     149.42     0.139
     150.45     0.031
     151.48     0.022
     152.51    -0.036
     153.54     0.102
     154.57     0.010
     155.60    -0.015
     156.63     0.039
     157.66    -0.127
     158.69     0.214
     159.72    -0.010
     160.75    -0.058
     161.78    -0.016
     162.81     0.075
     163.84     0.079
     164.88     0.032
     165.91     0.031
     166.94     0.078
     167.97     0.037
     169.00     0.062
     170.03     0.021
     171.06     0.156
     172.09    -0.128
     173.12    -0.089
     174.15     0.048
     175.18     0.069
     176.21     0.025
     177.24     0.036
     178.27     0.011
     179.30     0.000
     180.33     0.067
     181.36     0.084
     182.39     0.131
     183.42     0.115
     184.45     0.068
     185.48     0.143
     186.52    -0.002
     187.55     0.101
     188.58     0.059
     189.61     0.085
     190.64    -0.112
     191.67     0.024
     192.70    -0.112
     193.73     0.102
     194.76    -0.013
     195.79     0.015
     196.82    -0.020
     197.85     0.055
     198.88    -0.047
     199.91    -0.027
     200.94    -0.171
     201.97     0.085
     203.00     0.066
     204.03    -0.081
     205.06    -0.040
     206.09    -0.108
     207.12    -0.059
     208.16    -0.002
     209.19     0.008
     210.22    -0.099
     211.25    -0.076
     212.28    -0.040
     213.31    -0.074
     214.34     0.027
     215.37     0.047
     216.40     0.130
     217.43     0.196
     218.46    -0.077
     219.49    -0.070
     220.52    -0.058
     221.55    -0.094
     222.58     0.049
     223.61    -0.055
     224.64     0.012
     225.67    -0.151
     226.70    -0.107
     227.73     0.027
     228.76    -0.150
     229.80    -0.068
     230.83    -0.100
     231.86    -0.112
     232.89     0.003
     233.92    -0.237
     234.95    -0.046
     235.98    -0.064
     237.01     0.005
     238.04     0.037
     239.07    -0.079
     240.10    -0.237
     241.13    -0.143
     242.16    -0.050
     243.19    -0.155
     244.22    -0.104
     245.25    -0.022
     246.28     0.029
     247.31     0.104
     248.34     0.078
     249.37     0.085
     250.40     0.033
     251.44     0.183
     252.47    -0.104
     253.50     0.021
     254.53     0.042
     255.56    -0.122
     256.59    -0.060
     257.62     0.081
     258.65     0.039
     259.68     0.047
     260.71    -0.025
     261.74    -0.022
     262.77     0.011
     263.80     0.005
     264.83    -0.058
     265.86    -0.039
     266.89    -0.023
     267.92     0.034
     268.95    -0.120
     269.98    -0.113
     271.01    -0.008
     272.04    -0.050
     273.07    -0.026
     274.11     0.038
     275.14    -0.024
     276.17     0.086
     277.20     0.042
     278.23    -0.013
     279.26     0.049
     280.29     0.063
     281.32     0.068
     282.35    -0.121
     283.38     0.033
     284.41     0.024
     285.44     0.034
     286.47     0.075
     287.50    -0.142
     288.53    -0.176
     289.56    -0.135
     290.59     0.039
     291.62     0.162
     292.65     0.098
     293.68    -0.085
     294.71     0.033
     295.75    -0.030
     296.78     0.063
     297.81    -0.039
     298.84    -0.017
     299.87    -0.002
     300.90     0.001
     301.93     0.058
     302.96     0.003
     303.99    -0.029
     305.02    -0.004
     306.05    -0.110
     307.08    -0.184
     308.11     0.021
     309.14    -0.068
     310.17    -0.144
     311.20     0.065
     312.23    -0.109
     313.26     0.057
     314.29    -0.098
     315.32     0.025
     316.35    -0.031
     317.39     0.009
     318.42     0.044
     319.45     0.076
     320.48    -0.114
     321.51     0.016
     322.54    -0.062
     323.57    -0.039
     324.60     0.076
     325.63     0.062
     326.66    -0.017
     327.69     0.142
     328.72    -0.045
     329.75     0.010
     330.78     0.054
     331.81    -0.027
     332.84    -0.095
     333.87     0.094
     334.90    -0.169
     335.93    -0.048
     336.96    -0.109
     337.99     0.043
     339.03     0.017
     340.06     0.076
     341.09    -0.184
     342.12     0.045
     343.15    -0.028
     344.18     0.069
     345.21    -0.009
     346.24     0.012
     347.27     0.060
     348.30     0.186
     349.33    -0.018
     350.36     0.169
     351.39     0.016
     352.42     0.084
     353.45     0.101
     354.48     0.107
     355.51     0.064
     356.54     0.059
     357.57    -0.064
     358.60    -0.100
     359.63     0.080
     360.67     0.055
     361.70    -0.115
     362.73     0.035
     363.76     0.105
     364.79     0.025
     365.82     0.089
     366.85    -0.038
     367.88    -0.135
     368.91     0.006
     369.94    -0.080
     370.97     0.040
     372.00    -0.030
     373.03     0.011
     374.06    -0.042
     375.09     0.045
     376.12    -0.084
     377.15     0.158
     378.18     0.136
     379.21    -0.087
     380.24     0.086
     381.27     0.210
     382.30     0.032
     383.34     0.019
     384.37     0.103
     385.40     0.242
     386.43     0.052
     387.46    -0.195
     388.49     0.126
     389.52     0.044
     390.55    -0.049
     391.58     0.043
     392.61     0.095
     393.64     0.141
     394.67     0.088
     395.70    -0.033
     396.73     0.084
     397.76     0.015
     398.79     0.036
     399.82     0.096
