%%   92.50000   5.00000    0   0.20000
% LAB  survey ------------------
% wanted position:  l, b, RA, DEC, and interpolated  NH
% 92.50 ;   5.00 ; 314.76 ;  53.53 ;  0.586E+22
% nearest position: l, b, RA, DEC, and observed NH
% 92.50 ;   5.00 ; 314.76 ;  53.53 ;  0.586E+22
% GASS III survey --------------
% NH - median within 6 arcmin radius   0.00    
% NH - mean within specified beam      0.00    
% EBHIS survey -----------------
% NH  within specified beam           0.582E+22
%%EBHIS   621  datapoints: v_lsr [km/s] and T_B [K]
    -399.25     0.104
    -397.96     0.013
    -396.68     0.064
    -395.39    -0.002
    -394.10    -0.074
    -392.81    -0.072
    -391.52     0.030
    -390.23    -0.023
    -388.95    -0.014
    -387.66     0.010
    -386.37     0.012
    -385.08    -0.107
    -383.79    -0.122
    -382.50    -0.016
    -381.22     0.021
    -379.93     0.042
    -378.64     0.102
    -377.35     0.100
    -376.06    -0.016
    -374.78    -0.035
    -373.49     0.001
    -372.20    -0.042
    -370.91    -0.021
    -369.62     0.191
    -368.33     0.065
    -367.05     0.018
    -365.76     0.099
    -364.47    -0.001
    -363.18    -0.193
    -361.89    -0.176
    -360.60    -0.057
    -359.32     0.069
    -358.03     0.010
    -356.74     0.037
    -355.45    -0.006
    -354.16     0.008
    -352.88    -0.059
    -351.59    -0.051
    -350.30     0.049
    -349.01     0.109
    -347.72     0.113
    -346.43     0.110
    -345.15    -0.081
    -343.86    -0.076
    -342.57     0.085
    -341.28    -0.053
    -339.99    -0.006
    -338.70     0.057
    -337.42     0.092
    -336.13     0.057
    -334.84    -0.032
    -333.55     0.095
    -332.26     0.029
    -330.98     0.002
    -329.69    -0.036
    -328.40     0.069
    -327.11     0.015
    -325.82    -0.015
    -324.53     0.064
    -323.25     0.158
    -321.96     0.130
    -320.67     0.145
    -319.38    -0.032
    -318.09     0.062
    -316.80     0.076
    -315.52     0.116
    -314.23     0.008
    -312.94    -0.012
    -311.65    -0.070
    -310.36     0.004
    -309.08    -0.009
    -307.79    -0.053
    -306.50    -0.002
    -305.21    -0.056
    -303.92    -0.067
    -302.63     0.016
    -301.35     0.102
    -300.06    -0.080
    -298.77    -0.143
    -297.48    -0.107
    -296.19    -0.023
    -294.90    -0.056
    -293.62    -0.029
    -292.33    -0.034
    -291.04     0.024
    -289.75     0.028
    -288.46     0.007
    -287.18    -0.031
    -285.89    -0.060
    -284.60    -0.083
    -283.31     0.139
    -282.02    -0.043
    -280.73    -0.087
    -279.45     0.035
    -278.16     0.074
    -276.87     0.071
    -275.58    -0.031
    -274.29    -0.033
    -273.00     0.107
    -271.72     0.136
    -270.43     0.038
    -269.14     0.069
    -267.85    -0.011
    -266.56    -0.109
    -265.28     0.043
    -263.99    -0.091
    -262.70    -0.062
    -261.41    -0.026
    -260.12    -0.002
    -258.83    -0.022
    -257.55     0.015
    -256.26     0.069
    -254.97    -0.077
    -253.68    -0.031
    -252.39    -0.016
    -251.10     0.077
    -249.82     0.056
    -248.53    -0.020
    -247.24    -0.067
    -245.95     0.039
    -244.66    -0.068
    -243.38    -0.160
    -242.09    -0.117
    -240.80    -0.090
    -239.51    -0.022
    -238.22     0.055
    -236.93     0.084
    -235.65    -0.006
    -234.36     0.010
    -233.07    -0.078
    -231.78     0.038
    -230.49     0.036
    -229.20    -0.032
    -227.92    -0.064
    -226.63    -0.011
    -225.34     0.057
    -224.05     0.012
    -222.76    -0.015
    -221.48    -0.091
    -220.19    -0.062
    -218.90    -0.095
    -217.61    -0.060
    -216.32     0.080
    -215.03     0.035
    -213.75     0.006
    -212.46     0.055
    -211.17     0.075
    -209.88     0.112
    -208.59     0.018
    -207.30    -0.031
    -206.02    -0.064
    -204.73    -0.073
    -203.44     0.020
    -202.15     0.093
    -200.86    -0.025
    -199.58     0.013
    -198.29     0.036
    -197.00     0.018
    -195.71    -0.063
    -194.42    -0.039
    -193.13     0.062
    -191.85    -0.048
    -190.56     0.071
    -189.27     0.026
    -187.98    -0.028
    -186.69    -0.058
    -185.40     0.043
    -184.12     0.116
    -182.83     0.041
    -181.54     0.081
    -180.25     0.118
    -178.96    -0.035
    -177.68    -0.128
    -176.39    -0.041
    -175.10    -0.004
    -173.81     0.106
    -172.52     0.100
    -171.23     0.017
    -169.95    -0.088
    -168.66    -0.162
    -167.37    -0.003
    -166.08    -0.036
    -164.79     0.026
    -163.50    -0.000
    -162.22    -0.075
    -160.93     0.084
    -159.64     0.008
    -158.35     0.152
    -157.06     0.200
    -155.78     0.099
    -154.49     0.185
    -153.20     0.394
    -151.91     0.313
    -150.62     0.291
    -149.33     0.439
    -148.05     0.339
    -146.76     0.401
    -145.47     0.630
    -144.18     0.664
    -142.89     0.669
    -141.60     0.891
    -140.32     1.120
    -139.03     1.351
    -137.74     1.499
    -136.45     1.689
    -135.16     1.809
    -133.88     1.663
    -132.59     1.381
    -131.30     1.452
    -130.01     1.436
    -128.72     1.433
    -127.43     1.537
    -126.15     1.552
    -124.86     1.667
    -123.57     1.982
    -122.28     2.466
    -120.99     2.791
    -119.70     3.910
    -118.42     6.215
    -117.13     9.413
    -115.84    12.416
    -114.55    12.874
    -113.26    11.743
    -111.98    10.065
    -110.69     8.864
    -109.40     8.255
    -108.11     8.850
    -106.82    10.677
    -105.53    13.149
    -104.25    15.851
    -102.96    18.721
    -101.67    22.247
    -100.38    25.885
     -99.09    26.786
     -97.80    24.680
     -96.52    21.565
     -95.23    18.774
     -93.94    17.454
     -92.65    17.017
     -91.36    17.463
     -90.08    19.241
     -88.79    21.745
     -87.50    23.859
     -86.21    26.038
     -84.92    27.291
     -83.63    26.598
     -82.35    24.882
     -81.06    22.648
     -79.77    19.181
     -78.48    16.115
     -77.19    13.506
     -75.90    11.920
     -74.62    10.813
     -73.33     9.856
     -72.04     9.647
     -70.75     9.817
     -69.46     9.899
     -68.18     9.803
     -66.89     9.627
     -65.60     9.635
     -64.31     9.396
     -63.02     9.455
     -61.73     9.855
     -60.45    10.152
     -59.16    10.194
     -57.87     9.933
     -56.58     9.722
     -55.29     9.926
     -54.00    10.294
     -52.72    11.099
     -51.43    12.294
     -50.14    14.251
     -48.85    16.382
     -47.56    18.623
     -46.28    21.101
     -44.99    23.154
     -43.70    24.360
     -42.41    24.526
     -41.12    22.890
     -39.83    20.291
     -38.55    18.039
     -37.26    16.941
     -35.97    16.689
     -34.68    16.728
     -33.39    17.128
     -32.10    16.695
     -30.82    16.269
     -29.53    15.889
     -28.24    15.556
     -26.95    15.742
     -25.66    16.668
     -24.38    18.222
     -23.09    21.076
     -21.80    25.526
     -20.51    30.470
     -19.22    36.136
     -17.93    41.185
     -16.65    44.282
     -15.36    46.314
     -14.07    47.830
     -12.78    49.913
     -11.49    52.088
     -10.20    51.470
      -8.92    47.901
      -7.63    45.399
      -6.34    45.789
      -5.05    47.255
      -3.76    46.450
      -2.48    40.682
      -1.19    45.095
       0.10    57.719
       1.39    58.277
       2.68    56.591
       3.97    55.085
       5.25    52.191
       6.54    46.427
       7.83    39.973
       9.12    35.911
      10.41    30.652
      11.70    22.439
      12.98    14.422
      14.27     9.876
      15.56     7.073
      16.85     5.020
      18.14     3.746
      19.42     2.715
      20.71     2.018
      22.00     1.448
      23.29     1.083
      24.58     0.802
      25.87     0.536
      27.15     0.423
      28.44     0.332
      29.73     0.214
      31.02     0.009
      32.31     0.153
      33.60     0.228
      34.88     0.115
      36.17     0.208
      37.46     0.120
      38.75     0.175
      40.04     0.159
      41.32     0.275
      42.61     0.125
      43.90     0.020
      45.19     0.204
      46.48     0.096
      47.77     0.015
      49.05     0.084
      50.34    -0.036
      51.63     0.009
      52.92    -0.002
      54.21     0.048
      55.50    -0.139
      56.78    -0.081
      58.07     0.051
      59.36    -0.009
      60.65     0.069
      61.94    -0.051
      63.22    -0.038
      64.51     0.036
      65.80     0.056
      67.09     0.085
      68.38    -0.032
      69.67     0.001
      70.95     0.211
      72.24     0.056
      73.53    -0.023
      74.82     0.060
      76.11    -0.046
      77.40     0.033
      78.68     0.079
      79.97     0.024
      81.26    -0.087
      82.55     0.045
      83.84     0.136
      85.12     0.162
      86.41     0.049
      87.70     0.094
      88.99     0.009
      90.28     0.071
      91.57     0.021
      92.85    -0.046
      94.14     0.024
      95.43     0.147
      96.72     0.153
      98.01    -0.079
      99.30     0.022
     100.58     0.184
     101.87    -0.058
     103.16    -0.023
     104.45    -0.122
     105.74    -0.036
     107.02     0.022
     108.31    -0.105
     109.60     0.081
     110.89     0.093
     112.18     0.037
     113.47    -0.074
     114.75    -0.086
     116.04     0.064
     117.33     0.130
     118.62     0.102
     119.91    -0.067
     121.20    -0.081
     122.48     0.010
     123.77    -0.016
     125.06    -0.005
     126.35     0.026
     127.64    -0.100
     128.92    -0.068
     130.21    -0.018
     131.50    -0.104
     132.79    -0.129
     134.08     0.069
     135.37     0.028
     136.65    -0.031
     137.94    -0.174
     139.23    -0.045
     140.52     0.029
     141.81    -0.015
     143.09    -0.072
     144.38     0.015
     145.67     0.086
     146.96     0.079
     148.25    -0.006
     149.54    -0.030
     150.82     0.075
     152.11    -0.075
     153.40     0.074
     154.69     0.023
     155.98    -0.062
     157.27    -0.042
     158.55     0.074
     159.84    -0.013
     161.13    -0.059
     162.42     0.012
     163.71     0.043
     164.99     0.011
     166.28     0.109
     167.57    -0.015
     168.86    -0.167
     170.15     0.018
     171.44     0.025
     172.72    -0.074
     174.01     0.072
     175.30     0.078
     176.59    -0.011
     177.88    -0.102
     179.17    -0.014
     180.45    -0.043
     181.74    -0.054
     183.03     0.008
     184.32     0.086
     185.61     0.098
     186.89     0.024
     188.18    -0.021
     189.47     0.040
     190.76     0.114
     192.05     0.122
     193.34    -0.006
     194.62     0.107
     195.91    -0.001
     197.20    -0.099
     198.49     0.095
     199.78     0.022
     201.07    -0.037
     202.35     0.010
     203.64    -0.060
     204.93    -0.020
     206.22    -0.098
     207.51     0.030
     208.79     0.105
     210.08     0.029
     211.37     0.115
     212.66     0.019
     213.95    -0.102
     215.24    -0.001
     216.52     0.007
     217.81    -0.081
     219.10     0.057
     220.39     0.003
     221.68     0.066
     222.97     0.050
     224.25     0.027
     225.54    -0.032
     226.83     0.052
     228.12    -0.035
     229.41    -0.054
     230.69    -0.170
     231.98    -0.016
     233.27     0.027
     234.56     0.011
     235.85     0.031
     237.14    -0.076
     238.42    -0.046
     239.71     0.073
     241.00     0.001
     242.29    -0.055
     243.58    -0.167
     244.87    -0.107
     246.15    -0.074
     247.44     0.001
     248.73     0.036
     250.02     0.022
     251.31    -0.002
     252.59    -0.015
     253.88     0.037
     255.17    -0.044
     256.46     0.003
     257.75     0.016
     259.04    -0.030
     260.32    -0.115
     261.61    -0.094
     262.90    -0.160
     264.19     0.108
     265.48    -0.064
     266.77    -0.114
     268.05     0.039
     269.34    -0.020
     270.63    -0.001
     271.92     0.016
     273.21     0.030
     274.49    -0.091
     275.78     0.007
     277.07     0.018
     278.36     0.049
     279.65    -0.030
     280.94    -0.036
     282.22     0.072
     283.51    -0.012
     284.80    -0.033
     286.09     0.072
     287.38    -0.013
     288.67    -0.015
     289.95    -0.018
     291.24    -0.099
     292.53    -0.031
     293.82    -0.058
     295.11     0.029
     296.39     0.003
     297.68     0.054
     298.97     0.031
     300.26     0.024
     301.55    -0.112
     302.84     0.001
     304.12     0.051
     305.41    -0.073
     306.70    -0.162
     307.99    -0.064
     309.28    -0.081
     310.57    -0.062
     311.85    -0.051
     313.14     0.024
     314.43     0.034
     315.72     0.136
     317.01     0.063
     318.29    -0.070
     319.58     0.004
     320.87     0.003
     322.16    -0.039
     323.45     0.002
     324.74    -0.049
     326.02    -0.060
     327.31     0.035
     328.60     0.072
     329.89    -0.018
     331.18    -0.016
     332.47    -0.088
     333.75    -0.060
     335.04     0.006
     336.33    -0.104
     337.62    -0.102
     338.91     0.004
     340.19     0.014
     341.48     0.068
     342.77     0.087
     344.06     0.105
     345.35     0.062
     346.64    -0.031
     347.92     0.012
     349.21    -0.010
     350.50    -0.027
     351.79     0.019
     353.08     0.114
     354.37     0.012
     355.65    -0.019
     356.94     0.016
     358.23     0.092
     359.52     0.023
     360.81     0.070
     362.09     0.038
     363.38     0.070
     364.67    -0.020
     365.96     0.012
     367.25     0.045
     368.54    -0.045
     369.82    -0.016
     371.11     0.005
     372.40     0.013
     373.69    -0.038
     374.98    -0.033
     376.27     0.115
     377.55     0.117
     378.84     0.007
     380.13    -0.046
     381.42    -0.005
     382.71     0.117
     383.99     0.025
     385.28     0.074
     386.57     0.132
     387.86    -0.026
     389.15    -0.110
     390.44    -0.144
     391.72     0.029
     393.01     0.057
     394.30    -0.059
     395.59    -0.100
     396.88    -0.036
     398.17    -0.003
     399.45     0.036
%%GASS      0  datapoints: v_lsr [km/s] and T_B [K]
%%LAB     777  datapoints: v_lsr [km/s] and T_B [K]
    -399.83     0.138
    -398.80     0.058
    -397.77    -0.004
    -396.74    -0.080
    -395.71     0.053
    -394.68    -0.018
    -393.65    -0.023
    -392.62    -0.008
    -391.59    -0.046
    -390.56    -0.047
    -389.53    -0.035
    -388.50    -0.111
    -387.46     0.187
    -386.43    -0.069
    -385.40    -0.124
    -384.37     0.013
    -383.34     0.105
    -382.31    -0.163
    -381.28    -0.022
    -380.25    -0.027
    -379.22    -0.025
    -378.19     0.084
    -377.16     0.088
    -376.13    -0.180
    -375.10     0.181
    -374.07    -0.083
    -373.04    -0.040
    -372.01    -0.015
    -370.98     0.182
    -369.95    -0.078
    -368.92     0.052
    -367.89    -0.088
    -366.85    -0.025
    -365.82     0.006
    -364.79     0.055
    -363.76     0.124
    -362.73    -0.008
    -361.70    -0.052
    -360.67     0.071
    -359.64    -0.048
    -358.61     0.046
    -357.58    -0.082
    -356.55     0.141
    -355.52    -0.004
    -354.49     0.041
    -353.46     0.017
    -352.43    -0.051
    -351.40     0.034
    -350.37    -0.033
    -349.34     0.048
    -348.31     0.007
    -347.28     0.025
    -346.25    -0.112
    -345.21    -0.119
    -344.18     0.018
    -343.15    -0.174
    -342.12     0.108
    -341.09    -0.073
    -340.06     0.011
    -339.03    -0.020
    -338.00    -0.082
    -336.97    -0.048
    -335.94     0.000
    -334.91    -0.115
    -333.88    -0.035
    -332.85     0.161
    -331.82     0.042
    -330.79    -0.043
    -329.76    -0.042
    -328.73     0.037
    -327.70    -0.048
    -326.67     0.026
    -325.64     0.048
    -324.60    -0.051
    -323.57     0.036
    -322.54     0.106
    -321.51     0.112
    -320.48    -0.009
    -319.45     0.047
    -318.42     0.052
    -317.39     0.073
    -316.36     0.008
    -315.33    -0.062
    -314.30     0.052
    -313.27     0.129
    -312.24     0.050
    -311.21     0.124
    -310.18     0.216
    -309.15    -0.054
    -308.12     0.071
    -307.09    -0.018
    -306.06    -0.045
    -305.03    -0.011
    -303.99    -0.080
    -302.96     0.055
    -301.93    -0.073
    -300.90     0.051
    -299.87    -0.074
    -298.84    -0.091
    -297.81     0.086
    -296.78    -0.168
    -295.75     0.010
    -294.72     0.108
    -293.69    -0.043
    -292.66    -0.152
    -291.63    -0.070
    -290.60    -0.001
    -289.57    -0.102
    -288.54     0.164
    -287.51    -0.046
    -286.48     0.044
    -285.45     0.024
    -284.42    -0.094
    -283.39    -0.005
    -282.35    -0.076
    -281.32    -0.219
    -280.29     0.048
    -279.26    -0.021
    -278.23     0.044
    -277.20     0.073
    -276.17     0.053
    -275.14     0.080
    -274.11     0.071
    -273.08    -0.081
    -272.05    -0.056
    -271.02     0.080
    -269.99    -0.038
    -268.96     0.023
    -267.93     0.037
    -266.90    -0.014
    -265.87     0.021
    -264.84    -0.091
    -263.81     0.011
    -262.78    -0.051
    -261.74    -0.201
    -260.71     0.023
    -259.68     0.189
    -258.65     0.127
    -257.62    -0.070
    -256.59     0.150
    -255.56     0.083
    -254.53    -0.021
    -253.50    -0.102
    -252.47    -0.022
    -251.44    -0.029
    -250.41     0.007
    -249.38     0.127
    -248.35     0.072
    -247.32    -0.093
    -246.29    -0.005
    -245.26     0.004
    -244.23    -0.051
    -243.20     0.011
    -242.17    -0.034
    -241.13     0.024
    -240.10     0.138
    -239.07     0.031
    -238.04     0.065
    -237.01    -0.107
    -235.98     0.042
    -234.95     0.029
    -233.92     0.091
    -232.89     0.035
    -231.86    -0.111
    -230.83     0.189
    -229.80     0.201
    -228.77    -0.106
    -227.74    -0.092
    -226.71     0.038
    -225.68     0.035
    -224.65     0.093
    -223.62    -0.018
    -222.59     0.124
    -221.56    -0.017
    -220.53     0.035
    -219.49     0.163
    -218.46    -0.019
    -217.43    -0.063
    -216.40    -0.027
    -215.37     0.053
    -214.34    -0.154
    -213.31    -0.056
    -212.28    -0.076
    -211.25     0.142
    -210.22     0.002
    -209.19    -0.030
    -208.16    -0.048
    -207.13     0.043
    -206.10     0.144
    -205.07     0.200
    -204.04     0.005
    -203.01     0.014
    -201.98    -0.059
    -200.95    -0.006
    -199.92    -0.079
    -198.88     0.077
    -197.85    -0.025
    -196.82     0.054
    -195.79     0.118
    -194.76     0.171
    -193.73     0.144
    -192.70     0.134
    -191.67     0.037
    -190.64     0.044
    -189.61    -0.119
    -188.58    -0.287
    -187.55    -0.088
    -186.52    -0.010
    -185.49     0.042
    -184.46    -0.036
    -183.43    -0.015
    -182.40    -0.093
    -181.37     0.150
    -180.34     0.027
    -179.31     0.048
    -178.27    -0.056
    -177.24    -0.052
    -176.21    -0.077
    -175.18    -0.105
    -174.15     0.071
    -173.12     0.180
    -172.09    -0.001
    -171.06     0.131
    -170.03     0.010
    -169.00    -0.092
    -167.97    -0.057
    -166.94     0.073
    -165.91    -0.163
    -164.88     0.121
    -163.85     0.127
    -162.82     0.134
    -161.79     0.050
    -160.76     0.100
    -159.73     0.062
    -158.70     0.024
    -157.67     0.004
    -156.63     0.405
    -155.60     0.111
    -154.57     0.150
    -153.54     0.202
    -152.51     0.248
    -151.48     0.429
    -150.45     0.286
    -149.42     0.329
    -148.39     0.419
    -147.36     0.591
    -146.33     0.620
    -145.30     0.577
    -144.27     0.678
    -143.24     0.701
    -142.21     0.989
    -141.18     0.831
    -140.15     1.056
    -139.12     0.998
    -138.09     1.307
    -137.06     1.451
    -136.02     1.400
    -134.99     1.581
    -133.96     1.630
    -132.93     1.584
    -131.90     1.609
    -130.87     1.508
    -129.84     1.595
    -128.81     1.576
    -127.78     1.745
    -126.75     1.629
    -125.72     1.698
    -124.69     1.888
    -123.66     2.168
    -122.63     2.335
    -121.60     2.634
    -120.57     2.958
    -119.54     3.808
    -118.51     5.295
    -117.48     8.140
    -116.45    11.076
    -115.42    13.055
    -114.38    13.122
    -113.35    12.481
    -112.32    10.998
    -111.29     9.588
    -110.26     8.537
    -109.23     9.188
    -108.20     9.754
    -107.17    11.191
    -106.14    13.101
    -105.11    15.246
    -104.08    17.056
    -103.05    18.952
    -102.02    21.410
    -100.99    24.531
     -99.96    27.310
     -98.93    28.164
     -97.90    26.811
     -96.87    24.773
     -95.84    22.560
     -94.81    20.673
     -93.77    18.921
     -92.74    18.119
     -91.71    18.088
     -90.68    18.808
     -89.65    19.826
     -88.62    21.234
     -87.59    22.289
     -86.56    23.485
     -85.53    24.838
     -84.50    25.596
     -83.47    25.839
     -82.44    25.352
     -81.41    23.899
     -80.38    21.832
     -79.35    19.707
     -78.32    17.812
     -77.29    16.149
     -76.26    14.465
     -75.23    12.811
     -74.20    11.636
     -73.16    10.694
     -72.13     9.924
     -71.10     9.430
     -70.07     9.285
     -69.04     9.140
     -68.01     8.907
     -66.98     8.844
     -65.95     8.685
     -64.92     8.427
     -63.89     8.202
     -62.86     8.078
     -61.83     8.328
     -60.80     8.527
     -59.77     8.648
     -58.74     8.708
     -57.71     8.686
     -56.68     9.086
     -55.65     9.511
     -54.62     9.978
     -53.59    10.808
     -52.56    11.666
     -51.52    12.978
     -50.49    15.063
     -49.46    17.180
     -48.43    18.688
     -47.40    20.182
     -46.37    20.937
     -45.34    21.622
     -44.31    21.721
     -43.28    21.511
     -42.25    20.630
     -41.22    19.538
     -40.19    17.992
     -39.16    16.719
     -38.13    15.877
     -37.10    15.513
     -36.07    15.326
     -35.04    15.314
     -34.01    15.047
     -32.98    14.792
     -31.95    14.831
     -30.91    14.420
     -29.88    14.591
     -28.85    14.573
     -27.82    15.129
     -26.79    15.607
     -25.76    16.707
     -24.73    18.168
     -23.70    19.701
     -22.67    22.268
     -21.64    25.460
     -20.61    28.686
     -19.58    32.380
     -18.55    36.087
     -17.52    39.361
     -16.49    42.756
     -15.46    46.212
     -14.43    48.853
     -13.40    50.876
     -12.37    52.435
     -11.34    53.459
     -10.30    52.953
      -9.27    51.031
      -8.24    48.738
      -7.21    47.436
      -6.18    47.602
      -5.15    47.205
      -4.12    45.472
      -3.09    43.403
      -2.06    42.851
      -1.03    47.051
       0.00    55.391
       1.03    57.691
       2.06    56.874
       3.09    56.488
       4.12    56.429
       5.15    55.519
       6.18    51.701
       7.21    46.474
       8.24    43.221
       9.27    41.390
      10.30    36.358
      11.34    28.911
      12.37    20.910
      13.40    14.272
      14.43    10.021
      15.46     6.959
      16.49     5.076
      17.52     3.582
      18.55     2.763
      19.58     1.933
      20.61     1.520
      21.64     1.316
      22.67     0.870
      23.70     0.453
      24.73     0.578
      25.76     0.289
      26.79     0.239
      27.82     0.256
      28.85     0.072
      29.88     0.090
      30.91    -0.023
      31.95     0.335
      32.98     0.104
      34.01     0.050
      35.04     0.085
      36.07    -0.012
      37.10     0.060
      38.13     0.109
      39.16     0.059
      40.19     0.081
      41.22    -0.056
      42.25     0.065
      43.28     0.012
      44.31    -0.010
      45.34    -0.010
      46.37     0.058
      47.40     0.008
      48.43     0.058
      49.46     0.117
      50.49     0.039
      51.52     0.212
      52.56    -0.205
      53.59    -0.157
      54.62     0.043
      55.65     0.100
      56.68     0.088
      57.71     0.067
      58.74    -0.026
      59.77    -0.064
      60.80    -0.230
      61.83    -0.072
      62.86    -0.014
      63.89     0.019
      64.92     0.048
      65.95    -0.020
      66.98     0.012
      68.01     0.027
      69.04    -0.135
      70.07    -0.065
      71.10    -0.053
      72.13     0.101
      73.16    -0.128
      74.20     0.106
      75.23    -0.232
      76.26     0.084
      77.29     0.003
      78.32    -0.019
      79.35     0.160
      80.38     0.078
      81.41    -0.050
      82.44     0.012
      83.47     0.045
      84.50     0.044
      85.53    -0.095
      86.56     0.085
      87.59    -0.067
      88.62    -0.118
      89.65    -0.020
      90.68     0.012
      91.71     0.046
      92.74    -0.090
      93.77     0.090
      94.81     0.150
      95.84    -0.021
      96.87     0.196
      97.90    -0.003
      98.93    -0.004
      99.96     0.004
     100.99    -0.069
     102.02    -0.010
     103.05     0.172
     104.08     0.012
     105.11     0.088
     106.14     0.103
     107.17    -0.036
     108.20     0.068
     109.23     0.277
     110.26    -0.002
     111.29    -0.026
     112.32     0.063
     113.35     0.045
     114.38    -0.020
     115.42     0.004
     116.45     0.021
     117.48     0.066
     118.51    -0.025
     119.54     0.089
     120.57    -0.010
     121.60    -0.061
     122.63    -0.048
     123.66    -0.014
     124.69     0.117
     125.72    -0.019
     126.75    -0.056
     127.78     0.088
     128.81     0.005
     129.84     0.097
     130.87     0.103
     131.90    -0.084
     132.93     0.114
     133.96     0.168
     134.99     0.044
     136.02    -0.019
     137.06    -0.091
     138.09     0.040
     139.12     0.088
     140.15     0.087
     141.18    -0.074
     142.21    -0.021
     143.24    -0.193
     144.27     0.004
     145.30    -0.096
     146.33    -0.072
     147.36    -0.047
     148.39    -0.050
     149.42    -0.004
     150.45     0.129
     151.48     0.119
     152.51    -0.009
     153.54     0.027
     154.57    -0.054
     155.60     0.006
     156.63     0.078
     157.67     0.102
     158.70    -0.090
     159.73    -0.284
     160.76    -0.037
     161.79    -0.016
     162.82     0.043
     163.85    -0.177
     164.88     0.008
     165.91    -0.052
     166.94     0.073
     167.97     0.222
     169.00    -0.024
     170.03    -0.013
     171.06     0.004
     172.09    -0.045
     173.12    -0.046
     174.15    -0.181
     175.18     0.090
     176.21    -0.071
     177.24    -0.060
     178.28     0.052
     179.31    -0.013
     180.34    -0.108
     181.37    -0.034
     182.40    -0.096
     183.43     0.038
     184.46     0.045
     185.49    -0.196
     186.52    -0.113
     187.55     0.031
     188.58     0.102
     189.61    -0.007
     190.64    -0.021
     191.67     0.050
     192.70    -0.014
     193.73     0.015
     194.76    -0.149
     195.79     0.043
     196.82     0.022
     197.85    -0.221
     198.88     0.051
     199.92    -0.040
     200.95     0.036
     201.98    -0.034
     203.01     0.027
     204.04     0.119
     205.07    -0.045
     206.10     0.064
     207.13     0.093
     208.16    -0.059
     209.19    -0.127
     210.22     0.097
     211.25    -0.136
     212.28     0.078
     213.31    -0.067
     214.34     0.039
     215.37    -0.042
     216.40    -0.092
     217.43     0.132
     218.46     0.090
     219.49    -0.078
     220.53     0.127
     221.56     0.042
     222.59     0.160
     223.62     0.068
     224.65     0.078
     225.68    -0.009
     226.71     0.015
     227.74     0.014
     228.77     0.013
     229.80    -0.019
     230.83    -0.121
     231.86    -0.086
     232.89     0.213
     233.92    -0.098
     234.95     0.127
     235.98     0.101
     237.01     0.019
     238.04     0.027
     239.07    -0.019
     240.10    -0.047
     241.13     0.237
     242.17     0.011
     243.20    -0.068
     244.23    -0.053
     245.26     0.002
     246.29    -0.088
     247.32     0.018
     248.35    -0.028
     249.38     0.084
     250.41    -0.062
     251.44    -0.080
     252.47     0.141
     253.50     0.023
     254.53     0.064
     255.56     0.101
     256.59    -0.042
     257.62     0.019
     258.65     0.023
     259.68    -0.033
     260.71    -0.139
     261.74     0.019
     262.78    -0.193
     263.81     0.005
     264.84    -0.047
     265.87     0.062
     266.90     0.052
     267.93     0.049
     268.96     0.109
     269.99     0.146
     271.02    -0.011
     272.05     0.050
     273.08    -0.031
     274.11     0.090
     275.14     0.080
     276.17     0.018
     277.20    -0.164
     278.23     0.123
     279.26    -0.100
     280.29    -0.054
     281.32    -0.116
     282.35    -0.050
     283.39    -0.049
     284.42     0.026
     285.45    -0.025
     286.48    -0.093
     287.51    -0.095
     288.54     0.049
     289.57    -0.163
     290.60    -0.111
     291.63     0.012
     292.66     0.050
     293.69     0.059
     294.72     0.147
     295.75    -0.129
     296.78     0.095
     297.81    -0.149
     298.84    -0.003
     299.87     0.023
     300.90     0.060
     301.93    -0.016
     302.96    -0.134
     303.99    -0.111
     305.03    -0.038
     306.06     0.075
     307.09    -0.051
     308.12    -0.096
     309.15    -0.002
     310.18    -0.074
     311.21     0.088
     312.24    -0.088
     313.27     0.173
     314.30    -0.129
     315.33     0.063
     316.36     0.087
     317.39    -0.013
     318.42     0.073
     319.45     0.012
     320.48    -0.025
     321.51     0.029
     322.54    -0.113
     323.57     0.180
     324.60     0.100
     325.64     0.154
     326.67     0.051
     327.70     0.014
     328.73    -0.140
     329.76    -0.035
     330.79     0.103
     331.82     0.015
     332.85    -0.083
     333.88     0.005
     334.91     0.185
     335.94     0.055
     336.97     0.157
     338.00     0.014
     339.03    -0.026
     340.06     0.134
     341.09    -0.092
     342.12     0.087
     343.15     0.062
     344.18    -0.038
     345.21    -0.074
     346.25     0.039
     347.28     0.008
     348.31     0.039
     349.34    -0.188
     350.37     0.013
     351.40     0.061
     352.43    -0.040
     353.46    -0.076
     354.49     0.000
     355.52    -0.074
     356.55    -0.080
     357.58    -0.065
     358.61    -0.001
     359.64    -0.271
     360.67    -0.106
     361.70    -0.104
     362.73    -0.086
     363.76    -0.021
     364.79     0.188
     365.82     0.042
     366.85     0.116
     367.89     0.082
     368.92     0.081
     369.95     0.009
     370.98     0.183
     372.01    -0.127
     373.04    -0.065
     374.07     0.012
     375.10     0.060
     376.13    -0.029
     377.16     0.038
     378.19    -0.083
     379.22    -0.005
     380.25     0.141
     381.28    -0.016
     382.31     0.114
     383.34    -0.059
     384.37    -0.075
     385.40     0.098
     386.43    -0.156
     387.46    -0.063
     388.50    -0.034
     389.53     0.101
     390.56    -0.089
     391.59     0.198
     392.62    -0.081
     393.65     0.002
     394.68     0.031
     395.71     0.002
     396.74     0.030
     397.77     0.077
     398.80     0.070
     399.83     0.044
