%%   97.50000   2.50000    0   0.20000
% LAB  survey ------------------
% wanted position:  l, b, RA, DEC, and interpolated  NH
% 97.50 ;   2.50 ; 323.83 ;  55.37 ;  0.932E+22
% nearest position: l, b, RA, DEC, and observed NH
% 97.50 ;   2.50 ; 323.83 ;  55.37 ;  0.932E+22
% GASS III survey --------------
% NH - median within 6 arcmin radius   0.00    
% NH - mean within specified beam      0.00    
% EBHIS survey -----------------
% NH  within specified beam           0.927E+22
%%EBHIS   621  datapoints: v_lsr [km/s] and T_B [K]
    -399.25     0.004
    -397.96     0.032
    -396.68     0.038
    -395.39     0.036
    -394.10    -0.034
    -392.81     0.019
    -391.52    -0.039
    -390.23     0.003
    -388.95     0.112
    -387.66     0.051
    -386.37    -0.038
    -385.08    -0.044
    -383.79     0.123
    -382.50     0.065
    -381.22     0.009
    -379.93     0.003
    -378.64     0.013
    -377.35     0.006
    -376.06     0.102
    -374.78     0.098
    -373.49    -0.027
    -372.20    -0.028
    -370.91     0.054
    -369.62     0.105
    -368.33     0.109
    -367.05    -0.052
    -365.76    -0.038
    -364.47    -0.114
    -363.18    -0.031
    -361.89     0.062
    -360.60    -0.015
    -359.32     0.082
    -358.03    -0.046
    -356.74    -0.036
    -355.45     0.039
    -354.16    -0.024
    -352.88     0.054
    -351.59     0.002
    -350.30     0.085
    -349.01    -0.037
    -347.72     0.061
    -346.43     0.046
    -345.15     0.059
    -343.86     0.038
    -342.57     0.004
    -341.28     0.005
    -339.99    -0.007
    -338.70    -0.103
    -337.42    -0.084
    -336.13     0.086
    -334.84    -0.005
    -333.55    -0.030
    -332.26    -0.092
    -330.98    -0.028
    -329.69     0.024
    -328.40     0.079
    -327.11    -0.038
    -325.82    -0.168
    -324.53     0.101
    -323.25     0.039
    -321.96    -0.062
    -320.67    -0.067
    -319.38    -0.031
    -318.09    -0.025
    -316.80    -0.034
    -315.52    -0.009
    -314.23     0.018
    -312.94    -0.013
    -311.65    -0.009
    -310.36     0.026
    -309.08    -0.021
    -307.79     0.016
    -306.50     0.022
    -305.21    -0.044
    -303.92    -0.156
    -302.63    -0.177
    -301.35    -0.054
    -300.06    -0.052
    -298.77     0.066
    -297.48    -0.121
    -296.19    -0.042
    -294.90    -0.017
    -293.62    -0.013
    -292.33    -0.010
    -291.04    -0.030
    -289.75    -0.127
    -288.46    -0.051
    -287.18    -0.084
    -285.89     0.036
    -284.60    -0.087
    -283.31    -0.135
    -282.02    -0.025
    -280.73    -0.063
    -279.45     0.050
    -278.16    -0.080
    -276.87     0.028
    -275.58     0.103
    -274.29    -0.044
    -273.00     0.020
    -271.72    -0.023
    -270.43    -0.082
    -269.14     0.064
    -267.85    -0.015
    -266.56    -0.104
    -265.28     0.031
    -263.99    -0.017
    -262.70    -0.023
    -261.41     0.124
    -260.12     0.066
    -258.83    -0.065
    -257.55    -0.080
    -256.26    -0.105
    -254.97    -0.045
    -253.68    -0.011
    -252.39     0.009
    -251.10     0.005
    -249.82     0.076
    -248.53    -0.015
    -247.24    -0.007
    -245.95    -0.017
    -244.66     0.070
    -243.38     0.106
    -242.09    -0.045
    -240.80    -0.074
    -239.51    -0.033
    -238.22     0.070
    -236.93     0.040
    -235.65     0.047
    -234.36    -0.006
    -233.07    -0.096
    -231.78     0.060
    -230.49     0.011
    -229.20    -0.050
    -227.92    -0.120
    -226.63     0.169
    -225.34    -0.027
    -224.05    -0.025
    -222.76     0.062
    -221.48     0.061
    -220.19     0.101
    -218.90    -0.045
    -217.61     0.033
    -216.32     0.026
    -215.03    -0.065
    -213.75    -0.014
    -212.46     0.012
    -211.17     0.089
    -209.88     0.023
    -208.59     0.037
    -207.30     0.057
    -206.02     0.016
    -204.73     0.062
    -203.44    -0.006
    -202.15     0.001
    -200.86    -0.188
    -199.58    -0.130
    -198.29    -0.032
    -197.00     0.001
    -195.71     0.012
    -194.42     0.030
    -193.13    -0.040
    -191.85     0.054
    -190.56    -0.022
    -189.27     0.059
    -187.98     0.145
    -186.69    -0.031
    -185.40     0.055
    -184.12     0.068
    -182.83     0.050
    -181.54     0.027
    -180.25     0.010
    -178.96     0.038
    -177.68     0.039
    -176.39    -0.067
    -175.10     0.021
    -173.81    -0.009
    -172.52     0.014
    -171.23    -0.013
    -169.95     0.007
    -168.66    -0.078
    -167.37     0.065
    -166.08    -0.105
    -164.79    -0.080
    -163.50     0.066
    -162.22     0.055
    -160.93     0.067
    -159.64     0.110
    -158.35    -0.007
    -157.06     0.123
    -155.78     0.079
    -154.49    -0.047
    -153.20     0.010
    -151.91     0.137
    -150.62     0.067
    -149.33     0.106
    -148.05     0.062
    -146.76     0.189
    -145.47     0.211
    -144.18     0.186
    -142.89     0.404
    -141.60     0.314
    -140.32     0.246
    -139.03     0.408
    -137.74     0.399
    -136.45     0.718
    -135.16     0.956
    -133.88     1.111
    -132.59     1.033
    -131.30     1.418
    -130.01     1.755
    -128.72     2.229
    -127.43     2.602
    -126.15     3.075
    -124.86     3.826
    -123.57     4.828
    -122.28     5.622
    -120.99     5.990
    -119.70     5.306
    -118.42     4.454
    -117.13     3.986
    -115.84     3.664
    -114.55     3.764
    -113.26     3.633
    -111.98     3.461
    -110.69     3.363
    -109.40     3.571
    -108.11     3.817
    -106.82     4.232
    -105.53     5.121
    -104.25     6.607
    -102.96     9.646
    -101.67    15.428
    -100.38    24.809
     -99.09    35.382
     -97.80    45.418
     -96.52    55.341
     -95.23    63.262
     -93.94    66.328
     -92.65    65.998
     -91.36    64.895
     -90.08    61.973
     -88.79    58.520
     -87.50    53.500
     -86.21    47.125
     -84.92    39.938
     -83.63    33.703
     -82.35    29.384
     -81.06    27.277
     -79.77    27.209
     -78.48    29.369
     -77.19    34.305
     -75.90    42.148
     -74.62    53.714
     -73.33    65.901
     -72.04    75.944
     -70.75    82.645
     -69.46    85.484
     -68.18    86.649
     -66.89    86.491
     -65.60    83.371
     -64.31    79.107
     -63.02    74.913
     -61.73    69.068
     -60.45    59.332
     -59.16    48.295
     -57.87    39.198
     -56.58    33.165
     -55.29    30.184
     -54.00    28.888
     -52.72    28.155
     -51.43    27.712
     -50.14    26.429
     -48.85    24.905
     -47.56    23.400
     -46.28    22.870
     -44.99    22.382
     -43.70    21.192
     -42.41    19.059
     -41.12    18.363
     -39.83    20.242
     -38.55    22.218
     -37.26    22.453
     -35.97    21.552
     -34.68    20.749
     -33.39    20.873
     -32.10    21.554
     -30.82    21.148
     -29.53    19.933
     -28.24    19.032
     -26.95    19.273
     -25.66    20.023
     -24.38    20.571
     -23.09    21.494
     -21.80    23.405
     -20.51    27.530
     -19.22    34.730
     -17.93    44.213
     -16.65    51.125
     -15.36    53.122
     -14.07    53.603
     -12.78    56.151
     -11.49    57.727
     -10.20    59.721
      -8.92    63.749
      -7.63    68.609
      -6.34    71.011
      -5.05    68.985
      -3.76    64.117
      -2.48    59.199
      -1.19    60.233
       0.10    64.954
       1.39    63.778
       2.68    56.419
       3.97    46.858
       5.25    38.613
       6.54    32.277
       7.83    25.768
       9.12    19.499
      10.41    13.476
      11.70     9.397
      12.98     6.779
      14.27     5.077
      15.56     3.796
      16.85     2.780
      18.14     2.102
      19.42     1.452
      20.71     1.179
      22.00     0.899
      23.29     0.703
      24.58     0.393
      25.87     0.324
      27.15     0.144
      28.44     0.276
      29.73     0.184
      31.02     0.117
      32.31     0.088
      33.60     0.092
      34.88     0.034
      36.17    -0.021
      37.46    -0.051
      38.75     0.056
      40.04     0.042
      41.32    -0.067
      42.61    -0.027
      43.90     0.088
      45.19     0.001
      46.48     0.016
      47.77     0.029
      49.05    -0.093
      50.34     0.012
      51.63    -0.025
      52.92    -0.003
      54.21     0.055
      55.50    -0.043
      56.78    -0.003
      58.07    -0.001
      59.36    -0.020
      60.65     0.079
      61.94    -0.023
      63.22     0.010
      64.51     0.026
      65.80     0.019
      67.09    -0.027
      68.38    -0.080
      69.67    -0.054
      70.95    -0.033
      72.24     0.050
      73.53     0.024
      74.82    -0.011
      76.11    -0.089
      77.40    -0.049
      78.68    -0.046
      79.97     0.036
      81.26     0.103
      82.55     0.041
      83.84     0.044
      85.12     0.127
      86.41    -0.136
      87.70    -0.032
      88.99     0.031
      90.28    -0.055
      91.57    -0.061
      92.85     0.017
      94.14    -0.084
      95.43    -0.045
      96.72    -0.003
      98.01    -0.008
      99.30    -0.087
     100.58     0.125
     101.87     0.120
     103.16     0.025
     104.45     0.079
     105.74    -0.045
     107.02     0.104
     108.31     0.126
     109.60    -0.007
     110.89    -0.023
     112.18    -0.080
     113.47     0.047
     114.75    -0.005
     116.04    -0.006
     117.33    -0.040
     118.62    -0.000
     119.91    -0.047
     121.20    -0.012
     122.48     0.012
     123.77    -0.002
     125.06    -0.081
     126.35     0.053
     127.64     0.052
     128.92     0.014
     130.21     0.056
     131.50     0.034
     132.79     0.016
     134.08    -0.053
     135.37    -0.082
     136.65    -0.211
     137.94    -0.121
     139.23     0.046
     140.52     0.062
     141.81     0.036
     143.09     0.027
     144.38     0.015
     145.67     0.084
     146.96    -0.075
     148.25    -0.128
     149.54     0.076
     150.82     0.025
     152.11    -0.054
     153.40     0.002
     154.69     0.057
     155.98     0.005
     157.27     0.062
     158.55     0.049
     159.84    -0.005
     161.13    -0.022
     162.42    -0.108
     163.71     0.040
     164.99    -0.029
     166.28     0.016
     167.57     0.001
     168.86     0.073
     170.15     0.061
     171.44     0.065
     172.72    -0.125
     174.01    -0.127
     175.30    -0.141
     176.59    -0.036
     177.88    -0.128
     179.17    -0.042
     180.45     0.065
     181.74     0.105
     183.03    -0.044
     184.32     0.040
     185.61     0.055
     186.89    -0.003
     188.18    -0.004
     189.47     0.007
     190.76    -0.082
     192.05     0.013
     193.34     0.105
     194.62    -0.004
     195.91     0.065
     197.20     0.012
     198.49    -0.058
     199.78     0.046
     201.07    -0.015
     202.35    -0.048
     203.64     0.119
     204.93    -0.003
     206.22    -0.075
     207.51    -0.049
     208.79     0.046
     210.08     0.046
     211.37    -0.097
     212.66    -0.069
     213.95    -0.075
     215.24     0.024
     216.52     0.211
     217.81     0.030
     219.10     0.016
     220.39    -0.060
     221.68     0.130
     222.97     0.041
     224.25    -0.016
     225.54    -0.094
     226.83    -0.028
     228.12     0.045
     229.41    -0.015
     230.69    -0.013
     231.98     0.078
     233.27    -0.050
     234.56    -0.175
     235.85    -0.138
     237.14    -0.070
     238.42     0.027
     239.71    -0.065
     241.00     0.065
     242.29     0.002
     243.58     0.131
     244.87     0.023
     246.15     0.008
     247.44     0.016
     248.73    -0.043
     250.02     0.135
     251.31     0.042
     252.59     0.012
     253.88     0.075
     255.17     0.048
     256.46     0.061
     257.75     0.092
     259.04     0.037
     260.32    -0.102
     261.61    -0.011
     262.90     0.174
     264.19     0.101
     265.48     0.152
     266.77     0.017
     268.05     0.035
     269.34     0.027
     270.63     0.004
     271.92     0.130
     273.21    -0.057
     274.49    -0.035
     275.78     0.028
     277.07    -0.103
     278.36     0.055
     279.65     0.063
     280.94     0.052
     282.22     0.050
     283.51     0.108
     284.80    -0.011
     286.09     0.120
     287.38     0.049
     288.67    -0.005
     289.95     0.025
     291.24     0.041
     292.53    -0.094
     293.82    -0.022
     295.11     0.113
     296.39    -0.138
     297.68     0.053
     298.97     0.052
     300.26     0.155
     301.55     0.030
     302.84    -0.095
     304.12    -0.037
     305.41    -0.004
     306.70     0.030
     307.99     0.021
     309.28    -0.136
     310.57    -0.051
     311.85    -0.094
     313.14    -0.010
     314.43     0.044
     315.72     0.134
     317.01     0.009
     318.29    -0.116
     319.58     0.055
     320.87    -0.143
     322.16     0.026
     323.45     0.091
     324.74    -0.010
     326.02     0.064
     327.31     0.039
     328.60    -0.140
     329.89     0.015
     331.18     0.042
     332.47    -0.074
     333.75    -0.014
     335.04     0.087
     336.33    -0.009
     337.62     0.012
     338.91    -0.087
     340.19    -0.051
     341.48     0.033
     342.77     0.022
     344.06     0.011
     345.35     0.037
     346.64    -0.010
     347.92     0.023
     349.21    -0.007
     350.50     0.005
     351.79     0.011
     353.08    -0.087
     354.37     0.078
     355.65     0.035
     356.94    -0.095
     358.23    -0.062
     359.52    -0.084
     360.81     0.049
     362.09     0.104
     363.38     0.037
     364.67    -0.046
     365.96    -0.148
     367.25    -0.093
     368.54    -0.081
     369.82     0.005
     371.11     0.082
     372.40     0.059
     373.69    -0.014
     374.98     0.027
     376.27     0.029
     377.55    -0.037
     378.84     0.089
     380.13    -0.007
     381.42     0.013
     382.71     0.010
     383.99    -0.064
     385.28    -0.033
     386.57    -0.029
     387.86    -0.013
     389.15     0.032
     390.44    -0.111
     391.72    -0.106
     393.01    -0.068
     394.30     0.031
     395.59     0.008
     396.88     0.060
     398.17    -0.077
     399.45    -0.059
%%GASS      0  datapoints: v_lsr [km/s] and T_B [K]
%%LAB     777  datapoints: v_lsr [km/s] and T_B [K]
    -399.83    -0.041
    -398.80     0.046
    -397.77     0.098
    -396.74     0.047
    -395.71     0.096
    -394.68     0.056
    -393.65     0.106
    -392.62    -0.109
    -391.59    -0.045
    -390.56    -0.093
    -389.53     0.029
    -388.50    -0.121
    -387.47    -0.170
    -386.43     0.023
    -385.40    -0.028
    -384.37    -0.122
    -383.34     0.077
    -382.31    -0.011
    -381.28     0.137
    -380.25     0.108
    -379.22    -0.106
    -378.19    -0.016
    -377.16    -0.050
    -376.13     0.047
    -375.10     0.178
    -374.07     0.074
    -373.04    -0.075
    -372.01    -0.200
    -370.98     0.039
    -369.95    -0.135
    -368.92     0.029
    -367.89     0.082
    -366.86    -0.148
    -365.82     0.135
    -364.79    -0.035
    -363.76     0.015
    -362.73     0.007
    -361.70     0.052
    -360.67    -0.162
    -359.64    -0.024
    -358.61     0.025
    -357.58     0.052
    -356.55     0.067
    -355.52    -0.124
    -354.49     0.149
    -353.46     0.021
    -352.43     0.073
    -351.40     0.104
    -350.37    -0.036
    -349.34    -0.128
    -348.31    -0.011
    -347.28     0.052
    -346.25    -0.110
    -345.21    -0.018
    -344.18     0.026
    -343.15    -0.040
    -342.12    -0.091
    -341.09    -0.012
    -340.06    -0.000
    -339.03     0.072
    -338.00     0.104
    -336.97    -0.062
    -335.94    -0.143
    -334.91     0.052
    -333.88     0.067
    -332.85    -0.064
    -331.82     0.014
    -330.79     0.046
    -329.76     0.124
    -328.73     0.050
    -327.70     0.068
    -326.67    -0.001
    -325.64     0.091
    -324.61    -0.077
    -323.57     0.064
    -322.54    -0.029
    -321.51     0.011
    -320.48    -0.063
    -319.45     0.056
    -318.42    -0.062
    -317.39    -0.040
    -316.36    -0.099
    -315.33    -0.007
    -314.30    -0.119
    -313.27     0.011
    -312.24    -0.007
    -311.21     0.048
    -310.18    -0.124
    -309.15     0.071
    -308.12    -0.023
    -307.09    -0.036
    -306.06    -0.019
    -305.03    -0.034
    -304.00     0.103
    -302.96    -0.040
    -301.93     0.048
    -300.90     0.189
    -299.87    -0.156
    -298.84     0.078
    -297.81    -0.016
    -296.78     0.050
    -295.75    -0.006
    -294.72    -0.048
    -293.69     0.049
    -292.66     0.014
    -291.63     0.042
    -290.60     0.050
    -289.57    -0.045
    -288.54    -0.112
    -287.51    -0.153
    -286.48     0.239
    -285.45     0.024
    -284.42     0.061
    -283.39     0.071
    -282.35    -0.026
    -281.32     0.049
    -280.29    -0.019
    -279.26     0.084
    -278.23     0.007
    -277.20     0.098
    -276.17     0.108
    -275.14    -0.001
    -274.11    -0.030
    -273.08    -0.021
    -272.05    -0.060
    -271.02     0.054
    -269.99     0.209
    -268.96    -0.083
    -267.93     0.024
    -266.90     0.032
    -265.87    -0.064
    -264.84     0.113
    -263.81    -0.026
    -262.78    -0.112
    -261.75     0.130
    -260.71    -0.083
    -259.68     0.018
    -258.65     0.062
    -257.62     0.123
    -256.59    -0.021
    -255.56     0.067
    -254.53    -0.069
    -253.50    -0.074
    -252.47    -0.083
    -251.44     0.142
    -250.41    -0.111
    -249.38     0.026
    -248.35    -0.070
    -247.32    -0.009
    -246.29    -0.071
    -245.26    -0.065
    -244.23    -0.160
    -243.20    -0.021
    -242.17    -0.064
    -241.14    -0.050
    -240.10    -0.153
    -239.07     0.219
    -238.04    -0.038
    -237.01     0.026
    -235.98     0.138
    -234.95     0.078
    -233.92    -0.109
    -232.89    -0.098
    -231.86     0.067
    -230.83    -0.040
    -229.80     0.037
    -228.77     0.008
    -227.74    -0.046
    -226.71     0.119
    -225.68     0.005
    -224.65    -0.072
    -223.62    -0.056
    -222.59     0.184
    -221.56    -0.081
    -220.53     0.052
    -219.49     0.032
    -218.46     0.194
    -217.43     0.090
    -216.40     0.002
    -215.37    -0.099
    -214.34     0.179
    -213.31     0.018
    -212.28    -0.042
    -211.25    -0.117
    -210.22    -0.000
    -209.19     0.065
    -208.16    -0.007
    -207.13     0.039
    -206.10     0.003
    -205.07    -0.066
    -204.04     0.060
    -203.01     0.043
    -201.98     0.161
    -200.95    -0.081
    -199.92    -0.180
    -198.89    -0.021
    -197.85    -0.004
    -196.82     0.026
    -195.79     0.064
    -194.76     0.074
    -193.73     0.005
    -192.70    -0.009
    -191.67     0.078
    -190.64    -0.026
    -189.61     0.078
    -188.58     0.177
    -187.55     0.026
    -186.52     0.055
    -185.49     0.025
    -184.46     0.023
    -183.43     0.100
    -182.40    -0.036
    -181.37     0.091
    -180.34     0.150
    -179.31    -0.057
    -178.28    -0.112
    -177.24     0.055
    -176.21     0.090
    -175.18     0.042
    -174.15     0.113
    -173.12    -0.009
    -172.09     0.002
    -171.06     0.084
    -170.03    -0.048
    -169.00    -0.032
    -167.97     0.052
    -166.94    -0.122
    -165.91    -0.023
    -164.88    -0.072
    -163.85    -0.024
    -162.82     0.074
    -161.79    -0.045
    -160.76     0.149
    -159.73     0.084
    -158.70     0.041
    -157.67    -0.081
    -156.63     0.150
    -155.60     0.021
    -154.57     0.094
    -153.54     0.060
    -152.51    -0.024
    -151.48     0.109
    -150.45     0.073
    -149.42     0.086
    -148.39     0.086
    -147.36     0.065
    -146.33     0.179
    -145.30     0.107
    -144.27     0.182
    -143.24     0.184
    -142.21     0.254
    -141.18     0.238
    -140.15     0.237
    -139.12     0.337
    -138.09     0.575
    -137.06     0.437
    -136.03     0.635
    -134.99     0.668
    -133.96     1.216
    -132.93     1.011
    -131.90     1.331
    -130.87     1.426
    -129.84     1.898
    -128.81     2.046
    -127.78     2.988
    -126.75     3.352
    -125.72     3.934
    -124.69     4.697
    -123.66     5.152
    -122.63     5.311
    -121.60     5.314
    -120.57     5.081
    -119.54     4.745
    -118.51     4.177
    -117.48     3.779
    -116.45     3.478
    -115.42     3.718
    -114.38     3.656
    -113.35     3.483
    -112.32     3.680
    -111.29     3.647
    -110.26     3.918
    -109.23     4.009
    -108.20     4.139
    -107.17     4.519
    -106.14     5.115
    -105.11     6.287
    -104.08     7.914
    -103.05    11.108
    -102.02    15.899
    -100.99    23.291
     -99.96    32.014
     -98.93    40.031
     -97.90    47.221
     -96.87    54.508
     -95.84    61.510
     -94.81    66.537
     -93.77    68.306
     -92.74    67.471
     -91.71    65.274
     -90.68    61.795
     -89.65    56.425
     -88.62    50.870
     -87.59    45.699
     -86.56    41.035
     -85.53    37.471
     -84.50    34.302
     -83.47    32.103
     -82.44    30.645
     -81.41    30.096
     -80.38    31.263
     -79.35    33.509
     -78.32    36.823
     -77.29    40.985
     -76.26    46.484
     -75.23    52.439
     -74.20    59.454
     -73.16    65.824
     -72.13    71.276
     -71.10    75.155
     -70.07    78.138
     -69.04    78.615
     -68.01    78.447
     -66.98    77.275
     -65.95    75.716
     -64.92    73.527
     -63.89    71.702
     -62.86    68.884
     -61.83    64.508
     -60.80    58.991
     -59.77    51.819
     -58.74    45.517
     -57.71    40.080
     -56.68    35.730
     -55.65    33.137
     -54.62    31.114
     -53.59    29.518
     -52.56    28.459
     -51.52    27.632
     -50.49    26.542
     -49.46    25.217
     -48.43    24.080
     -47.40    23.406
     -46.37    23.076
     -45.34    22.856
     -44.31    21.749
     -43.28    21.065
     -42.25    20.710
     -41.22    20.855
     -40.19    21.218
     -39.16    22.245
     -38.13    23.193
     -37.10    23.262
     -36.07    23.062
     -35.04    22.879
     -34.01    22.627
     -32.98    22.508
     -31.95    22.369
     -30.91    22.352
     -29.88    21.682
     -28.85    21.266
     -27.82    20.814
     -26.79    21.148
     -25.76    21.566
     -24.73    22.346
     -23.70    22.831
     -22.67    23.563
     -21.64    25.010
     -20.61    28.279
     -19.58    33.375
     -18.55    40.390
     -17.52    47.580
     -16.49    52.750
     -15.46    54.403
     -14.43    53.756
     -13.40    53.736
     -12.37    55.460
     -11.34    57.736
     -10.30    60.110
      -9.27    62.755
      -8.24    66.102
      -7.21    68.694
      -6.18    70.230
      -5.15    70.414
      -4.12    67.810
      -3.09    63.202
      -2.06    60.252
      -1.03    61.063
       0.00    65.136
       1.03    66.674
       2.06    63.384
       3.09    56.008
       4.12    47.817
       5.15    41.165
       6.18    36.133
       7.21    31.984
       8.24    27.661
       9.27    21.576
      10.30    15.143
      11.34    10.914
      12.37     7.966
      13.40     5.989
      14.43     4.739
      15.46     3.679
      16.49     2.983
      17.52     2.282
      18.55     1.797
      19.58     1.155
      20.61     1.094
      21.64     0.927
      22.67     0.761
      23.70     0.491
      24.73     0.390
      25.76     0.321
      26.79     0.141
      27.82     0.098
      28.85     0.351
      29.88     0.145
      30.91     0.151
      31.95     0.151
      32.98     0.138
      34.01    -0.047
      35.04     0.017
      36.07    -0.012
      37.10     0.065
      38.13    -0.154
      39.16     0.160
      40.19     0.015
      41.22     0.224
      42.25     0.092
      43.28    -0.121
      44.31     0.011
      45.34    -0.076
      46.37     0.017
      47.40     0.055
      48.43     0.092
      49.46     0.168
      50.49     0.111
      51.52    -0.139
      52.56    -0.063
      53.59     0.090
      54.62     0.070
      55.65     0.018
      56.68    -0.103
      57.71     0.031
      58.74    -0.047
      59.77     0.077
      60.80    -0.041
      61.83     0.077
      62.86     0.172
      63.89     0.015
      64.92     0.043
      65.95     0.130
      66.98     0.067
      68.01     0.078
      69.04    -0.050
      70.07     0.208
      71.10     0.123
      72.13    -0.040
      73.16     0.066
      74.20    -0.063
      75.23     0.194
      76.26     0.138
      77.29    -0.022
      78.32     0.009
      79.35     0.083
      80.38     0.009
      81.41     0.013
      82.44    -0.056
      83.47     0.020
      84.50    -0.078
      85.53     0.052
      86.56    -0.088
      87.59    -0.022
      88.62     0.137
      89.65     0.037
      90.68     0.094
      91.71     0.167
      92.74     0.120
      93.77     0.064
      94.81    -0.023
      95.84    -0.065
      96.87    -0.048
      97.90    -0.036
      98.93     0.111
      99.96    -0.009
     100.99     0.117
     102.02    -0.019
     103.05    -0.122
     104.08    -0.093
     105.11    -0.013
     106.14    -0.024
     107.17     0.113
     108.20     0.053
     109.23     0.060
     110.26    -0.065
     111.29     0.017
     112.32     0.061
     113.35     0.084
     114.38    -0.052
     115.42     0.072
     116.45    -0.000
     117.48     0.033
     118.51    -0.074
     119.54     0.021
     120.57    -0.050
     121.60    -0.066
     122.63     0.002
     123.66    -0.119
     124.69     0.123
     125.72     0.132
     126.75     0.059
     127.78    -0.048
     128.81    -0.077
     129.84    -0.125
     130.87     0.003
     131.90     0.038
     132.93     0.143
     133.96     0.112
     134.99    -0.097
     136.03    -0.065
     137.06    -0.058
     138.09     0.073
     139.12    -0.017
     140.15    -0.017
     141.18    -0.099
     142.21    -0.074
     143.24     0.096
     144.27     0.011
     145.30    -0.068
     146.33     0.071
     147.36    -0.150
     148.39    -0.094
     149.42    -0.142
     150.45     0.019
     151.48     0.098
     152.51    -0.036
     153.54     0.086
     154.57     0.001
     155.60     0.041
     156.63    -0.022
     157.67     0.113
     158.70    -0.009
     159.73    -0.097
     160.76     0.024
     161.79     0.021
     162.82     0.056
     163.85    -0.000
     164.88     0.150
     165.91    -0.047
     166.94     0.053
     167.97     0.015
     169.00     0.020
     170.03    -0.193
     171.06    -0.024
     172.09     0.162
     173.12    -0.045
     174.15     0.007
     175.18    -0.006
     176.21     0.064
     177.24     0.074
     178.28     0.021
     179.31     0.182
     180.34     0.084
     181.37    -0.012
     182.40     0.002
     183.43     0.023
     184.46     0.002
     185.49     0.083
     186.52    -0.056
     187.55    -0.057
     188.58     0.102
     189.61     0.008
     190.64     0.027
     191.67    -0.101
     192.70    -0.029
     193.73     0.048
     194.76    -0.032
     195.79     0.080
     196.82    -0.022
     197.85    -0.075
     198.89    -0.148
     199.92    -0.036
     200.95    -0.241
     201.98     0.008
     203.01    -0.148
     204.04    -0.088
     205.07    -0.010
     206.10     0.023
     207.13    -0.066
     208.16     0.013
     209.19    -0.184
     210.22     0.014
     211.25    -0.000
     212.28    -0.047
     213.31     0.009
     214.34     0.021
     215.37    -0.010
     216.40     0.188
     217.43    -0.091
     218.46    -0.082
     219.49     0.023
     220.53     0.109
     221.56    -0.046
     222.59    -0.095
     223.62    -0.006
     224.65     0.026
     225.68    -0.077
     226.71     0.090
     227.74     0.084
     228.77     0.148
     229.80     0.129
     230.83    -0.057
     231.86     0.007
     232.89     0.135
     233.92     0.119
     234.95    -0.044
     235.98    -0.087
     237.01     0.162
     238.04     0.073
     239.07     0.111
     240.10     0.130
     241.14    -0.064
     242.17     0.159
     243.20    -0.033
     244.23     0.032
     245.26    -0.048
     246.29    -0.118
     247.32    -0.015
     248.35    -0.129
     249.38     0.077
     250.41     0.036
     251.44    -0.116
     252.47    -0.012
     253.50     0.026
     254.53    -0.159
     255.56     0.019
     256.59     0.076
     257.62     0.112
     258.65    -0.141
     259.68     0.026
     260.71     0.052
     261.75     0.167
     262.78     0.035
     263.81    -0.115
     264.84    -0.088
     265.87     0.090
     266.90     0.009
     267.93    -0.032
     268.96    -0.033
     269.99     0.046
     271.02     0.097
     272.05     0.046
     273.08    -0.021
     274.11    -0.000
     275.14     0.018
     276.17    -0.131
     277.20    -0.278
     278.23     0.020
     279.26    -0.016
     280.29    -0.035
     281.32    -0.060
     282.35     0.052
     283.39     0.095
     284.42    -0.046
     285.45    -0.076
     286.48     0.042
     287.51     0.055
     288.54     0.005
     289.57    -0.128
     290.60     0.014
     291.63     0.038
     292.66    -0.027
     293.69    -0.033
     294.72     0.074
     295.75    -0.040
     296.78     0.189
     297.81     0.107
     298.84    -0.046
     299.87     0.012
     300.90    -0.092
     301.93    -0.022
     302.96    -0.007
     304.00    -0.091
     305.03     0.126
     306.06     0.112
     307.09    -0.036
     308.12    -0.042
     309.15     0.036
     310.18    -0.017
     311.21     0.061
     312.24    -0.016
     313.27     0.014
     314.30    -0.027
     315.33    -0.012
     316.36     0.019
     317.39     0.011
     318.42    -0.129
     319.45    -0.006
     320.48    -0.018
     321.51     0.084
     322.54    -0.066
     323.57     0.046
     324.61    -0.064
     325.64    -0.110
     326.67     0.064
     327.70    -0.006
     328.73     0.107
     329.76    -0.012
     330.79     0.044
     331.82    -0.062
     332.85    -0.015
     333.88    -0.097
     334.91     0.020
     335.94     0.106
     336.97     0.036
     338.00     0.035
     339.03    -0.141
     340.06     0.091
     341.09     0.021
     342.12     0.086
     343.15    -0.045
     344.18     0.145
     345.22    -0.048
     346.25     0.113
     347.28    -0.178
     348.31    -0.023
     349.34     0.011
     350.37    -0.047
     351.40     0.168
     352.43    -0.004
     353.46    -0.026
     354.49    -0.040
     355.52    -0.150
     356.55    -0.026
     357.58     0.096
     358.61    -0.009
     359.64    -0.033
     360.67     0.015
     361.70    -0.051
     362.73    -0.136
     363.76     0.053
     364.79     0.055
     365.82    -0.147
     366.86     0.073
     367.89     0.071
     368.92     0.124
     369.95     0.033
     370.98    -0.163
     372.01     0.058
     373.04    -0.088
     374.07    -0.011
     375.10     0.127
     376.13    -0.109
     377.16     0.060
     378.19    -0.085
     379.22     0.066
     380.25     0.153
     381.28    -0.119
     382.31     0.031
     383.34    -0.140
     384.37    -0.004
     385.40    -0.113
     386.43     0.013
     387.47    -0.125
     388.50     0.117
     389.53     0.012
     390.56    -0.078
     391.59     0.162
     392.62     0.011
     393.65     0.036
     394.68    -0.001
     395.71     0.015
     396.74    -0.029
     397.77     0.026
     398.80     0.043
     399.83    -0.113
