%%   92.50000 -17.50000    0   0.20000
% LAB  survey ------------------
% wanted position:  l, b, RA, DEC, and interpolated  NH
% 92.50 ; -17.50 ; 335.93 ;  36.49 ;  0.979E+21
% nearest position: l, b, RA, DEC, and observed NH
% 92.50 ; -17.50 ; 335.93 ;  36.49 ;  0.979E+21
% GASS III survey --------------
% NH - median within 6 arcmin radius   0.00    
% NH - mean within specified beam      0.00    
% EBHIS survey -----------------
% NH  within specified beam           0.912E+21
%%EBHIS   621  datapoints: v_lsr [km/s] and T_B [K]
    -399.25     0.074
    -397.96    -0.064
    -396.68    -0.032
    -395.39     0.037
    -394.10    -0.070
    -392.81     0.015
    -391.52     0.075
    -390.23     0.021
    -388.95     0.044
    -387.66     0.001
    -386.37     0.091
    -385.08     0.019
    -383.79    -0.083
    -382.50     0.045
    -381.22     0.014
    -379.93    -0.089
    -378.64    -0.008
    -377.35     0.038
    -376.06    -0.046
    -374.78     0.042
    -373.49     0.026
    -372.20     0.072
    -370.91    -0.003
    -369.62    -0.032
    -368.33    -0.004
    -367.05     0.088
    -365.76    -0.004
    -364.47    -0.028
    -363.18    -0.114
    -361.89     0.003
    -360.60     0.007
    -359.32    -0.071
    -358.03     0.087
    -356.74     0.030
    -355.45    -0.030
    -354.16     0.044
    -352.88     0.093
    -351.59     0.042
    -350.30    -0.045
    -349.01    -0.005
    -347.72     0.016
    -346.43    -0.039
    -345.15    -0.098
    -343.86    -0.019
    -342.57     0.013
    -341.28    -0.077
    -339.99    -0.029
    -338.70     0.013
    -337.42    -0.072
    -336.13     0.003
    -334.84     0.052
    -333.55     0.054
    -332.26    -0.024
    -330.98    -0.027
    -329.69    -0.009
    -328.40     0.011
    -327.11    -0.011
    -325.82     0.002
    -324.53     0.057
    -323.25     0.070
    -321.96     0.063
    -320.67    -0.058
    -319.38    -0.003
    -318.09    -0.019
    -316.80    -0.122
    -315.52    -0.063
    -314.23    -0.087
    -312.94    -0.049
    -311.65     0.065
    -310.36    -0.024
    -309.08    -0.099
    -307.79     0.013
    -306.50    -0.042
    -305.21    -0.023
    -303.92     0.003
    -302.63     0.013
    -301.35    -0.004
    -300.06     0.091
    -298.77     0.002
    -297.48     0.031
    -296.19    -0.049
    -294.90     0.059
    -293.62     0.029
    -292.33     0.054
    -291.04    -0.076
    -289.75     0.014
    -288.46    -0.051
    -287.18     0.045
    -285.89     0.074
    -284.60     0.050
    -283.31    -0.014
    -282.02     0.069
    -280.73    -0.054
    -279.45    -0.057
    -278.16    -0.041
    -276.87    -0.018
    -275.58    -0.010
    -274.29     0.016
    -273.00     0.063
    -271.72     0.136
    -270.43     0.100
    -269.14     0.082
    -267.85    -0.001
    -266.56     0.007
    -265.28    -0.065
    -263.99    -0.053
    -262.70    -0.009
    -261.41    -0.021
    -260.12     0.082
    -258.83     0.070
    -257.55    -0.016
    -256.26    -0.076
    -254.97    -0.059
    -253.68    -0.020
    -252.39    -0.078
    -251.10    -0.063
    -249.82    -0.106
    -248.53     0.015
    -247.24    -0.015
    -245.95     0.043
    -244.66     0.057
    -243.38    -0.019
    -242.09     0.051
    -240.80     0.007
    -239.51    -0.010
    -238.22     0.021
    -236.93    -0.018
    -235.65    -0.010
    -234.36    -0.113
    -233.07     0.050
    -231.78     0.021
    -230.49    -0.001
    -229.20     0.035
    -227.92     0.067
    -226.63    -0.061
    -225.34    -0.079
    -224.05     0.019
    -222.76     0.007
    -221.48     0.007
    -220.19     0.006
    -218.90     0.107
    -217.61    -0.009
    -216.32     0.049
    -215.03    -0.078
    -213.75     0.004
    -212.46     0.018
    -211.17    -0.000
    -209.88    -0.004
    -208.59    -0.025
    -207.30     0.090
    -206.02    -0.072
    -204.73    -0.024
    -203.44     0.052
    -202.15     0.035
    -200.86     0.027
    -199.58     0.051
    -198.29     0.078
    -197.00     0.047
    -195.71     0.046
    -194.42     0.107
    -193.13     0.111
    -191.85    -0.057
    -190.56    -0.057
    -189.27     0.061
    -187.98     0.058
    -186.69     0.011
    -185.40    -0.004
    -184.12     0.055
    -182.83     0.017
    -181.54     0.028
    -180.25    -0.049
    -178.96    -0.025
    -177.68     0.027
    -176.39    -0.015
    -175.10    -0.140
    -173.81    -0.005
    -172.52     0.136
    -171.23     0.007
    -169.95    -0.051
    -168.66    -0.054
    -167.37    -0.019
    -166.08     0.037
    -164.79     0.026
    -163.50    -0.065
    -162.22    -0.038
    -160.93    -0.008
    -159.64    -0.066
    -158.35    -0.095
    -157.06    -0.013
    -155.78     0.026
    -154.49    -0.051
    -153.20    -0.026
    -151.91     0.062
    -150.62     0.075
    -149.33     0.023
    -148.05    -0.090
    -146.76    -0.018
    -145.47    -0.013
    -144.18     0.073
    -142.89     0.019
    -141.60    -0.023
    -140.32     0.015
    -139.03     0.054
    -137.74    -0.048
    -136.45    -0.062
    -135.16    -0.068
    -133.88     0.058
    -132.59     0.109
    -131.30     0.064
    -130.01    -0.028
    -128.72     0.029
    -127.43     0.092
    -126.15     0.108
    -124.86    -0.001
    -123.57     0.060
    -122.28     0.105
    -120.99     0.171
    -119.70     0.207
    -118.42     0.230
    -117.13     0.229
    -115.84     0.338
    -114.55     0.241
    -113.26     0.425
    -111.98     0.451
    -110.69     0.445
    -109.40     0.407
    -108.11     0.370
    -106.82     0.369
    -105.53     0.466
    -104.25     0.323
    -102.96     0.307
    -101.67     0.310
    -100.38     0.257
     -99.09     0.289
     -97.80     0.321
     -96.52     0.263
     -95.23     0.214
     -93.94     0.201
     -92.65     0.231
     -91.36     0.189
     -90.08     0.228
     -88.79     0.172
     -87.50     0.155
     -86.21     0.251
     -84.92     0.317
     -83.63     0.319
     -82.35     0.390
     -81.06     0.375
     -79.77     0.432
     -78.48     0.348
     -77.19     0.479
     -75.90     0.558
     -74.62     0.476
     -73.33     0.576
     -72.04     0.503
     -70.75     0.638
     -69.46     0.721
     -68.18     0.629
     -66.89     0.671
     -65.60     0.711
     -64.31     0.626
     -63.02     0.622
     -61.73     0.718
     -60.45     0.597
     -59.16     0.629
     -57.87     0.594
     -56.58     0.523
     -55.29     0.515
     -54.00     0.557
     -52.72     0.590
     -51.43     0.483
     -50.14     0.464
     -48.85     0.461
     -47.56     0.564
     -46.28     0.447
     -44.99     0.506
     -43.70     0.618
     -42.41     0.698
     -41.12     0.674
     -39.83     0.923
     -38.55     1.082
     -37.26     1.182
     -35.97     1.440
     -34.68     1.652
     -33.39     2.068
     -32.10     2.612
     -30.82     3.190
     -29.53     3.518
     -28.24     3.819
     -26.95     4.141
     -25.66     4.204
     -24.38     4.293
     -23.09     4.252
     -21.80     4.343
     -20.51     4.377
     -19.22     4.297
     -17.93     4.285
     -16.65     4.425
     -15.36     4.433
     -14.07     4.667
     -12.78     4.948
     -11.49     5.436
     -10.20     6.113
      -8.92     6.671
      -7.63     7.551
      -6.34     8.854
      -5.05    10.821
      -3.76    14.625
      -2.48    19.968
      -1.19    24.294
       0.10    26.486
       1.39    29.157
       2.68    31.618
       3.97    28.431
       5.25    19.156
       6.54    12.039
       7.83     8.410
       9.12     6.179
      10.41     4.628
      11.70     3.470
      12.98     2.771
      14.27     1.994
      15.56     1.518
      16.85     1.215
      18.14     1.034
      19.42     0.742
      20.71     0.697
      22.00     0.496
      23.29     0.352
      24.58     0.273
      25.87     0.220
      27.15     0.064
      28.44     0.235
      29.73     0.220
      31.02     0.180
      32.31     0.077
      33.60     0.090
      34.88    -0.060
      36.17     0.045
      37.46     0.013
      38.75     0.112
      40.04     0.078
      41.32     0.036
      42.61    -0.100
      43.90    -0.110
      45.19    -0.003
      46.48     0.011
      47.77    -0.042
      49.05     0.020
      50.34     0.005
      51.63     0.102
      52.92     0.100
      54.21     0.021
      55.50     0.003
      56.78    -0.045
      58.07     0.051
      59.36     0.023
      60.65     0.025
      61.94     0.031
      63.22    -0.000
      64.51    -0.035
      65.80    -0.027
      67.09     0.014
      68.38    -0.034
      69.67    -0.150
      70.95    -0.023
      72.24     0.033
      73.53     0.027
      74.82     0.102
      76.11    -0.017
      77.40    -0.134
      78.68    -0.039
      79.97    -0.045
      81.26     0.031
      82.55    -0.030
      83.84     0.060
      85.12     0.055
      86.41     0.037
      87.70    -0.023
      88.99    -0.059
      90.28    -0.041
      91.57    -0.036
      92.85     0.029
      94.14    -0.025
      95.43     0.002
      96.72     0.080
      98.01     0.024
      99.30    -0.004
     100.58     0.022
     101.87     0.001
     103.16     0.031
     104.45     0.023
     105.74    -0.057
     107.02     0.062
     108.31     0.067
     109.60    -0.000
     110.89    -0.016
     112.18    -0.027
     113.47    -0.064
     114.75     0.055
     116.04     0.004
     117.33     0.033
     118.62    -0.028
     119.91     0.059
     121.20     0.014
     122.48    -0.024
     123.77     0.010
     125.06     0.144
     126.35     0.127
     127.64    -0.012
     128.92    -0.124
     130.21     0.010
     131.50     0.035
     132.79    -0.057
     134.08    -0.017
     135.37     0.004
     136.65     0.026
     137.94     0.011
     139.23     0.076
     140.52     0.018
     141.81    -0.020
     143.09    -0.057
     144.38     0.058
     145.67     0.024
     146.96    -0.042
     148.25    -0.035
     149.54     0.083
     150.82     0.054
     152.11     0.011
     153.40     0.029
     154.69     0.026
     155.98     0.072
     157.27     0.043
     158.55    -0.017
     159.84    -0.088
     161.13    -0.055
     162.42    -0.017
     163.71     0.017
     164.99     0.057
     166.28    -0.001
     167.57     0.041
     168.86    -0.030
     170.15     0.017
     171.44     0.007
     172.72     0.038
     174.01    -0.035
     175.30    -0.041
     176.59    -0.035
     177.88     0.036
     179.17    -0.019
     180.45     0.114
     181.74    -0.003
     183.03     0.039
     184.32    -0.115
     185.61    -0.057
     186.89    -0.017
     188.18    -0.066
     189.47    -0.008
     190.76     0.034
     192.05     0.062
     193.34     0.063
     194.62    -0.026
     195.91    -0.063
     197.20    -0.100
     198.49    -0.059
     199.78    -0.088
     201.07    -0.093
     202.35     0.016
     203.64     0.074
     204.93     0.074
     206.22     0.057
     207.51    -0.100
     208.79     0.027
     210.08     0.002
     211.37    -0.019
     212.66    -0.081
     213.95    -0.037
     215.24     0.085
     216.52     0.046
     217.81     0.027
     219.10    -0.024
     220.39     0.007
     221.68     0.042
     222.97    -0.067
     224.25    -0.039
     225.54    -0.034
     226.83    -0.060
     228.12     0.012
     229.41     0.008
     230.69     0.062
     231.98     0.019
     233.27     0.073
     234.56    -0.043
     235.85     0.072
     237.14     0.022
     238.42     0.023
     239.71    -0.021
     241.00     0.056
     242.29    -0.012
     243.58     0.059
     244.87     0.021
     246.15    -0.038
     247.44    -0.006
     248.73    -0.039
     250.02    -0.104
     251.31    -0.011
     252.59    -0.006
     253.88    -0.024
     255.17     0.014
     256.46    -0.033
     257.75    -0.014
     259.04    -0.081
     260.32     0.051
     261.61     0.035
     262.90    -0.005
     264.19    -0.030
     265.48    -0.026
     266.77     0.056
     268.05     0.034
     269.34     0.008
     270.63     0.035
     271.92    -0.054
     273.21    -0.063
     274.49     0.011
     275.78    -0.017
     277.07     0.108
     278.36     0.009
     279.65    -0.018
     280.94    -0.018
     282.22     0.081
     283.51     0.050
     284.80     0.047
     286.09     0.016
     287.38     0.024
     288.67    -0.012
     289.95     0.042
     291.24    -0.004
     292.53     0.050
     293.82    -0.013
     295.11     0.007
     296.39     0.044
     297.68     0.050
     298.97     0.001
     300.26    -0.014
     301.55    -0.094
     302.84     0.020
     304.12     0.062
     305.41    -0.064
     306.70    -0.045
     307.99     0.018
     309.28    -0.066
     310.57    -0.025
     311.85     0.060
     313.14    -0.035
     314.43     0.013
     315.72     0.059
     317.01     0.027
     318.29    -0.032
     319.58     0.002
     320.87    -0.036
     322.16    -0.008
     323.45     0.010
     324.74    -0.043
     326.02     0.062
     327.31     0.051
     328.60    -0.070
     329.89     0.007
     331.18    -0.095
     332.47     0.043
     333.75    -0.014
     335.04    -0.142
     336.33    -0.028
     337.62     0.010
     338.91    -0.088
     340.19     0.018
     341.48    -0.049
     342.77     0.024
     344.06    -0.032
     345.35     0.109
     346.64    -0.070
     347.92    -0.031
     349.21     0.017
     350.50     0.025
     351.79     0.037
     353.08    -0.063
     354.37    -0.011
     355.65    -0.093
     356.94     0.064
     358.23     0.018
     359.52     0.006
     360.81     0.036
     362.09     0.025
     363.38    -0.081
     364.67    -0.037
     365.96     0.001
     367.25     0.024
     368.54    -0.128
     369.82    -0.106
     371.11     0.103
     372.40     0.043
     373.69     0.003
     374.98     0.024
     376.27    -0.052
     377.55    -0.009
     378.84    -0.001
     380.13     0.076
     381.42    -0.030
     382.71     0.008
     383.99    -0.063
     385.28     0.011
     386.57    -0.136
     387.86     0.034
     389.15    -0.010
     390.44     0.081
     391.72     0.063
     393.01    -0.001
     394.30    -0.012
     395.59    -0.032
     396.88     0.080
     398.17     0.073
     399.45     0.002
%%GASS      0  datapoints: v_lsr [km/s] and T_B [K]
%%LAB     777  datapoints: v_lsr [km/s] and T_B [K]
    -399.87     0.001
    -398.84    -0.082
    -397.81    -0.021
    -396.78     0.082
    -395.75    -0.138
    -394.72    -0.050
    -393.69     0.033
    -392.66    -0.148
    -391.63    -0.040
    -390.60    -0.004
    -389.57    -0.071
    -388.54    -0.034
    -387.51     0.108
    -386.48     0.009
    -385.45     0.030
    -384.42     0.052
    -383.38     0.121
    -382.35     0.004
    -381.32     0.103
    -380.29     0.023
    -379.26     0.014
    -378.23    -0.109
    -377.20     0.046
    -376.17    -0.008
    -375.14    -0.033
    -374.11    -0.024
    -373.08    -0.142
    -372.05    -0.047
    -371.02    -0.020
    -369.99     0.102
    -368.96     0.070
    -367.93     0.013
    -366.90     0.049
    -365.86    -0.029
    -364.83     0.092
    -363.80    -0.075
    -362.77     0.136
    -361.74     0.004
    -360.71     0.119
    -359.68     0.018
    -358.65     0.005
    -357.62     0.091
    -356.59     0.067
    -355.56    -0.095
    -354.53     0.062
    -353.50    -0.055
    -352.47    -0.042
    -351.44    -0.029
    -350.41     0.016
    -349.38    -0.066
    -348.34     0.049
    -347.31    -0.117
    -346.28     0.136
    -345.25    -0.076
    -344.22    -0.018
    -343.19    -0.014
    -342.16    -0.107
    -341.13    -0.121
    -340.10     0.097
    -339.07    -0.029
    -338.04     0.176
    -337.01     0.057
    -335.98     0.113
    -334.95     0.082
    -333.92     0.068
    -332.89    -0.075
    -331.85     0.082
    -330.82     0.046
    -329.79     0.143
    -328.76     0.093
    -327.73    -0.043
    -326.70     0.001
    -325.67     0.002
    -324.64     0.078
    -323.61     0.037
    -322.58    -0.222
    -321.55     0.003
    -320.52     0.027
    -319.49     0.025
    -318.46     0.019
    -317.43     0.029
    -316.40    -0.084
    -315.37    -0.033
    -314.33    -0.098
    -313.30     0.042
    -312.27     0.127
    -311.24    -0.002
    -310.21     0.021
    -309.18     0.011
    -308.15    -0.019
    -307.12    -0.066
    -306.09     0.082
    -305.06    -0.045
    -304.03     0.003
    -303.00    -0.115
    -301.97     0.014
    -300.94     0.064
    -299.91     0.095
    -298.88    -0.008
    -297.84    -0.065
    -296.81     0.036
    -295.78    -0.092
    -294.75     0.012
    -293.72    -0.057
    -292.69    -0.005
    -291.66    -0.041
    -290.63     0.101
    -289.60    -0.029
    -288.57     0.058
    -287.54     0.028
    -286.51    -0.079
    -285.48    -0.009
    -284.45    -0.112
    -283.42     0.140
    -282.39    -0.085
    -281.36     0.022
    -280.32    -0.032
    -279.29     0.105
    -278.26     0.128
    -277.23    -0.044
    -276.20    -0.012
    -275.17    -0.017
    -274.14    -0.038
    -273.11     0.007
    -272.08    -0.188
    -271.05    -0.035
    -270.02     0.006
    -268.99     0.028
    -267.96     0.043
    -266.93    -0.005
    -265.90     0.012
    -264.87    -0.103
    -263.83    -0.051
    -262.80    -0.127
    -261.77    -0.028
    -260.74    -0.038
    -259.71     0.054
    -258.68    -0.021
    -257.65     0.028
    -256.62    -0.062
    -255.59    -0.084
    -254.56     0.029
    -253.53    -0.024
    -252.50     0.018
    -251.47     0.082
    -250.44     0.113
    -249.41    -0.077
    -248.38     0.041
    -247.35     0.124
    -246.31     0.018
    -245.28     0.040
    -244.25    -0.008
    -243.22     0.087
    -242.19     0.122
    -241.16     0.083
    -240.13    -0.136
    -239.10     0.101
    -238.07    -0.036
    -237.04     0.076
    -236.01     0.028
    -234.98     0.061
    -233.95    -0.081
    -232.92     0.142
    -231.89     0.016
    -230.86     0.033
    -229.82    -0.072
    -228.79     0.002
    -227.76    -0.018
    -226.73    -0.136
    -225.70     0.133
    -224.67     0.080
    -223.64    -0.023
    -222.61     0.012
    -221.58     0.005
    -220.55     0.027
    -219.52    -0.052
    -218.49     0.120
    -217.46     0.063
    -216.43    -0.103
    -215.40    -0.012
    -214.37    -0.061
    -213.34     0.007
    -212.30     0.011
    -211.27    -0.103
    -210.24    -0.024
    -209.21    -0.030
    -208.18     0.020
    -207.15     0.085
    -206.12    -0.076
    -205.09    -0.087
    -204.06     0.043
    -203.03     0.045
    -202.00    -0.081
    -200.97    -0.127
    -199.94     0.109
    -198.91    -0.050
    -197.88     0.012
    -196.85     0.124
    -195.81     0.037
    -194.78    -0.012
    -193.75    -0.026
    -192.72     0.017
    -191.69     0.154
    -190.66    -0.045
    -189.63    -0.016
    -188.60     0.140
    -187.57    -0.029
    -186.54    -0.159
    -185.51    -0.017
    -184.48    -0.022
    -183.45     0.184
    -182.42    -0.011
    -181.39    -0.136
    -180.36    -0.090
    -179.33     0.087
    -178.29    -0.070
    -177.26     0.088
    -176.23    -0.026
    -175.20    -0.068
    -174.17    -0.036
    -173.14     0.051
    -172.11    -0.142
    -171.08    -0.056
    -170.05    -0.017
    -169.02     0.192
    -167.99    -0.060
    -166.96     0.151
    -165.93    -0.023
    -164.90    -0.016
    -163.87    -0.088
    -162.84    -0.002
    -161.80    -0.081
    -160.77    -0.073
    -159.74     0.164
    -158.71     0.083
    -157.68    -0.002
    -156.65     0.118
    -155.62     0.002
    -154.59    -0.027
    -153.56    -0.073
    -152.53     0.070
    -151.50     0.038
    -150.47    -0.036
    -149.44    -0.058
    -148.41     0.112
    -147.38    -0.198
    -146.35    -0.083
    -145.32     0.231
    -144.28     0.020
    -143.25     0.030
    -142.22     0.133
    -141.19     0.049
    -140.16     0.027
    -139.13     0.072
    -138.10     0.101
    -137.07    -0.021
    -136.04     0.100
    -135.01     0.014
    -133.98    -0.041
    -132.95     0.065
    -131.92     0.156
    -130.89     0.008
    -129.86     0.040
    -128.83    -0.006
    -127.79     0.043
    -126.76     0.079
    -125.73     0.088
    -124.70     0.100
    -123.67     0.199
    -122.64     0.036
    -121.61     0.219
    -120.58     0.113
    -119.55     0.231
    -118.52     0.203
    -117.49     0.066
    -116.46     0.102
    -115.43     0.189
    -114.40     0.273
    -113.37     0.372
    -112.34     0.269
    -111.31     0.319
    -110.27     0.295
    -109.24     0.442
    -108.21     0.294
    -107.18     0.433
    -106.15     0.440
    -105.12     0.364
    -104.09     0.177
    -103.06     0.149
    -102.03     0.442
    -101.00     0.382
     -99.97     0.314
     -98.94     0.419
     -97.91     0.247
     -96.88     0.450
     -95.85     0.215
     -94.82     0.511
     -93.79     0.459
     -92.75     0.430
     -91.72     0.337
     -90.69     0.461
     -89.66     0.360
     -88.63     0.474
     -87.60     0.473
     -86.57     0.498
     -85.54     0.415
     -84.51     0.422
     -83.48     0.526
     -82.45     0.671
     -81.42     0.360
     -80.39     0.577
     -79.36     0.622
     -78.33     0.561
     -77.30     0.488
     -76.26     0.544
     -75.23     0.521
     -74.20     0.560
     -73.17     0.600
     -72.14     0.785
     -71.11     0.591
     -70.08     0.469
     -69.05     0.585
     -68.02     0.639
     -66.99     0.691
     -65.96     0.818
     -64.93     0.793
     -63.90     0.720
     -62.87     0.762
     -61.84     0.613
     -60.81     0.599
     -59.78     0.558
     -58.74     0.767
     -57.71     0.623
     -56.68     0.781
     -55.65     0.745
     -54.62     0.679
     -53.59     0.685
     -52.56     0.613
     -51.53     0.464
     -50.50     0.656
     -49.47     0.709
     -48.44     0.663
     -47.41     0.701
     -46.38     0.661
     -45.35     0.878
     -44.32     0.847
     -43.29     0.734
     -42.25     0.919
     -41.22     0.800
     -40.19     1.104
     -39.16     1.285
     -38.13     1.315
     -37.10     1.489
     -36.07     1.619
     -35.04     2.055
     -34.01     2.402
     -32.98     2.664
     -31.95     3.225
     -30.92     3.739
     -29.89     4.024
     -28.86     4.280
     -27.83     4.415
     -26.80     4.630
     -25.77     4.837
     -24.73     4.957
     -23.70     4.798
     -22.67     4.667
     -21.64     4.631
     -20.61     4.563
     -19.58     4.342
     -18.55     4.483
     -17.52     4.646
     -16.49     4.580
     -15.46     4.825
     -14.43     4.875
     -13.40     5.087
     -12.37     5.352
     -11.34     5.906
     -10.31     6.695
      -9.28     7.372
      -8.24     7.960
      -7.21     8.969
      -6.18    10.349
      -5.15    12.073
      -4.12    14.694
      -3.09    18.955
      -2.06    23.679
      -1.03    26.918
       0.00    28.283
       1.03    29.493
       2.06    30.828
       3.09    30.150
       4.12    26.595
       5.15    19.893
       6.18    13.569
       7.21     9.976
       8.24     7.775
       9.28     5.943
      10.31     4.769
      11.34     3.769
      12.37     2.966
      13.40     2.370
      14.43     1.835
      15.46     1.533
      16.49     1.315
      17.52     0.976
      18.55     0.780
      19.58     0.866
      20.61     0.503
      21.64     0.412
      22.67     0.470
      23.70     0.386
      24.73     0.435
      25.77     0.286
      26.80     0.369
      27.83     0.135
      28.86     0.225
      29.89     0.097
      30.92     0.009
      31.95     0.022
      32.98     0.088
      34.01    -0.016
      35.04     0.077
      36.07    -0.098
      37.10    -0.010
      38.13     0.088
      39.16     0.020
      40.19     0.104
      41.22    -0.012
      42.25    -0.054
      43.29     0.102
      44.32     0.044
      45.35     0.015
      46.38     0.011
      47.41     0.082
      48.44     0.004
      49.47     0.094
      50.50     0.075
      51.53     0.048
      52.56    -0.099
      53.59     0.044
      54.62     0.059
      55.65     0.092
      56.68     0.009
      57.71     0.075
      58.74     0.038
      59.78     0.030
      60.81    -0.046
      61.84     0.036
      62.87     0.280
      63.90     0.223
      64.93     0.125
      65.96     0.019
      66.99    -0.011
      68.02     0.070
      69.05     0.057
      70.08     0.005
      71.11     0.094
      72.14     0.141
      73.17    -0.022
      74.20    -0.043
      75.23    -0.083
      76.26    -0.082
      77.30    -0.097
      78.33     0.092
      79.36    -0.075
      80.39     0.116
      81.42    -0.026
      82.45    -0.044
      83.48     0.091
      84.51     0.029
      85.54    -0.038
      86.57     0.142
      87.60     0.062
      88.63     0.183
      89.66    -0.012
      90.69    -0.008
      91.72     0.012
      92.75     0.131
      93.79    -0.050
      94.82    -0.116
      95.85    -0.011
      96.88    -0.008
      97.91    -0.086
      98.94    -0.077
      99.97     0.138
     101.00     0.220
     102.03    -0.018
     103.06     0.125
     104.09     0.122
     105.12    -0.109
     106.15    -0.103
     107.18     0.044
     108.21     0.087
     109.24     0.155
     110.27    -0.018
     111.31     0.057
     112.34    -0.047
     113.37    -0.044
     114.40    -0.132
     115.43    -0.037
     116.46    -0.054
     117.49     0.097
     118.52     0.039
     119.55     0.070
     120.58     0.081
     121.61     0.145
     122.64    -0.070
     123.67    -0.031
     124.70     0.025
     125.73     0.081
     126.76     0.125
     127.79    -0.046
     128.83    -0.072
     129.86    -0.003
     130.89    -0.032
     131.92     0.059
     132.95    -0.038
     133.98    -0.058
     135.01    -0.035
     136.04     0.098
     137.07    -0.057
     138.10     0.156
     139.13     0.004
     140.16     0.055
     141.19    -0.017
     142.22    -0.037
     143.25    -0.118
     144.28    -0.008
     145.32    -0.122
     146.35    -0.127
     147.38     0.059
     148.41     0.021
     149.44    -0.018
     150.47     0.164
     151.50     0.033
     152.53     0.169
     153.56    -0.037
     154.59     0.076
     155.62    -0.048
     156.65    -0.035
     157.68    -0.123
     158.71     0.022
     159.74     0.037
     160.77    -0.046
     161.80    -0.048
     162.84     0.040
     163.87    -0.166
     164.90    -0.014
     165.93    -0.053
     166.96     0.078
     167.99     0.218
     169.02    -0.027
     170.05     0.037
     171.08    -0.093
     172.11    -0.018
     173.14     0.143
     174.17    -0.085
     175.20    -0.034
     176.23     0.106
     177.26     0.022
     178.29    -0.044
     179.33     0.092
     180.36    -0.044
     181.39     0.124
     182.42    -0.033
     183.45    -0.015
     184.48     0.079
     185.51     0.027
     186.54    -0.127
     187.57    -0.081
     188.60     0.075
     189.63    -0.030
     190.66     0.038
     191.69    -0.114
     192.72     0.132
     193.75    -0.051
     194.78    -0.200
     195.81    -0.029
     196.85    -0.114
     197.88    -0.184
     198.91    -0.146
     199.94    -0.065
     200.97     0.132
     202.00     0.070
     203.03     0.020
     204.06    -0.051
     205.09    -0.012
     206.12     0.067
     207.15     0.076
     208.18    -0.038
     209.21    -0.004
     210.24     0.009
     211.27    -0.111
     212.30    -0.051
     213.34     0.004
     214.37     0.059
     215.40     0.121
     216.43     0.047
     217.46    -0.209
     218.49    -0.002
     219.52    -0.098
     220.55    -0.103
     221.58    -0.048
     222.61     0.020
     223.64    -0.132
     224.67     0.116
     225.70     0.053
     226.73    -0.091
     227.76    -0.160
     228.79     0.024
     229.82     0.006
     230.86     0.001
     231.89     0.093
     232.92     0.091
     233.95     0.026
     234.98     0.037
     236.01     0.042
     237.04     0.193
     238.07    -0.025
     239.10    -0.143
     240.13     0.027
     241.16     0.038
     242.19     0.065
     243.22    -0.113
     244.25    -0.111
     245.28     0.126
     246.31    -0.021
     247.35     0.135
     248.38    -0.029
     249.41     0.086
     250.44     0.146
     251.47     0.044
     252.50    -0.004
     253.53     0.006
     254.56     0.032
     255.59     0.040
     256.62    -0.048
     257.65     0.053
     258.68    -0.012
     259.71     0.085
     260.74    -0.035
     261.77    -0.065
     262.80     0.006
     263.83     0.143
     264.87     0.029
     265.90     0.023
     266.93    -0.213
     267.96    -0.035
     268.99     0.023
     270.02     0.053
     271.05    -0.159
     272.08    -0.090
     273.11    -0.053
     274.14    -0.004
     275.17     0.119
     276.20    -0.026
     277.23    -0.183
     278.26     0.114
     279.29     0.002
     280.32    -0.012
     281.36    -0.064
     282.39     0.096
     283.42     0.092
     284.45     0.133
     285.48     0.041
     286.51     0.146
     287.54    -0.122
     288.57     0.045
     289.60    -0.077
     290.63    -0.085
     291.66    -0.127
     292.69    -0.023
     293.72     0.026
     294.75     0.034
     295.78    -0.095
     296.81    -0.063
     297.84    -0.072
     298.88    -0.033
     299.91     0.232
     300.94     0.051
     301.97     0.069
     303.00    -0.032
     304.03    -0.037
     305.06     0.135
     306.09    -0.073
     307.12    -0.211
     308.15    -0.061
     309.18    -0.138
     310.21    -0.015
     311.24    -0.136
     312.27     0.058
     313.30     0.084
     314.33    -0.009
     315.37     0.063
     316.40    -0.066
     317.43     0.026
     318.46     0.062
     319.49     0.110
     320.52     0.107
     321.55    -0.024
     322.58     0.013
     323.61     0.069
     324.64     0.087
     325.67     0.064
     326.70    -0.075
     327.73     0.063
     328.76    -0.138
     329.79     0.160
     330.82    -0.085
     331.85    -0.013
     332.89    -0.081
     333.92     0.003
     334.95    -0.003
     335.98     0.001
     337.01    -0.081
     338.04     0.061
     339.07     0.053
     340.10    -0.054
     341.13    -0.099
     342.16     0.017
     343.19    -0.063
     344.22     0.011
     345.25    -0.246
     346.28     0.148
     347.31     0.007
     348.34    -0.016
     349.38    -0.001
     350.41     0.044
     351.44    -0.029
     352.47     0.060
     353.50     0.153
     354.53    -0.033
     355.56     0.002
     356.59     0.016
     357.62    -0.004
     358.65     0.027
     359.68     0.042
     360.71     0.047
     361.74     0.037
     362.77    -0.004
     363.80    -0.018
     364.83    -0.083
     365.86    -0.037
     366.90    -0.085
     367.93     0.034
     368.96    -0.002
     369.99     0.023
     371.02     0.062
     372.05    -0.163
     373.08    -0.025
     374.11    -0.005
     375.14     0.002
     376.17     0.067
     377.20     0.095
     378.23    -0.073
     379.26     0.083
     380.29     0.019
     381.32     0.010
     382.35     0.085
     383.38     0.002
     384.42     0.158
     385.45    -0.018
     386.48     0.105
     387.51     0.086
     388.54     0.021
     389.57     0.400
     390.60     0.140
     391.63     0.057
     392.66     0.086
     393.69     0.052
     394.72    -0.004
     395.75     0.111
     396.78     0.020
     397.81     0.186
     398.84     0.056
     399.87    -0.127
