%%   85.00000 -17.50000    0   0.20000
% LAB  survey ------------------
% wanted position:  l, b, RA, DEC, and interpolated  NH
% 85.00 ; -17.50 ; 329.03 ;  32.17 ;  0.889E+21
% nearest position: l, b, RA, DEC, and observed NH
% 85.00 ; -17.50 ; 329.03 ;  32.17 ;  0.889E+21
% GASS III survey --------------
% NH - median within 6 arcmin radius   0.00    
% NH - mean within specified beam      0.00    
% EBHIS survey -----------------
% NH  within specified beam           0.800E+21
%%EBHIS   621  datapoints: v_lsr [km/s] and T_B [K]
    -399.25    -0.114
    -397.96     0.135
    -396.68     0.076
    -395.39    -0.010
    -394.10    -0.109
    -392.81     0.033
    -391.52     0.084
    -390.23     0.060
    -388.95    -0.030
    -387.66     0.065
    -386.37     0.063
    -385.08    -0.138
    -383.79    -0.145
    -382.50     0.007
    -381.22    -0.001
    -379.93     0.003
    -378.64    -0.106
    -377.35    -0.125
    -376.06     0.030
    -374.78     0.007
    -373.49    -0.017
    -372.20    -0.038
    -370.91    -0.046
    -369.62     0.072
    -368.33     0.050
    -367.05     0.048
    -365.76    -0.095
    -364.47    -0.078
    -363.18    -0.108
    -361.89     0.138
    -360.60     0.133
    -359.32     0.054
    -358.03     0.134
    -356.74     0.120
    -355.45    -0.035
    -354.16     0.070
    -352.88     0.153
    -351.59     0.042
    -350.30    -0.067
    -349.01    -0.007
    -347.72    -0.116
    -346.43     0.078
    -345.15    -0.036
    -343.86     0.066
    -342.57    -0.045
    -341.28     0.019
    -339.99     0.023
    -338.70    -0.003
    -337.42     0.089
    -336.13    -0.016
    -334.84     0.007
    -333.55     0.005
    -332.26     0.090
    -330.98     0.041
    -329.69     0.088
    -328.40     0.033
    -327.11    -0.124
    -325.82    -0.051
    -324.53    -0.000
    -323.25    -0.018
    -321.96     0.032
    -320.67    -0.039
    -319.38    -0.124
    -318.09    -0.058
    -316.80    -0.087
    -315.52    -0.015
    -314.23    -0.025
    -312.94     0.081
    -311.65    -0.102
    -310.36     0.048
    -309.08     0.063
    -307.79     0.045
    -306.50    -0.067
    -305.21     0.060
    -303.92     0.061
    -302.63    -0.004
    -301.35    -0.061
    -300.06    -0.070
    -298.77     0.086
    -297.48    -0.082
    -296.19     0.133
    -294.90     0.011
    -293.62     0.143
    -292.33    -0.056
    -291.04    -0.092
    -289.75    -0.090
    -288.46    -0.011
    -287.18    -0.052
    -285.89    -0.066
    -284.60     0.084
    -283.31    -0.064
    -282.02     0.068
    -280.73    -0.016
    -279.45    -0.001
    -278.16    -0.038
    -276.87     0.060
    -275.58     0.005
    -274.29     0.035
    -273.00    -0.113
    -271.72     0.093
    -270.43     0.080
    -269.14     0.069
    -267.85    -0.023
    -266.56    -0.146
    -265.28    -0.118
    -263.99    -0.105
    -262.70    -0.127
    -261.41     0.018
    -260.12     0.061
    -258.83     0.023
    -257.55    -0.029
    -256.26    -0.160
    -254.97     0.001
    -253.68     0.080
    -252.39     0.054
    -251.10     0.143
    -249.82     0.062
    -248.53     0.147
    -247.24     0.117
    -245.95     0.127
    -244.66     0.016
    -243.38    -0.095
    -242.09     0.041
    -240.80    -0.021
    -239.51    -0.003
    -238.22    -0.004
    -236.93     0.031
    -235.65     0.078
    -234.36     0.006
    -233.07    -0.117
    -231.78    -0.013
    -230.49    -0.023
    -229.20     0.038
    -227.92    -0.019
    -226.63     0.010
    -225.34    -0.266
    -224.05    -0.079
    -222.76     0.017
    -221.48    -0.074
    -220.19     0.040
    -218.90     0.028
    -217.61    -0.082
    -216.32    -0.016
    -215.03     0.042
    -213.75     0.026
    -212.46     0.028
    -211.17     0.063
    -209.88    -0.048
    -208.59    -0.113
    -207.30     0.032
    -206.02    -0.088
    -204.73     0.061
    -203.44     0.075
    -202.15     0.023
    -200.86     0.011
    -199.58    -0.059
    -198.29    -0.028
    -197.00    -0.005
    -195.71    -0.025
    -194.42     0.126
    -193.13    -0.055
    -191.85     0.034
    -190.56     0.075
    -189.27    -0.023
    -187.98    -0.022
    -186.69    -0.064
    -185.40    -0.095
    -184.12    -0.000
    -182.83     0.011
    -181.54     0.149
    -180.25     0.076
    -178.96    -0.047
    -177.68     0.049
    -176.39    -0.109
    -175.10    -0.098
    -173.81    -0.147
    -172.52    -0.041
    -171.23     0.006
    -169.95     0.029
    -168.66    -0.058
    -167.37     0.046
    -166.08     0.063
    -164.79    -0.040
    -163.50     0.031
    -162.22     0.026
    -160.93     0.029
    -159.64    -0.028
    -158.35     0.042
    -157.06     0.074
    -155.78     0.034
    -154.49     0.045
    -153.20     0.005
    -151.91    -0.012
    -150.62    -0.086
    -149.33     0.020
    -148.05     0.048
    -146.76     0.048
    -145.47     0.026
    -144.18    -0.056
    -142.89    -0.047
    -141.60     0.007
    -140.32    -0.009
    -139.03    -0.095
    -137.74     0.085
    -136.45    -0.039
    -135.16    -0.003
    -133.88    -0.067
    -132.59    -0.016
    -131.30    -0.011
    -130.01     0.081
    -128.72     0.083
    -127.43    -0.077
    -126.15    -0.042
    -124.86    -0.047
    -123.57     0.059
    -122.28    -0.037
    -120.99    -0.020
    -119.70     0.008
    -118.42    -0.099
    -117.13    -0.034
    -115.84     0.029
    -114.55     0.108
    -113.26    -0.031
    -111.98     0.055
    -110.69    -0.087
    -109.40     0.113
    -108.11     0.089
    -106.82    -0.077
    -105.53    -0.014
    -104.25     0.013
    -102.96     0.062
    -101.67     0.069
    -100.38     0.050
     -99.09     0.002
     -97.80     0.118
     -96.52     0.013
     -95.23     0.013
     -93.94     0.002
     -92.65     0.004
     -91.36    -0.016
     -90.08    -0.046
     -88.79     0.071
     -87.50    -0.044
     -86.21     0.012
     -84.92     0.006
     -83.63     0.052
     -82.35     0.149
     -81.06     0.056
     -79.77     0.142
     -78.48     0.197
     -77.19     0.174
     -75.90     0.263
     -74.62     0.158
     -73.33     0.170
     -72.04     0.457
     -70.75     0.307
     -69.46     0.353
     -68.18     0.499
     -66.89     0.444
     -65.60     0.576
     -64.31     0.623
     -63.02     0.669
     -61.73     0.776
     -60.45     0.849
     -59.16     0.834
     -57.87     0.937
     -56.58     0.819
     -55.29     0.797
     -54.00     0.949
     -52.72     0.965
     -51.43     0.796
     -50.14     0.936
     -48.85     0.938
     -47.56     0.966
     -46.28     0.716
     -44.99     0.865
     -43.70     0.861
     -42.41     1.018
     -41.12     1.028
     -39.83     1.540
     -38.55     1.910
     -37.26     2.162
     -35.97     2.468
     -34.68     2.390
     -33.39     2.396
     -32.10     2.320
     -30.82     2.502
     -29.53     2.726
     -28.24     2.794
     -26.95     3.024
     -25.66     3.187
     -24.38     3.266
     -23.09     3.604
     -21.80     3.914
     -20.51     4.465
     -19.22     4.806
     -17.93     5.087
     -16.65     5.426
     -15.36     5.821
     -14.07     5.769
     -12.78     5.761
     -11.49     6.040
     -10.20     6.348
      -8.92     6.842
      -7.63     8.141
      -6.34     9.543
      -5.05    11.725
      -3.76    14.308
      -2.48    15.983
      -1.19    17.140
       0.10    17.994
       1.39    18.067
       2.68    18.050
       3.97    17.987
       5.25    16.444
       6.54    13.131
       7.83    10.314
       9.12     7.822
      10.41     5.986
      11.70     4.599
      12.98     3.624
      14.27     2.758
      15.56     2.004
      16.85     1.665
      18.14     1.277
      19.42     1.010
      20.71     0.809
      22.00     0.634
      23.29     0.538
      24.58     0.529
      25.87     0.495
      27.15     0.348
      28.44     0.292
      29.73     0.143
      31.02    -0.000
      32.31     0.096
      33.60    -0.018
      34.88     0.153
      36.17     0.104
      37.46     0.079
      38.75     0.001
      40.04     0.051
      41.32     0.003
      42.61    -0.067
      43.90    -0.094
      45.19     0.005
      46.48     0.082
      47.77    -0.007
      49.05     0.025
      50.34     0.066
      51.63     0.057
      52.92     0.034
      54.21    -0.181
      55.50    -0.115
      56.78     0.009
      58.07    -0.009
      59.36     0.015
      60.65     0.084
      61.94     0.030
      63.22    -0.023
      64.51     0.074
      65.80     0.010
      67.09    -0.075
      68.38    -0.079
      69.67    -0.126
      70.95     0.045
      72.24     0.003
      73.53    -0.024
      74.82     0.024
      76.11     0.003
      77.40    -0.057
      78.68    -0.105
      79.97    -0.035
      81.26     0.084
      82.55     0.085
      83.84     0.005
      85.12    -0.090
      86.41    -0.136
      87.70    -0.056
      88.99     0.009
      90.28    -0.010
      91.57    -0.001
      92.85    -0.005
      94.14    -0.016
      95.43    -0.035
      96.72    -0.038
      98.01     0.058
      99.30     0.038
     100.58     0.006
     101.87     0.039
     103.16    -0.100
     104.45    -0.009
     105.74     0.065
     107.02    -0.085
     108.31     0.029
     109.60    -0.066
     110.89    -0.064
     112.18    -0.054
     113.47    -0.092
     114.75     0.047
     116.04    -0.064
     117.33     0.024
     118.62    -0.038
     119.91     0.145
     121.20     0.013
     122.48     0.031
     123.77    -0.009
     125.06    -0.002
     126.35    -0.019
     127.64    -0.010
     128.92    -0.117
     130.21     0.036
     131.50     0.032
     132.79     0.008
     134.08     0.041
     135.37     0.165
     136.65     0.103
     137.94     0.045
     139.23     0.065
     140.52     0.019
     141.81     0.099
     143.09     0.010
     144.38     0.024
     145.67    -0.076
     146.96    -0.016
     148.25    -0.055
     149.54     0.162
     150.82     0.060
     152.11     0.014
     153.40     0.051
     154.69    -0.007
     155.98     0.015
     157.27     0.073
     158.55     0.044
     159.84    -0.116
     161.13    -0.122
     162.42    -0.063
     163.71    -0.021
     164.99     0.004
     166.28    -0.028
     167.57    -0.062
     168.86     0.051
     170.15    -0.048
     171.44     0.043
     172.72     0.021
     174.01    -0.038
     175.30    -0.092
     176.59    -0.022
     177.88     0.112
     179.17     0.060
     180.45    -0.036
     181.74    -0.074
     183.03    -0.005
     184.32    -0.072
     185.61    -0.042
     186.89    -0.101
     188.18     0.028
     189.47    -0.064
     190.76    -0.062
     192.05    -0.107
     193.34    -0.041
     194.62     0.045
     195.91     0.059
     197.20     0.007
     198.49    -0.026
     199.78     0.053
     201.07     0.106
     202.35     0.086
     203.64    -0.023
     204.93    -0.063
     206.22    -0.003
     207.51     0.017
     208.79     0.018
     210.08     0.028
     211.37     0.050
     212.66     0.085
     213.95     0.077
     215.24     0.113
     216.52     0.101
     217.81     0.047
     219.10    -0.054
     220.39    -0.055
     221.68    -0.005
     222.97     0.019
     224.25    -0.032
     225.54    -0.083
     226.83     0.012
     228.12    -0.017
     229.41    -0.037
     230.69     0.130
     231.98     0.068
     233.27    -0.104
     234.56    -0.012
     235.85    -0.009
     237.14    -0.028
     238.42    -0.068
     239.71     0.060
     241.00     0.003
     242.29     0.076
     243.58     0.022
     244.87     0.087
     246.15    -0.066
     247.44    -0.089
     248.73     0.028
     250.02    -0.030
     251.31    -0.034
     252.59    -0.085
     253.88    -0.059
     255.17     0.072
     256.46     0.097
     257.75     0.049
     259.04    -0.041
     260.32    -0.002
     261.61     0.036
     262.90     0.033
     264.19     0.005
     265.48     0.081
     266.77     0.028
     268.05     0.102
     269.34     0.070
     270.63     0.118
     271.92     0.076
     273.21     0.095
     274.49     0.047
     275.78     0.045
     277.07    -0.005
     278.36     0.076
     279.65    -0.057
     280.94    -0.164
     282.22     0.020
     283.51     0.001
     284.80    -0.025
     286.09    -0.072
     287.38    -0.054
     288.67     0.014
     289.95    -0.000
     291.24    -0.039
     292.53    -0.066
     293.82    -0.049
     295.11    -0.023
     296.39     0.004
     297.68     0.083
     298.97     0.096
     300.26    -0.142
     301.55    -0.096
     302.84     0.046
     304.12    -0.081
     305.41    -0.150
     306.70    -0.043
     307.99    -0.063
     309.28    -0.036
     310.57    -0.031
     311.85     0.118
     313.14     0.063
     314.43     0.007
     315.72    -0.008
     317.01    -0.037
     318.29    -0.113
     319.58     0.001
     320.87     0.085
     322.16    -0.039
     323.45     0.057
     324.74     0.004
     326.02    -0.038
     327.31     0.014
     328.60     0.007
     329.89     0.044
     331.18     0.064
     332.47    -0.027
     333.75    -0.058
     335.04    -0.113
     336.33    -0.083
     337.62    -0.013
     338.91     0.066
     340.19    -0.009
     341.48     0.036
     342.77     0.104
     344.06    -0.029
     345.35    -0.082
     346.64    -0.029
     347.92    -0.006
     349.21    -0.018
     350.50    -0.143
     351.79     0.011
     353.08     0.101
     354.37    -0.008
     355.65     0.025
     356.94    -0.123
     358.23    -0.011
     359.52     0.101
     360.81     0.117
     362.09    -0.001
     363.38    -0.008
     364.67     0.071
     365.96    -0.065
     367.25    -0.072
     368.54     0.034
     369.82    -0.056
     371.11    -0.118
     372.40    -0.003
     373.69    -0.065
     374.98    -0.127
     376.27    -0.050
     377.55     0.027
     378.84     0.004
     380.13    -0.033
     381.42    -0.002
     382.71     0.106
     383.99     0.131
     385.28     0.108
     386.57    -0.000
     387.86    -0.006
     389.15     0.106
     390.44    -0.046
     391.72    -0.042
     393.01    -0.071
     394.30    -0.043
     395.59     0.089
     396.88     0.018
     398.17     0.096
     399.45     0.054
%%GASS      0  datapoints: v_lsr [km/s] and T_B [K]
%%LAB     777  datapoints: v_lsr [km/s] and T_B [K]
    -399.87     0.084
    -398.84    -0.147
    -397.81     0.021
    -396.78    -0.143
    -395.75     0.111
    -394.72    -0.018
    -393.69     0.189
    -392.66    -0.000
    -391.63     0.078
    -390.60     0.033
    -389.57    -0.111
    -388.54    -0.047
    -387.51    -0.169
    -386.48    -0.107
    -385.44    -0.004
    -384.41    -0.069
    -383.38     0.075
    -382.35     0.002
    -381.32     0.001
    -380.29     0.105
    -379.26     0.087
    -378.23    -0.051
    -377.20     0.035
    -376.17    -0.072
    -375.14    -0.002
    -374.11    -0.080
    -373.08     0.013
    -372.05     0.036
    -371.02    -0.110
    -369.99     0.002
    -368.96    -0.007
    -367.92    -0.053
    -366.89     0.081
    -365.86    -0.114
    -364.83     0.110
    -363.80    -0.025
    -362.77     0.167
    -361.74    -0.078
    -360.71    -0.097
    -359.68     0.044
    -358.65    -0.085
    -357.62    -0.073
    -356.59     0.055
    -355.56    -0.042
    -354.53     0.090
    -353.50    -0.049
    -352.47     0.071
    -351.43    -0.035
    -350.40    -0.026
    -349.37    -0.004
    -348.34     0.092
    -347.31    -0.096
    -346.28    -0.020
    -345.25     0.008
    -344.22    -0.075
    -343.19    -0.040
    -342.16    -0.025
    -341.13    -0.007
    -340.10     0.101
    -339.07     0.018
    -338.04    -0.096
    -337.01    -0.045
    -335.98     0.016
    -334.95     0.078
    -333.91     0.180
    -332.88    -0.126
    -331.85    -0.054
    -330.82    -0.016
    -329.79     0.085
    -328.76    -0.045
    -327.73    -0.086
    -326.70     0.004
    -325.67    -0.045
    -324.64    -0.121
    -323.61     0.086
    -322.58     0.029
    -321.55     0.030
    -320.52     0.007
    -319.49     0.047
    -318.46    -0.086
    -317.43     0.012
    -316.39    -0.006
    -315.36    -0.074
    -314.33    -0.024
    -313.30     0.248
    -312.27     0.011
    -311.24     0.080
    -310.21    -0.072
    -309.18     0.112
    -308.15     0.108
    -307.12     0.060
    -306.09     0.132
    -305.06    -0.002
    -304.03     0.044
    -303.00     0.222
    -301.97    -0.057
    -300.94     0.066
    -299.90     0.020
    -298.87    -0.212
    -297.84    -0.047
    -296.81    -0.049
    -295.78     0.016
    -294.75    -0.006
    -293.72    -0.053
    -292.69     0.069
    -291.66     0.115
    -290.63     0.015
    -289.60     0.019
    -288.57     0.027
    -287.54    -0.108
    -286.51    -0.037
    -285.48    -0.218
    -284.45    -0.000
    -283.42    -0.093
    -282.38    -0.018
    -281.35     0.086
    -280.32    -0.130
    -279.29    -0.112
    -278.26    -0.090
    -277.23    -0.068
    -276.20    -0.053
    -275.17     0.017
    -274.14     0.050
    -273.11    -0.083
    -272.08    -0.010
    -271.05     0.123
    -270.02     0.141
    -268.99    -0.024
    -267.96    -0.009
    -266.93     0.137
    -265.90    -0.015
    -264.86    -0.022
    -263.83    -0.023
    -262.80     0.032
    -261.77     0.041
    -260.74    -0.115
    -259.71     0.020
    -258.68     0.087
    -257.65    -0.134
    -256.62    -0.008
    -255.59    -0.184
    -254.56     0.062
    -253.53     0.019
    -252.50    -0.090
    -251.47    -0.095
    -250.44     0.081
    -249.41    -0.184
    -248.37     0.015
    -247.34    -0.028
    -246.31     0.076
    -245.28    -0.123
    -244.25    -0.115
    -243.22    -0.032
    -242.19     0.074
    -241.16     0.062
    -240.13     0.026
    -239.10     0.084
    -238.07     0.020
    -237.04    -0.095
    -236.01    -0.015
    -234.98     0.006
    -233.95     0.096
    -232.92     0.036
    -231.89    -0.010
    -230.85     0.161
    -229.82     0.011
    -228.79    -0.019
    -227.76    -0.009
    -226.73     0.103
    -225.70    -0.126
    -224.67     0.011
    -223.64     0.090
    -222.61     0.099
    -221.58     0.074
    -220.55     0.043
    -219.52     0.092
    -218.49     0.076
    -217.46    -0.018
    -216.43    -0.023
    -215.40     0.021
    -214.37     0.133
    -213.33     0.137
    -212.30    -0.052
    -211.27     0.030
    -210.24     0.256
    -209.21    -0.005
    -208.18     0.047
    -207.15     0.049
    -206.12    -0.035
    -205.09    -0.154
    -204.06     0.028
    -203.03     0.103
    -202.00    -0.079
    -200.97    -0.046
    -199.94     0.064
    -198.91     0.023
    -197.88     0.081
    -196.84     0.051
    -195.81     0.121
    -194.78    -0.022
    -193.75    -0.116
    -192.72     0.018
    -191.69    -0.032
    -190.66     0.165
    -189.63    -0.010
    -188.60    -0.071
    -187.57    -0.108
    -186.54     0.120
    -185.51    -0.122
    -184.48    -0.014
    -183.45     0.118
    -182.42    -0.043
    -181.39     0.003
    -180.36    -0.050
    -179.32    -0.077
    -178.29     0.069
    -177.26    -0.090
    -176.23    -0.084
    -175.20     0.172
    -174.17     0.066
    -173.14     0.008
    -172.11    -0.126
    -171.08     0.024
    -170.05    -0.045
    -169.02     0.154
    -167.99     0.009
    -166.96     0.056
    -165.93     0.013
    -164.90    -0.070
    -163.87    -0.087
    -162.83    -0.029
    -161.80    -0.225
    -160.77    -0.015
    -159.74     0.175
    -158.71     0.099
    -157.68     0.005
    -156.65     0.050
    -155.62     0.115
    -154.59     0.015
    -153.56     0.073
    -152.53     0.065
    -151.50    -0.036
    -150.47     0.048
    -149.44    -0.079
    -148.41    -0.080
    -147.38     0.078
    -146.35    -0.031
    -145.31    -0.057
    -144.28    -0.008
    -143.25     0.089
    -142.22    -0.046
    -141.19     0.013
    -140.16    -0.012
    -139.13    -0.082
    -138.10     0.000
    -137.07    -0.053
    -136.04    -0.005
    -135.01    -0.029
    -133.98    -0.150
    -132.95    -0.058
    -131.92     0.083
    -130.89    -0.048
    -129.86     0.007
    -128.83    -0.125
    -127.79    -0.023
    -126.76     0.014
    -125.73    -0.071
    -124.70     0.003
    -123.67    -0.002
    -122.64    -0.202
    -121.61     0.090
    -120.58     0.172
    -119.55    -0.128
    -118.52     0.042
    -117.49     0.025
    -116.46    -0.059
    -115.43     0.036
    -114.40     0.050
    -113.37     0.203
    -112.34     0.112
    -111.30     0.074
    -110.27     0.107
    -109.24     0.124
    -108.21     0.047
    -107.18     0.138
    -106.15    -0.023
    -105.12     0.062
    -104.09     0.154
    -103.06     0.108
    -102.03    -0.038
    -101.00     0.069
     -99.97     0.037
     -98.94     0.173
     -97.91     0.177
     -96.88     0.069
     -95.85     0.020
     -94.82     0.250
     -93.78     0.043
     -92.75     0.166
     -91.72     0.245
     -90.69     0.224
     -89.66     0.203
     -88.63     0.363
     -87.60     0.180
     -86.57     0.219
     -85.54     0.001
     -84.51     0.130
     -83.48     0.143
     -82.45     0.103
     -81.42     0.102
     -80.39     0.140
     -79.36     0.106
     -78.33     0.253
     -77.30     0.234
     -76.26     0.244
     -75.23     0.114
     -74.20     0.232
     -73.17     0.502
     -72.14     0.256
     -71.11     0.347
     -70.08     0.483
     -69.05     0.460
     -68.02     0.643
     -66.99     0.520
     -65.96     0.638
     -64.93     0.667
     -63.90     0.616
     -62.87     0.722
     -61.84     0.762
     -60.81     0.943
     -59.77     1.186
     -58.74     1.031
     -57.71     1.085
     -56.68     1.161
     -55.65     1.192
     -54.62     1.182
     -53.59     1.159
     -52.56     1.170
     -51.53     1.174
     -50.50     1.122
     -49.47     1.224
     -48.44     1.209
     -47.41     1.108
     -46.38     1.001
     -45.35     1.187
     -44.32     0.988
     -43.29     1.165
     -42.25     1.341
     -41.22     1.362
     -40.19     1.446
     -39.16     1.791
     -38.13     1.933
     -37.10     2.094
     -36.07     2.068
     -35.04     2.148
     -34.01     2.293
     -32.98     2.424
     -31.95     2.499
     -30.92     2.600
     -29.89     2.741
     -28.86     3.011
     -27.83     3.003
     -26.80     3.111
     -25.77     3.331
     -24.73     3.665
     -23.70     3.958
     -22.67     3.992
     -21.64     4.542
     -20.61     4.908
     -19.58     5.087
     -18.55     5.299
     -17.52     5.640
     -16.49     5.939
     -15.46     6.030
     -14.43     6.130
     -13.40     6.236
     -12.37     6.450
     -11.34     6.935
     -10.31     7.317
      -9.28     7.685
      -8.24     8.866
      -7.21    10.190
      -6.18    11.793
      -5.15    13.363
      -4.12    15.901
      -3.09    18.298
      -2.06    19.328
      -1.03    20.207
       0.00    20.602
       1.03    20.355
       2.06    19.623
       3.09    18.856
       4.12    18.492
       5.15    17.120
       6.18    15.105
       7.21    12.256
       8.24     9.537
       9.28     7.686
      10.31     6.319
      11.34     4.911
      12.37     4.031
      13.40     3.327
      14.43     2.440
      15.46     2.020
      16.49     1.619
      17.52     1.321
      18.55     1.165
      19.58     0.697
      20.61     0.668
      21.64     0.513
      22.67     0.363
      23.70     0.275
      24.73     0.223
      25.77     0.205
      26.80     0.075
      27.83     0.058
      28.86     0.062
      29.89     0.170
      30.92     0.098
      31.95     0.060
      32.98     0.039
      34.01     0.004
      35.04    -0.013
      36.07    -0.012
      37.10     0.021
      38.13     0.021
      39.16     0.047
      40.19     0.082
      41.22     0.067
      42.25    -0.119
      43.29     0.131
      44.32    -0.109
      45.35    -0.016
      46.38    -0.044
      47.41     0.054
      48.44    -0.016
      49.47     0.069
      50.50     0.095
      51.53    -0.025
      52.56     0.215
      53.59     0.217
      54.62    -0.018
      55.65     0.154
      56.68     0.021
      57.71    -0.009
      58.74     0.005
      59.77     0.128
      60.81     0.090
      61.84    -0.094
      62.87     0.099
      63.90     0.162
      64.93     0.054
      65.96     0.084
      66.99     0.032
      68.02     0.098
      69.05    -0.110
      70.08     0.002
      71.11    -0.044
      72.14    -0.002
      73.17    -0.134
      74.20    -0.021
      75.23    -0.031
      76.26    -0.104
      77.30     0.050
      78.33     0.098
      79.36     0.082
      80.39    -0.071
      81.42     0.000
      82.45    -0.101
      83.48     0.024
      84.51     0.158
      85.54    -0.010
      86.57     0.124
      87.60    -0.045
      88.63     0.284
      89.66     0.008
      90.69     0.126
      91.72     0.016
      92.75    -0.113
      93.78     0.167
      94.82     0.126
      95.85     0.047
      96.88     0.055
      97.91    -0.035
      98.94    -0.006
      99.97     0.075
     101.00     0.125
     102.03    -0.008
     103.06    -0.008
     104.09     0.045
     105.12    -0.047
     106.15    -0.060
     107.18     0.036
     108.21     0.073
     109.24    -0.084
     110.27    -0.050
     111.30     0.097
     112.34     0.083
     113.37     0.084
     114.40     0.027
     115.43     0.054
     116.46     0.047
     117.49     0.053
     118.52    -0.088
     119.55    -0.076
     120.58    -0.058
     121.61     0.012
     122.64     0.023
     123.67    -0.034
     124.70    -0.068
     125.73    -0.088
     126.76    -0.039
     127.79     0.003
     128.83     0.050
     129.86     0.091
     130.89    -0.080
     131.92    -0.112
     132.95    -0.018
     133.98    -0.010
     135.01    -0.022
     136.04     0.038
     137.07    -0.088
     138.10     0.078
     139.13    -0.158
     140.16    -0.130
     141.19     0.014
     142.22    -0.074
     143.25    -0.072
     144.28    -0.011
     145.31    -0.049
     146.35    -0.055
     147.38    -0.023
     148.41    -0.155
     149.44    -0.092
     150.47     0.090
     151.50    -0.029
     152.53    -0.107
     153.56    -0.095
     154.59    -0.044
     155.62    -0.101
     156.65     0.079
     157.68    -0.157
     158.71     0.065
     159.74    -0.033
     160.77     0.211
     161.80    -0.007
     162.83     0.100
     163.87     0.099
     164.90     0.067
     165.93    -0.016
     166.96     0.114
     167.99    -0.013
     169.02     0.094
     170.05    -0.033
     171.08    -0.073
     172.11     0.036
     173.14     0.038
     174.17     0.001
     175.20    -0.043
     176.23     0.141
     177.26    -0.043
     178.29    -0.005
     179.32     0.047
     180.36     0.133
     181.39     0.205
     182.42     0.048
     183.45    -0.007
     184.48    -0.148
     185.51     0.083
     186.54     0.020
     187.57     0.103
     188.60     0.016
     189.63     0.043
     190.66     0.029
     191.69    -0.110
     192.72    -0.121
     193.75     0.031
     194.78    -0.071
     195.81    -0.048
     196.84     0.070
     197.88    -0.075
     198.91    -0.093
     199.94    -0.060
     200.97    -0.022
     202.00    -0.086
     203.03    -0.259
     204.06    -0.129
     205.09     0.031
     206.12    -0.010
     207.15    -0.034
     208.18     0.146
     209.21     0.024
     210.24     0.045
     211.27    -0.113
     212.30    -0.059
     213.33     0.011
     214.37     0.057
     215.40    -0.139
     216.43     0.023
     217.46    -0.095
     218.49     0.111
     219.52     0.027
     220.55    -0.030
     221.58     0.015
     222.61     0.017
     223.64     0.007
     224.67     0.046
     225.70     0.132
     226.73     0.100
     227.76    -0.059
     228.79     0.094
     229.82    -0.043
     230.85     0.087
     231.89    -0.059
     232.92    -0.105
     233.95    -0.007
     234.98     0.014
     236.01     0.046
     237.04    -0.045
     238.07    -0.036
     239.10    -0.073
     240.13    -0.096
     241.16     0.139
     242.19     0.109
     243.22    -0.004
     244.25    -0.025
     245.28     0.070
     246.31     0.051
     247.34     0.083
     248.37     0.009
     249.41    -0.042
     250.44     0.017
     251.47     0.051
     252.50    -0.029
     253.53     0.122
     254.56    -0.016
     255.59    -0.057
     256.62    -0.013
     257.65     0.117
     258.68    -0.083
     259.71     0.058
     260.74    -0.062
     261.77     0.121
     262.80    -0.019
     263.83     0.136
     264.86    -0.001
     265.90     0.059
     266.93     0.047
     267.96     0.047
     268.99    -0.136
     270.02     0.161
     271.05     0.035
     272.08     0.241
     273.11    -0.015
     274.14    -0.012
     275.17    -0.020
     276.20     0.138
     277.23    -0.053
     278.26     0.029
     279.29    -0.231
     280.32     0.005
     281.35    -0.018
     282.38    -0.023
     283.42    -0.050
     284.45    -0.057
     285.48    -0.027
     286.51    -0.070
     287.54     0.005
     288.57     0.139
     289.60    -0.088
     290.63    -0.198
     291.66    -0.207
     292.69    -0.066
     293.72     0.096
     294.75     0.043
     295.78     0.007
     296.81     0.212
     297.84    -0.080
     298.87     0.168
     299.90     0.034
     300.94     0.158
     301.97    -0.004
     303.00     0.061
     304.03     0.000
     305.06     0.010
     306.09    -0.060
     307.12    -0.007
     308.15    -0.052
     309.18     0.106
     310.21    -0.072
     311.24     0.064
     312.27    -0.005
     313.30     0.018
     314.33     0.029
     315.36    -0.067
     316.39    -0.068
     317.43     0.034
     318.46    -0.090
     319.49    -0.066
     320.52    -0.085
     321.55     0.082
     322.58    -0.030
     323.61    -0.000
     324.64    -0.053
     325.67     0.141
     326.70     0.007
     327.73     0.031
     328.76    -0.108
     329.79    -0.075
     330.82     0.103
     331.85    -0.012
     332.88    -0.140
     333.91     0.105
     334.95     0.094
     335.98     0.120
     337.01     0.019
     338.04     0.008
     339.07     0.047
     340.10    -0.003
     341.13     0.189
     342.16     0.113
     343.19     0.083
     344.22     0.164
     345.25    -0.044
     346.28    -0.090
     347.31    -0.185
     348.34     0.106
     349.37    -0.039
     350.40    -0.082
     351.43    -0.059
     352.47    -0.119
     353.50    -0.159
     354.53    -0.081
     355.56     0.104
     356.59    -0.047
     357.62    -0.142
     358.65     0.017
     359.68    -0.205
     360.71     0.049
     361.74     0.080
     362.77     0.157
     363.80    -0.022
     364.83    -0.133
     365.86    -0.030
     366.89     0.041
     367.92    -0.103
     368.96     0.051
     369.99    -0.052
     371.02     0.045
     372.05     0.074
     373.08     0.123
     374.11     0.047
     375.14     0.089
     376.17    -0.157
     377.20     0.034
     378.23     0.006
     379.26    -0.117
     380.29    -0.011
     381.32     0.115
     382.35     0.074
     383.38     0.036
     384.41     0.062
     385.44    -0.010
     386.48     0.109
     387.51     0.154
     388.54     0.149
     389.57     0.045
     390.60     0.038
     391.63     0.082
     392.66     0.086
     393.69     0.133
     394.72    -0.066
     395.75     0.084
     396.78     0.076
     397.81     0.031
     398.84     0.145
     399.87     0.128
