%%   80.00000  12.50000    0   0.20000
% LAB  survey ------------------
% wanted position:  l, b, RA, DEC, and interpolated  NH
% 80.00 ;  12.50 ; 294.20 ;  47.30 ;  0.106E+22
% nearest position: l, b, RA, DEC, and observed NH
% 80.00 ;  12.50 ; 294.20 ;  47.30 ;  0.106E+22
% GASS III survey --------------
% NH - median within 6 arcmin radius   0.00    
% NH - mean within specified beam      0.00    
% EBHIS survey -----------------
% NH  within specified beam           0.116E+22
%%EBHIS   621  datapoints: v_lsr [km/s] and T_B [K]
    -399.25     0.081
    -397.96     0.044
    -396.68    -0.056
    -395.39     0.042
    -394.10    -0.001
    -392.81     0.061
    -391.52     0.077
    -390.23     0.026
    -388.95    -0.140
    -387.66     0.065
    -386.37    -0.029
    -385.08    -0.039
    -383.79     0.009
    -382.50    -0.083
    -381.22    -0.072
    -379.93    -0.035
    -378.64    -0.075
    -377.35     0.141
    -376.06     0.158
    -374.78     0.027
    -373.49    -0.029
    -372.20     0.039
    -370.91     0.037
    -369.62     0.159
    -368.33     0.045
    -367.05    -0.057
    -365.76     0.015
    -364.47     0.100
    -363.18    -0.009
    -361.89    -0.068
    -360.60    -0.147
    -359.32    -0.028
    -358.03    -0.089
    -356.74     0.010
    -355.45    -0.048
    -354.16     0.059
    -352.88     0.024
    -351.59     0.061
    -350.30     0.122
    -349.01     0.049
    -347.72     0.028
    -346.43     0.025
    -345.15     0.150
    -343.86     0.093
    -342.57     0.016
    -341.28    -0.053
    -339.99    -0.069
    -338.70     0.147
    -337.42     0.120
    -336.13     0.057
    -334.84    -0.041
    -333.55     0.000
    -332.26    -0.027
    -330.98     0.043
    -329.69     0.071
    -328.40     0.057
    -327.11     0.009
    -325.82     0.003
    -324.53    -0.005
    -323.25     0.009
    -321.96    -0.035
    -320.67     0.041
    -319.38     0.021
    -318.09    -0.063
    -316.80     0.061
    -315.52     0.021
    -314.23     0.044
    -312.94     0.093
    -311.65     0.113
    -310.36    -0.076
    -309.08    -0.008
    -307.79     0.090
    -306.50     0.038
    -305.21    -0.008
    -303.92     0.053
    -302.63    -0.014
    -301.35    -0.040
    -300.06     0.003
    -298.77     0.073
    -297.48     0.024
    -296.19    -0.012
    -294.90    -0.081
    -293.62     0.072
    -292.33     0.043
    -291.04     0.002
    -289.75    -0.020
    -288.46     0.100
    -287.18     0.105
    -285.89    -0.053
    -284.60    -0.036
    -283.31    -0.010
    -282.02     0.015
    -280.73    -0.038
    -279.45    -0.041
    -278.16    -0.012
    -276.87    -0.018
    -275.58    -0.094
    -274.29    -0.013
    -273.00     0.071
    -271.72     0.125
    -270.43     0.018
    -269.14    -0.045
    -267.85     0.053
    -266.56     0.069
    -265.28     0.062
    -263.99    -0.037
    -262.70    -0.006
    -261.41    -0.071
    -260.12     0.097
    -258.83     0.119
    -257.55    -0.008
    -256.26    -0.022
    -254.97    -0.030
    -253.68     0.095
    -252.39     0.028
    -251.10    -0.093
    -249.82    -0.088
    -248.53     0.084
    -247.24    -0.037
    -245.95    -0.056
    -244.66    -0.014
    -243.38    -0.013
    -242.09    -0.036
    -240.80    -0.051
    -239.51     0.026
    -238.22    -0.077
    -236.93    -0.107
    -235.65     0.043
    -234.36    -0.035
    -233.07     0.057
    -231.78     0.076
    -230.49     0.078
    -229.20    -0.121
    -227.92    -0.030
    -226.63     0.075
    -225.34     0.080
    -224.05    -0.022
    -222.76    -0.124
    -221.48    -0.068
    -220.19    -0.053
    -218.90     0.055
    -217.61     0.058
    -216.32    -0.022
    -215.03    -0.134
    -213.75    -0.052
    -212.46    -0.005
    -211.17     0.004
    -209.88     0.065
    -208.59    -0.055
    -207.30     0.069
    -206.02    -0.033
    -204.73    -0.040
    -203.44    -0.014
    -202.15    -0.144
    -200.86     0.023
    -199.58     0.007
    -198.29    -0.002
    -197.00     0.007
    -195.71    -0.062
    -194.42     0.079
    -193.13    -0.038
    -191.85    -0.048
    -190.56    -0.002
    -189.27     0.039
    -187.98     0.046
    -186.69    -0.076
    -185.40    -0.087
    -184.12    -0.056
    -182.83     0.119
    -181.54     0.071
    -180.25     0.092
    -178.96    -0.068
    -177.68    -0.085
    -176.39    -0.091
    -175.10    -0.065
    -173.81    -0.087
    -172.52    -0.157
    -171.23    -0.027
    -169.95    -0.049
    -168.66    -0.079
    -167.37     0.058
    -166.08    -0.020
    -164.79     0.083
    -163.50    -0.055
    -162.22     0.014
    -160.93     0.006
    -159.64     0.014
    -158.35     0.041
    -157.06     0.118
    -155.78     0.069
    -154.49     0.003
    -153.20     0.040
    -151.91     0.005
    -150.62     0.004
    -149.33     0.053
    -148.05     0.116
    -146.76     0.017
    -145.47     0.035
    -144.18     0.071
    -142.89     0.018
    -141.60     0.115
    -140.32     0.115
    -139.03     0.084
    -137.74     0.126
    -136.45     0.148
    -135.16     0.213
    -133.88     0.259
    -132.59     0.286
    -131.30     0.215
    -130.01     0.122
    -128.72     0.382
    -127.43     0.325
    -126.15     0.549
    -124.86     0.655
    -123.57     0.771
    -122.28     0.844
    -120.99     1.030
    -119.70     1.098
    -118.42     1.199
    -117.13     1.204
    -115.84     1.400
    -114.55     1.672
    -113.26     1.565
    -111.98     1.675
    -110.69     1.746
    -109.40     1.771
    -108.11     1.566
    -106.82     1.496
    -105.53     1.297
    -104.25     1.116
    -102.96     1.053
    -101.67     0.957
    -100.38     0.985
     -99.09     0.898
     -97.80     0.877
     -96.52     0.842
     -95.23     0.847
     -93.94     0.987
     -92.65     0.986
     -91.36     1.114
     -90.08     1.072
     -88.79     1.003
     -87.50     1.085
     -86.21     1.066
     -84.92     1.047
     -83.63     1.131
     -82.35     1.136
     -81.06     1.142
     -79.77     1.122
     -78.48     0.899
     -77.19     0.968
     -75.90     0.889
     -74.62     0.937
     -73.33     0.842
     -72.04     0.777
     -70.75     0.832
     -69.46     0.757
     -68.18     0.695
     -66.89     0.691
     -65.60     0.773
     -64.31     0.791
     -63.02     0.833
     -61.73     0.826
     -60.45     0.869
     -59.16     0.989
     -57.87     1.108
     -56.58     1.256
     -55.29     1.223
     -54.00     1.302
     -52.72     1.541
     -51.43     1.706
     -50.14     2.030
     -48.85     2.243
     -47.56     2.679
     -46.28     2.828
     -44.99     3.134
     -43.70     3.251
     -42.41     3.525
     -41.12     3.581
     -39.83     3.539
     -38.55     3.553
     -37.26     3.433
     -35.97     3.568
     -34.68     3.929
     -33.39     3.982
     -32.10     3.976
     -30.82     3.564
     -29.53     3.364
     -28.24     3.227
     -26.95     3.375
     -25.66     3.089
     -24.38     3.152
     -23.09     3.293
     -21.80     3.457
     -20.51     3.418
     -19.22     3.725
     -17.93     4.530
     -16.65     5.624
     -15.36     6.892
     -14.07     7.939
     -12.78     8.684
     -11.49     9.666
     -10.20    10.644
      -8.92    11.911
      -7.63    12.326
      -6.34    12.523
      -5.05    12.860
      -3.76    13.977
      -2.48    15.976
      -1.19    18.240
       0.10    20.026
       1.39    20.391
       2.68    19.846
       3.97    17.624
       5.25    14.860
       6.54    12.109
       7.83     9.786
       9.12     8.087
      10.41     7.082
      11.70     6.398
      12.98     5.581
      14.27     5.080
      15.56     4.937
      16.85     4.650
      18.14     4.530
      19.42     4.361
      20.71     3.934
      22.00     3.660
      23.29     3.376
      24.58     2.997
      25.87     2.567
      27.15     2.313
      28.44     1.981
      29.73     1.665
      31.02     1.350
      32.31     1.130
      33.60     0.843
      34.88     0.743
      36.17     0.459
      37.46     0.423
      38.75     0.212
      40.04     0.185
      41.32     0.188
      42.61     0.161
      43.90     0.176
      45.19     0.125
      46.48     0.133
      47.77     0.060
      49.05    -0.055
      50.34    -0.023
      51.63    -0.047
      52.92     0.132
      54.21     0.110
      55.50    -0.029
      56.78    -0.093
      58.07    -0.060
      59.36     0.000
      60.65    -0.037
      61.94     0.001
      63.22     0.023
      64.51    -0.007
      65.80    -0.023
      67.09    -0.020
      68.38     0.146
      69.67    -0.122
      70.95    -0.127
      72.24     0.014
      73.53    -0.101
      74.82    -0.001
      76.11    -0.116
      77.40     0.076
      78.68     0.015
      79.97     0.023
      81.26    -0.040
      82.55    -0.027
      83.84     0.008
      85.12     0.046
      86.41     0.011
      87.70     0.056
      88.99     0.026
      90.28    -0.047
      91.57     0.054
      92.85     0.050
      94.14     0.023
      95.43     0.114
      96.72     0.074
      98.01    -0.007
      99.30    -0.107
     100.58     0.059
     101.87     0.012
     103.16    -0.053
     104.45    -0.090
     105.74     0.040
     107.02     0.014
     108.31    -0.050
     109.60    -0.065
     110.89    -0.038
     112.18    -0.072
     113.47    -0.161
     114.75    -0.111
     116.04     0.054
     117.33     0.007
     118.62     0.127
     119.91    -0.022
     121.20    -0.150
     122.48     0.026
     123.77    -0.087
     125.06     0.014
     126.35    -0.049
     127.64    -0.095
     128.92     0.053
     130.21     0.074
     131.50    -0.056
     132.79    -0.074
     134.08     0.060
     135.37     0.020
     136.65     0.018
     137.94     0.092
     139.23     0.076
     140.52     0.034
     141.81    -0.021
     143.09     0.015
     144.38    -0.049
     145.67    -0.074
     146.96     0.040
     148.25     0.109
     149.54    -0.109
     150.82    -0.002
     152.11    -0.091
     153.40     0.044
     154.69     0.087
     155.98     0.074
     157.27    -0.028
     158.55    -0.046
     159.84     0.007
     161.13    -0.108
     162.42     0.030
     163.71     0.005
     164.99    -0.025
     166.28     0.022
     167.57     0.118
     168.86     0.065
     170.15    -0.018
     171.44    -0.098
     172.72     0.022
     174.01     0.024
     175.30     0.051
     176.59    -0.009
     177.88    -0.066
     179.17    -0.090
     180.45     0.033
     181.74     0.041
     183.03    -0.073
     184.32    -0.087
     185.61     0.019
     186.89     0.032
     188.18    -0.002
     189.47    -0.058
     190.76    -0.113
     192.05    -0.023
     193.34     0.025
     194.62    -0.035
     195.91    -0.016
     197.20    -0.029
     198.49     0.043
     199.78     0.065
     201.07     0.067
     202.35    -0.001
     203.64    -0.010
     204.93     0.122
     206.22     0.016
     207.51    -0.004
     208.79    -0.083
     210.08     0.085
     211.37     0.142
     212.66     0.052
     213.95     0.064
     215.24    -0.049
     216.52    -0.042
     217.81     0.148
     219.10    -0.003
     220.39    -0.108
     221.68    -0.052
     222.97     0.030
     224.25     0.047
     225.54    -0.085
     226.83    -0.025
     228.12    -0.139
     229.41    -0.042
     230.69    -0.094
     231.98     0.004
     233.27    -0.006
     234.56    -0.001
     235.85     0.027
     237.14     0.173
     238.42     0.044
     239.71    -0.006
     241.00     0.068
     242.29     0.024
     243.58     0.039
     244.87    -0.011
     246.15     0.020
     247.44     0.016
     248.73     0.151
     250.02     0.083
     251.31    -0.097
     252.59    -0.032
     253.88     0.035
     255.17     0.173
     256.46     0.110
     257.75    -0.022
     259.04    -0.117
     260.32    -0.122
     261.61    -0.066
     262.90    -0.020
     264.19    -0.172
     265.48    -0.057
     266.77     0.020
     268.05    -0.080
     269.34    -0.078
     270.63    -0.070
     271.92    -0.029
     273.21    -0.119
     274.49    -0.038
     275.78     0.038
     277.07    -0.018
     278.36    -0.247
     279.65    -0.118
     280.94    -0.056
     282.22    -0.006
     283.51     0.002
     284.80     0.093
     286.09     0.066
     287.38     0.016
     288.67     0.142
     289.95     0.008
     291.24    -0.038
     292.53     0.075
     293.82    -0.009
     295.11     0.009
     296.39    -0.012
     297.68    -0.037
     298.97    -0.117
     300.26    -0.046
     301.55    -0.046
     302.84     0.007
     304.12    -0.068
     305.41    -0.086
     306.70    -0.051
     307.99    -0.030
     309.28     0.027
     310.57    -0.001
     311.85    -0.069
     313.14     0.082
     314.43    -0.049
     315.72    -0.049
     317.01     0.048
     318.29     0.004
     319.58     0.090
     320.87     0.081
     322.16     0.039
     323.45    -0.030
     324.74     0.045
     326.02     0.039
     327.31    -0.031
     328.60    -0.013
     329.89    -0.029
     331.18    -0.023
     332.47     0.036
     333.75    -0.049
     335.04     0.024
     336.33    -0.049
     337.62     0.074
     338.91     0.164
     340.19     0.035
     341.48     0.054
     342.77    -0.010
     344.06    -0.059
     345.35     0.103
     346.64    -0.112
     347.92     0.020
     349.21     0.089
     350.50     0.011
     351.79     0.022
     353.08    -0.006
     354.37    -0.039
     355.65    -0.033
     356.94     0.007
     358.23     0.134
     359.52     0.065
     360.81     0.080
     362.09     0.013
     363.38     0.026
     364.67     0.014
     365.96    -0.053
     367.25     0.014
     368.54    -0.024
     369.82    -0.035
     371.11    -0.093
     372.40     0.039
     373.69     0.230
     374.98     0.127
     376.27    -0.015
     377.55    -0.009
     378.84    -0.120
     380.13    -0.071
     381.42     0.070
     382.71    -0.081
     383.99    -0.017
     385.28    -0.013
     386.57     0.003
     387.86    -0.015
     389.15    -0.036
     390.44    -0.149
     391.72     0.005
     393.01    -0.007
     394.30    -0.020
     395.59    -0.006
     396.88     0.100
     398.17     0.063
     399.45    -0.064
%%GASS      0  datapoints: v_lsr [km/s] and T_B [K]
%%LAB     777  datapoints: v_lsr [km/s] and T_B [K]
    -399.83    -0.135
    -398.80     0.080
    -397.77     0.090
    -396.74    -0.022
    -395.71    -0.040
    -394.68     0.017
    -393.65     0.129
    -392.62    -0.000
    -391.59     0.075
    -390.56     0.093
    -389.53     0.184
    -388.50     0.028
    -387.47     0.006
    -386.43     0.012
    -385.40     0.058
    -384.37    -0.040
    -383.34    -0.010
    -382.31    -0.076
    -381.28    -0.068
    -380.25     0.122
    -379.22    -0.005
    -378.19    -0.036
    -377.16    -0.136
    -376.13     0.042
    -375.10    -0.029
    -374.07    -0.154
    -373.04    -0.045
    -372.01    -0.052
    -370.98    -0.067
    -369.95     0.015
    -368.92    -0.109
    -367.89     0.024
    -366.86    -0.068
    -365.82     0.035
    -364.79    -0.133
    -363.76    -0.030
    -362.73    -0.165
    -361.70    -0.056
    -360.67    -0.050
    -359.64     0.150
    -358.61     0.056
    -357.58     0.017
    -356.55    -0.025
    -355.52    -0.003
    -354.49     0.138
    -353.46    -0.070
    -352.43     0.061
    -351.40    -0.024
    -350.37     0.069
    -349.34     0.170
    -348.31     0.001
    -347.28    -0.040
    -346.25    -0.066
    -345.21     0.069
    -344.18    -0.038
    -343.15     0.088
    -342.12     0.010
    -341.09    -0.023
    -340.06     0.091
    -339.03    -0.063
    -338.00     0.077
    -336.97    -0.006
    -335.94     0.120
    -334.91    -0.039
    -333.88    -0.080
    -332.85     0.029
    -331.82    -0.042
    -330.79    -0.108
    -329.76     0.037
    -328.73     0.075
    -327.70    -0.030
    -326.67     0.162
    -325.64    -0.044
    -324.60    -0.187
    -323.57     0.066
    -322.54     0.044
    -321.51     0.099
    -320.48     0.109
    -319.45     0.038
    -318.42    -0.215
    -317.39    -0.074
    -316.36    -0.101
    -315.33    -0.235
    -314.30    -0.147
    -313.27    -0.006
    -312.24    -0.067
    -311.21     0.056
    -310.18     0.057
    -309.15     0.106
    -308.12    -0.097
    -307.09     0.037
    -306.06    -0.113
    -305.03     0.045
    -304.00     0.146
    -302.96     0.087
    -301.93     0.006
    -300.90     0.085
    -299.87    -0.038
    -298.84    -0.028
    -297.81    -0.040
    -296.78     0.102
    -295.75    -0.045
    -294.72     0.009
    -293.69     0.157
    -292.66    -0.134
    -291.63     0.020
    -290.60    -0.085
    -289.57    -0.009
    -288.54     0.224
    -287.51     0.018
    -286.48    -0.004
    -285.45    -0.067
    -284.42    -0.063
    -283.39    -0.096
    -282.35    -0.020
    -281.32    -0.044
    -280.29    -0.036
    -279.26    -0.051
    -278.23     0.188
    -277.20    -0.018
    -276.17    -0.080
    -275.14     0.110
    -274.11    -0.084
    -273.08    -0.079
    -272.05    -0.027
    -271.02    -0.058
    -269.99     0.037
    -268.96    -0.106
    -267.93     0.148
    -266.90     0.002
    -265.87     0.129
    -264.84     0.156
    -263.81     0.088
    -262.78     0.155
    -261.74     0.051
    -260.71    -0.038
    -259.68     0.058
    -258.65     0.048
    -257.62    -0.086
    -256.59     0.064
    -255.56     0.140
    -254.53    -0.003
    -253.50     0.013
    -252.47     0.116
    -251.44     0.261
    -250.41    -0.139
    -249.38     0.011
    -248.35     0.037
    -247.32     0.017
    -246.29    -0.001
    -245.26     0.037
    -244.23    -0.088
    -243.20     0.111
    -242.17    -0.061
    -241.14    -0.009
    -240.10     0.068
    -239.07    -0.213
    -238.04     0.024
    -237.01     0.047
    -235.98     0.020
    -234.95    -0.028
    -233.92    -0.182
    -232.89     0.111
    -231.86    -0.113
    -230.83    -0.095
    -229.80     0.124
    -228.77     0.017
    -227.74    -0.002
    -226.71    -0.017
    -225.68     0.090
    -224.65    -0.013
    -223.62    -0.004
    -222.59     0.080
    -221.56    -0.090
    -220.53     0.100
    -219.49    -0.023
    -218.46     0.129
    -217.43     0.040
    -216.40    -0.114
    -215.37     0.014
    -214.34     0.102
    -213.31    -0.008
    -212.28    -0.094
    -211.25    -0.061
    -210.22     0.146
    -209.19     0.045
    -208.16    -0.041
    -207.13    -0.093
    -206.10     0.113
    -205.07     0.143
    -204.04     0.025
    -203.01     0.000
    -201.98     0.018
    -200.95    -0.001
    -199.92     0.047
    -198.88    -0.137
    -197.85    -0.028
    -196.82    -0.075
    -195.79     0.003
    -194.76    -0.106
    -193.73     0.100
    -192.70    -0.001
    -191.67     0.014
    -190.64     0.031
    -189.61     0.082
    -188.58    -0.070
    -187.55     0.082
    -186.52    -0.078
    -185.49    -0.027
    -184.46    -0.054
    -183.43     0.009
    -182.40     0.020
    -181.37    -0.033
    -180.34     0.026
    -179.31     0.113
    -178.28     0.049
    -177.24     0.040
    -176.21     0.140
    -175.18     0.120
    -174.15     0.024
    -173.12     0.200
    -172.09     0.087
    -171.06    -0.066
    -170.03    -0.017
    -169.00     0.143
    -167.97     0.033
    -166.94    -0.031
    -165.91     0.083
    -164.88    -0.084
    -163.85    -0.061
    -162.82     0.039
    -161.79     0.070
    -160.76    -0.043
    -159.73     0.059
    -158.70    -0.011
    -157.67     0.221
    -156.63    -0.065
    -155.60    -0.034
    -154.57    -0.015
    -153.54     0.153
    -152.51     0.018
    -151.48    -0.094
    -150.45    -0.054
    -149.42     0.013
    -148.39     0.139
    -147.36     0.002
    -146.33    -0.042
    -145.30     0.092
    -144.27     0.009
    -143.24    -0.138
    -142.21    -0.016
    -141.18     0.036
    -140.15     0.051
    -139.12    -0.171
    -138.09     0.073
    -137.06     0.169
    -136.02     0.065
    -134.99     0.042
    -133.96     0.069
    -132.93     0.416
    -131.90     0.296
    -130.87     0.079
    -129.84     0.348
    -128.81     0.340
    -127.78     0.484
    -126.75     0.380
    -125.72     0.510
    -124.69     0.464
    -123.66     0.917
    -122.63     0.792
    -121.60     0.837
    -120.57     0.942
    -119.54     1.057
    -118.51     1.234
    -117.48     1.249
    -116.45     1.477
    -115.42     1.423
    -114.38     1.503
    -113.35     1.681
    -112.32     1.399
    -111.29     1.698
    -110.26     1.614
    -109.23     1.832
    -108.20     1.740
    -107.17     1.349
    -106.14     1.490
    -105.11     1.352
    -104.08     1.143
    -103.05     0.998
    -102.02     0.819
    -100.99     0.915
     -99.96     0.779
     -98.93     0.887
     -97.90     0.690
     -96.87     0.670
     -95.84     0.501
     -94.81     0.872
     -93.77     0.808
     -92.74     0.762
     -91.71     0.576
     -90.68     0.650
     -89.65     0.677
     -88.62     0.753
     -87.59     0.684
     -86.56     0.751
     -85.53     0.711
     -84.50     0.718
     -83.47     0.838
     -82.44     0.681
     -81.41     0.635
     -80.38     0.721
     -79.35     0.865
     -78.32     0.786
     -77.29     0.778
     -76.26     0.866
     -75.23     0.773
     -74.20     0.760
     -73.16     0.564
     -72.13     0.699
     -71.10     0.700
     -70.07     0.615
     -69.04     0.669
     -68.01     0.805
     -66.98     0.817
     -65.95     0.593
     -64.92     0.659
     -63.89     0.782
     -62.86     0.721
     -61.83     0.757
     -60.80     0.793
     -59.77     0.930
     -58.74     1.019
     -57.71     1.091
     -56.68     1.225
     -55.65     1.361
     -54.62     1.436
     -53.59     1.582
     -52.56     1.456
     -51.52     1.611
     -50.49     1.801
     -49.46     1.842
     -48.43     1.934
     -47.40     2.103
     -46.37     2.119
     -45.34     2.408
     -44.31     2.493
     -43.28     2.488
     -42.25     2.773
     -41.22     2.975
     -40.19     2.810
     -39.16     2.986
     -38.13     2.974
     -37.10     3.239
     -36.07     3.372
     -35.04     3.493
     -34.01     3.997
     -32.98     4.345
     -31.95     4.406
     -30.91     4.588
     -29.88     4.468
     -28.85     4.219
     -27.82     4.338
     -26.79     4.062
     -25.76     3.571
     -24.73     3.215
     -23.70     3.207
     -22.67     3.029
     -21.64     3.074
     -20.61     3.049
     -19.58     3.234
     -18.55     3.520
     -17.52     3.642
     -16.49     4.152
     -15.46     5.014
     -14.43     5.755
     -13.40     6.457
     -12.37     7.378
     -11.34     7.759
     -10.30     8.804
      -9.27     9.485
      -8.24    10.437
      -7.21    10.841
      -6.18    11.139
      -5.15    11.593
      -4.12    12.141
      -3.09    12.898
      -2.06    14.474
      -1.03    16.549
       0.00    17.850
       1.03    18.171
       2.06    17.654
       3.09    16.357
       4.12    14.681
       5.15    12.832
       6.18    11.408
       7.21    10.193
       8.24     8.908
       9.27     7.850
      10.30     7.107
      11.34     6.327
      12.37     5.919
      13.40     5.500
      14.43     5.174
      15.46     5.068
      16.49     4.816
      17.52     4.635
      18.55     4.306
      19.58     4.079
      20.61     3.826
      21.64     3.665
      22.67     3.322
      23.70     2.986
      24.73     2.844
      25.76     2.527
      26.79     2.416
      27.82     2.136
      28.85     2.127
      29.88     1.742
      30.91     1.584
      31.95     1.425
      32.98     1.302
      34.01     1.011
      35.04     0.947
      36.07     0.804
      37.10     0.427
      38.13     0.328
      39.16     0.517
      40.19     0.215
      41.22     0.156
      42.25     0.282
      43.28    -0.022
      44.31     0.140
      45.34     0.041
      46.37     0.058
      47.40     0.107
      48.43    -0.190
      49.46     0.002
      50.49    -0.093
      51.52     0.075
      52.56     0.115
      53.59     0.101
      54.62    -0.048
      55.65     0.138
      56.68    -0.141
      57.71     0.086
      58.74    -0.055
      59.77    -0.018
      60.80     0.085
      61.83     0.089
      62.86    -0.085
      63.89     0.098
      64.92    -0.153
      65.95     0.069
      66.98     0.002
      68.01     0.059
      69.04     0.076
      70.07     0.151
      71.10    -0.053
      72.13     0.087
      73.16    -0.094
      74.20    -0.085
      75.23    -0.023
      76.26    -0.114
      77.29    -0.078
      78.32    -0.106
      79.35    -0.003
      80.38    -0.017
      81.41     0.093
      82.44     0.129
      83.47    -0.107
      84.50    -0.008
      85.53     0.095
      86.56     0.199
      87.59    -0.011
      88.62     0.039
      89.65     0.177
      90.68    -0.056
      91.71    -0.005
      92.74    -0.006
      93.77     0.062
      94.81    -0.023
      95.84     0.172
      96.87     0.065
      97.90     0.097
      98.93    -0.042
      99.96    -0.002
     100.99     0.148
     102.02    -0.001
     103.05    -0.101
     104.08     0.135
     105.11     0.013
     106.14     0.019
     107.17     0.129
     108.20     0.054
     109.23    -0.024
     110.26     0.059
     111.29     0.032
     112.32     0.001
     113.35     0.021
     114.38     0.150
     115.42     0.067
     116.45     0.093
     117.48     0.102
     118.51     0.035
     119.54    -0.047
     120.57    -0.168
     121.60     0.122
     122.63    -0.062
     123.66     0.032
     124.69    -0.163
     125.72    -0.024
     126.75    -0.099
     127.78     0.019
     128.81    -0.005
     129.84    -0.005
     130.87    -0.090
     131.90     0.221
     132.93    -0.020
     133.96    -0.052
     134.99    -0.086
     136.02     0.154
     137.06     0.110
     138.09    -0.044
     139.12     0.033
     140.15     0.027
     141.18     0.179
     142.21     0.033
     143.24    -0.108
     144.27    -0.039
     145.30    -0.155
     146.33     0.156
     147.36    -0.000
     148.39     0.207
     149.42    -0.038
     150.45    -0.040
     151.48     0.016
     152.51     0.157
     153.54     0.048
     154.57     0.184
     155.60     0.162
     156.63    -0.007
     157.67     0.053
     158.70     0.080
     159.73    -0.218
     160.76    -0.012
     161.79     0.062
     162.82    -0.028
     163.85     0.107
     164.88     0.010
     165.91    -0.016
     166.94    -0.070
     167.97    -0.020
     169.00    -0.003
     170.03    -0.105
     171.06    -0.016
     172.09    -0.032
     173.12    -0.041
     174.15    -0.130
     175.18     0.045
     176.21    -0.075
     177.24     0.061
     178.28    -0.061
     179.31     0.097
     180.34    -0.049
     181.37     0.010
     182.40     0.064
     183.43     0.070
     184.46    -0.038
     185.49    -0.031
     186.52    -0.032
     187.55     0.085
     188.58     0.060
     189.61     0.161
     190.64    -0.044
     191.67    -0.070
     192.70    -0.088
     193.73     0.120
     194.76     0.180
     195.79     0.207
     196.82    -0.084
     197.85    -0.043
     198.88    -0.099
     199.92    -0.132
     200.95     0.147
     201.98     0.040
     203.01     0.057
     204.04     0.173
     205.07    -0.148
     206.10    -0.001
     207.13    -0.087
     208.16     0.113
     209.19    -0.070
     210.22    -0.047
     211.25    -0.220
     212.28     0.102
     213.31    -0.039
     214.34    -0.050
     215.37     0.084
     216.40    -0.039
     217.43     0.014
     218.46     0.045
     219.49    -0.053
     220.53    -0.099
     221.56    -0.089
     222.59     0.009
     223.62    -0.138
     224.65     0.084
     225.68     0.044
     226.71     0.031
     227.74     0.066
     228.77     0.176
     229.80    -0.156
     230.83    -0.047
     231.86    -0.129
     232.89    -0.057
     233.92    -0.228
     234.95     0.089
     235.98     0.049
     237.01    -0.076
     238.04     0.065
     239.07    -0.022
     240.10     0.005
     241.14     0.051
     242.17    -0.034
     243.20     0.072
     244.23    -0.177
     245.26     0.182
     246.29     0.117
     247.32     0.033
     248.35     0.032
     249.38    -0.056
     250.41    -0.007
     251.44     0.131
     252.47     0.157
     253.50    -0.017
     254.53    -0.119
     255.56    -0.161
     256.59     0.015
     257.62     0.029
     258.65     0.073
     259.68    -0.113
     260.71    -0.049
     261.74     0.117
     262.78    -0.135
     263.81     0.106
     264.84    -0.053
     265.87     0.202
     266.90    -0.103
     267.93     0.092
     268.96     0.002
     269.99    -0.034
     271.02    -0.068
     272.05    -0.008
     273.08    -0.032
     274.11     0.021
     275.14    -0.075
     276.17     0.009
     277.20    -0.153
     278.23     0.162
     279.26     0.081
     280.29    -0.082
     281.32     0.105
     282.35     0.176
     283.39    -0.041
     284.42    -0.025
     285.45     0.147
     286.48     0.163
     287.51    -0.018
     288.54    -0.045
     289.57    -0.072
     290.60     0.022
     291.63     0.046
     292.66    -0.022
     293.69    -0.107
     294.72     0.072
     295.75    -0.053
     296.78     0.118
     297.81     0.022
     298.84     0.121
     299.87    -0.026
     300.90    -0.172
     301.93    -0.123
     302.96    -0.150
     304.00    -0.077
     305.03    -0.140
     306.06     0.030
     307.09    -0.096
     308.12    -0.049
     309.15     0.026
     310.18     0.013
     311.21     0.015
     312.24    -0.005
     313.27    -0.082
     314.30     0.073
     315.33    -0.058
     316.36     0.046
     317.39     0.120
     318.42    -0.091
     319.45     0.072
     320.48     0.002
     321.51     0.102
     322.54    -0.292
     323.57    -0.117
     324.60    -0.084
     325.64     0.006
     326.67    -0.025
     327.70    -0.007
     328.73    -0.063
     329.76     0.032
     330.79    -0.060
     331.82     0.087
     332.85     0.078
     333.88     0.098
     334.91     0.147
     335.94    -0.001
     336.97     0.077
     338.00     0.007
     339.03     0.006
     340.06    -0.014
     341.09    -0.256
     342.12    -0.018
     343.15    -0.049
     344.18    -0.114
     345.21    -0.021
     346.25     0.037
     347.28    -0.080
     348.31     0.087
     349.34    -0.043
     350.37     0.174
     351.40    -0.005
     352.43    -0.031
     353.46     0.039
     354.49     0.023
     355.52    -0.111
     356.55    -0.018
     357.58    -0.093
     358.61     0.147
     359.64    -0.049
     360.67     0.084
     361.70     0.085
     362.73    -0.093
     363.76    -0.073
     364.79    -0.007
     365.82    -0.078
     366.86    -0.034
     367.89     0.102
     368.92     0.010
     369.95    -0.117
     370.98     0.054
     372.01    -0.007
     373.04     0.063
     374.07    -0.080
     375.10     0.031
     376.13     0.120
     377.16    -0.028
     378.19     0.104
     379.22     0.180
     380.25     0.106
     381.28     0.135
     382.31    -0.114
     383.34    -0.184
     384.37    -0.031
     385.40     0.131
     386.43     0.001
     387.47     0.024
     388.50     0.047
     389.53    -0.210
     390.56    -0.054
     391.59     0.234
     392.62    -0.043
     393.65    -0.003
     394.68     0.060
     395.71     0.005
     396.74     0.062
     397.77     0.011
     398.80    -0.024
     399.83    -0.048
