%%   85.00000 -12.50000    0   0.20000
% LAB  survey ------------------
% wanted position:  l, b, RA, DEC, and interpolated  NH
% 85.00 ; -12.50 ; 325.04 ;  35.92 ;  0.153E+22
% nearest position: l, b, RA, DEC, and observed NH
% 85.00 ; -12.50 ; 325.04 ;  35.92 ;  0.153E+22
% GASS III survey --------------
% NH - median within 6 arcmin radius   0.00    
% NH - mean within specified beam      0.00    
% EBHIS survey -----------------
% NH  within specified beam           0.152E+22
%%EBHIS   621  datapoints: v_lsr [km/s] and T_B [K]
    -399.25    -0.033
    -397.96     0.057
    -396.68     0.068
    -395.39     0.058
    -394.10     0.004
    -392.81    -0.163
    -391.52    -0.065
    -390.23    -0.056
    -388.95     0.078
    -387.66    -0.054
    -386.37    -0.044
    -385.08     0.044
    -383.79    -0.001
    -382.50    -0.078
    -381.22    -0.075
    -379.93     0.015
    -378.64     0.105
    -377.35    -0.139
    -376.06     0.064
    -374.78    -0.060
    -373.49     0.018
    -372.20     0.094
    -370.91    -0.062
    -369.62    -0.007
    -368.33     0.051
    -367.05    -0.030
    -365.76     0.059
    -364.47     0.185
    -363.18     0.152
    -361.89    -0.024
    -360.60    -0.124
    -359.32     0.048
    -358.03    -0.024
    -356.74     0.022
    -355.45    -0.029
    -354.16    -0.052
    -352.88     0.097
    -351.59     0.025
    -350.30    -0.085
    -349.01    -0.015
    -347.72     0.034
    -346.43    -0.041
    -345.15     0.066
    -343.86     0.077
    -342.57     0.151
    -341.28    -0.075
    -339.99    -0.058
    -338.70    -0.140
    -337.42     0.015
    -336.13     0.059
    -334.84     0.108
    -333.55    -0.044
    -332.26     0.030
    -330.98     0.001
    -329.69    -0.008
    -328.40    -0.089
    -327.11    -0.002
    -325.82    -0.042
    -324.53     0.064
    -323.25     0.003
    -321.96     0.022
    -320.67     0.038
    -319.38     0.008
    -318.09    -0.053
    -316.80    -0.014
    -315.52    -0.025
    -314.23     0.161
    -312.94     0.026
    -311.65    -0.016
    -310.36    -0.011
    -309.08     0.026
    -307.79     0.035
    -306.50     0.071
    -305.21    -0.011
    -303.92     0.047
    -302.63     0.097
    -301.35    -0.009
    -300.06    -0.047
    -298.77    -0.045
    -297.48    -0.052
    -296.19     0.003
    -294.90     0.068
    -293.62    -0.014
    -292.33    -0.058
    -291.04    -0.115
    -289.75     0.008
    -288.46     0.048
    -287.18     0.016
    -285.89     0.044
    -284.60    -0.009
    -283.31    -0.103
    -282.02     0.021
    -280.73     0.057
    -279.45    -0.004
    -278.16    -0.037
    -276.87    -0.043
    -275.58     0.023
    -274.29    -0.042
    -273.00    -0.146
    -271.72    -0.034
    -270.43     0.041
    -269.14     0.002
    -267.85    -0.095
    -266.56    -0.009
    -265.28     0.143
    -263.99     0.048
    -262.70    -0.004
    -261.41    -0.090
    -260.12    -0.039
    -258.83     0.052
    -257.55     0.122
    -256.26    -0.102
    -254.97    -0.052
    -253.68    -0.073
    -252.39     0.049
    -251.10    -0.087
    -249.82    -0.024
    -248.53    -0.042
    -247.24    -0.053
    -245.95     0.117
    -244.66    -0.004
    -243.38    -0.044
    -242.09     0.021
    -240.80    -0.048
    -239.51    -0.013
    -238.22     0.057
    -236.93     0.005
    -235.65    -0.090
    -234.36     0.092
    -233.07     0.022
    -231.78    -0.008
    -230.49    -0.053
    -229.20    -0.062
    -227.92     0.017
    -226.63     0.126
    -225.34     0.050
    -224.05    -0.106
    -222.76    -0.015
    -221.48    -0.071
    -220.19    -0.067
    -218.90    -0.005
    -217.61    -0.023
    -216.32     0.032
    -215.03    -0.076
    -213.75     0.043
    -212.46    -0.082
    -211.17    -0.023
    -209.88    -0.022
    -208.59    -0.039
    -207.30    -0.049
    -206.02     0.023
    -204.73     0.067
    -203.44     0.014
    -202.15    -0.136
    -200.86     0.040
    -199.58     0.106
    -198.29     0.060
    -197.00     0.036
    -195.71     0.079
    -194.42     0.131
    -193.13     0.012
    -191.85    -0.022
    -190.56     0.062
    -189.27     0.022
    -187.98    -0.005
    -186.69    -0.018
    -185.40    -0.106
    -184.12    -0.111
    -182.83    -0.063
    -181.54    -0.011
    -180.25     0.024
    -178.96     0.009
    -177.68     0.071
    -176.39    -0.004
    -175.10    -0.146
    -173.81    -0.029
    -172.52    -0.003
    -171.23    -0.091
    -169.95    -0.048
    -168.66    -0.074
    -167.37     0.082
    -166.08     0.034
    -164.79    -0.008
    -163.50     0.076
    -162.22    -0.005
    -160.93    -0.064
    -159.64     0.009
    -158.35    -0.072
    -157.06     0.099
    -155.78     0.101
    -154.49    -0.045
    -153.20    -0.060
    -151.91     0.052
    -150.62     0.032
    -149.33     0.084
    -148.05    -0.041
    -146.76    -0.070
    -145.47    -0.016
    -144.18    -0.049
    -142.89     0.005
    -141.60    -0.024
    -140.32     0.023
    -139.03     0.015
    -137.74    -0.033
    -136.45     0.047
    -135.16     0.050
    -133.88     0.023
    -132.59     0.120
    -131.30     0.126
    -130.01    -0.054
    -128.72    -0.043
    -127.43     0.097
    -126.15     0.095
    -124.86     0.008
    -123.57     0.071
    -122.28     0.009
    -120.99     0.171
    -119.70     0.147
    -118.42     0.086
    -117.13     0.200
    -115.84     0.231
    -114.55    -0.005
    -113.26     0.149
    -111.98     0.198
    -110.69     0.078
    -109.40     0.140
    -108.11     0.178
    -106.82     0.162
    -105.53     0.072
    -104.25     0.063
    -102.96     0.081
    -101.67     0.135
    -100.38     0.252
     -99.09     0.039
     -97.80     0.105
     -96.52     0.098
     -95.23     0.093
     -93.94     0.184
     -92.65     0.198
     -91.36     0.134
     -90.08     0.217
     -88.79     0.092
     -87.50     0.145
     -86.21     0.158
     -84.92     0.223
     -83.63     0.242
     -82.35     0.195
     -81.06     0.295
     -79.77     0.441
     -78.48     0.327
     -77.19     0.288
     -75.90     0.340
     -74.62     0.358
     -73.33     0.396
     -72.04     0.510
     -70.75     0.410
     -69.46     0.327
     -68.18     0.429
     -66.89     0.364
     -65.60     0.548
     -64.31     0.606
     -63.02     0.589
     -61.73     0.607
     -60.45     0.650
     -59.16     0.700
     -57.87     0.613
     -56.58     0.831
     -55.29     0.757
     -54.00     0.786
     -52.72     0.906
     -51.43     0.985
     -50.14     1.028
     -48.85     1.084
     -47.56     1.173
     -46.28     1.066
     -44.99     1.110
     -43.70     1.279
     -42.41     1.258
     -41.12     1.326
     -39.83     1.383
     -38.55     1.497
     -37.26     1.651
     -35.97     1.880
     -34.68     2.182
     -33.39     2.785
     -32.10     3.059
     -30.82     3.353
     -29.53     3.743
     -28.24     4.602
     -26.95     5.304
     -25.66     5.891
     -24.38     6.701
     -23.09     7.660
     -21.80     9.418
     -20.51    11.633
     -19.22    12.396
     -17.93    11.049
     -16.65     9.307
     -15.36     7.782
     -14.07     7.076
     -12.78     7.190
     -11.49     7.730
     -10.20     9.108
      -8.92    11.362
      -7.63    14.365
      -6.34    16.238
      -5.05    17.503
      -3.76    20.277
      -2.48    25.478
      -1.19    31.143
       0.10    34.689
       1.39    36.446
       2.68    38.885
       3.97    40.924
       5.25    38.415
       6.54    32.098
       7.83    26.018
       9.12    23.986
      10.41    20.730
      11.70    13.307
      12.98     7.310
      14.27     5.053
      15.56     3.830
      16.85     3.119
      18.14     2.414
      19.42     1.931
      20.71     1.550
      22.00     1.049
      23.29     0.906
      24.58     0.834
      25.87     0.559
      27.15     0.447
      28.44     0.499
      29.73     0.284
      31.02     0.284
      32.31     0.219
      33.60     0.131
      34.88     0.086
      36.17     0.111
      37.46     0.131
      38.75     0.047
      40.04    -0.029
      41.32     0.034
      42.61     0.132
      43.90     0.278
      45.19     0.120
      46.48     0.043
      47.77    -0.004
      49.05     0.042
      50.34     0.044
      51.63     0.160
      52.92     0.112
      54.21    -0.024
      55.50    -0.003
      56.78     0.076
      58.07     0.058
      59.36     0.039
      60.65     0.167
      61.94     0.001
      63.22     0.035
      64.51     0.004
      65.80    -0.059
      67.09     0.105
      68.38    -0.027
      69.67    -0.058
      70.95    -0.005
      72.24     0.013
      73.53     0.064
      74.82    -0.025
      76.11    -0.020
      77.40     0.076
      78.68     0.084
      79.97     0.145
      81.26     0.136
      82.55    -0.002
      83.84     0.058
      85.12    -0.100
      86.41    -0.100
      87.70    -0.005
      88.99     0.031
      90.28     0.133
      91.57    -0.002
      92.85    -0.079
      94.14    -0.015
      95.43     0.053
      96.72     0.065
      98.01     0.030
      99.30    -0.012
     100.58    -0.013
     101.87     0.056
     103.16    -0.141
     104.45     0.060
     105.74    -0.164
     107.02    -0.052
     108.31     0.109
     109.60     0.123
     110.89    -0.030
     112.18    -0.075
     113.47    -0.106
     114.75    -0.045
     116.04    -0.083
     117.33     0.053
     118.62    -0.029
     119.91    -0.012
     121.20     0.065
     122.48    -0.012
     123.77     0.073
     125.06    -0.040
     126.35     0.078
     127.64     0.086
     128.92     0.076
     130.21     0.087
     131.50    -0.078
     132.79     0.002
     134.08    -0.078
     135.37    -0.084
     136.65     0.023
     137.94    -0.055
     139.23    -0.014
     140.52    -0.070
     141.81    -0.157
     143.09     0.108
     144.38     0.024
     145.67     0.125
     146.96     0.019
     148.25    -0.038
     149.54     0.049
     150.82     0.138
     152.11     0.015
     153.40    -0.066
     154.69     0.066
     155.98    -0.012
     157.27    -0.158
     158.55    -0.109
     159.84     0.027
     161.13     0.093
     162.42    -0.018
     163.71    -0.146
     164.99    -0.068
     166.28     0.086
     167.57    -0.049
     168.86    -0.018
     170.15     0.003
     171.44    -0.023
     172.72     0.104
     174.01     0.053
     175.30    -0.015
     176.59    -0.025
     177.88    -0.053
     179.17    -0.123
     180.45    -0.040
     181.74    -0.096
     183.03     0.035
     184.32     0.005
     185.61     0.069
     186.89    -0.088
     188.18     0.007
     189.47     0.057
     190.76     0.138
     192.05     0.126
     193.34     0.043
     194.62    -0.007
     195.91     0.082
     197.20     0.013
     198.49    -0.084
     199.78    -0.047
     201.07     0.029
     202.35    -0.024
     203.64     0.026
     204.93    -0.088
     206.22    -0.027
     207.51     0.021
     208.79     0.083
     210.08    -0.083
     211.37     0.087
     212.66     0.097
     213.95     0.055
     215.24    -0.019
     216.52     0.087
     217.81     0.045
     219.10     0.065
     220.39     0.068
     221.68    -0.031
     222.97    -0.020
     224.25    -0.013
     225.54    -0.102
     226.83    -0.006
     228.12    -0.035
     229.41    -0.059
     230.69    -0.084
     231.98     0.011
     233.27    -0.005
     234.56     0.047
     235.85    -0.078
     237.14    -0.089
     238.42    -0.093
     239.71    -0.137
     241.00    -0.041
     242.29    -0.065
     243.58    -0.023
     244.87    -0.085
     246.15    -0.039
     247.44     0.121
     248.73     0.005
     250.02    -0.030
     251.31     0.034
     252.59     0.005
     253.88     0.154
     255.17     0.056
     256.46     0.039
     257.75     0.083
     259.04    -0.085
     260.32    -0.026
     261.61     0.197
     262.90    -0.054
     264.19     0.066
     265.48     0.094
     266.77    -0.130
     268.05    -0.162
     269.34    -0.102
     270.63     0.122
     271.92     0.048
     273.21     0.037
     274.49    -0.064
     275.78    -0.176
     277.07    -0.063
     278.36    -0.077
     279.65     0.008
     280.94     0.030
     282.22    -0.072
     283.51    -0.026
     284.80     0.105
     286.09     0.030
     287.38    -0.017
     288.67    -0.049
     289.95    -0.018
     291.24    -0.061
     292.53     0.038
     293.82    -0.081
     295.11    -0.101
     296.39     0.081
     297.68     0.043
     298.97    -0.106
     300.26     0.021
     301.55     0.059
     302.84     0.022
     304.12    -0.002
     305.41     0.071
     306.70     0.018
     307.99     0.040
     309.28     0.005
     310.57     0.060
     311.85     0.046
     313.14     0.130
     314.43    -0.025
     315.72    -0.098
     317.01     0.005
     318.29     0.135
     319.58    -0.050
     320.87    -0.063
     322.16     0.037
     323.45     0.178
     324.74     0.128
     326.02    -0.019
     327.31     0.106
     328.60    -0.002
     329.89     0.026
     331.18     0.037
     332.47     0.096
     333.75    -0.061
     335.04     0.081
     336.33    -0.098
     337.62     0.044
     338.91     0.029
     340.19     0.072
     341.48     0.049
     342.77     0.023
     344.06     0.043
     345.35     0.011
     346.64    -0.004
     347.92    -0.040
     349.21     0.014
     350.50     0.040
     351.79     0.013
     353.08     0.057
     354.37     0.022
     355.65    -0.090
     356.94    -0.082
     358.23    -0.030
     359.52    -0.151
     360.81     0.037
     362.09     0.052
     363.38    -0.000
     364.67     0.061
     365.96     0.083
     367.25     0.040
     368.54     0.049
     369.82     0.013
     371.11     0.016
     372.40    -0.063
     373.69    -0.033
     374.98    -0.094
     376.27     0.016
     377.55     0.011
     378.84     0.031
     380.13    -0.014
     381.42     0.025
     382.71     0.124
     383.99     0.025
     385.28    -0.015
     386.57    -0.084
     387.86    -0.003
     389.15     0.074
     390.44     0.125
     391.72     0.092
     393.01     0.103
     394.30    -0.095
     395.59     0.041
     396.88     0.062
     398.17     0.010
     399.45    -0.163
%%GASS      0  datapoints: v_lsr [km/s] and T_B [K]
%%LAB     777  datapoints: v_lsr [km/s] and T_B [K]
    -399.87     0.003
    -398.84    -0.022
    -397.81    -0.037
    -396.78    -0.011
    -395.75     0.091
    -394.72    -0.013
    -393.69    -0.007
    -392.65    -0.120
    -391.62    -0.085
    -390.59    -0.052
    -389.56    -0.032
    -388.53    -0.053
    -387.50     0.037
    -386.47     0.133
    -385.44     0.008
    -384.41     0.079
    -383.38     0.013
    -382.35     0.008
    -381.32     0.075
    -380.29     0.028
    -379.26     0.055
    -378.23     0.081
    -377.20     0.024
    -376.17    -0.051
    -375.13     0.060
    -374.10    -0.154
    -373.07    -0.084
    -372.04    -0.013
    -371.01     0.045
    -369.98    -0.109
    -368.95    -0.014
    -367.92    -0.032
    -366.89     0.179
    -365.86     0.024
    -364.83     0.089
    -363.80    -0.054
    -362.77     0.023
    -361.74    -0.009
    -360.71    -0.083
    -359.68    -0.051
    -358.65    -0.016
    -357.61     0.050
    -356.58     0.089
    -355.55    -0.148
    -354.52     0.036
    -353.49    -0.088
    -352.46    -0.005
    -351.43    -0.034
    -350.40     0.113
    -349.37     0.036
    -348.34    -0.029
    -347.31     0.068
    -346.28    -0.072
    -345.25    -0.013
    -344.22     0.113
    -343.19     0.102
    -342.16     0.074
    -341.13     0.019
    -340.09     0.103
    -339.06    -0.064
    -338.03     0.024
    -337.00     0.119
    -335.97    -0.070
    -334.94    -0.062
    -333.91     0.159
    -332.88    -0.151
    -331.85     0.008
    -330.82     0.032
    -329.79    -0.005
    -328.76    -0.035
    -327.73     0.161
    -326.70    -0.098
    -325.67     0.046
    -324.64     0.037
    -323.61    -0.091
    -322.57     0.034
    -321.54    -0.099
    -320.51    -0.025
    -319.48    -0.017
    -318.45     0.093
    -317.42    -0.056
    -316.39    -0.132
    -315.36     0.138
    -314.33    -0.075
    -313.30     0.015
    -312.27    -0.043
    -311.24    -0.098
    -310.21    -0.066
    -309.18     0.087
    -308.15    -0.112
    -307.12     0.145
    -306.09     0.031
    -305.05    -0.008
    -304.02    -0.005
    -302.99     0.090
    -301.96     0.002
    -300.93     0.116
    -299.90    -0.192
    -298.87    -0.046
    -297.84    -0.099
    -296.81    -0.031
    -295.78    -0.054
    -294.75     0.189
    -293.72    -0.021
    -292.69     0.130
    -291.66    -0.006
    -290.63    -0.004
    -289.60     0.076
    -288.57     0.069
    -287.53     0.007
    -286.50     0.109
    -285.47    -0.107
    -284.44     0.128
    -283.41    -0.007
    -282.38     0.002
    -281.35    -0.053
    -280.32     0.140
    -279.29     0.072
    -278.26     0.108
    -277.23     0.028
    -276.20    -0.003
    -275.17     0.042
    -274.14     0.053
    -273.11    -0.103
    -272.08     0.040
    -271.05    -0.077
    -270.01     0.133
    -268.98     0.075
    -267.95    -0.056
    -266.92    -0.115
    -265.89     0.055
    -264.86    -0.075
    -263.83     0.101
    -262.80    -0.038
    -261.77     0.020
    -260.74    -0.090
    -259.71     0.179
    -258.68    -0.005
    -257.65     0.000
    -256.62    -0.111
    -255.59     0.040
    -254.56    -0.021
    -253.53     0.007
    -252.49     0.099
    -251.46     0.243
    -250.43    -0.135
    -249.40     0.052
    -248.37     0.028
    -247.34     0.156
    -246.31    -0.079
    -245.28     0.024
    -244.25    -0.026
    -243.22     0.022
    -242.19    -0.031
    -241.16     0.018
    -240.13    -0.163
    -239.10    -0.069
    -238.07     0.061
    -237.04     0.030
    -236.01     0.041
    -234.97    -0.066
    -233.94    -0.087
    -232.91    -0.172
    -231.88    -0.173
    -230.85    -0.085
    -229.82    -0.022
    -228.79     0.156
    -227.76    -0.076
    -226.73    -0.016
    -225.70     0.058
    -224.67    -0.101
    -223.64    -0.120
    -222.61     0.071
    -221.58     0.083
    -220.55     0.005
    -219.52    -0.017
    -218.49     0.005
    -217.45    -0.062
    -216.42    -0.101
    -215.39    -0.140
    -214.36    -0.066
    -213.33    -0.060
    -212.30     0.084
    -211.27     0.011
    -210.24    -0.017
    -209.21    -0.048
    -208.18    -0.035
    -207.15     0.165
    -206.12     0.052
    -205.09     0.144
    -204.06     0.024
    -203.03    -0.106
    -202.00    -0.018
    -200.97     0.072
    -199.93     0.016
    -198.90    -0.048
    -197.87    -0.110
    -196.84    -0.122
    -195.81     0.124
    -194.78    -0.045
    -193.75    -0.110
    -192.72    -0.103
    -191.69     0.079
    -190.66     0.023
    -189.63    -0.070
    -188.60    -0.020
    -187.57     0.069
    -186.54     0.148
    -185.51     0.107
    -184.48    -0.052
    -183.44     0.008
    -182.41     0.026
    -181.38    -0.103
    -180.35    -0.056
    -179.32     0.075
    -178.29    -0.053
    -177.26    -0.014
    -176.23     0.033
    -175.20     0.016
    -174.17    -0.091
    -173.14     0.034
    -172.11     0.069
    -171.08     0.096
    -170.05    -0.050
    -169.02    -0.075
    -167.99    -0.114
    -166.96     0.134
    -165.92    -0.033
    -164.89    -0.087
    -163.86    -0.019
    -162.83    -0.136
    -161.80    -0.001
    -160.77     0.093
    -159.74    -0.113
    -158.71     0.008
    -157.68    -0.014
    -156.65    -0.041
    -155.62     0.052
    -154.59    -0.109
    -153.56     0.117
    -152.53     0.022
    -151.50    -0.157
    -150.47     0.122
    -149.44    -0.015
    -148.40     0.105
    -147.37     0.119
    -146.34     0.112
    -145.31    -0.058
    -144.28     0.149
    -143.25     0.082
    -142.22     0.109
    -141.19    -0.053
    -140.16    -0.052
    -139.13     0.087
    -138.10     0.044
    -137.07     0.159
    -136.04     0.055
    -135.01     0.091
    -133.98     0.080
    -132.95    -0.037
    -131.92    -0.016
    -130.88     0.207
    -129.85     0.080
    -128.82    -0.043
    -127.79     0.022
    -126.76     0.204
    -125.73     0.063
    -124.70     0.127
    -123.67     0.125
    -122.64     0.055
    -121.61     0.098
    -120.58     0.255
    -119.55     0.203
    -118.52     0.084
    -117.49     0.092
    -116.46     0.168
    -115.43     0.082
    -114.40     0.190
    -113.36     0.060
    -112.33     0.235
    -111.30     0.212
    -110.27     0.201
    -109.24     0.137
    -108.21     0.169
    -107.18     0.188
    -106.15     0.102
    -105.12     0.250
    -104.09     0.227
    -103.06     0.282
    -102.03     0.061
    -101.00     0.206
     -99.97     0.289
     -98.94     0.093
     -97.91     0.110
     -96.88     0.304
     -95.84     0.215
     -94.81     0.281
     -93.78     0.356
     -92.75     0.166
     -91.72     0.214
     -90.69     0.413
     -89.66     0.276
     -88.63     0.533
     -87.60     0.310
     -86.57     0.300
     -85.54     0.439
     -84.51     0.271
     -83.48     0.382
     -82.45     0.243
     -81.42     0.289
     -80.39     0.528
     -79.36     0.417
     -78.32     0.238
     -77.29     0.378
     -76.26     0.405
     -75.23     0.460
     -74.20     0.365
     -73.17     0.357
     -72.14     0.535
     -71.11     0.447
     -70.08     0.521
     -69.05     0.417
     -68.02     0.555
     -66.99     0.517
     -65.96     0.659
     -64.93     0.496
     -63.90     0.692
     -62.87     0.540
     -61.84     0.598
     -60.80     0.584
     -59.77     0.714
     -58.74     0.767
     -57.71     0.853
     -56.68     0.788
     -55.65     0.954
     -54.62     0.801
     -53.59     1.079
     -52.56     0.991
     -51.53     1.081
     -50.50     1.091
     -49.47     1.126
     -48.44     1.123
     -47.41     1.271
     -46.38     1.283
     -45.35     1.289
     -44.32     1.376
     -43.28     1.388
     -42.25     1.403
     -41.22     1.684
     -40.19     1.575
     -39.16     1.706
     -38.13     1.682
     -37.10     1.799
     -36.07     1.886
     -35.04     2.085
     -34.01     2.208
     -32.98     2.514
     -31.95     2.996
     -30.92     2.961
     -29.89     3.235
     -28.86     3.595
     -27.83     4.068
     -26.80     4.301
     -25.76     4.752
     -24.73     5.206
     -23.70     6.088
     -22.67     7.321
     -21.64     8.844
     -20.61    10.701
     -19.58    12.069
     -18.55    12.364
     -17.52    12.039
     -16.49    11.313
     -15.46    10.502
     -14.43     9.631
     -13.40     9.075
     -12.37     8.803
     -11.34     9.172
     -10.31     9.814
      -9.28    11.597
      -8.24    13.261
      -7.21    15.843
      -6.18    17.466
      -5.15    18.696
      -4.12    20.525
      -3.09    23.158
      -2.06    26.896
      -1.03    30.713
       0.00    34.146
       1.03    36.363
       2.06    37.888
       3.09    39.390
       4.12    40.147
       5.15    38.373
       6.18    33.078
       7.21    27.197
       8.24    23.438
       9.28    23.079
      10.31    21.191
      11.34    14.992
      12.37     9.334
      13.40     6.342
      14.43     4.868
      15.46     3.558
      16.49     3.074
      17.52     2.401
      18.55     1.953
      19.58     1.719
      20.61     1.523
      21.64     1.279
      22.67     1.068
      23.70     0.816
      24.73     0.689
      25.76     0.553
      26.80     0.600
      27.83     0.384
      28.86     0.228
      29.89     0.351
      30.92     0.349
      31.95     0.136
      32.98     0.273
      34.01     0.015
      35.04     0.191
      36.07     0.211
      37.10     0.090
      38.13    -0.003
      39.16    -0.055
      40.19     0.264
      41.22     0.044
      42.25     0.031
      43.28     0.061
      44.32     0.124
      45.35     0.104
      46.38    -0.020
      47.41     0.156
      48.44    -0.119
      49.47     0.170
      50.50     0.113
      51.53     0.119
      52.56     0.036
      53.59     0.002
      54.62     0.082
      55.65    -0.007
      56.68    -0.035
      57.71    -0.106
      58.74     0.068
      59.77     0.033
      60.80    -0.050
      61.84     0.137
      62.87    -0.027
      63.90     0.116
      64.93     0.116
      65.96    -0.011
      66.99    -0.061
      68.02     0.095
      69.05    -0.088
      70.08    -0.119
      71.11     0.064
      72.14     0.095
      73.17     0.124
      74.20    -0.026
      75.23     0.018
      76.26     0.159
      77.29    -0.094
      78.32    -0.010
      79.36     0.029
      80.39     0.102
      81.42     0.079
      82.45     0.064
      83.48     0.050
      84.51    -0.029
      85.54    -0.053
      86.57     0.000
      87.60    -0.076
      88.63     0.004
      89.66    -0.002
      90.69    -0.059
      91.72    -0.029
      92.75     0.015
      93.78     0.011
      94.81     0.108
      95.84    -0.037
      96.88    -0.021
      97.91    -0.066
      98.94     0.036
      99.97     0.063
     101.00     0.015
     102.03    -0.062
     103.06     0.058
     104.09    -0.035
     105.12    -0.226
     106.15    -0.046
     107.18    -0.034
     108.21    -0.091
     109.24     0.151
     110.27     0.093
     111.30    -0.024
     112.33     0.020
     113.36     0.073
     114.40     0.030
     115.43    -0.011
     116.46    -0.240
     117.49    -0.159
     118.52    -0.081
     119.55     0.077
     120.58    -0.095
     121.61     0.014
     122.64    -0.158
     123.67     0.013
     124.70     0.086
     125.73     0.094
     126.76    -0.090
     127.79     0.068
     128.82     0.077
     129.85    -0.021
     130.88    -0.085
     131.92    -0.003
     132.95    -0.083
     133.98     0.127
     135.01     0.051
     136.04    -0.032
     137.07     0.093
     138.10     0.016
     139.13    -0.082
     140.16     0.153
     141.19    -0.067
     142.22    -0.049
     143.25     0.099
     144.28     0.076
     145.31     0.044
     146.34     0.053
     147.37    -0.016
     148.40     0.046
     149.44    -0.019
     150.47     0.050
     151.50    -0.017
     152.53     0.093
     153.56     0.049
     154.59     0.092
     155.62     0.035
     156.65     0.056
     157.68    -0.106
     158.71     0.085
     159.74    -0.020
     160.77     0.118
     161.80    -0.106
     162.83    -0.146
     163.86    -0.067
     164.89    -0.067
     165.92    -0.001
     166.96     0.150
     167.99    -0.120
     169.02    -0.036
     170.05    -0.003
     171.08    -0.026
     172.11    -0.032
     173.14     0.060
     174.17    -0.035
     175.20    -0.178
     176.23    -0.070
     177.26    -0.033
     178.29    -0.144
     179.32    -0.003
     180.35    -0.048
     181.38     0.031
     182.41     0.068
     183.45    -0.029
     184.48     0.001
     185.51     0.047
     186.54     0.007
     187.57     0.039
     188.60     0.070
     189.63     0.065
     190.66    -0.117
     191.69     0.027
     192.72    -0.167
     193.75    -0.042
     194.78    -0.019
     195.81     0.114
     196.84    -0.077
     197.87     0.047
     198.90     0.092
     199.93     0.101
     200.97     0.146
     202.00    -0.115
     203.03    -0.070
     204.06    -0.062
     205.09    -0.007
     206.12     0.069
     207.15    -0.046
     208.18    -0.065
     209.21     0.108
     210.24    -0.030
     211.27    -0.137
     212.30    -0.009
     213.33    -0.103
     214.36    -0.003
     215.39    -0.055
     216.42    -0.062
     217.45     0.089
     218.49     0.084
     219.52    -0.029
     220.55     0.072
     221.58    -0.029
     222.61     0.006
     223.64    -0.044
     224.67    -0.083
     225.70     0.105
     226.73     0.016
     227.76     0.010
     228.79    -0.005
     229.82    -0.100
     230.85     0.117
     231.88     0.039
     232.91     0.066
     233.94    -0.181
     234.97    -0.030
     236.01     0.070
     237.04     0.019
     238.07    -0.073
     239.10     0.001
     240.13     0.086
     241.16     0.005
     242.19     0.044
     243.22     0.009
     244.25     0.154
     245.28     0.029
     246.31    -0.114
     247.34     0.130
     248.37    -0.005
     249.40    -0.017
     250.43    -0.048
     251.46     0.066
     252.49    -0.013
     253.53    -0.027
     254.56    -0.061
     255.59    -0.016
     256.62     0.144
     257.65    -0.186
     258.68     0.077
     259.71     0.046
     260.74     0.156
     261.77    -0.029
     262.80    -0.058
     263.83     0.101
     264.86    -0.013
     265.89    -0.019
     266.92     0.090
     267.95     0.095
     268.98     0.054
     270.01    -0.055
     271.05     0.109
     272.08     0.023
     273.11    -0.061
     274.14     0.042
     275.17     0.157
     276.20     0.066
     277.23     0.040
     278.26    -0.042
     279.29    -0.111
     280.32     0.193
     281.35     0.048
     282.38    -0.005
     283.41    -0.167
     284.44    -0.133
     285.47    -0.032
     286.50     0.032
     287.53     0.018
     288.57    -0.081
     289.60     0.083
     290.63     0.040
     291.66    -0.030
     292.69    -0.076
     293.72    -0.048
     294.75    -0.065
     295.78     0.028
     296.81    -0.063
     297.84    -0.014
     298.87     0.138
     299.90    -0.003
     300.93    -0.035
     301.96    -0.166
     302.99     0.003
     304.02     0.007
     305.05    -0.156
     306.09    -0.106
     307.12    -0.057
     308.15     0.060
     309.18     0.077
     310.21    -0.032
     311.24     0.058
     312.27    -0.059
     313.30    -0.017
     314.33    -0.058
     315.36     0.093
     316.39    -0.064
     317.42    -0.146
     318.45     0.026
     319.48    -0.010
     320.51     0.090
     321.54     0.159
     322.57     0.152
     323.61     0.016
     324.64    -0.199
     325.67     0.128
     326.70     0.109
     327.73     0.026
     328.76     0.043
     329.79     0.067
     330.82    -0.055
     331.85    -0.024
     332.88    -0.045
     333.91     0.109
     334.94    -0.016
     335.97    -0.072
     337.00    -0.005
     338.03     0.036
     339.06     0.026
     340.09     0.086
     341.13     0.006
     342.16     0.040
     343.19     0.029
     344.22     0.010
     345.25    -0.080
     346.28    -0.091
     347.31    -0.173
     348.34    -0.054
     349.37    -0.024
     350.40     0.055
     351.43    -0.117
     352.46    -0.008
     353.49     0.102
     354.52     0.097
     355.55    -0.099
     356.58    -0.029
     357.61    -0.056
     358.65    -0.027
     359.68    -0.069
     360.71     0.082
     361.74     0.106
     362.77     0.078
     363.80    -0.181
     364.83    -0.024
     365.86    -0.008
     366.89     0.077
     367.92    -0.062
     368.95     0.292
     369.98     0.082
     371.01     0.014
     372.04     0.028
     373.07     0.009
     374.10     0.061
     375.13     0.125
     376.17    -0.066
     377.20    -0.090
     378.23    -0.080
     379.26     0.048
     380.29     0.089
     381.32     0.042
     382.35    -0.019
     383.38    -0.159
     384.41    -0.150
     385.44    -0.031
     386.47     0.148
     387.50    -0.087
     388.53    -0.042
     389.56    -0.016
     390.59     0.029
     391.62    -0.001
     392.65     0.080
     393.69     0.039
     394.72    -0.013
     395.75    -0.014
     396.78    -0.189
     397.81     0.168
     398.84    -0.085
     399.87    -0.062
