%%   82.50000 -15.00000    0   0.20000
% LAB  survey ------------------
% wanted position:  l, b, RA, DEC, and interpolated  NH
% 82.50 ; -15.00 ; 324.94 ;  32.43 ;  0.103E+22
% nearest position: l, b, RA, DEC, and observed NH
% 82.50 ; -15.00 ; 324.94 ;  32.43 ;  0.103E+22
% GASS III survey --------------
% NH - median within 6 arcmin radius   0.00    
% NH - mean within specified beam      0.00    
% EBHIS survey -----------------
% NH  within specified beam           0.106E+22
%%EBHIS   621  datapoints: v_lsr [km/s] and T_B [K]
    -399.25     0.069
    -397.96    -0.022
    -396.68     0.082
    -395.39    -0.010
    -394.10     0.001
    -392.81    -0.019
    -391.52    -0.021
    -390.23     0.019
    -388.95    -0.042
    -387.66    -0.061
    -386.37    -0.029
    -385.08     0.001
    -383.79    -0.033
    -382.50    -0.082
    -381.22     0.022
    -379.93     0.005
    -378.64    -0.016
    -377.35    -0.024
    -376.06    -0.070
    -374.78     0.008
    -373.49     0.073
    -372.20     0.003
    -370.91    -0.100
    -369.62    -0.067
    -368.33    -0.054
    -367.05     0.113
    -365.76     0.029
    -364.47    -0.105
    -363.18    -0.013
    -361.89     0.036
    -360.60     0.064
    -359.32    -0.072
    -358.03     0.013
    -356.74     0.086
    -355.45     0.059
    -354.16    -0.072
    -352.88     0.002
    -351.59    -0.049
    -350.30     0.026
    -349.01    -0.017
    -347.72     0.032
    -346.43     0.006
    -345.15     0.028
    -343.86    -0.022
    -342.57    -0.060
    -341.28     0.000
    -339.99     0.057
    -338.70     0.059
    -337.42     0.052
    -336.13     0.011
    -334.84     0.000
    -333.55    -0.076
    -332.26    -0.040
    -330.98     0.043
    -329.69     0.001
    -328.40     0.075
    -327.11     0.030
    -325.82    -0.015
    -324.53    -0.018
    -323.25     0.007
    -321.96    -0.025
    -320.67     0.050
    -319.38    -0.001
    -318.09     0.019
    -316.80     0.065
    -315.52     0.032
    -314.23     0.088
    -312.94     0.024
    -311.65     0.029
    -310.36     0.023
    -309.08    -0.036
    -307.79    -0.046
    -306.50    -0.004
    -305.21     0.049
    -303.92     0.102
    -302.63    -0.029
    -301.35    -0.054
    -300.06     0.004
    -298.77    -0.027
    -297.48    -0.018
    -296.19     0.005
    -294.90     0.016
    -293.62    -0.080
    -292.33    -0.046
    -291.04    -0.039
    -289.75    -0.075
    -288.46     0.008
    -287.18     0.042
    -285.89     0.005
    -284.60     0.001
    -283.31     0.002
    -282.02    -0.038
    -280.73     0.018
    -279.45     0.034
    -278.16     0.013
    -276.87     0.023
    -275.58    -0.065
    -274.29    -0.080
    -273.00    -0.038
    -271.72     0.033
    -270.43    -0.028
    -269.14    -0.009
    -267.85    -0.047
    -266.56    -0.021
    -265.28    -0.036
    -263.99    -0.018
    -262.70    -0.000
    -261.41     0.075
    -260.12     0.114
    -258.83    -0.028
    -257.55    -0.071
    -256.26     0.052
    -254.97    -0.029
    -253.68    -0.033
    -252.39     0.002
    -251.10    -0.081
    -249.82    -0.047
    -248.53    -0.003
    -247.24    -0.001
    -245.95    -0.049
    -244.66    -0.008
    -243.38     0.111
    -242.09     0.028
    -240.80    -0.000
    -239.51    -0.028
    -238.22     0.013
    -236.93     0.052
    -235.65     0.034
    -234.36    -0.028
    -233.07    -0.015
    -231.78    -0.028
    -230.49    -0.022
    -229.20     0.037
    -227.92     0.108
    -226.63     0.029
    -225.34     0.046
    -224.05     0.004
    -222.76    -0.006
    -221.48    -0.027
    -220.19    -0.056
    -218.90     0.035
    -217.61     0.080
    -216.32     0.080
    -215.03    -0.007
    -213.75    -0.007
    -212.46    -0.037
    -211.17    -0.033
    -209.88    -0.017
    -208.59     0.034
    -207.30    -0.035
    -206.02     0.045
    -204.73     0.047
    -203.44     0.100
    -202.15     0.040
    -200.86    -0.032
    -199.58     0.003
    -198.29    -0.036
    -197.00     0.032
    -195.71     0.006
    -194.42    -0.065
    -193.13    -0.073
    -191.85    -0.012
    -190.56     0.002
    -189.27    -0.020
    -187.98     0.078
    -186.69    -0.008
    -185.40     0.073
    -184.12     0.012
    -182.83     0.035
    -181.54    -0.009
    -180.25    -0.006
    -178.96     0.065
    -177.68     0.063
    -176.39     0.012
    -175.10     0.043
    -173.81     0.075
    -172.52     0.001
    -171.23    -0.096
    -169.95    -0.023
    -168.66     0.040
    -167.37     0.036
    -166.08    -0.015
    -164.79    -0.037
    -163.50    -0.090
    -162.22     0.014
    -160.93     0.022
    -159.64    -0.027
    -158.35    -0.055
    -157.06     0.005
    -155.78    -0.016
    -154.49    -0.047
    -153.20    -0.061
    -151.91    -0.051
    -150.62    -0.057
    -149.33    -0.038
    -148.05    -0.003
    -146.76     0.022
    -145.47    -0.034
    -144.18    -0.099
    -142.89     0.031
    -141.60     0.045
    -140.32     0.020
    -139.03    -0.055
    -137.74    -0.055
    -136.45    -0.065
    -135.16    -0.086
    -133.88     0.033
    -132.59     0.047
    -131.30     0.058
    -130.01     0.064
    -128.72    -0.011
    -127.43     0.012
    -126.15     0.083
    -124.86    -0.048
    -123.57    -0.014
    -122.28     0.053
    -120.99     0.197
    -119.70     0.092
    -118.42     0.153
    -117.13     0.267
    -115.84     0.318
    -114.55     0.214
    -113.26     0.176
    -111.98     0.188
    -110.69     0.230
    -109.40     0.184
    -108.11     0.237
    -106.82     0.276
    -105.53     0.299
    -104.25     0.211
    -102.96     0.205
    -101.67     0.246
    -100.38     0.206
     -99.09     0.185
     -97.80     0.188
     -96.52     0.165
     -95.23     0.114
     -93.94     0.129
     -92.65     0.133
     -91.36     0.138
     -90.08     0.165
     -88.79     0.059
     -87.50     0.043
     -86.21     0.236
     -84.92     0.136
     -83.63     0.131
     -82.35     0.178
     -81.06     0.125
     -79.77     0.171
     -78.48     0.260
     -77.19     0.259
     -75.90     0.312
     -74.62     0.290
     -73.33     0.211
     -72.04     0.288
     -70.75     0.218
     -69.46     0.141
     -68.18     0.202
     -66.89     0.187
     -65.60     0.204
     -64.31     0.171
     -63.02     0.220
     -61.73     0.233
     -60.45     0.259
     -59.16     0.199
     -57.87     0.111
     -56.58     0.208
     -55.29     0.165
     -54.00     0.229
     -52.72     0.281
     -51.43     0.284
     -50.14     0.278
     -48.85     0.275
     -47.56     0.297
     -46.28     0.274
     -44.99     0.294
     -43.70     0.342
     -42.41     0.375
     -41.12     0.283
     -39.83     0.431
     -38.55     0.416
     -37.26     0.345
     -35.97     0.372
     -34.68     0.402
     -33.39     0.491
     -32.10     0.450
     -30.82     0.475
     -29.53     0.657
     -28.24     0.718
     -26.95     0.749
     -25.66     0.851
     -24.38     1.049
     -23.09     1.208
     -21.80     1.538
     -20.51     1.794
     -19.22     2.226
     -17.93     3.132
     -16.65     4.148
     -15.36     5.015
     -14.07     6.294
     -12.78     8.427
     -11.49    10.473
     -10.20    11.458
      -8.92    12.007
      -7.63    12.776
      -6.34    13.932
      -5.05    14.430
      -3.76    15.373
      -2.48    17.977
      -1.19    23.641
       0.10    29.572
       1.39    31.658
       2.68    30.952
       3.97    29.576
       5.25    26.854
       6.54    22.358
       7.83    18.044
       9.12    15.607
      10.41    14.204
      11.70    10.928
      12.98     7.268
      14.27     5.183
      15.56     3.987
      16.85     3.030
      18.14     2.400
      19.42     1.932
      20.71     1.524
      22.00     1.237
      23.29     0.945
      24.58     0.839
      25.87     0.716
      27.15     0.610
      28.44     0.396
      29.73     0.320
      31.02     0.412
      32.31     0.345
      33.60     0.333
      34.88     0.270
      36.17     0.278
      37.46     0.155
      38.75     0.191
      40.04     0.300
      41.32     0.296
      42.61     0.208
      43.90     0.220
      45.19     0.188
      46.48     0.108
      47.77     0.134
      49.05     0.165
      50.34     0.096
      51.63     0.149
      52.92    -0.001
      54.21    -0.070
      55.50     0.064
      56.78     0.044
      58.07     0.001
      59.36     0.039
      60.65     0.104
      61.94    -0.002
      63.22    -0.088
      64.51    -0.028
      65.80    -0.112
      67.09    -0.032
      68.38     0.037
      69.67     0.010
      70.95     0.055
      72.24     0.014
      73.53     0.091
      74.82     0.000
      76.11     0.035
      77.40    -0.015
      78.68     0.031
      79.97     0.017
      81.26    -0.024
      82.55    -0.029
      83.84    -0.038
      85.12    -0.025
      86.41     0.106
      87.70     0.036
      88.99     0.053
      90.28    -0.029
      91.57    -0.042
      92.85    -0.069
      94.14    -0.013
      95.43    -0.008
      96.72     0.035
      98.01     0.019
      99.30     0.059
     100.58     0.009
     101.87     0.070
     103.16    -0.058
     104.45     0.046
     105.74     0.009
     107.02     0.045
     108.31    -0.018
     109.60    -0.018
     110.89    -0.028
     112.18     0.031
     113.47     0.050
     114.75     0.029
     116.04     0.049
     117.33     0.078
     118.62     0.070
     119.91     0.052
     121.20     0.022
     122.48    -0.006
     123.77     0.055
     125.06     0.033
     126.35     0.063
     127.64    -0.003
     128.92    -0.056
     130.21    -0.107
     131.50     0.004
     132.79    -0.029
     134.08    -0.010
     135.37    -0.066
     136.65     0.013
     137.94     0.057
     139.23    -0.070
     140.52    -0.111
     141.81     0.026
     143.09     0.010
     144.38    -0.098
     145.67     0.011
     146.96     0.009
     148.25    -0.028
     149.54    -0.017
     150.82     0.052
     152.11     0.025
     153.40    -0.077
     154.69    -0.049
     155.98    -0.002
     157.27     0.024
     158.55    -0.059
     159.84    -0.017
     161.13    -0.053
     162.42    -0.022
     163.71    -0.028
     164.99     0.063
     166.28    -0.026
     167.57    -0.055
     168.86    -0.028
     170.15    -0.040
     171.44    -0.060
     172.72     0.074
     174.01     0.014
     175.30    -0.021
     176.59     0.099
     177.88    -0.005
     179.17    -0.044
     180.45    -0.057
     181.74    -0.014
     183.03    -0.055
     184.32    -0.090
     185.61    -0.050
     186.89    -0.033
     188.18    -0.036
     189.47    -0.100
     190.76    -0.046
     192.05    -0.004
     193.34     0.035
     194.62     0.015
     195.91    -0.100
     197.20    -0.044
     198.49     0.040
     199.78    -0.075
     201.07     0.066
     202.35     0.096
     203.64     0.059
     204.93    -0.028
     206.22     0.021
     207.51     0.020
     208.79     0.018
     210.08     0.061
     211.37     0.054
     212.66    -0.058
     213.95    -0.019
     215.24    -0.023
     216.52    -0.028
     217.81     0.004
     219.10     0.055
     220.39    -0.012
     221.68    -0.022
     222.97     0.025
     224.25    -0.045
     225.54    -0.042
     226.83    -0.033
     228.12     0.012
     229.41    -0.023
     230.69     0.058
     231.98     0.028
     233.27     0.040
     234.56    -0.068
     235.85    -0.084
     237.14    -0.019
     238.42    -0.039
     239.71     0.015
     241.00     0.097
     242.29     0.028
     243.58     0.026
     244.87    -0.026
     246.15     0.035
     247.44     0.041
     248.73    -0.012
     250.02    -0.029
     251.31    -0.129
     252.59     0.073
     253.88     0.097
     255.17     0.037
     256.46    -0.023
     257.75    -0.056
     259.04    -0.066
     260.32     0.044
     261.61     0.054
     262.90     0.053
     264.19     0.056
     265.48     0.110
     266.77     0.088
     268.05     0.024
     269.34    -0.059
     270.63    -0.000
     271.92    -0.031
     273.21    -0.039
     274.49    -0.001
     275.78    -0.019
     277.07    -0.047
     278.36     0.056
     279.65     0.061
     280.94    -0.052
     282.22    -0.029
     283.51    -0.026
     284.80     0.062
     286.09     0.134
     287.38     0.099
     288.67     0.018
     289.95     0.053
     291.24     0.007
     292.53    -0.073
     293.82     0.090
     295.11    -0.044
     296.39    -0.030
     297.68     0.076
     298.97     0.070
     300.26    -0.004
     301.55    -0.062
     302.84    -0.072
     304.12     0.006
     305.41     0.046
     306.70     0.076
     307.99     0.045
     309.28    -0.016
     310.57    -0.012
     311.85     0.081
     313.14     0.120
     314.43    -0.004
     315.72    -0.005
     317.01    -0.010
     318.29    -0.072
     319.58     0.018
     320.87    -0.025
     322.16    -0.048
     323.45     0.026
     324.74    -0.035
     326.02     0.029
     327.31     0.098
     328.60     0.024
     329.89    -0.088
     331.18    -0.095
     332.47    -0.082
     333.75     0.040
     335.04    -0.034
     336.33    -0.028
     337.62    -0.052
     338.91     0.084
     340.19     0.098
     341.48     0.019
     342.77     0.013
     344.06     0.045
     345.35    -0.001
     346.64     0.051
     347.92     0.032
     349.21    -0.037
     350.50    -0.032
     351.79    -0.064
     353.08     0.011
     354.37    -0.006
     355.65     0.041
     356.94     0.114
     358.23    -0.077
     359.52    -0.024
     360.81    -0.016
     362.09     0.092
     363.38     0.029
     364.67    -0.032
     365.96    -0.007
     367.25     0.037
     368.54    -0.048
     369.82    -0.083
     371.11     0.054
     372.40     0.127
     373.69     0.149
     374.98     0.050
     376.27     0.027
     377.55     0.045
     378.84    -0.011
     380.13    -0.023
     381.42     0.102
     382.71     0.141
     383.99     0.079
     385.28    -0.009
     386.57     0.094
     387.86     0.059
     389.15    -0.019
     390.44    -0.029
     391.72    -0.015
     393.01     0.021
     394.30     0.076
     395.59    -0.000
     396.88    -0.044
     398.17     0.054
     399.45     0.080
%%GASS      0  datapoints: v_lsr [km/s] and T_B [K]
%%LAB     777  datapoints: v_lsr [km/s] and T_B [K]
    -399.87     0.070
    -398.84     0.051
    -397.81     0.025
    -396.78    -0.037
    -395.75    -0.091
    -394.72     0.033
    -393.69    -0.146
    -392.66     0.162
    -391.63    -0.085
    -390.59    -0.057
    -389.56     0.138
    -388.53    -0.042
    -387.50    -0.060
    -386.47     0.011
    -385.44    -0.032
    -384.41    -0.166
    -383.38    -0.111
    -382.35    -0.033
    -381.32    -0.035
    -380.29    -0.138
    -379.26    -0.069
    -378.23    -0.096
    -377.20     0.014
    -376.17    -0.024
    -375.14     0.055
    -374.11    -0.140
    -373.07     0.031
    -372.04    -0.017
    -371.01    -0.124
    -369.98     0.029
    -368.95     0.016
    -367.92    -0.143
    -366.89     0.099
    -365.86     0.035
    -364.83    -0.072
    -363.80    -0.140
    -362.77     0.000
    -361.74     0.058
    -360.71    -0.045
    -359.68    -0.055
    -358.65    -0.131
    -357.62    -0.002
    -356.59     0.205
    -355.55    -0.069
    -354.52     0.066
    -353.49    -0.059
    -352.46     0.041
    -351.43    -0.007
    -350.40     0.003
    -349.37    -0.067
    -348.34    -0.100
    -347.31    -0.009
    -346.28     0.057
    -345.25     0.023
    -344.22    -0.077
    -343.19     0.076
    -342.16     0.015
    -341.13     0.081
    -340.10    -0.024
    -339.07    -0.003
    -338.03    -0.060
    -337.00     0.082
    -335.97     0.026
    -334.94    -0.008
    -333.91     0.267
    -332.88     0.034
    -331.85    -0.088
    -330.82     0.149
    -329.79     0.027
    -328.76     0.129
    -327.73    -0.053
    -326.70    -0.116
    -325.67    -0.042
    -324.64    -0.026
    -323.61     0.064
    -322.58     0.046
    -321.54     0.084
    -320.51    -0.053
    -319.48    -0.057
    -318.45    -0.105
    -317.42     0.106
    -316.39    -0.058
    -315.36     0.016
    -314.33    -0.065
    -313.30     0.004
    -312.27    -0.002
    -311.24    -0.101
    -310.21    -0.050
    -309.18     0.174
    -308.15     0.036
    -307.12    -0.053
    -306.09    -0.049
    -305.06    -0.101
    -304.02     0.102
    -302.99     0.053
    -301.96     0.009
    -300.93     0.048
    -299.90     0.060
    -298.87     0.015
    -297.84    -0.052
    -296.81    -0.076
    -295.78    -0.021
    -294.75     0.099
    -293.72    -0.029
    -292.69     0.051
    -291.66    -0.037
    -290.63     0.063
    -289.60     0.070
    -288.57    -0.082
    -287.54     0.071
    -286.50    -0.033
    -285.47    -0.041
    -284.44    -0.076
    -283.41     0.047
    -282.38    -0.085
    -281.35    -0.034
    -280.32    -0.025
    -279.29     0.047
    -278.26    -0.012
    -277.23     0.155
    -276.20    -0.044
    -275.17    -0.019
    -274.14     0.154
    -273.11    -0.028
    -272.08     0.020
    -271.05    -0.097
    -270.02     0.110
    -268.98     0.073
    -267.95     0.221
    -266.92     0.012
    -265.89     0.099
    -264.86    -0.032
    -263.83     0.065
    -262.80     0.015
    -261.77     0.044
    -260.74     0.019
    -259.71     0.141
    -258.68    -0.129
    -257.65     0.027
    -256.62     0.018
    -255.59     0.143
    -254.56     0.006
    -253.53     0.023
    -252.50    -0.074
    -251.46     0.163
    -250.43     0.062
    -249.40    -0.184
    -248.37     0.058
    -247.34    -0.113
    -246.31    -0.065
    -245.28     0.010
    -244.25     0.001
    -243.22    -0.023
    -242.19     0.128
    -241.16    -0.045
    -240.13    -0.044
    -239.10     0.221
    -238.07    -0.102
    -237.04     0.124
    -236.01     0.147
    -234.98     0.051
    -233.94     0.101
    -232.91     0.074
    -231.88    -0.133
    -230.85     0.049
    -229.82     0.043
    -228.79     0.053
    -227.76     0.023
    -226.73     0.068
    -225.70     0.045
    -224.67    -0.009
    -223.64     0.079
    -222.61     0.026
    -221.58    -0.013
    -220.55     0.139
    -219.52     0.044
    -218.49    -0.002
    -217.46    -0.057
    -216.42     0.016
    -215.39    -0.025
    -214.36    -0.040
    -213.33    -0.077
    -212.30     0.061
    -211.27     0.089
    -210.24     0.138
    -209.21    -0.084
    -208.18     0.030
    -207.15    -0.011
    -206.12     0.149
    -205.09    -0.033
    -204.06    -0.027
    -203.03    -0.001
    -202.00     0.027
    -200.97    -0.019
    -199.93     0.071
    -198.90     0.017
    -197.87     0.128
    -196.84    -0.218
    -195.81    -0.080
    -194.78     0.030
    -193.75    -0.066
    -192.72    -0.033
    -191.69     0.150
    -190.66    -0.029
    -189.63     0.116
    -188.60     0.051
    -187.57     0.006
    -186.54     0.088
    -185.51    -0.021
    -184.48    -0.192
    -183.45    -0.061
    -182.41    -0.033
    -181.38    -0.012
    -180.35    -0.049
    -179.32     0.074
    -178.29     0.105
    -177.26     0.023
    -176.23    -0.082
    -175.20     0.079
    -174.17    -0.102
    -173.14    -0.064
    -172.11    -0.145
    -171.08    -0.030
    -170.05    -0.008
    -169.02    -0.061
    -167.99    -0.109
    -166.96    -0.079
    -165.93    -0.012
    -164.89     0.003
    -163.86     0.081
    -162.83    -0.006
    -161.80     0.010
    -160.77    -0.030
    -159.74    -0.058
    -158.71    -0.168
    -157.68     0.085
    -156.65     0.036
    -155.62     0.021
    -154.59    -0.081
    -153.56    -0.054
    -152.53     0.065
    -151.50    -0.072
    -150.47    -0.015
    -149.44    -0.022
    -148.41    -0.025
    -147.37    -0.036
    -146.34    -0.058
    -145.31    -0.133
    -144.28     0.075
    -143.25     0.030
    -142.22    -0.077
    -141.19    -0.156
    -140.16    -0.077
    -139.13    -0.161
    -138.10    -0.039
    -137.07    -0.078
    -136.04    -0.017
    -135.01    -0.185
    -133.98     0.036
    -132.95    -0.067
    -131.92     0.052
    -130.89    -0.094
    -129.85    -0.014
    -128.82     0.042
    -127.79     0.089
    -126.76    -0.090
    -125.73     0.092
    -124.70    -0.050
    -123.67     0.007
    -122.64     0.006
    -121.61    -0.002
    -120.58    -0.082
    -119.55     0.135
    -118.52     0.129
    -117.49    -0.004
    -116.46     0.083
    -115.43     0.160
    -114.40     0.114
    -113.37     0.151
    -112.33     0.107
    -111.30     0.203
    -110.27     0.014
    -109.24     0.292
    -108.21     0.063
    -107.18     0.240
    -106.15     0.141
    -105.12     0.139
    -104.09     0.095
    -103.06     0.107
    -102.03    -0.120
    -101.00     0.136
     -99.97     0.256
     -98.94     0.118
     -97.91     0.037
     -96.88     0.098
     -95.85    -0.087
     -94.81     0.041
     -93.78     0.076
     -92.75     0.003
     -91.72     0.075
     -90.69     0.173
     -89.66    -0.089
     -88.63     0.153
     -87.60    -0.006
     -86.57     0.062
     -85.54    -0.053
     -84.51     0.160
     -83.48     0.033
     -82.45     0.142
     -81.42     0.086
     -80.39     0.011
     -79.36     0.128
     -78.33     0.170
     -77.29     0.103
     -76.26     0.084
     -75.23     0.238
     -74.20     0.071
     -73.17    -0.022
     -72.14     0.148
     -71.11     0.022
     -70.08     0.068
     -69.05     0.128
     -68.02     0.146
     -66.99     0.122
     -65.96     0.078
     -64.93     0.105
     -63.90    -0.069
     -62.87     0.094
     -61.84     0.043
     -60.80     0.052
     -59.77     0.061
     -58.74     0.009
     -57.71     0.184
     -56.68    -0.052
     -55.65     0.009
     -54.62     0.223
     -53.59     0.216
     -52.56     0.227
     -51.53     0.207
     -50.50     0.243
     -49.47     0.235
     -48.44     0.227
     -47.41     0.164
     -46.38     0.064
     -45.35     0.282
     -44.32     0.169
     -43.28     0.197
     -42.25     0.253
     -41.22     0.154
     -40.19     0.215
     -39.16     0.206
     -38.13     0.308
     -37.10     0.218
     -36.07     0.103
     -35.04     0.241
     -34.01     0.322
     -32.98     0.351
     -31.95     0.371
     -30.92     0.371
     -29.89     0.373
     -28.86     0.403
     -27.83     0.376
     -26.80     0.551
     -25.76     0.836
     -24.73     1.039
     -23.70     1.137
     -22.67     1.520
     -21.64     1.699
     -20.61     2.097
     -19.58     2.662
     -18.55     2.957
     -17.52     3.672
     -16.49     4.752
     -15.46     5.341
     -14.43     6.249
     -13.40     7.523
     -12.37     8.884
     -11.34    10.222
     -10.31    11.339
      -9.28    11.899
      -8.24    12.727
      -7.21    13.932
      -6.18    14.867
      -5.15    14.874
      -4.12    15.543
      -3.09    16.822
      -2.06    19.574
      -1.03    23.635
       0.00    28.371
       1.03    31.795
       2.06    33.249
       3.09    32.440
       4.12    30.416
       5.15    27.363
       6.18    23.705
       7.21    20.247
       8.24    16.906
       9.28    14.809
      10.31    13.556
      11.34    11.373
      12.37     8.050
      13.40     5.915
      14.43     4.501
      15.46     3.556
      16.49     2.879
      17.52     2.106
      18.55     2.064
      19.58     1.302
      20.61     1.254
      21.64     0.973
      22.67     0.859
      23.70     0.771
      24.73     0.560
      25.76     0.524
      26.80     0.321
      27.83     0.222
      28.86     0.266
      29.89     0.189
      30.92     0.284
      31.95     0.201
      32.98     0.033
      34.01     0.049
      35.04     0.196
      36.07     0.068
      37.10     0.064
      38.13     0.085
      39.16     0.063
      40.19     0.098
      41.22     0.169
      42.25    -0.076
      43.28     0.021
      44.32    -0.062
      45.35     0.042
      46.38    -0.006
      47.41    -0.019
      48.44     0.028
      49.47    -0.061
      50.50    -0.058
      51.53     0.119
      52.56     0.018
      53.59    -0.088
      54.62    -0.035
      55.65    -0.104
      56.68    -0.049
      57.71    -0.052
      58.74    -0.178
      59.77     0.037
      60.80    -0.167
      61.84     0.017
      62.87    -0.048
      63.90    -0.080
      64.93     0.008
      65.96     0.007
      66.99    -0.044
      68.02     0.035
      69.05    -0.031
      70.08     0.171
      71.11    -0.017
      72.14    -0.044
      73.17    -0.126
      74.20     0.100
      75.23     0.001
      76.26    -0.088
      77.29    -0.000
      78.33    -0.067
      79.36     0.052
      80.39     0.019
      81.42    -0.020
      82.45    -0.187
      83.48     0.095
      84.51    -0.057
      85.54    -0.163
      86.57     0.046
      87.60     0.088
      88.63    -0.041
      89.66     0.037
      90.69    -0.017
      91.72    -0.056
      92.75     0.018
      93.78     0.038
      94.81     0.043
      95.85     0.047
      96.88     0.046
      97.91    -0.385
      98.94    -0.147
      99.97    -0.012
     101.00     0.009
     102.03     0.044
     103.06    -0.019
     104.09    -0.105
     105.12    -0.103
     106.15     0.136
     107.18     0.100
     108.21     0.023
     109.24     0.085
     110.27    -0.088
     111.30     0.016
     112.33    -0.058
     113.37     0.054
     114.40     0.023
     115.43    -0.062
     116.46    -0.055
     117.49     0.034
     118.52    -0.137
     119.55    -0.057
     120.58    -0.023
     121.61     0.228
     122.64    -0.013
     123.67    -0.017
     124.70     0.155
     125.73    -0.052
     126.76    -0.000
     127.79     0.098
     128.82    -0.023
     129.85    -0.011
     130.89    -0.026
     131.92     0.026
     132.95     0.041
     133.98     0.210
     135.01     0.123
     136.04    -0.033
     137.07    -0.044
     138.10     0.037
     139.13     0.033
     140.16     0.060
     141.19     0.029
     142.22     0.104
     143.25    -0.073
     144.28     0.049
     145.31     0.085
     146.34     0.139
     147.37     0.054
     148.41    -0.017
     149.44     0.033
     150.47     0.181
     151.50     0.102
     152.53     0.147
     153.56     0.145
     154.59     0.071
     155.62    -0.010
     156.65    -0.118
     157.68    -0.023
     158.71     0.030
     159.74    -0.007
     160.77     0.098
     161.80    -0.065
     162.83     0.087
     163.86    -0.089
     164.89     0.071
     165.93     0.077
     166.96     0.151
     167.99    -0.051
     169.02     0.026
     170.05    -0.031
     171.08     0.005
     172.11     0.051
     173.14     0.115
     174.17     0.089
     175.20    -0.013
     176.23    -0.072
     177.26     0.021
     178.29     0.091
     179.32    -0.030
     180.35    -0.029
     181.38    -0.055
     182.41     0.038
     183.45     0.018
     184.48     0.005
     185.51    -0.056
     186.54     0.141
     187.57     0.009
     188.60     0.095
     189.63     0.018
     190.66    -0.048
     191.69    -0.003
     192.72    -0.002
     193.75    -0.065
     194.78     0.012
     195.81    -0.019
     196.84    -0.021
     197.87    -0.043
     198.90     0.031
     199.93     0.088
     200.97    -0.003
     202.00    -0.195
     203.03    -0.001
     204.06     0.006
     205.09    -0.119
     206.12    -0.080
     207.15    -0.017
     208.18     0.119
     209.21     0.067
     210.24     0.072
     211.27     0.036
     212.30     0.027
     213.33    -0.087
     214.36    -0.019
     215.39    -0.113
     216.42     0.119
     217.46     0.000
     218.49    -0.076
     219.52    -0.023
     220.55     0.167
     221.58    -0.019
     222.61     0.061
     223.64     0.114
     224.67     0.119
     225.70    -0.006
     226.73    -0.021
     227.76     0.073
     228.79     0.016
     229.82    -0.038
     230.85    -0.003
     231.88     0.010
     232.91     0.104
     233.94    -0.042
     234.98     0.080
     236.01     0.086
     237.04    -0.106
     238.07    -0.183
     239.10     0.029
     240.13     0.011
     241.16     0.007
     242.19    -0.008
     243.22    -0.070
     244.25     0.096
     245.28     0.040
     246.31    -0.049
     247.34    -0.030
     248.37    -0.000
     249.40    -0.117
     250.43    -0.055
     251.46     0.198
     252.50    -0.080
     253.53     0.115
     254.56    -0.035
     255.59     0.092
     256.62     0.039
     257.65    -0.030
     258.68    -0.011
     259.71     0.039
     260.74     0.094
     261.77    -0.125
     262.80     0.115
     263.83     0.076
     264.86     0.070
     265.89     0.103
     266.92     0.131
     267.95    -0.029
     268.98    -0.057
     270.02     0.110
     271.05    -0.129
     272.08    -0.135
     273.11    -0.051
     274.14    -0.094
     275.17    -0.140
     276.20    -0.003
     277.23    -0.053
     278.26    -0.014
     279.29     0.024
     280.32     0.025
     281.35    -0.178
     282.38     0.008
     283.41     0.037
     284.44     0.050
     285.47     0.014
     286.50     0.128
     287.54    -0.086
     288.57     0.059
     289.60    -0.085
     290.63     0.014
     291.66    -0.035
     292.69    -0.101
     293.72    -0.022
     294.75    -0.006
     295.78     0.066
     296.81     0.029
     297.84    -0.031
     298.87    -0.059
     299.90    -0.037
     300.93     0.083
     301.96    -0.033
     302.99     0.022
     304.02    -0.211
     305.06     0.006
     306.09     0.158
     307.12    -0.021
     308.15     0.026
     309.18    -0.033
     310.21     0.045
     311.24     0.057
     312.27    -0.063
     313.30    -0.065
     314.33     0.031
     315.36     0.022
     316.39    -0.075
     317.42    -0.180
     318.45     0.053
     319.48     0.066
     320.51    -0.022
     321.54    -0.096
     322.58    -0.006
     323.61     0.102
     324.64    -0.025
     325.67    -0.064
     326.70    -0.088
     327.73     0.023
     328.76    -0.065
     329.79     0.043
     330.82    -0.085
     331.85    -0.085
     332.88    -0.042
     333.91     0.032
     334.94    -0.008
     335.97    -0.007
     337.00     0.039
     338.03     0.109
     339.07    -0.001
     340.10     0.099
     341.13    -0.134
     342.16     0.270
     343.19    -0.021
     344.22    -0.093
     345.25     0.041
     346.28    -0.024
     347.31    -0.162
     348.34    -0.022
     349.37     0.025
     350.40     0.129
     351.43    -0.126
     352.46     0.216
     353.49    -0.027
     354.52     0.079
     355.55     0.042
     356.59    -0.014
     357.62     0.051
     358.65     0.144
     359.68    -0.090
     360.71     0.072
     361.74     0.013
     362.77    -0.082
     363.80    -0.092
     364.83    -0.010
     365.86    -0.037
     366.89    -0.005
     367.92    -0.093
     368.95    -0.002
     369.98    -0.076
     371.01     0.070
     372.04     0.099
     373.07     0.151
     374.11     0.006
     375.14     0.003
     376.17     0.084
     377.20     0.143
     378.23    -0.132
     379.26    -0.107
     380.29     0.035
     381.32     0.059
     382.35    -0.158
     383.38    -0.060
     384.41     0.012
     385.44    -0.013
     386.47    -0.063
     387.50    -0.053
     388.53    -0.067
     389.56    -0.092
     390.59    -0.068
     391.63     0.101
     392.66    -0.125
     393.69    -0.075
     394.72     0.086
     395.75     0.030
     396.78     0.050
     397.81    -0.014
     398.84    -0.010
     399.87    -0.093
