%%   87.50000   2.50000    0   0.20000
% LAB  survey ------------------
% wanted position:  l, b, RA, DEC, and interpolated  NH
% 87.50 ;   2.50 ; 312.71 ;  48.10 ;  0.101E+23
% nearest position: l, b, RA, DEC, and observed NH
% 87.50 ;   2.50 ; 312.71 ;  48.10 ;  0.101E+23
% GASS III survey --------------
% NH - median within 6 arcmin radius   0.00    
% NH - mean within specified beam      0.00    
% EBHIS survey -----------------
% NH  within specified beam           0.984E+22
%%EBHIS   621  datapoints: v_lsr [km/s] and T_B [K]
    -399.25     0.028
    -397.96     0.033
    -396.68     0.012
    -395.39     0.026
    -394.10     0.065
    -392.81     0.054
    -391.52    -0.019
    -390.23     0.082
    -388.95     0.003
    -387.66    -0.046
    -386.37     0.039
    -385.08     0.137
    -383.79     0.081
    -382.50    -0.075
    -381.22     0.054
    -379.93     0.076
    -378.64     0.065
    -377.35     0.028
    -376.06     0.019
    -374.78     0.127
    -373.49     0.095
    -372.20     0.008
    -370.91    -0.088
    -369.62    -0.042
    -368.33    -0.017
    -367.05     0.013
    -365.76     0.012
    -364.47    -0.012
    -363.18     0.041
    -361.89    -0.089
    -360.60     0.022
    -359.32     0.068
    -358.03     0.071
    -356.74     0.055
    -355.45    -0.058
    -354.16     0.016
    -352.88     0.027
    -351.59    -0.053
    -350.30    -0.032
    -349.01    -0.027
    -347.72     0.014
    -346.43     0.110
    -345.15    -0.136
    -343.86     0.010
    -342.57    -0.073
    -341.28    -0.002
    -339.99    -0.199
    -338.70    -0.147
    -337.42    -0.041
    -336.13     0.033
    -334.84     0.022
    -333.55    -0.113
    -332.26     0.055
    -330.98    -0.078
    -329.69    -0.017
    -328.40     0.052
    -327.11    -0.025
    -325.82    -0.208
    -324.53    -0.047
    -323.25    -0.054
    -321.96    -0.123
    -320.67     0.008
    -319.38    -0.035
    -318.09    -0.025
    -316.80     0.102
    -315.52     0.076
    -314.23    -0.089
    -312.94    -0.024
    -311.65    -0.089
    -310.36     0.045
    -309.08     0.039
    -307.79    -0.001
    -306.50    -0.070
    -305.21    -0.046
    -303.92    -0.049
    -302.63    -0.034
    -301.35    -0.129
    -300.06    -0.175
    -298.77    -0.084
    -297.48    -0.008
    -296.19    -0.060
    -294.90    -0.010
    -293.62    -0.045
    -292.33     0.035
    -291.04     0.059
    -289.75    -0.119
    -288.46    -0.007
    -287.18     0.031
    -285.89     0.026
    -284.60     0.079
    -283.31     0.047
    -282.02     0.028
    -280.73     0.125
    -279.45     0.016
    -278.16    -0.011
    -276.87     0.095
    -275.58     0.070
    -274.29     0.051
    -273.00     0.022
    -271.72     0.111
    -270.43     0.183
    -269.14     0.038
    -267.85    -0.044
    -266.56    -0.001
    -265.28     0.008
    -263.99    -0.032
    -262.70     0.198
    -261.41     0.030
    -260.12    -0.040
    -258.83    -0.022
    -257.55     0.055
    -256.26     0.039
    -254.97     0.021
    -253.68    -0.058
    -252.39     0.094
    -251.10     0.019
    -249.82     0.006
    -248.53     0.057
    -247.24    -0.045
    -245.95     0.025
    -244.66    -0.003
    -243.38     0.072
    -242.09    -0.057
    -240.80    -0.005
    -239.51    -0.045
    -238.22    -0.053
    -236.93     0.007
    -235.65    -0.003
    -234.36     0.073
    -233.07     0.016
    -231.78     0.079
    -230.49     0.038
    -229.20     0.059
    -227.92     0.093
    -226.63     0.039
    -225.34    -0.030
    -224.05    -0.050
    -222.76     0.032
    -221.48     0.030
    -220.19     0.023
    -218.90    -0.068
    -217.61    -0.004
    -216.32     0.123
    -215.03     0.168
    -213.75     0.004
    -212.46     0.012
    -211.17     0.037
    -209.88     0.072
    -208.59     0.088
    -207.30     0.002
    -206.02    -0.018
    -204.73    -0.100
    -203.44    -0.016
    -202.15    -0.137
    -200.86    -0.018
    -199.58    -0.017
    -198.29    -0.081
    -197.00    -0.016
    -195.71     0.003
    -194.42    -0.055
    -193.13    -0.051
    -191.85    -0.099
    -190.56     0.081
    -189.27    -0.031
    -187.98    -0.138
    -186.69     0.043
    -185.40     0.071
    -184.12    -0.010
    -182.83    -0.025
    -181.54    -0.029
    -180.25    -0.065
    -178.96     0.031
    -177.68     0.015
    -176.39     0.007
    -175.10     0.147
    -173.81     0.035
    -172.52    -0.016
    -171.23    -0.089
    -169.95     0.030
    -168.66    -0.002
    -167.37    -0.004
    -166.08     0.067
    -164.79    -0.062
    -163.50     0.026
    -162.22    -0.005
    -160.93     0.066
    -159.64     0.064
    -158.35     0.023
    -157.06     0.059
    -155.78    -0.002
    -154.49     0.015
    -153.20     0.090
    -151.91     0.203
    -150.62     0.150
    -149.33     0.155
    -148.05     0.315
    -146.76     0.321
    -145.47     0.357
    -144.18     0.379
    -142.89     0.409
    -141.60     0.580
    -140.32     0.649
    -139.03     0.748
    -137.74     0.878
    -136.45     0.860
    -135.16     0.984
    -133.88     0.999
    -132.59     1.060
    -131.30     1.133
    -130.01     1.267
    -128.72     1.273
    -127.43     1.193
    -126.15     1.236
    -124.86     1.284
    -123.57     1.617
    -122.28     1.747
    -120.99     1.930
    -119.70     2.297
    -118.42     2.821
    -117.13     3.659
    -115.84     4.407
    -114.55     5.655
    -113.26     7.570
    -111.98     9.799
    -110.69    11.381
    -109.40    12.056
    -108.11    12.502
    -106.82    11.959
    -105.53    10.053
    -104.25     7.882
    -102.96     6.170
    -101.67     5.611
    -100.38     5.650
     -99.09     6.469
     -97.80     8.195
     -96.52    10.736
     -95.23    14.078
     -93.94    20.020
     -92.65    28.585
     -91.36    34.827
     -90.08    34.475
     -88.79    31.463
     -87.50    29.312
     -86.21    30.605
     -84.92    34.832
     -83.63    40.541
     -82.35    45.419
     -81.06    48.577
     -79.77    51.525
     -78.48    56.380
     -77.19    61.113
     -75.90    64.122
     -74.62    64.432
     -73.33    63.775
     -72.04    64.042
     -70.75    65.573
     -69.46    66.610
     -68.18    66.521
     -66.89    65.035
     -65.60    61.270
     -64.31    56.629
     -63.02    51.755
     -61.73    45.109
     -60.45    38.591
     -59.16    38.582
     -57.87    42.764
     -56.58    45.318
     -55.29    44.143
     -54.00    40.824
     -52.72    35.699
     -51.43    29.447
     -50.14    24.410
     -48.85    21.497
     -47.56    20.296
     -46.28    20.484
     -44.99    21.579
     -43.70    22.875
     -42.41    24.225
     -41.12    24.793
     -39.83    24.400
     -38.55    22.419
     -37.26    21.211
     -35.97    21.128
     -34.68    22.932
     -33.39    27.148
     -32.10    33.266
     -30.82    38.941
     -29.53    40.561
     -28.24    37.564
     -26.95    34.208
     -25.66    32.275
     -24.38    31.996
     -23.09    34.247
     -21.80    38.851
     -20.51    45.650
     -19.22    52.692
     -17.93    57.820
     -16.65    59.877
     -15.36    58.809
     -14.07    56.776
     -12.78    58.073
     -11.49    64.970
     -10.20    76.741
      -8.92    88.335
      -7.63    95.748
      -6.34    95.904
      -5.05    94.355
      -3.76    93.971
      -2.48    95.003
      -1.19    94.415
       0.10    91.334
       1.39    85.114
       2.68    74.946
       3.97    66.737
       5.25    61.855
       6.54    52.705
       7.83    39.798
       9.12    27.799
      10.41    18.271
      11.70    13.201
      12.98    10.061
      14.27     7.980
      15.56     6.524
      16.85     5.207
      18.14     4.200
      19.42     3.156
      20.71     2.220
      22.00     1.706
      23.29     1.136
      24.58     0.815
      25.87     0.705
      27.15     0.618
      28.44     0.299
      29.73     0.264
      31.02     0.263
      32.31     0.232
      33.60     0.272
      34.88     0.087
      36.17     0.112
      37.46     0.194
      38.75     0.155
      40.04     0.060
      41.32     0.104
      42.61     0.061
      43.90     0.172
      45.19     0.115
      46.48     0.014
      47.77     0.146
      49.05    -0.035
      50.34     0.031
      51.63     0.082
      52.92     0.006
      54.21     0.040
      55.50     0.047
      56.78     0.057
      58.07    -0.002
      59.36     0.025
      60.65    -0.112
      61.94    -0.026
      63.22     0.048
      64.51    -0.009
      65.80     0.019
      67.09     0.098
      68.38     0.022
      69.67    -0.051
      70.95     0.073
      72.24     0.086
      73.53     0.029
      74.82     0.041
      76.11     0.106
      77.40     0.115
      78.68    -0.002
      79.97    -0.020
      81.26    -0.029
      82.55    -0.155
      83.84    -0.103
      85.12     0.029
      86.41    -0.010
      87.70    -0.006
      88.99    -0.027
      90.28     0.067
      91.57     0.018
      92.85    -0.052
      94.14    -0.015
      95.43    -0.068
      96.72    -0.150
      98.01    -0.092
      99.30    -0.034
     100.58    -0.055
     101.87    -0.011
     103.16     0.016
     104.45     0.015
     105.74    -0.070
     107.02     0.030
     108.31     0.074
     109.60     0.045
     110.89     0.012
     112.18     0.008
     113.47     0.051
     114.75    -0.013
     116.04    -0.060
     117.33    -0.016
     118.62     0.098
     119.91    -0.037
     121.20    -0.009
     122.48     0.014
     123.77    -0.213
     125.06    -0.083
     126.35    -0.061
     127.64    -0.068
     128.92     0.006
     130.21     0.029
     131.50     0.064
     132.79     0.114
     134.08     0.089
     135.37    -0.006
     136.65    -0.002
     137.94    -0.047
     139.23    -0.070
     140.52    -0.029
     141.81    -0.141
     143.09    -0.044
     144.38     0.086
     145.67     0.112
     146.96     0.036
     148.25     0.069
     149.54     0.031
     150.82    -0.055
     152.11     0.089
     153.40    -0.017
     154.69    -0.045
     155.98    -0.076
     157.27    -0.065
     158.55    -0.120
     159.84    -0.105
     161.13     0.062
     162.42     0.051
     163.71     0.024
     164.99     0.065
     166.28     0.119
     167.57    -0.015
     168.86    -0.012
     170.15    -0.028
     171.44    -0.115
     172.72     0.074
     174.01    -0.093
     175.30    -0.012
     176.59     0.066
     177.88    -0.007
     179.17     0.067
     180.45     0.064
     181.74     0.108
     183.03     0.016
     184.32    -0.021
     185.61    -0.123
     186.89    -0.027
     188.18     0.012
     189.47    -0.020
     190.76    -0.036
     192.05     0.025
     193.34    -0.061
     194.62    -0.007
     195.91    -0.043
     197.20    -0.115
     198.49    -0.131
     199.78     0.018
     201.07     0.020
     202.35    -0.102
     203.64     0.015
     204.93     0.033
     206.22     0.032
     207.51    -0.043
     208.79     0.054
     210.08    -0.035
     211.37     0.006
     212.66     0.127
     213.95     0.026
     215.24     0.046
     216.52     0.174
     217.81     0.039
     219.10     0.010
     220.39    -0.064
     221.68    -0.054
     222.97     0.002
     224.25     0.038
     225.54    -0.010
     226.83     0.079
     228.12     0.012
     229.41     0.103
     230.69     0.120
     231.98    -0.037
     233.27    -0.132
     234.56     0.066
     235.85     0.061
     237.14     0.076
     238.42     0.079
     239.71     0.072
     241.00     0.020
     242.29     0.081
     243.58     0.161
     244.87     0.090
     246.15    -0.087
     247.44     0.033
     248.73     0.072
     250.02     0.041
     251.31     0.149
     252.59     0.078
     253.88     0.022
     255.17     0.006
     256.46    -0.044
     257.75     0.020
     259.04    -0.026
     260.32    -0.004
     261.61    -0.062
     262.90    -0.005
     264.19    -0.153
     265.48    -0.079
     266.77    -0.060
     268.05    -0.061
     269.34    -0.020
     270.63     0.023
     271.92    -0.022
     273.21    -0.018
     274.49    -0.006
     275.78     0.048
     277.07     0.006
     278.36     0.034
     279.65     0.142
     280.94     0.040
     282.22    -0.085
     283.51    -0.053
     284.80    -0.119
     286.09    -0.113
     287.38    -0.043
     288.67     0.161
     289.95     0.079
     291.24     0.071
     292.53    -0.119
     293.82    -0.091
     295.11     0.061
     296.39    -0.035
     297.68    -0.011
     298.97     0.124
     300.26    -0.009
     301.55     0.038
     302.84    -0.011
     304.12     0.106
     305.41     0.053
     306.70     0.000
     307.99    -0.063
     309.28     0.055
     310.57    -0.052
     311.85    -0.043
     313.14     0.021
     314.43     0.057
     315.72    -0.013
     317.01    -0.055
     318.29    -0.143
     319.58    -0.081
     320.87     0.003
     322.16     0.030
     323.45     0.082
     324.74     0.060
     326.02     0.044
     327.31    -0.008
     328.60     0.100
     329.89    -0.007
     331.18    -0.177
     332.47     0.058
     333.75     0.026
     335.04     0.020
     336.33     0.006
     337.62    -0.002
     338.91    -0.098
     340.19    -0.084
     341.48    -0.067
     342.77    -0.004
     344.06    -0.050
     345.35    -0.092
     346.64    -0.040
     347.92    -0.066
     349.21    -0.035
     350.50     0.010
     351.79    -0.012
     353.08    -0.017
     354.37    -0.063
     355.65     0.006
     356.94    -0.045
     358.23     0.000
     359.52    -0.098
     360.81    -0.054
     362.09     0.105
     363.38     0.062
     364.67     0.081
     365.96     0.010
     367.25     0.004
     368.54     0.041
     369.82    -0.022
     371.11    -0.003
     372.40     0.002
     373.69    -0.056
     374.98    -0.053
     376.27    -0.069
     377.55    -0.102
     378.84    -0.017
     380.13     0.124
     381.42     0.119
     382.71    -0.080
     383.99     0.001
     385.28     0.019
     386.57     0.006
     387.86     0.001
     389.15     0.066
     390.44     0.008
     391.72     0.038
     393.01     0.095
     394.30    -0.036
     395.59    -0.101
     396.88    -0.085
     398.17     0.136
     399.45     0.116
%%GASS      0  datapoints: v_lsr [km/s] and T_B [K]
%%LAB     777  datapoints: v_lsr [km/s] and T_B [K]
    -399.84     0.006
    -398.81    -0.030
    -397.78     0.063
    -396.75    -0.015
    -395.72    -0.172
    -394.69    -0.021
    -393.66     0.190
    -392.63    -0.009
    -391.60     0.069
    -390.57     0.047
    -389.54     0.000
    -388.51    -0.001
    -387.48    -0.028
    -386.44    -0.065
    -385.41    -0.146
    -384.38    -0.215
    -383.35    -0.047
    -382.32    -0.075
    -381.29    -0.190
    -380.26    -0.120
    -379.23     0.133
    -378.20    -0.116
    -377.17    -0.013
    -376.14    -0.104
    -375.11     0.011
    -374.08    -0.021
    -373.05    -0.015
    -372.02     0.101
    -370.99     0.039
    -369.96    -0.050
    -368.93     0.062
    -367.90    -0.021
    -366.86    -0.025
    -365.83     0.087
    -364.80     0.158
    -363.77     0.050
    -362.74    -0.027
    -361.71    -0.012
    -360.68    -0.012
    -359.65    -0.086
    -358.62    -0.006
    -357.59     0.167
    -356.56    -0.004
    -355.53     0.011
    -354.50     0.100
    -353.47     0.098
    -352.44     0.131
    -351.41     0.057
    -350.38    -0.019
    -349.35    -0.006
    -348.32    -0.054
    -347.28     0.092
    -346.25    -0.057
    -345.22     0.109
    -344.19     0.053
    -343.16    -0.012
    -342.13     0.106
    -341.10     0.038
    -340.07     0.000
    -339.04    -0.140
    -338.01     0.018
    -336.98    -0.007
    -335.95    -0.012
    -334.92    -0.048
    -333.89     0.072
    -332.86    -0.146
    -331.83    -0.036
    -330.80    -0.170
    -329.77    -0.018
    -328.74    -0.038
    -327.70    -0.004
    -326.67     0.026
    -325.64     0.021
    -324.61    -0.104
    -323.58     0.092
    -322.55     0.087
    -321.52    -0.059
    -320.49     0.072
    -319.46    -0.066
    -318.43     0.092
    -317.40    -0.060
    -316.37     0.045
    -315.34     0.122
    -314.31     0.024
    -313.28     0.083
    -312.25     0.066
    -311.22     0.125
    -310.19    -0.022
    -309.16    -0.153
    -308.13    -0.001
    -307.09    -0.093
    -306.06    -0.068
    -305.03     0.164
    -304.00    -0.056
    -302.97     0.193
    -301.94     0.128
    -300.91    -0.034
    -299.88     0.051
    -298.85    -0.107
    -297.82     0.044
    -296.79    -0.099
    -295.76     0.014
    -294.73    -0.027
    -293.70     0.012
    -292.67    -0.074
    -291.64     0.100
    -290.61    -0.025
    -289.58     0.080
    -288.55    -0.122
    -287.51    -0.093
    -286.48     0.065
    -285.45     0.103
    -284.42    -0.054
    -283.39    -0.048
    -282.36    -0.030
    -281.33    -0.093
    -280.30     0.020
    -279.27     0.080
    -278.24     0.018
    -277.21    -0.009
    -276.18     0.217
    -275.15     0.012
    -274.12     0.036
    -273.09    -0.119
    -272.06     0.140
    -271.03     0.008
    -270.00     0.020
    -268.97     0.063
    -267.93    -0.015
    -266.90     0.062
    -265.87     0.054
    -264.84    -0.107
    -263.81    -0.003
    -262.78     0.125
    -261.75    -0.135
    -260.72    -0.078
    -259.69     0.118
    -258.66     0.011
    -257.63     0.128
    -256.60     0.033
    -255.57     0.024
    -254.54    -0.016
    -253.51    -0.041
    -252.48    -0.038
    -251.45    -0.087
    -250.42    -0.056
    -249.39     0.089
    -248.36    -0.074
    -247.32     0.203
    -246.29     0.072
    -245.26     0.054
    -244.23    -0.083
    -243.20     0.014
    -242.17    -0.117
    -241.14    -0.038
    -240.11    -0.078
    -239.08     0.042
    -238.05     0.081
    -237.02     0.161
    -235.99     0.009
    -234.96    -0.129
    -233.93    -0.093
    -232.90     0.086
    -231.87    -0.080
    -230.84     0.059
    -229.81    -0.006
    -228.78    -0.056
    -227.74    -0.134
    -226.71    -0.027
    -225.68     0.008
    -224.65     0.036
    -223.62    -0.074
    -222.59     0.152
    -221.56     0.145
    -220.53     0.167
    -219.50    -0.105
    -218.47     0.029
    -217.44    -0.200
    -216.41     0.044
    -215.38     0.050
    -214.35    -0.060
    -213.32    -0.066
    -212.29    -0.036
    -211.26     0.002
    -210.23     0.036
    -209.20    -0.138
    -208.16     0.072
    -207.13     0.140
    -206.10    -0.019
    -205.07     0.124
    -204.04     0.030
    -203.01    -0.018
    -201.98    -0.083
    -200.95    -0.123
    -199.92    -0.239
    -198.89    -0.116
    -197.86     0.009
    -196.83     0.002
    -195.80     0.094
    -194.77     0.063
    -193.74    -0.047
    -192.71    -0.025
    -191.68    -0.101
    -190.65     0.122
    -189.62     0.060
    -188.58    -0.048
    -187.55     0.006
    -186.52    -0.028
    -185.49     0.215
    -184.46     0.008
    -183.43     0.032
    -182.40     0.103
    -181.37     0.158
    -180.34    -0.045
    -179.31     0.083
    -178.28    -0.048
    -177.25     0.074
    -176.22    -0.027
    -175.19     0.100
    -174.16     0.143
    -173.13    -0.045
    -172.10     0.057
    -171.07     0.104
    -170.04    -0.128
    -169.01     0.078
    -167.97    -0.034
    -166.94     0.044
    -165.91    -0.056
    -164.88     0.101
    -163.85     0.041
    -162.82    -0.006
    -161.79    -0.080
    -160.76     0.122
    -159.73    -0.099
    -158.70     0.051
    -157.67    -0.075
    -156.64     0.018
    -155.61     0.128
    -154.58     0.173
    -153.55    -0.003
    -152.52     0.060
    -151.49     0.094
    -150.46     0.118
    -149.43     0.231
    -148.39     0.172
    -147.36     0.325
    -146.33     0.410
    -145.30     0.255
    -144.27     0.476
    -143.24     0.366
    -142.21     0.464
    -141.18     0.756
    -140.15     0.488
    -139.12     0.881
    -138.09     0.712
    -137.06     0.706
    -136.03     0.845
    -135.00     0.830
    -133.97     1.172
    -132.94     1.065
    -131.91     1.157
    -130.88     1.222
    -129.85     1.255
    -128.81     1.399
    -127.78     1.301
    -126.75     1.100
    -125.72     1.339
    -124.69     1.365
    -123.66     1.479
    -122.63     1.494
    -121.60     1.609
    -120.57     1.836
    -119.54     2.084
    -118.51     2.374
    -117.48     2.892
    -116.45     3.109
    -115.42     4.015
    -114.39     4.759
    -113.36     5.889
    -112.33     7.136
    -111.30     8.997
    -110.27    10.233
    -109.23    11.346
    -108.20    11.387
    -107.17    11.510
    -106.14    10.405
    -105.11     9.501
    -104.08     8.260
    -103.05     7.021
    -102.02     6.367
    -100.99     6.324
     -99.96     6.586
     -98.93     7.181
     -97.90     8.307
     -96.87    10.220
     -95.84    12.906
     -94.81    16.664
     -93.78    21.703
     -92.75    27.451
     -91.72    32.108
     -90.69    33.671
     -89.66    31.752
     -88.62    29.201
     -87.59    28.546
     -86.56    29.417
     -85.53    31.999
     -84.50    36.142
     -83.47    40.559
     -82.44    44.727
     -81.41    48.016
     -80.38    51.077
     -79.35    55.305
     -78.32    60.336
     -77.29    64.633
     -76.26    67.931
     -75.23    68.702
     -74.20    68.003
     -73.17    65.697
     -72.14    64.354
     -71.11    63.560
     -70.08    63.511
     -69.04    63.842
     -68.01    63.249
     -66.98    63.463
     -65.95    63.255
     -64.92    61.366
     -63.89    58.207
     -62.86    53.698
     -61.83    48.226
     -60.80    43.425
     -59.77    40.600
     -58.74    39.737
     -57.71    40.641
     -56.68    41.245
     -55.65    40.669
     -54.62    38.600
     -53.59    36.391
     -52.56    33.248
     -51.53    29.552
     -50.50    26.623
     -49.46    24.248
     -48.43    22.840
     -47.40    22.355
     -46.37    22.403
     -45.34    23.064
     -44.31    24.305
     -43.28    25.801
     -42.25    27.105
     -41.22    27.521
     -40.19    27.355
     -39.16    26.454
     -38.13    25.748
     -37.10    24.796
     -36.07    24.382
     -35.04    24.962
     -34.01    27.123
     -32.98    32.069
     -31.95    37.987
     -30.92    43.826
     -29.89    47.373
     -28.85    47.955
     -27.82    45.763
     -26.79    42.474
     -25.76    39.436
     -24.73    37.608
     -23.70    36.954
     -22.67    38.305
     -21.64    41.434
     -20.61    45.076
     -19.58    49.050
     -18.55    53.263
     -17.52    56.865
     -16.49    59.186
     -15.46    60.764
     -14.43    61.663
     -13.40    64.121
     -12.37    67.639
     -11.34    72.410
     -10.31    79.137
      -9.27    85.424
      -8.24    92.085
      -7.21    95.700
      -6.18    97.204
      -5.15    97.883
      -4.12    98.007
      -3.09    98.400
      -2.06    98.331
      -1.03    95.765
       0.00    92.357
       1.03    87.557
       2.06    81.903
       3.09    75.065
       4.12    68.502
       5.15    63.344
       6.18    57.458
       7.21    46.416
       8.24    34.989
       9.27    25.435
      10.31    18.144
      11.34    13.025
      12.37    10.009
      13.40     7.849
      14.43     5.986
      15.46     4.899
      16.49     3.865
      17.52     3.092
      18.55     2.590
      19.58     1.881
      20.61     1.328
      21.64     1.225
      22.67     0.991
      23.70     0.725
      24.73     0.816
      25.76     0.685
      26.79     0.627
      27.82     0.639
      28.85     0.621
      29.89     0.649
      30.92     0.493
      31.95     0.285
      32.98     0.127
      34.01     0.215
      35.04     0.243
      36.07     0.193
      37.10     0.121
      38.13     0.331
      39.16     0.134
      40.19     0.042
      41.22     0.104
      42.25     0.167
      43.28     0.094
      44.31    -0.022
      45.34    -0.059
      46.37    -0.010
      47.40     0.026
      48.43     0.005
      49.46     0.030
      50.50    -0.108
      51.53     0.033
      52.56     0.006
      53.59     0.042
      54.62    -0.060
      55.65    -0.047
      56.68     0.166
      57.71     0.100
      58.74     0.035
      59.77     0.143
      60.80    -0.006
      61.83     0.024
      62.86    -0.045
      63.89     0.173
      64.92     0.060
      65.95     0.056
      66.98    -0.027
      68.01    -0.013
      69.04     0.030
      70.08     0.021
      71.11     0.054
      72.14     0.122
      73.17    -0.016
      74.20    -0.025
      75.23    -0.038
      76.26    -0.101
      77.29     0.057
      78.32    -0.010
      79.35    -0.048
      80.38    -0.006
      81.41     0.175
      82.44     0.112
      83.47     0.081
      84.50     0.167
      85.53     0.081
      86.56     0.047
      87.59     0.112
      88.62    -0.003
      89.66     0.020
      90.69    -0.010
      91.72     0.134
      92.75     0.023
      93.78     0.130
      94.81     0.060
      95.84    -0.059
      96.87     0.118
      97.90     0.020
      98.93     0.069
      99.96    -0.113
     100.99    -0.001
     102.02    -0.031
     103.05     0.008
     104.08     0.089
     105.11     0.047
     106.14     0.072
     107.17    -0.083
     108.20    -0.078
     109.23    -0.065
     110.27     0.109
     111.30    -0.010
     112.33    -0.056
     113.36     0.133
     114.39     0.011
     115.42    -0.071
     116.45    -0.132
     117.48    -0.007
     118.51    -0.048
     119.54     0.087
     120.57     0.178
     121.60    -0.140
     122.63     0.136
     123.66     0.136
     124.69     0.002
     125.72    -0.031
     126.75    -0.111
     127.78     0.089
     128.81    -0.092
     129.85    -0.027
     130.88    -0.235
     131.91    -0.098
     132.94    -0.208
     133.97    -0.051
     135.00     0.069
     136.03    -0.077
     137.06     0.000
     138.09     0.095
     139.12    -0.066
     140.15     0.151
     141.18     0.087
     142.21     0.041
     143.24    -0.048
     144.27    -0.038
     145.30    -0.025
     146.33    -0.107
     147.36    -0.156
     148.39     0.053
     149.43    -0.039
     150.46    -0.078
     151.49    -0.095
     152.52    -0.065
     153.55    -0.083
     154.58     0.255
     155.61    -0.036
     156.64    -0.038
     157.67     0.015
     158.70    -0.034
     159.73    -0.065
     160.76    -0.025
     161.79    -0.087
     162.82     0.021
     163.85     0.056
     164.88    -0.050
     165.91    -0.072
     166.94     0.008
     167.97    -0.138
     169.01     0.277
     170.04     0.136
     171.07     0.097
     172.10    -0.173
     173.13     0.098
     174.16     0.065
     175.19     0.059
     176.22     0.136
     177.25     0.000
     178.28    -0.163
     179.31    -0.038
     180.34     0.128
     181.37     0.039
     182.40     0.130
     183.43     0.008
     184.46     0.161
     185.49     0.063
     186.52     0.112
     187.55     0.094
     188.58     0.006
     189.62     0.199
     190.65     0.163
     191.68    -0.159
     192.71    -0.138
     193.74     0.208
     194.77     0.054
     195.80     0.065
     196.83     0.097
     197.86    -0.048
     198.89    -0.074
     199.92     0.051
     200.95     0.026
     201.98     0.113
     203.01     0.095
     204.04    -0.146
     205.07    -0.084
     206.10    -0.031
     207.13     0.033
     208.16    -0.161
     209.20    -0.027
     210.23     0.023
     211.26    -0.038
     212.29     0.205
     213.32    -0.099
     214.35    -0.047
     215.38     0.176
     216.41    -0.050
     217.44    -0.294
     218.47    -0.170
     219.50    -0.047
     220.53     0.128
     221.56     0.072
     222.59     0.143
     223.62     0.038
     224.65     0.038
     225.68     0.145
     226.71     0.035
     227.74    -0.015
     228.78     0.128
     229.81     0.089
     230.84     0.187
     231.87    -0.044
     232.90    -0.015
     233.93     0.032
     234.96    -0.033
     235.99     0.066
     237.02     0.280
     238.05    -0.090
     239.08    -0.056
     240.11    -0.161
     241.14     0.042
     242.17    -0.084
     243.20    -0.161
     244.23    -0.050
     245.26    -0.044
     246.29    -0.155
     247.32    -0.004
     248.36    -0.063
     249.39    -0.022
     250.42    -0.034
     251.45     0.066
     252.48    -0.044
     253.51     0.112
     254.54     0.042
     255.57    -0.019
     256.60    -0.013
     257.63     0.199
     258.66     0.072
     259.69     0.063
     260.72    -0.083
     261.75     0.094
     262.78    -0.068
     263.81    -0.116
     264.84    -0.135
     265.87    -0.045
     266.90    -0.053
     267.93    -0.044
     268.97    -0.016
     270.00    -0.003
     271.03     0.042
     272.06     0.163
     273.09    -0.013
     274.12    -0.075
     275.15     0.131
     276.18     0.086
     277.21    -0.047
     278.24     0.011
     279.27    -0.016
     280.30     0.077
     281.33    -0.013
     282.36     0.024
     283.39    -0.009
     284.42    -0.111
     285.45     0.101
     286.48     0.032
     287.51    -0.072
     288.55    -0.119
     289.58    -0.126
     290.61     0.125
     291.64     0.033
     292.67     0.054
     293.70    -0.095
     294.73     0.023
     295.76    -0.087
     296.79     0.045
     297.82    -0.007
     298.85     0.017
     299.88    -0.188
     300.91    -0.038
     301.94     0.020
     302.97     0.056
     304.00     0.003
     305.03    -0.039
     306.06    -0.062
     307.09     0.062
     308.13     0.083
     309.16     0.045
     310.19    -0.117
     311.22     0.023
     312.25     0.057
     313.28     0.048
     314.31     0.023
     315.34    -0.099
     316.37     0.127
     317.40    -0.012
     318.43    -0.009
     319.46     0.038
     320.49     0.112
     321.52     0.068
     322.55     0.191
     323.58     0.247
     324.61    -0.099
     325.64    -0.086
     326.67     0.045
     327.70     0.000
     328.74    -0.194
     329.77     0.098
     330.80    -0.059
     331.83    -0.030
     332.86    -0.217
     333.89     0.062
     334.92     0.038
     335.95     0.145
     336.98    -0.066
     338.01    -0.003
     339.04     0.029
     340.07    -0.059
     341.10    -0.191
     342.13    -0.166
     343.16    -0.009
     344.19    -0.028
     345.22     0.119
     346.25    -0.015
     347.28     0.059
     348.32    -0.057
     349.35     0.023
     350.38    -0.125
     351.41    -0.062
     352.44    -0.126
     353.47    -0.012
     354.50    -0.041
     355.53    -0.013
     356.56     0.095
     357.59     0.035
     358.62     0.078
     359.65     0.014
     360.68     0.041
     361.71    -0.075
     362.74    -0.060
     363.77    -0.110
     364.80     0.045
     365.83     0.026
     366.86     0.023
     367.90     0.035
     368.93     0.074
     369.96    -0.057
     370.99    -0.015
     372.02     0.068
     373.05     0.137
     374.08     0.042
     375.11     0.065
     376.14    -0.013
     377.17    -0.045
     378.20    -0.102
     379.23     0.081
     380.26    -0.138
     381.29     0.206
     382.32     0.104
     383.35     0.118
     384.38     0.060
     385.41     0.015
     386.44    -0.039
     387.48     0.109
     388.51     0.107
     389.54     0.000
     390.57    -0.101
     391.60     0.106
     392.63     0.097
     393.66    -0.018
     394.69     0.103
     395.72    -0.007
     396.75     0.080
     397.78     0.181
     398.81    -0.034
     399.84    -0.027
