%%   95.00000  12.50000    0   0.20000
% LAB  survey ------------------
% wanted position:  l, b, RA, DEC, and interpolated  NH
% 95.00 ;  12.50 ; 306.55 ;  60.04 ;  0.151E+22
% nearest position: l, b, RA, DEC, and observed NH
% 95.00 ;  12.50 ; 306.55 ;  60.04 ;  0.151E+22
% GASS III survey --------------
% NH - median within 6 arcmin radius   0.00    
% NH - mean within specified beam      0.00    
% EBHIS survey -----------------
% NH  within specified beam           0.156E+22
%%EBHIS   621  datapoints: v_lsr [km/s] and T_B [K]
    -399.25     0.008
    -397.96     0.068
    -396.68    -0.070
    -395.39     0.021
    -394.10    -0.001
    -392.81    -0.006
    -391.52     0.079
    -390.23     0.006
    -388.95     0.009
    -387.66    -0.066
    -386.37    -0.045
    -385.08    -0.036
    -383.79     0.055
    -382.50     0.079
    -381.22    -0.033
    -379.93    -0.093
    -378.64    -0.042
    -377.35     0.051
    -376.06    -0.007
    -374.78    -0.005
    -373.49    -0.040
    -372.20    -0.055
    -370.91     0.030
    -369.62    -0.055
    -368.33     0.019
    -367.05    -0.095
    -365.76     0.044
    -364.47     0.054
    -363.18    -0.050
    -361.89    -0.017
    -360.60     0.012
    -359.32     0.137
    -358.03     0.062
    -356.74    -0.111
    -355.45    -0.034
    -354.16    -0.014
    -352.88     0.030
    -351.59     0.041
    -350.30     0.001
    -349.01    -0.048
    -347.72    -0.022
    -346.43    -0.052
    -345.15    -0.071
    -343.86    -0.003
    -342.57     0.036
    -341.28    -0.116
    -339.99     0.049
    -338.70     0.091
    -337.42     0.006
    -336.13    -0.103
    -334.84    -0.066
    -333.55    -0.005
    -332.26     0.045
    -330.98    -0.016
    -329.69    -0.136
    -328.40     0.060
    -327.11     0.088
    -325.82    -0.022
    -324.53    -0.034
    -323.25     0.068
    -321.96    -0.025
    -320.67    -0.017
    -319.38     0.116
    -318.09    -0.043
    -316.80    -0.010
    -315.52     0.003
    -314.23     0.067
    -312.94     0.080
    -311.65    -0.005
    -310.36     0.040
    -309.08     0.092
    -307.79     0.074
    -306.50     0.032
    -305.21    -0.017
    -303.92    -0.052
    -302.63    -0.056
    -301.35    -0.042
    -300.06     0.050
    -298.77    -0.009
    -297.48     0.026
    -296.19     0.078
    -294.90     0.027
    -293.62     0.115
    -292.33     0.043
    -291.04    -0.037
    -289.75    -0.191
    -288.46    -0.026
    -287.18     0.070
    -285.89     0.033
    -284.60    -0.055
    -283.31    -0.054
    -282.02     0.006
    -280.73    -0.035
    -279.45     0.067
    -278.16     0.004
    -276.87    -0.009
    -275.58    -0.042
    -274.29     0.105
    -273.00    -0.020
    -271.72    -0.012
    -270.43     0.131
    -269.14    -0.003
    -267.85     0.012
    -266.56     0.022
    -265.28    -0.107
    -263.99    -0.101
    -262.70    -0.062
    -261.41     0.037
    -260.12    -0.051
    -258.83    -0.074
    -257.55    -0.033
    -256.26     0.031
    -254.97    -0.181
    -253.68    -0.064
    -252.39    -0.058
    -251.10     0.063
    -249.82     0.027
    -248.53    -0.003
    -247.24     0.037
    -245.95    -0.069
    -244.66     0.026
    -243.38     0.162
    -242.09    -0.130
    -240.80     0.007
    -239.51     0.105
    -238.22     0.121
    -236.93     0.006
    -235.65    -0.023
    -234.36     0.004
    -233.07     0.100
    -231.78    -0.013
    -230.49     0.092
    -229.20     0.059
    -227.92     0.118
    -226.63    -0.004
    -225.34     0.006
    -224.05     0.131
    -222.76    -0.091
    -221.48     0.179
    -220.19     0.041
    -218.90    -0.105
    -217.61    -0.027
    -216.32    -0.037
    -215.03     0.014
    -213.75     0.049
    -212.46    -0.006
    -211.17     0.032
    -209.88     0.046
    -208.59    -0.098
    -207.30    -0.088
    -206.02    -0.214
    -204.73    -0.009
    -203.44     0.048
    -202.15     0.025
    -200.86    -0.030
    -199.58    -0.005
    -198.29     0.030
    -197.00    -0.150
    -195.71     0.015
    -194.42     0.027
    -193.13    -0.099
    -191.85    -0.082
    -190.56     0.026
    -189.27     0.038
    -187.98    -0.009
    -186.69    -0.029
    -185.40     0.178
    -184.12     0.094
    -182.83    -0.045
    -181.54     0.043
    -180.25     0.064
    -178.96    -0.029
    -177.68     0.019
    -176.39     0.050
    -175.10    -0.020
    -173.81    -0.015
    -172.52    -0.009
    -171.23    -0.014
    -169.95     0.024
    -168.66    -0.035
    -167.37     0.110
    -166.08     0.053
    -164.79     0.097
    -163.50     0.040
    -162.22     0.063
    -160.93    -0.004
    -159.64     0.093
    -158.35     0.070
    -157.06     0.224
    -155.78     0.213
    -154.49     0.172
    -153.20     0.290
    -151.91     0.320
    -150.62     0.410
    -149.33     0.432
    -148.05     0.557
    -146.76     0.560
    -145.47     0.706
    -144.18     0.787
    -142.89     0.957
    -141.60     1.024
    -140.32     1.042
    -139.03     1.193
    -137.74     1.333
    -136.45     1.280
    -135.16     1.286
    -133.88     1.344
    -132.59     1.439
    -131.30     1.405
    -130.01     1.289
    -128.72     1.425
    -127.43     1.537
    -126.15     1.514
    -124.86     1.526
    -123.57     1.493
    -122.28     1.322
    -120.99     1.380
    -119.70     1.273
    -118.42     1.304
    -117.13     1.306
    -115.84     1.369
    -114.55     1.220
    -113.26     1.236
    -111.98     1.206
    -110.69     1.104
    -109.40     1.099
    -108.11     0.990
    -106.82     0.832
    -105.53     0.844
    -104.25     0.726
    -102.96     0.669
    -101.67     0.617
    -100.38     0.595
     -99.09     0.739
     -97.80     0.731
     -96.52     0.841
     -95.23     0.943
     -93.94     0.863
     -92.65     0.731
     -91.36     0.666
     -90.08     0.801
     -88.79     0.766
     -87.50     0.772
     -86.21     0.773
     -84.92     0.761
     -83.63     0.744
     -82.35     0.826
     -81.06     0.936
     -79.77     1.175
     -78.48     1.133
     -77.19     1.296
     -75.90     1.365
     -74.62     1.445
     -73.33     1.452
     -72.04     1.578
     -70.75     1.705
     -69.46     1.763
     -68.18     1.617
     -66.89     1.739
     -65.60     1.786
     -64.31     1.755
     -63.02     1.961
     -61.73     2.113
     -60.45     2.149
     -59.16     2.238
     -57.87     2.224
     -56.58     2.141
     -55.29     2.362
     -54.00     2.503
     -52.72     2.529
     -51.43     3.044
     -50.14     3.887
     -48.85     5.510
     -47.56     7.279
     -46.28     8.227
     -44.99     7.725
     -43.70     6.560
     -42.41     5.634
     -41.12     5.325
     -39.83     5.120
     -38.55     4.978
     -37.26     4.840
     -35.97     4.767
     -34.68     4.499
     -33.39     4.264
     -32.10     4.071
     -30.82     3.951
     -29.53     3.895
     -28.24     3.886
     -26.95     3.840
     -25.66     3.989
     -24.38     4.356
     -23.09     4.809
     -21.80     5.805
     -20.51     6.234
     -19.22     7.038
     -17.93     7.887
     -16.65     8.057
     -15.36     8.428
     -14.07     8.490
     -12.78     8.986
     -11.49     9.660
     -10.20    10.921
      -8.92    13.479
      -7.63    18.323
      -6.34    24.377
      -5.05    29.703
      -3.76    32.427
      -2.48    34.264
      -1.19    36.922
       0.10    37.919
       1.39    35.282
       2.68    29.818
       3.97    22.936
       5.25    15.716
       6.54    10.059
       7.83     6.939
       9.12     4.990
      10.41     3.785
      11.70     2.888
      12.98     2.278
      14.27     1.783
      15.56     1.298
      16.85     1.035
      18.14     0.790
      19.42     0.668
      20.71     0.527
      22.00     0.495
      23.29     0.361
      24.58     0.168
      25.87     0.232
      27.15     0.231
      28.44     0.201
      29.73     0.139
      31.02     0.195
      32.31     0.214
      33.60     0.102
      34.88     0.166
      36.17     0.279
      37.46     0.030
      38.75     0.051
      40.04     0.069
      41.32     0.040
      42.61     0.040
      43.90     0.098
      45.19     0.109
      46.48     0.070
      47.77     0.020
      49.05     0.024
      50.34    -0.131
      51.63     0.001
      52.92     0.034
      54.21     0.028
      55.50     0.006
      56.78    -0.002
      58.07    -0.045
      59.36    -0.009
      60.65     0.035
      61.94     0.046
      63.22     0.063
      64.51    -0.039
      65.80    -0.075
      67.09     0.043
      68.38    -0.064
      69.67    -0.018
      70.95    -0.074
      72.24     0.006
      73.53    -0.024
      74.82    -0.065
      76.11    -0.003
      77.40    -0.047
      78.68    -0.120
      79.97    -0.175
      81.26    -0.062
      82.55     0.031
      83.84     0.001
      85.12     0.021
      86.41    -0.031
      87.70     0.005
      88.99     0.055
      90.28     0.054
      91.57     0.057
      92.85     0.112
      94.14     0.008
      95.43    -0.052
      96.72    -0.054
      98.01    -0.030
      99.30    -0.016
     100.58    -0.055
     101.87     0.130
     103.16     0.057
     104.45     0.051
     105.74    -0.008
     107.02     0.134
     108.31     0.181
     109.60    -0.033
     110.89     0.085
     112.18    -0.040
     113.47    -0.070
     114.75    -0.120
     116.04    -0.057
     117.33     0.001
     118.62     0.092
     119.91     0.077
     121.20     0.111
     122.48     0.054
     123.77     0.107
     125.06    -0.039
     126.35     0.026
     127.64     0.062
     128.92     0.064
     130.21     0.034
     131.50     0.040
     132.79     0.056
     134.08    -0.012
     135.37    -0.101
     136.65    -0.047
     137.94     0.028
     139.23    -0.047
     140.52    -0.027
     141.81     0.013
     143.09     0.064
     144.38     0.021
     145.67     0.022
     146.96     0.134
     148.25    -0.044
     149.54    -0.081
     150.82    -0.032
     152.11     0.019
     153.40     0.013
     154.69     0.058
     155.98    -0.063
     157.27    -0.050
     158.55     0.089
     159.84     0.099
     161.13     0.008
     162.42    -0.107
     163.71    -0.091
     164.99     0.034
     166.28    -0.044
     167.57    -0.107
     168.86    -0.085
     170.15    -0.007
     171.44     0.026
     172.72    -0.043
     174.01     0.103
     175.30     0.151
     176.59     0.036
     177.88     0.065
     179.17     0.024
     180.45    -0.031
     181.74     0.137
     183.03     0.008
     184.32     0.006
     185.61    -0.138
     186.89    -0.058
     188.18    -0.047
     189.47     0.114
     190.76     0.023
     192.05    -0.095
     193.34    -0.003
     194.62     0.042
     195.91     0.052
     197.20     0.047
     198.49    -0.025
     199.78     0.118
     201.07     0.049
     202.35     0.051
     203.64    -0.067
     204.93    -0.077
     206.22     0.006
     207.51     0.036
     208.79     0.026
     210.08    -0.021
     211.37     0.085
     212.66    -0.045
     213.95    -0.021
     215.24    -0.034
     216.52    -0.036
     217.81     0.044
     219.10     0.125
     220.39    -0.003
     221.68     0.018
     222.97     0.000
     224.25     0.100
     225.54     0.004
     226.83    -0.026
     228.12    -0.015
     229.41    -0.100
     230.69     0.015
     231.98     0.091
     233.27     0.125
     234.56    -0.006
     235.85    -0.071
     237.14    -0.087
     238.42     0.135
     239.71     0.067
     241.00    -0.059
     242.29     0.160
     243.58     0.042
     244.87    -0.015
     246.15    -0.028
     247.44    -0.047
     248.73    -0.067
     250.02     0.015
     251.31    -0.043
     252.59     0.078
     253.88    -0.077
     255.17    -0.149
     256.46    -0.055
     257.75    -0.017
     259.04     0.043
     260.32    -0.030
     261.61    -0.061
     262.90    -0.035
     264.19     0.002
     265.48    -0.017
     266.77    -0.009
     268.05     0.004
     269.34    -0.044
     270.63    -0.013
     271.92    -0.107
     273.21     0.052
     274.49     0.036
     275.78    -0.051
     277.07     0.052
     278.36     0.034
     279.65    -0.038
     280.94     0.014
     282.22     0.138
     283.51    -0.076
     284.80    -0.009
     286.09     0.030
     287.38    -0.049
     288.67    -0.021
     289.95    -0.023
     291.24     0.020
     292.53    -0.058
     293.82     0.060
     295.11    -0.002
     296.39    -0.004
     297.68     0.009
     298.97     0.030
     300.26     0.074
     301.55     0.041
     302.84     0.052
     304.12    -0.030
     305.41    -0.019
     306.70     0.038
     307.99     0.090
     309.28    -0.016
     310.57    -0.004
     311.85    -0.006
     313.14    -0.128
     314.43    -0.113
     315.72    -0.005
     317.01    -0.080
     318.29    -0.017
     319.58    -0.032
     320.87    -0.034
     322.16    -0.065
     323.45    -0.008
     324.74    -0.021
     326.02     0.053
     327.31     0.024
     328.60     0.005
     329.89     0.104
     331.18     0.088
     332.47     0.062
     333.75     0.130
     335.04     0.149
     336.33    -0.034
     337.62    -0.093
     338.91    -0.052
     340.19     0.155
     341.48     0.004
     342.77     0.054
     344.06     0.043
     345.35    -0.043
     346.64    -0.031
     347.92     0.109
     349.21    -0.067
     350.50    -0.070
     351.79     0.023
     353.08    -0.025
     354.37     0.054
     355.65     0.016
     356.94    -0.092
     358.23     0.028
     359.52    -0.051
     360.81    -0.002
     362.09    -0.098
     363.38    -0.114
     364.67     0.047
     365.96     0.004
     367.25     0.012
     368.54    -0.032
     369.82     0.052
     371.11    -0.015
     372.40    -0.040
     373.69    -0.059
     374.98    -0.059
     376.27    -0.066
     377.55    -0.172
     378.84     0.000
     380.13    -0.048
     381.42     0.010
     382.71     0.017
     383.99     0.125
     385.28     0.070
     386.57     0.069
     387.86     0.065
     389.15    -0.066
     390.44    -0.073
     391.72     0.094
     393.01     0.036
     394.30     0.018
     395.59    -0.096
     396.88    -0.016
     398.17     0.040
     399.45     0.115
%%GASS      0  datapoints: v_lsr [km/s] and T_B [K]
%%LAB     777  datapoints: v_lsr [km/s] and T_B [K]
    -399.83    -0.011
    -398.80     0.137
    -397.77     0.068
    -396.74    -0.046
    -395.71     0.030
    -394.68     0.016
    -393.65     0.003
    -392.62    -0.014
    -391.59     0.047
    -390.56    -0.243
    -389.53     0.010
    -388.49    -0.069
    -387.46     0.011
    -386.43     0.004
    -385.40    -0.004
    -384.37    -0.101
    -383.34    -0.009
    -382.31     0.044
    -381.28     0.009
    -380.25     0.090
    -379.22     0.038
    -378.19     0.163
    -377.16    -0.055
    -376.13    -0.002
    -375.10     0.073
    -374.07    -0.060
    -373.04     0.072
    -372.01     0.098
    -370.98     0.016
    -369.95     0.061
    -368.92     0.022
    -367.89     0.007
    -366.85     0.149
    -365.82     0.013
    -364.79    -0.085
    -363.76    -0.023
    -362.73     0.021
    -361.70    -0.060
    -360.67     0.043
    -359.64    -0.075
    -358.61    -0.141
    -357.58    -0.018
    -356.55     0.012
    -355.52     0.038
    -354.49     0.082
    -353.46    -0.017
    -352.43    -0.026
    -351.40     0.120
    -350.37    -0.054
    -349.34    -0.060
    -348.31     0.137
    -347.28     0.056
    -346.24    -0.064
    -345.21     0.051
    -344.18     0.051
    -343.15     0.007
    -342.12     0.031
    -341.09     0.004
    -340.06    -0.096
    -339.03     0.054
    -338.00    -0.122
    -336.97     0.057
    -335.94     0.054
    -334.91     0.105
    -333.88    -0.077
    -332.85    -0.182
    -331.82    -0.162
    -330.79     0.123
    -329.76     0.087
    -328.73     0.044
    -327.70    -0.108
    -326.67    -0.001
    -325.64    -0.127
    -324.60     0.012
    -323.57    -0.104
    -322.54    -0.059
    -321.51    -0.126
    -320.48    -0.046
    -319.45     0.019
    -318.42    -0.061
    -317.39    -0.002
    -316.36     0.008
    -315.33     0.049
    -314.30    -0.052
    -313.27     0.064
    -312.24     0.075
    -311.21     0.158
    -310.18     0.062
    -309.15     0.037
    -308.12     0.039
    -307.09     0.010
    -306.06     0.025
    -305.03     0.035
    -303.99     0.031
    -302.96     0.009
    -301.93    -0.018
    -300.90     0.174
    -299.87     0.019
    -298.84     0.305
    -297.81     0.094
    -296.78    -0.035
    -295.75    -0.032
    -294.72     0.041
    -293.69     0.082
    -292.66    -0.010
    -291.63     0.155
    -290.60     0.062
    -289.57    -0.046
    -288.54    -0.035
    -287.51    -0.061
    -286.48     0.066
    -285.45    -0.122
    -284.42     0.075
    -283.38    -0.064
    -282.35     0.107
    -281.32     0.007
    -280.29     0.120
    -279.26     0.066
    -278.23     0.148
    -277.20    -0.045
    -276.17     0.051
    -275.14     0.040
    -274.11    -0.010
    -273.08    -0.055
    -272.05    -0.035
    -271.02    -0.093
    -269.99     0.068
    -268.96    -0.092
    -267.93     0.027
    -266.90     0.011
    -265.87     0.091
    -264.84     0.080
    -263.81    -0.055
    -262.78    -0.020
    -261.74     0.050
    -260.71    -0.005
    -259.68     0.016
    -258.65     0.060
    -257.62     0.073
    -256.59    -0.007
    -255.56    -0.080
    -254.53    -0.061
    -253.50     0.045
    -252.47    -0.160
    -251.44    -0.069
    -250.41     0.119
    -249.38     0.036
    -248.35     0.130
    -247.32    -0.033
    -246.29    -0.047
    -245.26    -0.093
    -244.23    -0.059
    -243.20     0.114
    -242.17    -0.043
    -241.13     0.034
    -240.10     0.030
    -239.07    -0.065
    -238.04     0.044
    -237.01     0.063
    -235.98    -0.136
    -234.95    -0.056
    -233.92    -0.041
    -232.89     0.122
    -231.86     0.057
    -230.83    -0.069
    -229.80     0.037
    -228.77    -0.104
    -227.74    -0.102
    -226.71    -0.011
    -225.68     0.020
    -224.65    -0.014
    -223.62     0.002
    -222.59     0.008
    -221.56     0.037
    -220.53     0.152
    -219.49    -0.052
    -218.46     0.056
    -217.43    -0.137
    -216.40    -0.047
    -215.37    -0.079
    -214.34     0.085
    -213.31     0.064
    -212.28     0.013
    -211.25    -0.020
    -210.22    -0.057
    -209.19     0.148
    -208.16     0.051
    -207.13     0.090
    -206.10    -0.077
    -205.07    -0.051
    -204.04     0.034
    -203.01     0.086
    -201.98     0.045
    -200.95    -0.138
    -199.92    -0.033
    -198.88    -0.071
    -197.85    -0.085
    -196.82    -0.007
    -195.79    -0.059
    -194.76     0.093
    -193.73     0.122
    -192.70    -0.044
    -191.67    -0.015
    -190.64    -0.004
    -189.61     0.105
    -188.58     0.135
    -187.55    -0.055
    -186.52    -0.020
    -185.49     0.105
    -184.46    -0.112
    -183.43     0.034
    -182.40     0.030
    -181.37    -0.089
    -180.34     0.028
    -179.31    -0.003
    -178.27    -0.028
    -177.24     0.004
    -176.21     0.101
    -175.18     0.079
    -174.15    -0.113
    -173.12    -0.020
    -172.09     0.040
    -171.06     0.047
    -170.03     0.109
    -169.00    -0.058
    -167.97     0.010
    -166.94    -0.031
    -165.91    -0.102
    -164.88    -0.048
    -163.85     0.011
    -162.82     0.082
    -161.79     0.028
    -160.76     0.132
    -159.73    -0.073
    -158.70     0.078
    -157.67     0.045
    -156.63     0.047
    -155.60     0.191
    -154.57     0.132
    -153.54     0.068
    -152.51     0.349
    -151.48     0.251
    -150.45     0.344
    -149.42     0.317
    -148.39     0.435
    -147.36     0.513
    -146.33     0.450
    -145.30     0.668
    -144.27     0.801
    -143.24     0.898
    -142.21     0.937
    -141.18     0.887
    -140.15     1.124
    -139.12     1.031
    -138.09     1.348
    -137.06     1.383
    -136.02     1.376
    -134.99     1.150
    -133.96     1.363
    -132.93     1.441
    -131.90     1.396
    -130.87     1.335
    -129.84     1.394
    -128.81     1.417
    -127.78     1.164
    -126.75     1.323
    -125.72     1.275
    -124.69     1.205
    -123.66     1.266
    -122.63     1.224
    -121.60     1.460
    -120.57     1.136
    -119.54     1.312
    -118.51     1.315
    -117.48     1.263
    -116.45     0.994
    -115.41     1.233
    -114.38     1.037
    -113.35     1.166
    -112.32     1.039
    -111.29     1.009
    -110.26     1.079
    -109.23     0.929
    -108.20     1.077
    -107.17     0.928
    -106.14     0.914
    -105.11     1.044
    -104.08     0.831
    -103.05     0.981
    -102.02     0.834
    -100.99     0.931
     -99.96     0.707
     -98.93     0.726
     -97.90     0.611
     -96.87     0.844
     -95.84     0.771
     -94.81     0.889
     -93.77     0.723
     -92.74     0.846
     -91.71     0.722
     -90.68     0.793
     -89.65     0.831
     -88.62     0.780
     -87.59     0.801
     -86.56     0.780
     -85.53     0.862
     -84.50     0.739
     -83.47     0.803
     -82.44     0.819
     -81.41     0.869
     -80.38     0.888
     -79.35     0.882
     -78.32     0.993
     -77.29     0.974
     -76.26     1.068
     -75.23     1.084
     -74.20     1.169
     -73.16     1.226
     -72.13     1.335
     -71.10     1.258
     -70.07     1.377
     -69.04     1.341
     -68.01     1.340
     -66.98     1.296
     -65.95     1.617
     -64.92     1.472
     -63.89     1.699
     -62.86     1.691
     -61.83     1.893
     -60.80     1.882
     -59.77     1.829
     -58.74     1.949
     -57.71     2.092
     -56.68     2.204
     -55.65     2.366
     -54.62     2.425
     -53.59     2.562
     -52.56     2.891
     -51.52     2.975
     -50.49     3.389
     -49.46     3.979
     -48.43     4.685
     -47.40     5.475
     -46.37     5.891
     -45.34     6.106
     -44.31     5.726
     -43.28     5.314
     -42.25     4.946
     -41.22     4.650
     -40.19     4.536
     -39.16     4.561
     -38.13     4.565
     -37.10     4.429
     -36.07     4.334
     -35.04     4.408
     -34.01     4.074
     -32.98     3.956
     -31.95     3.805
     -30.91     3.822
     -29.88     3.720
     -28.85     3.566
     -27.82     3.583
     -26.79     3.668
     -25.76     3.871
     -24.73     3.999
     -23.70     4.613
     -22.67     5.192
     -21.64     5.791
     -20.61     6.387
     -19.58     7.097
     -18.55     7.850
     -17.52     8.317
     -16.49     8.446
     -15.46     8.644
     -14.43     8.846
     -13.40     8.807
     -12.37     9.173
     -11.34     9.790
     -10.30    11.185
      -9.27    13.132
      -8.24    16.770
      -7.21    21.394
      -6.18    26.548
      -5.15    30.990
      -4.12    33.935
      -3.09    34.209
      -2.06    34.532
      -1.03    35.859
       0.00    37.037
       1.03    34.948
       2.06    30.704
       3.09    25.812
       4.12    21.136
       5.15    16.704
       6.18    12.213
       7.21     8.336
       8.24     5.703
       9.27     4.268
      10.30     3.422
      11.34     2.646
      12.37     2.143
      13.40     1.671
      14.43     1.420
      15.46     1.039
      16.49     1.017
      17.52     0.612
      18.55     0.581
      19.58     0.577
      20.61     0.387
      21.64     0.358
      22.67     0.198
      23.70     0.134
      24.73     0.084
      25.76     0.104
      26.79     0.079
      27.82    -0.080
      28.85     0.173
      29.88    -0.021
      30.91     0.144
      31.95     0.125
      32.98     0.024
      34.01    -0.150
      35.04    -0.068
      36.07     0.077
      37.10     0.186
      38.13     0.043
      39.16    -0.002
      40.19     0.075
      41.22    -0.040
      42.25     0.088
      43.28    -0.094
      44.31     0.002
      45.34    -0.022
      46.37     0.023
      47.40     0.115
      48.43     0.121
      49.46     0.039
      50.49    -0.207
      51.52    -0.096
      52.56    -0.014
      53.59     0.131
      54.62     0.024
      55.65     0.008
      56.68     0.101
      57.71    -0.039
      58.74     0.051
      59.77     0.005
      60.80    -0.086
      61.83     0.149
      62.86     0.006
      63.89     0.159
      64.92     0.051
      65.95     0.121
      66.98    -0.032
      68.01    -0.007
      69.04     0.040
      70.07     0.095
      71.10     0.043
      72.13    -0.085
      73.16     0.095
      74.20    -0.001
      75.23     0.006
      76.26     0.028
      77.29    -0.143
      78.32    -0.109
      79.35    -0.131
      80.38     0.094
      81.41    -0.011
      82.44     0.062
      83.47    -0.026
      84.50     0.098
      85.53    -0.142
      86.56     0.065
      87.59     0.028
      88.62    -0.042
      89.65    -0.104
      90.68     0.021
      91.71    -0.069
      92.74    -0.005
      93.77    -0.076
      94.81     0.069
      95.84     0.015
      96.87    -0.005
      97.90    -0.009
      98.93     0.055
      99.96    -0.097
     100.99     0.050
     102.02    -0.065
     103.05     0.143
     104.08    -0.029
     105.11     0.035
     106.14     0.077
     107.17    -0.080
     108.20    -0.034
     109.23     0.196
     110.26    -0.122
     111.29    -0.166
     112.32     0.029
     113.35     0.027
     114.38     0.005
     115.41    -0.153
     116.45    -0.002
     117.48    -0.062
     118.51    -0.126
     119.54     0.024
     120.57     0.006
     121.60     0.045
     122.63    -0.056
     123.66     0.025
     124.69     0.112
     125.72     0.077
     126.75     0.055
     127.78     0.122
     128.81     0.078
     129.84    -0.109
     130.87     0.008
     131.90     0.017
     132.93     0.105
     133.96     0.045
     134.99    -0.125
     136.02     0.018
     137.06     0.056
     138.09     0.060
     139.12    -0.046
     140.15     0.013
     141.18     0.002
     142.21     0.002
     143.24     0.064
     144.27     0.187
     145.30     0.034
     146.33     0.094
     147.36    -0.173
     148.39     0.060
     149.42     0.011
     150.45    -0.016
     151.48     0.125
     152.51     0.131
     153.54     0.028
     154.57    -0.055
     155.60    -0.044
     156.63     0.110
     157.67    -0.024
     158.70     0.047
     159.73    -0.007
     160.76     0.022
     161.79     0.094
     162.82     0.021
     163.85     0.001
     164.88     0.125
     165.91    -0.045
     166.94     0.090
     167.97    -0.201
     169.00     0.059
     170.03     0.029
     171.06    -0.185
     172.09    -0.006
     173.12    -0.032
     174.15    -0.026
     175.18     0.002
     176.21    -0.079
     177.24    -0.028
     178.27     0.086
     179.31    -0.131
     180.34     0.047
     181.37     0.044
     182.40    -0.107
     183.43     0.145
     184.46    -0.084
     185.49     0.123
     186.52    -0.025
     187.55     0.020
     188.58    -0.008
     189.61    -0.040
     190.64    -0.129
     191.67     0.011
     192.70    -0.006
     193.73    -0.027
     194.76    -0.043
     195.79    -0.010
     196.82    -0.153
     197.85    -0.104
     198.88     0.062
     199.92     0.066
     200.95    -0.107
     201.98     0.090
     203.01     0.011
     204.04    -0.000
     205.07    -0.010
     206.10     0.029
     207.13     0.084
     208.16    -0.137
     209.19    -0.153
     210.22     0.103
     211.25     0.115
     212.28     0.007
     213.31     0.004
     214.34     0.105
     215.37     0.018
     216.40    -0.093
     217.43    -0.012
     218.46     0.011
     219.49     0.003
     220.53     0.004
     221.56     0.027
     222.59     0.043
     223.62    -0.004
     224.65    -0.019
     225.68    -0.034
     226.71     0.041
     227.74    -0.051
     228.77     0.085
     229.80     0.088
     230.83     0.007
     231.86    -0.125
     232.89    -0.052
     233.92    -0.137
     234.95    -0.031
     235.98    -0.105
     237.01    -0.128
     238.04     0.053
     239.07     0.124
     240.10    -0.017
     241.13     0.028
     242.17    -0.091
     243.20     0.049
     244.23    -0.019
     245.26     0.032
     246.29     0.053
     247.32     0.009
     248.35    -0.028
     249.38    -0.088
     250.41    -0.122
     251.44     0.110
     252.47    -0.048
     253.50     0.032
     254.53    -0.027
     255.56     0.092
     256.59    -0.015
     257.62     0.057
     258.65     0.138
     259.68     0.056
     260.71     0.037
     261.74     0.093
     262.78    -0.106
     263.81     0.089
     264.84     0.040
     265.87    -0.075
     266.90     0.031
     267.93     0.040
     268.96     0.053
     269.99     0.050
     271.02    -0.059
     272.05    -0.005
     273.08     0.016
     274.11     0.141
     275.14     0.012
     276.17     0.092
     277.20     0.066
     278.23     0.016
     279.26    -0.093
     280.29     0.052
     281.32    -0.083
     282.35    -0.025
     283.38    -0.043
     284.42     0.056
     285.45    -0.030
     286.48     0.073
     287.51    -0.036
     288.54    -0.094
     289.57    -0.015
     290.60     0.081
     291.63    -0.039
     292.66    -0.052
     293.69    -0.015
     294.72    -0.077
     295.75    -0.120
     296.78    -0.044
     297.81     0.167
     298.84     0.136
     299.87    -0.193
     300.90    -0.021
     301.93    -0.062
     302.96    -0.129
     303.99     0.004
     305.03    -0.131
     306.06     0.060
     307.09    -0.006
     308.12     0.005
     309.15    -0.012
     310.18     0.069
     311.21    -0.021
     312.24    -0.120
     313.27     0.059
     314.30     0.041
     315.33    -0.021
     316.36    -0.129
     317.39    -0.119
     318.42     0.066
     319.45     0.123
     320.48     0.217
     321.51    -0.059
     322.54     0.102
     323.57    -0.033
     324.60    -0.029
     325.64    -0.005
     326.67    -0.044
     327.70     0.068
     328.73     0.219
     329.76    -0.108
     330.79    -0.084
     331.82    -0.025
     332.85    -0.083
     333.88    -0.084
     334.91    -0.110
     335.94     0.143
     336.97     0.156
     338.00     0.124
     339.03     0.024
     340.06     0.123
     341.09     0.053
     342.12     0.160
     343.15     0.134
     344.18     0.097
     345.21     0.160
     346.24     0.148
     347.28    -0.032
     348.31     0.169
     349.34     0.113
     350.37    -0.032
     351.40    -0.061
     352.43    -0.047
     353.46     0.028
     354.49    -0.025
     355.52     0.095
     356.55     0.023
     357.58    -0.019
     358.61     0.122
     359.64     0.033
     360.67     0.092
     361.70    -0.146
     362.73    -0.043
     363.76    -0.089
     364.79    -0.022
     365.82    -0.030
     366.85    -0.021
     367.89    -0.052
     368.92     0.004
     369.95    -0.220
     370.98    -0.006
     372.01     0.067
     373.04    -0.066
     374.07    -0.017
     375.10     0.027
     376.13     0.060
     377.16    -0.061
     378.19    -0.139
     379.22     0.183
     380.25    -0.028
     381.28    -0.061
     382.31    -0.043
     383.34     0.008
     384.37    -0.079
     385.40    -0.119
     386.43    -0.063
     387.46     0.026
     388.49     0.004
     389.53    -0.031
     390.56     0.012
     391.59     0.089
     392.62     0.030
     393.65     0.061
     394.68     0.024
     395.71     0.077
     396.74    -0.031
     397.77     0.071
     398.80    -0.025
     399.83     0.068
