%%   97.50000   5.00000    0   0.20000
% LAB  survey ------------------
% wanted position:  l, b, RA, DEC, and interpolated  NH
% 97.50 ;   5.00 ; 320.73 ;  57.19 ;  0.649E+22
% nearest position: l, b, RA, DEC, and observed NH
% 97.50 ;   5.00 ; 320.73 ;  57.19 ;  0.649E+22
% GASS III survey --------------
% NH - median within 6 arcmin radius   0.00    
% NH - mean within specified beam      0.00    
% EBHIS survey -----------------
% NH  within specified beam           0.651E+22
%%EBHIS   621  datapoints: v_lsr [km/s] and T_B [K]
    -399.25     0.048
    -397.96     0.018
    -396.68     0.026
    -395.39     0.009
    -394.10     0.060
    -392.81     0.158
    -391.52     0.049
    -390.23     0.012
    -388.95    -0.095
    -387.66    -0.014
    -386.37    -0.008
    -385.08     0.035
    -383.79    -0.007
    -382.50     0.045
    -381.22     0.108
    -379.93    -0.028
    -378.64    -0.008
    -377.35     0.034
    -376.06     0.115
    -374.78     0.083
    -373.49     0.045
    -372.20    -0.039
    -370.91     0.026
    -369.62     0.072
    -368.33     0.025
    -367.05    -0.140
    -365.76     0.005
    -364.47    -0.014
    -363.18    -0.019
    -361.89     0.020
    -360.60     0.096
    -359.32    -0.049
    -358.03    -0.175
    -356.74    -0.037
    -355.45     0.011
    -354.16     0.010
    -352.88    -0.017
    -351.59    -0.049
    -350.30    -0.009
    -349.01    -0.131
    -347.72     0.122
    -346.43     0.049
    -345.15    -0.076
    -343.86    -0.009
    -342.57    -0.031
    -341.28    -0.045
    -339.99     0.016
    -338.70     0.005
    -337.42    -0.035
    -336.13     0.078
    -334.84     0.086
    -333.55    -0.016
    -332.26    -0.009
    -330.98     0.023
    -329.69    -0.049
    -328.40     0.021
    -327.11     0.033
    -325.82     0.015
    -324.53     0.085
    -323.25     0.084
    -321.96     0.143
    -320.67     0.077
    -319.38     0.134
    -318.09     0.061
    -316.80     0.051
    -315.52     0.116
    -314.23    -0.097
    -312.94    -0.100
    -311.65    -0.004
    -310.36    -0.056
    -309.08    -0.041
    -307.79     0.031
    -306.50    -0.019
    -305.21    -0.074
    -303.92    -0.075
    -302.63    -0.029
    -301.35     0.000
    -300.06    -0.076
    -298.77     0.135
    -297.48     0.049
    -296.19     0.017
    -294.90     0.031
    -293.62     0.069
    -292.33    -0.023
    -291.04    -0.050
    -289.75    -0.073
    -288.46    -0.093
    -287.18    -0.057
    -285.89     0.019
    -284.60     0.079
    -283.31    -0.042
    -282.02    -0.003
    -280.73    -0.144
    -279.45     0.047
    -278.16     0.033
    -276.87     0.015
    -275.58    -0.059
    -274.29    -0.134
    -273.00    -0.079
    -271.72    -0.083
    -270.43    -0.150
    -269.14    -0.040
    -267.85    -0.105
    -266.56     0.080
    -265.28     0.015
    -263.99     0.065
    -262.70     0.188
    -261.41     0.094
    -260.12    -0.031
    -258.83    -0.041
    -257.55     0.001
    -256.26     0.044
    -254.97     0.025
    -253.68     0.012
    -252.39    -0.017
    -251.10     0.050
    -249.82    -0.065
    -248.53    -0.050
    -247.24     0.070
    -245.95     0.085
    -244.66    -0.031
    -243.38    -0.134
    -242.09    -0.013
    -240.80     0.046
    -239.51    -0.019
    -238.22    -0.007
    -236.93     0.035
    -235.65     0.064
    -234.36    -0.086
    -233.07    -0.016
    -231.78     0.089
    -230.49    -0.109
    -229.20    -0.140
    -227.92    -0.035
    -226.63     0.013
    -225.34     0.029
    -224.05     0.126
    -222.76    -0.040
    -221.48    -0.091
    -220.19    -0.071
    -218.90    -0.074
    -217.61    -0.031
    -216.32    -0.078
    -215.03     0.103
    -213.75    -0.197
    -212.46     0.061
    -211.17     0.092
    -209.88     0.061
    -208.59    -0.034
    -207.30     0.067
    -206.02    -0.067
    -204.73    -0.169
    -203.44     0.006
    -202.15     0.002
    -200.86     0.041
    -199.58     0.036
    -198.29     0.034
    -197.00    -0.010
    -195.71    -0.020
    -194.42     0.084
    -193.13    -0.054
    -191.85    -0.062
    -190.56     0.003
    -189.27    -0.068
    -187.98    -0.039
    -186.69     0.002
    -185.40    -0.030
    -184.12     0.028
    -182.83     0.043
    -181.54    -0.110
    -180.25    -0.067
    -178.96    -0.015
    -177.68     0.030
    -176.39     0.171
    -175.10     0.022
    -173.81     0.121
    -172.52     0.002
    -171.23     0.018
    -169.95    -0.070
    -168.66    -0.028
    -167.37     0.068
    -166.08    -0.079
    -164.79     0.074
    -163.50     0.165
    -162.22     0.134
    -160.93     0.092
    -159.64     0.146
    -158.35     0.069
    -157.06     0.138
    -155.78     0.062
    -154.49     0.247
    -153.20     0.058
    -151.91     0.132
    -150.62     0.178
    -149.33     0.138
    -148.05     0.191
    -146.76     0.155
    -145.47     0.333
    -144.18     0.200
    -142.89     0.270
    -141.60     0.328
    -140.32     0.319
    -139.03     0.428
    -137.74     0.403
    -136.45     0.478
    -135.16     0.470
    -133.88     1.616
    -132.59     0.968
    -131.30     1.064
    -130.01     1.121
    -128.72     1.353
    -127.43     1.715
    -126.15     1.917
    -124.86     2.234
    -123.57     2.438
    -122.28     3.072
    -120.99     4.182
    -119.70     6.145
    -118.42     8.658
    -117.13     9.579
    -115.84     8.781
    -114.55     7.072
    -113.26     6.194
    -111.98     6.154
    -110.69     6.489
    -109.40     7.006
    -108.11     7.526
    -106.82     7.952
    -105.53     9.007
    -104.25    11.013
    -102.96    14.542
    -101.67    16.732
    -100.38    16.741
     -99.09    16.183
     -97.80    17.261
     -96.52    19.921
     -95.23    21.407
     -93.94    21.541
     -92.65    22.668
     -91.36    25.342
     -90.08    27.534
     -88.79    29.517
     -87.50    31.982
     -86.21    34.351
     -84.92    35.263
     -83.63    33.639
     -82.35    30.755
     -81.06    28.086
     -79.77    26.641
     -78.48    25.472
     -77.19    25.855
     -75.90    27.407
     -74.62    30.162
     -73.33    32.337
     -72.04    33.131
     -70.75    32.741
     -69.46    33.027
     -68.18    32.489
     -66.89    32.966
     -65.60    35.564
     -64.31    39.809
     -63.02    39.837
     -61.73    33.052
     -60.45    25.328
     -59.16    19.095
     -57.87    15.071
     -56.58    12.801
     -55.29    10.751
     -54.00     9.489
     -52.72     9.238
     -51.43     9.629
     -50.14    10.492
     -48.85    11.015
     -47.56    11.567
     -46.28    11.628
     -44.99    12.089
     -43.70    13.008
     -42.41    13.792
     -41.12    13.344
     -39.83    12.071
     -38.55    11.386
     -37.26    11.624
     -35.97    12.669
     -34.68    14.234
     -33.39    17.018
     -32.10    22.208
     -30.82    30.664
     -29.53    39.136
     -28.24    43.328
     -26.95    42.573
     -25.66    40.595
     -24.38    38.522
     -23.09    38.290
     -21.80    38.123
     -20.51    34.615
     -19.22    30.779
     -17.93    29.169
     -16.65    28.289
     -15.36    28.315
     -14.07    28.246
     -12.78    28.502
     -11.49    29.835
     -10.20    31.294
      -8.92    35.391
      -7.63    41.276
      -6.34    49.492
      -5.05    57.463
      -3.76    64.941
      -2.48    69.237
      -1.19    69.752
       0.10    68.453
       1.39    65.008
       2.68    62.546
       3.97    61.568
       5.25    57.806
       6.54    45.471
       7.83    30.152
       9.12    17.995
      10.41    10.311
      11.70     6.345
      12.98     4.077
      14.27     2.929
      15.56     2.092
      16.85     1.678
      18.14     1.419
      19.42     1.012
      20.71     0.809
      22.00     0.693
      23.29     0.619
      24.58     0.515
      25.87     0.368
      27.15     0.444
      28.44     0.290
      29.73     0.176
      31.02     0.070
      32.31     0.218
      33.60     0.159
      34.88     0.060
      36.17    -0.088
      37.46     0.052
      38.75     0.071
      40.04     0.023
      41.32     0.154
      42.61     0.038
      43.90     0.214
      45.19    -0.037
      46.48     0.069
      47.77     0.052
      49.05    -0.118
      50.34     0.022
      51.63    -0.057
      52.92     0.051
      54.21     0.049
      55.50    -0.005
      56.78     0.068
      58.07     0.002
      59.36    -0.098
      60.65     0.002
      61.94    -0.005
      63.22    -0.085
      64.51     0.039
      65.80    -0.065
      67.09    -0.029
      68.38     0.052
      69.67     0.137
      70.95     0.088
      72.24    -0.052
      73.53    -0.029
      74.82    -0.007
      76.11     0.046
      77.40    -0.084
      78.68    -0.148
      79.97    -0.011
      81.26     0.092
      82.55     0.018
      83.84    -0.102
      85.12     0.033
      86.41    -0.098
      87.70    -0.027
      88.99    -0.040
      90.28     0.029
      91.57     0.056
      92.85     0.100
      94.14     0.048
      95.43     0.164
      96.72     0.094
      98.01    -0.202
      99.30    -0.184
     100.58    -0.139
     101.87    -0.250
     103.16     0.046
     104.45    -0.025
     105.74    -0.053
     107.02    -0.121
     108.31    -0.073
     109.60     0.012
     110.89    -0.056
     112.18    -0.042
     113.47    -0.023
     114.75    -0.058
     116.04    -0.007
     117.33     0.004
     118.62    -0.016
     119.91    -0.024
     121.20     0.020
     122.48    -0.035
     123.77    -0.047
     125.06    -0.004
     126.35    -0.037
     127.64     0.001
     128.92    -0.106
     130.21     0.071
     131.50     0.100
     132.79     0.234
     134.08     0.071
     135.37     0.047
     136.65    -0.008
     137.94     0.041
     139.23    -0.052
     140.52     0.115
     141.81     0.052
     143.09    -0.001
     144.38     0.086
     145.67     0.083
     146.96     0.118
     148.25     0.111
     149.54     0.056
     150.82     0.046
     152.11     0.110
     153.40     0.062
     154.69    -0.005
     155.98     0.003
     157.27     0.074
     158.55     0.099
     159.84    -0.072
     161.13    -0.048
     162.42    -0.031
     163.71     0.044
     164.99    -0.017
     166.28    -0.001
     167.57     0.096
     168.86    -0.046
     170.15    -0.036
     171.44    -0.030
     172.72     0.083
     174.01    -0.055
     175.30     0.138
     176.59    -0.023
     177.88    -0.035
     179.17     0.050
     180.45     0.020
     181.74     0.012
     183.03    -0.108
     184.32    -0.086
     185.61    -0.108
     186.89    -0.003
     188.18     0.055
     189.47     0.044
     190.76     0.004
     192.05     0.032
     193.34     0.080
     194.62     0.035
     195.91     0.022
     197.20    -0.096
     198.49     0.011
     199.78     0.046
     201.07    -0.004
     202.35    -0.099
     203.64     0.023
     204.93     0.041
     206.22     0.033
     207.51    -0.062
     208.79     0.113
     210.08    -0.034
     211.37    -0.053
     212.66     0.082
     213.95     0.050
     215.24     0.060
     216.52     0.001
     217.81    -0.021
     219.10     0.056
     220.39    -0.017
     221.68     0.088
     222.97     0.010
     224.25     0.184
     225.54     0.131
     226.83     0.007
     228.12     0.134
     229.41    -0.091
     230.69     0.023
     231.98    -0.134
     233.27    -0.100
     234.56    -0.088
     235.85    -0.040
     237.14    -0.149
     238.42     0.052
     239.71     0.005
     241.00    -0.082
     242.29     0.028
     243.58    -0.037
     244.87     0.032
     246.15    -0.105
     247.44    -0.051
     248.73    -0.050
     250.02    -0.070
     251.31    -0.073
     252.59    -0.030
     253.88    -0.080
     255.17    -0.008
     256.46     0.034
     257.75     0.231
     259.04     0.156
     260.32     0.066
     261.61    -0.173
     262.90    -0.051
     264.19     0.049
     265.48    -0.104
     266.77     0.031
     268.05     0.054
     269.34    -0.005
     270.63    -0.014
     271.92    -0.015
     273.21     0.093
     274.49     0.046
     275.78     0.014
     277.07     0.102
     278.36     0.036
     279.65     0.007
     280.94    -0.073
     282.22    -0.061
     283.51     0.012
     284.80    -0.107
     286.09    -0.104
     287.38    -0.072
     288.67    -0.054
     289.95     0.117
     291.24    -0.042
     292.53    -0.086
     293.82    -0.017
     295.11     0.039
     296.39    -0.057
     297.68     0.016
     298.97     0.012
     300.26    -0.057
     301.55     0.134
     302.84     0.026
     304.12    -0.012
     305.41     0.035
     306.70     0.069
     307.99     0.116
     309.28     0.053
     310.57    -0.055
     311.85     0.020
     313.14     0.128
     314.43     0.040
     315.72     0.038
     317.01     0.015
     318.29     0.034
     319.58     0.193
     320.87     0.084
     322.16    -0.044
     323.45    -0.012
     324.74    -0.119
     326.02    -0.066
     327.31     0.054
     328.60    -0.056
     329.89    -0.084
     331.18    -0.047
     332.47    -0.086
     333.75    -0.021
     335.04    -0.025
     336.33     0.021
     337.62     0.030
     338.91    -0.146
     340.19    -0.043
     341.48    -0.052
     342.77    -0.039
     344.06    -0.108
     345.35    -0.029
     346.64     0.081
     347.92     0.032
     349.21     0.069
     350.50     0.014
     351.79    -0.042
     353.08     0.096
     354.37    -0.015
     355.65    -0.101
     356.94    -0.013
     358.23    -0.054
     359.52     0.139
     360.81    -0.006
     362.09     0.070
     363.38    -0.134
     364.67    -0.057
     365.96     0.025
     367.25     0.007
     368.54     0.096
     369.82     0.148
     371.11     0.020
     372.40    -0.061
     373.69    -0.054
     374.98    -0.069
     376.27    -0.008
     377.55     0.041
     378.84     0.027
     380.13     0.088
     381.42     0.082
     382.71     0.143
     383.99     0.025
     385.28    -0.016
     386.57    -0.157
     387.86     0.158
     389.15    -0.039
     390.44     0.044
     391.72     0.065
     393.01     0.065
     394.30    -0.086
     395.59    -0.099
     396.88    -0.112
     398.17     0.041
     399.45    -0.020
%%GASS      0  datapoints: v_lsr [km/s] and T_B [K]
%%LAB     777  datapoints: v_lsr [km/s] and T_B [K]
    -399.83     0.121
    -398.80    -0.014
    -397.77     0.043
    -396.74     0.002
    -395.71     0.113
    -394.68    -0.078
    -393.65    -0.095
    -392.62     0.020
    -391.59    -0.009
    -390.55    -0.021
    -389.52    -0.042
    -388.49    -0.124
    -387.46     0.032
    -386.43    -0.132
    -385.40     0.086
    -384.37    -0.160
    -383.34    -0.093
    -382.31    -0.020
    -381.28    -0.000
    -380.25    -0.105
    -379.22     0.126
    -378.19    -0.100
    -377.16    -0.038
    -376.13     0.115
    -375.10    -0.054
    -374.07    -0.068
    -373.04     0.030
    -372.01    -0.033
    -370.98    -0.024
    -369.95    -0.151
    -368.91    -0.038
    -367.88    -0.056
    -366.85    -0.011
    -365.82     0.062
    -364.79    -0.070
    -363.76    -0.068
    -362.73     0.130
    -361.70     0.055
    -360.67     0.030
    -359.64    -0.038
    -358.61     0.028
    -357.58    -0.132
    -356.55     0.023
    -355.52    -0.007
    -354.49    -0.093
    -353.46    -0.023
    -352.43     0.049
    -351.40     0.113
    -350.37     0.156
    -349.34    -0.076
    -348.30    -0.003
    -347.27    -0.052
    -346.24     0.036
    -345.21    -0.037
    -344.18     0.081
    -343.15     0.020
    -342.12    -0.111
    -341.09     0.102
    -340.06     0.005
    -339.03    -0.002
    -338.00    -0.074
    -336.97     0.029
    -335.94     0.059
    -334.91    -0.014
    -333.88     0.119
    -332.85    -0.049
    -331.82     0.052
    -330.79    -0.013
    -329.76    -0.038
    -328.73    -0.011
    -327.70     0.053
    -326.66     0.055
    -325.63     0.033
    -324.60     0.073
    -323.57    -0.031
    -322.54     0.001
    -321.51     0.049
    -320.48     0.019
    -319.45    -0.078
    -318.42     0.046
    -317.39     0.093
    -316.36    -0.013
    -315.33     0.032
    -314.30    -0.056
    -313.27    -0.003
    -312.24    -0.020
    -311.21     0.144
    -310.18     0.093
    -309.15     0.075
    -308.12     0.067
    -307.09     0.181
    -306.05    -0.035
    -305.02     0.068
    -303.99    -0.031
    -302.96     0.130
    -301.93    -0.147
    -300.90     0.009
    -299.87     0.055
    -298.84     0.070
    -297.81    -0.012
    -296.78    -0.054
    -295.75    -0.169
    -294.72     0.078
    -293.69     0.089
    -292.66     0.039
    -291.63     0.032
    -290.60    -0.004
    -289.57     0.042
    -288.54     0.072
    -287.51    -0.003
    -286.48     0.033
    -285.45     0.050
    -284.41     0.007
    -283.38    -0.079
    -282.35     0.005
    -281.32    -0.011
    -280.29    -0.113
    -279.26     0.008
    -278.23    -0.100
    -277.20    -0.061
    -276.17    -0.025
    -275.14     0.117
    -274.11     0.016
    -273.08    -0.065
    -272.05     0.108
    -271.02    -0.002
    -269.99     0.117
    -268.96    -0.040
    -267.93    -0.094
    -266.90     0.099
    -265.87     0.087
    -264.84    -0.140
    -263.80    -0.161
    -262.77    -0.182
    -261.74     0.003
    -260.71     0.152
    -259.68    -0.061
    -258.65    -0.008
    -257.62     0.134
    -256.59    -0.015
    -255.56    -0.089
    -254.53    -0.051
    -253.50    -0.061
    -252.47    -0.090
    -251.44    -0.016
    -250.41     0.084
    -249.38     0.252
    -248.35     0.006
    -247.32     0.022
    -246.29    -0.015
    -245.26    -0.003
    -244.23    -0.038
    -243.20     0.103
    -242.16    -0.106
    -241.13    -0.092
    -240.10    -0.021
    -239.07     0.053
    -238.04     0.055
    -237.01     0.115
    -235.98     0.082
    -234.95    -0.013
    -233.92     0.033
    -232.89     0.016
    -231.86     0.083
    -230.83    -0.029
    -229.80    -0.044
    -228.77     0.120
    -227.74    -0.037
    -226.71     0.198
    -225.68     0.069
    -224.65     0.088
    -223.62     0.034
    -222.59     0.068
    -221.55     0.026
    -220.52    -0.051
    -219.49     0.073
    -218.46     0.088
    -217.43     0.093
    -216.40    -0.035
    -215.37    -0.031
    -214.34    -0.044
    -213.31     0.110
    -212.28    -0.004
    -211.25     0.326
    -210.22     0.094
    -209.19     0.035
    -208.16    -0.003
    -207.13     0.018
    -206.10    -0.076
    -205.07     0.018
    -204.04     0.125
    -203.01    -0.011
    -201.98    -0.048
    -200.95    -0.085
    -199.91    -0.024
    -198.88     0.098
    -197.85    -0.000
    -196.82     0.156
    -195.79    -0.087
    -194.76    -0.022
    -193.73     0.009
    -192.70    -0.033
    -191.67     0.012
    -190.64     0.010
    -189.61    -0.085
    -188.58    -0.005
    -187.55     0.087
    -186.52    -0.031
    -185.49    -0.069
    -184.46    -0.022
    -183.43    -0.020
    -182.40     0.073
    -181.37    -0.015
    -180.34    -0.029
    -179.30    -0.084
    -178.27     0.065
    -177.24     0.137
    -176.21    -0.080
    -175.18     0.068
    -174.15     0.038
    -173.12    -0.014
    -172.09    -0.120
    -171.06     0.176
    -170.03     0.019
    -169.00    -0.027
    -167.97     0.078
    -166.94     0.035
    -165.91     0.028
    -164.88    -0.091
    -163.85    -0.068
    -162.82     0.048
    -161.79     0.024
    -160.76    -0.170
    -159.73     0.025
    -158.70     0.137
    -157.66     0.092
    -156.63     0.255
    -155.60     0.117
    -154.57     0.180
    -153.54     0.056
    -152.51     0.157
    -151.48     0.091
    -150.45     0.228
    -149.42     0.341
    -148.39     0.232
    -147.36     0.315
    -146.33     0.383
    -145.30     0.151
    -144.27     0.261
    -143.24     0.292
    -142.21     0.368
    -141.18     0.260
    -140.15     0.360
    -139.12     0.157
    -138.09     0.426
    -137.05     0.391
    -136.02     0.471
    -134.99     0.657
    -133.96     0.594
    -132.93     0.754
    -131.90     0.819
    -130.87     0.850
    -129.84     1.223
    -128.81     1.254
    -127.78     1.577
    -126.75     1.805
    -125.72     2.350
    -124.69     2.722
    -123.66     3.004
    -122.63     3.100
    -121.60     3.600
    -120.57     4.385
    -119.54     5.603
    -118.51     7.400
    -117.48     8.807
    -116.45     9.990
    -115.41     9.825
    -114.38     8.951
    -113.35     8.296
    -112.32     8.172
    -111.29     8.590
    -110.26     8.593
    -109.23     8.725
    -108.20     9.137
    -107.17     9.473
    -106.14     9.376
    -105.11    10.353
    -104.08    12.122
    -103.05    14.491
    -102.02    16.459
    -100.99    17.030
     -99.96    17.219
     -98.93    16.737
     -97.90    16.725
     -96.87    17.816
     -95.84    19.476
     -94.80    20.856
     -93.77    22.236
     -92.74    24.003
     -91.71    26.344
     -90.68    28.722
     -89.65    31.041
     -88.62    32.959
     -87.59    34.013
     -86.56    34.524
     -85.53    34.299
     -84.50    33.731
     -83.47    32.588
     -82.44    31.242
     -81.41    29.916
     -80.38    28.505
     -79.35    27.396
     -78.32    26.447
     -77.29    25.739
     -76.26    25.658
     -75.23    26.481
     -74.20    27.822
     -73.16    29.005
     -72.13    30.145
     -71.10    30.658
     -70.07    31.342
     -69.04    32.471
     -68.01    33.829
     -66.98    35.107
     -65.95    36.530
     -64.92    38.480
     -63.89    39.366
     -62.86    37.037
     -61.83    31.296
     -60.80    24.562
     -59.77    19.469
     -58.74    15.703
     -57.71    13.544
     -56.68    12.097
     -55.65    10.539
     -54.62     9.463
     -53.59     8.998
     -52.55     8.513
     -51.52     8.787
     -50.49     9.086
     -49.46     9.642
     -48.43     9.929
     -47.40    10.223
     -46.37    10.488
     -45.34    11.080
     -44.31    11.777
     -43.28    12.610
     -42.25    12.765
     -41.22    12.080
     -40.19    11.207
     -39.16    10.858
     -38.13    10.650
     -37.10    11.071
     -36.07    12.131
     -35.04    13.835
     -34.01    16.000
     -32.98    19.130
     -31.95    23.292
     -30.91    29.191
     -29.88    35.688
     -28.85    41.287
     -27.82    43.812
     -26.79    43.520
     -25.76    41.042
     -24.73    38.640
     -23.70    36.857
     -22.67    35.893
     -21.64    34.246
     -20.61    32.212
     -19.58    29.884
     -18.55    28.760
     -17.52    28.252
     -16.49    28.458
     -15.46    28.749
     -14.43    29.050
     -13.40    29.670
     -12.37    30.915
     -11.34    31.962
     -10.30    33.540
      -9.27    35.017
      -8.24    37.663
      -7.21    41.720
      -6.18    47.087
      -5.15    52.192
      -4.12    58.126
      -3.09    63.344
      -2.06    66.269
      -1.03    68.555
       0.00    69.473
       1.03    69.364
       2.06    67.619
       3.09    65.706
       4.12    64.025
       5.15    60.701
       6.18    53.068
       7.21    41.616
       8.24    28.677
       9.27    18.320
      10.30    11.395
      11.34     7.227
      12.37     5.029
      13.40     3.394
      14.43     2.701
      15.46     2.138
      16.49     1.821
      17.52     1.470
      18.55     0.976
      19.58     0.917
      20.61     0.691
      21.64     0.756
      22.67     0.371
      23.70     0.491
      24.73     0.290
      25.76     0.347
      26.79     0.235
      27.82     0.133
      28.85     0.302
      29.88     0.081
      30.91     0.150
      31.95     0.178
      32.98     0.010
      34.01     0.007
      35.04     0.032
      36.07     0.018
      37.10    -0.084
      38.13    -0.006
      39.16     0.133
      40.19    -0.179
      41.22     0.082
      42.25     0.062
      43.28     0.087
      44.31    -0.095
      45.34     0.035
      46.37    -0.038
      47.40     0.085
      48.43     0.212
      49.46    -0.056
      50.49     0.172
      51.52    -0.080
      52.55     0.147
      53.59     0.123
      54.62     0.036
      55.65    -0.081
      56.68     0.073
      57.71    -0.069
      58.74     0.083
      59.77    -0.028
      60.80    -0.027
      61.83     0.008
      62.86     0.002
      63.89     0.040
      64.92     0.042
      65.95     0.026
      66.98    -0.004
      68.01     0.134
      69.04    -0.011
      70.07    -0.000
      71.10     0.026
      72.13    -0.003
      73.16     0.019
      74.20     0.002
      75.23    -0.005
      76.26    -0.074
      77.29     0.076
      78.32    -0.073
      79.35     0.070
      80.38     0.073
      81.41    -0.084
      82.44     0.029
      83.47    -0.167
      84.50    -0.128
      85.53     0.100
      86.56     0.061
      87.59    -0.081
      88.62    -0.022
      89.65     0.058
      90.68     0.010
      91.71    -0.036
      92.74     0.002
      93.77    -0.016
      94.80    -0.024
      95.84    -0.000
      96.87    -0.025
      97.90    -0.045
      98.93    -0.077
      99.96    -0.079
     100.99    -0.026
     102.02     0.010
     103.05     0.051
     104.08     0.004
     105.11    -0.021
     106.14    -0.002
     107.17    -0.038
     108.20    -0.027
     109.23     0.022
     110.26     0.017
     111.29    -0.009
     112.32    -0.039
     113.35    -0.016
     114.38     0.010
     115.41     0.050
     116.45     0.063
     117.48     0.036
     118.51     0.032
     119.54     0.034
     120.57     0.008
     121.60    -0.008
     122.63    -0.003
     123.66    -0.022
     124.69    -0.048
     125.72     0.039
     126.75    -0.025
     127.78     0.014
     128.81     0.013
     129.84     0.182
     130.87    -0.094
     131.90     0.174
     132.93     0.053
     133.96    -0.068
     134.99     0.097
     136.02     0.020
     137.05     0.021
     138.09     0.113
     139.12    -0.098
     140.15    -0.086
     141.18     0.066
     142.21     0.044
     143.24    -0.027
     144.27     0.071
     145.30    -0.057
     146.33     0.119
     147.36    -0.009
     148.39     0.054
     149.42     0.032
     150.45    -0.120
     151.48    -0.027
     152.51    -0.070
     153.54     0.023
     154.57    -0.123
     155.60    -0.059
     156.63     0.014
     157.66    -0.103
     158.70    -0.055
     159.73    -0.008
     160.76     0.042
     161.79     0.024
     162.82     0.074
     163.85     0.003
     164.88     0.052
     165.91     0.082
     166.94    -0.026
     167.97     0.029
     169.00    -0.003
     170.03    -0.038
     171.06     0.071
     172.09     0.132
     173.12     0.109
     174.15     0.044
     175.18     0.054
     176.21    -0.177
     177.24    -0.028
     178.27     0.056
     179.30     0.138
     180.34    -0.017
     181.37    -0.053
     182.40    -0.065
     183.43     0.043
     184.46    -0.091
     185.49    -0.002
     186.52    -0.022
     187.55     0.002
     188.58    -0.069
     189.61    -0.130
     190.64    -0.095
     191.67    -0.027
     192.70     0.128
     193.73     0.304
     194.76    -0.035
     195.79    -0.022
     196.82    -0.144
     197.85    -0.036
     198.88    -0.020
     199.91     0.132
     200.95    -0.046
     201.98    -0.007
     203.01    -0.028
     204.04    -0.042
     205.07     0.054
     206.10     0.068
     207.13    -0.006
     208.16     0.078
     209.19     0.094
     210.22    -0.226
     211.25    -0.102
     212.28     0.034
     213.31    -0.065
     214.34    -0.119
     215.37    -0.023
     216.40     0.002
     217.43    -0.112
     218.46    -0.011
     219.49    -0.012
     220.52    -0.033
     221.55    -0.068
     222.59    -0.133
     223.62     0.073
     224.65     0.009
     225.68     0.044
     226.71    -0.012
     227.74    -0.000
     228.77    -0.037
     229.80     0.004
     230.83     0.107
     231.86    -0.048
     232.89     0.079
     233.92    -0.039
     234.95    -0.032
     235.98    -0.154
     237.01     0.069
     238.04     0.062
     239.07     0.056
     240.10    -0.047
     241.13     0.156
     242.16     0.076
     243.20     0.106
     244.23    -0.110
     245.26     0.057
     246.29    -0.135
     247.32    -0.017
     248.35    -0.150
     249.38     0.106
     250.41     0.109
     251.44     0.001
     252.47    -0.132
     253.50     0.027
     254.53    -0.102
     255.56     0.143
     256.59    -0.038
     257.62     0.124
     258.65     0.061
     259.68     0.077
     260.71     0.158
     261.74     0.028
     262.77    -0.060
     263.80     0.084
     264.84    -0.097
     265.87     0.163
     266.90     0.179
     267.93     0.038
     268.96     0.087
     269.99     0.022
     271.02    -0.029
     272.05    -0.117
     273.08    -0.206
     274.11     0.036
     275.14    -0.091
     276.17    -0.021
     277.20     0.077
     278.23    -0.017
     279.26    -0.049
     280.29    -0.168
     281.32     0.011
     282.35     0.106
     283.38     0.053
     284.41     0.098
     285.45     0.004
     286.48     0.146
     287.51    -0.009
     288.54    -0.158
     289.57     0.089
     290.60     0.038
     291.63     0.055
     292.66    -0.006
     293.69     0.045
     294.72     0.066
     295.75     0.070
     296.78    -0.038
     297.81     0.046
     298.84    -0.080
     299.87     0.103
     300.90    -0.033
     301.93    -0.042
     302.96     0.098
     303.99    -0.031
     305.02    -0.118
     306.05    -0.106
     307.09     0.091
     308.12     0.034
     309.15     0.101
     310.18     0.017
     311.21    -0.028
     312.24    -0.081
     313.27    -0.030
     314.30    -0.082
     315.33     0.030
     316.36    -0.041
     317.39    -0.055
     318.42     0.067
     319.45    -0.026
     320.48    -0.019
     321.51     0.067
     322.54     0.005
     323.57    -0.003
     324.60    -0.082
     325.63     0.074
     326.66    -0.044
     327.70     0.214
     328.73    -0.077
     329.76    -0.002
     330.79    -0.031
     331.82     0.035
     332.85    -0.033
     333.88     0.029
     334.91     0.085
     335.94     0.046
     336.97    -0.040
     338.00    -0.079
     339.03     0.095
     340.06     0.021
     341.09     0.007
     342.12     0.130
     343.15    -0.116
     344.18     0.076
     345.21    -0.035
     346.24     0.035
     347.27    -0.005
     348.30     0.115
     349.34    -0.060
     350.37    -0.109
     351.40    -0.068
     352.43    -0.111
     353.46     0.032
     354.49    -0.051
     355.52    -0.268
     356.55    -0.002
     357.58    -0.078
     358.61     0.017
     359.64    -0.022
     360.67     0.162
     361.70    -0.008
     362.73     0.037
     363.76     0.025
     364.79     0.077
     365.82    -0.108
     366.85    -0.092
     367.88    -0.068
     368.91     0.133
     369.95    -0.031
     370.98    -0.082
     372.01     0.073
     373.04    -0.015
     374.07     0.182
     375.10    -0.086
     376.13    -0.069
     377.16     0.007
     378.19    -0.106
     379.22     0.114
     380.25    -0.028
     381.28     0.001
     382.31    -0.047
     383.34     0.060
     384.37    -0.023
     385.40     0.002
     386.43     0.010
     387.46    -0.135
     388.49    -0.031
     389.52    -0.102
     390.55     0.090
     391.59     0.019
     392.62    -0.040
     393.65     0.006
     394.68    -0.023
     395.71    -0.117
     396.74    -0.040
     397.77    -0.037
     398.80    -0.134
     399.83    -0.040
