%%   80.00000   0.00000    0   0.20000
% LAB  survey ------------------
% wanted position:  l, b, RA, DEC, and interpolated  NH
% 80.00 ;   0.00 ; 308.97 ;  40.66 ;  0.914E+22
% nearest position: l, b, RA, DEC, and observed NH
% 80.00 ;   0.00 ; 308.97 ;  40.66 ;  0.914E+22
% GASS III survey --------------
% NH - median within 6 arcmin radius   0.00    
% NH - mean within specified beam      0.00    
% EBHIS survey -----------------
% NH  within specified beam           0.828E+22
%%EBHIS   621  datapoints: v_lsr [km/s] and T_B [K]
    -399.25    -0.031
    -397.96     0.094
    -396.68    -0.173
    -395.39     0.021
    -394.10     0.007
    -392.81     0.170
    -391.52     0.007
    -390.23     0.045
    -388.95     0.185
    -387.66     0.170
    -386.37    -0.013
    -385.08    -0.047
    -383.79     0.150
    -382.50     0.133
    -381.22     0.079
    -379.93     0.070
    -378.64     0.017
    -377.35     0.212
    -376.06    -0.049
    -374.78    -0.158
    -373.49     0.184
    -372.20    -0.129
    -370.91    -0.003
    -369.62    -0.041
    -368.33     0.028
    -367.05     0.026
    -365.76    -0.025
    -364.47     0.063
    -363.18     0.070
    -361.89    -0.145
    -360.60     0.050
    -359.32    -0.006
    -358.03    -0.120
    -356.74    -0.052
    -355.45     0.052
    -354.16     0.101
    -352.88     0.184
    -351.59     0.006
    -350.30    -0.090
    -349.01    -0.053
    -347.72     0.081
    -346.43    -0.079
    -345.15    -0.181
    -343.86    -0.118
    -342.57    -0.148
    -341.28    -0.085
    -339.99     0.013
    -338.70    -0.055
    -337.42    -0.051
    -336.13    -0.170
    -334.84     0.027
    -333.55    -0.054
    -332.26     0.060
    -330.98     0.108
    -329.69     0.125
    -328.40    -0.203
    -327.11     0.008
    -325.82     0.118
    -324.53    -0.114
    -323.25    -0.074
    -321.96     0.121
    -320.67     0.238
    -319.38     0.277
    -318.09     0.198
    -316.80     0.216
    -315.52     0.118
    -314.23    -0.217
    -312.94    -0.103
    -311.65     0.133
    -310.36    -0.028
    -309.08     0.011
    -307.79    -0.086
    -306.50     0.077
    -305.21     0.027
    -303.92     0.026
    -302.63    -0.138
    -301.35    -0.165
    -300.06     0.263
    -298.77     0.135
    -297.48    -0.094
    -296.19    -0.195
    -294.90    -0.036
    -293.62    -0.087
    -292.33    -0.169
    -291.04    -0.076
    -289.75     0.100
    -288.46    -0.048
    -287.18    -0.152
    -285.89    -0.099
    -284.60     0.062
    -283.31    -0.098
    -282.02    -0.239
    -280.73     0.093
    -279.45     0.241
    -278.16     0.121
    -276.87     0.180
    -275.58    -0.004
    -274.29    -0.039
    -273.00    -0.139
    -271.72    -0.039
    -270.43     0.178
    -269.14     0.095
    -267.85     0.193
    -266.56    -0.157
    -265.28    -0.017
    -263.99    -0.018
    -262.70    -0.023
    -261.41     0.014
    -260.12    -0.188
    -258.83    -0.008
    -257.55     0.052
    -256.26     0.031
    -254.97    -0.081
    -253.68    -0.140
    -252.39    -0.065
    -251.10     0.063
    -249.82     0.125
    -248.53     0.063
    -247.24    -0.104
    -245.95    -0.068
    -244.66     0.037
    -243.38    -0.078
    -242.09     0.177
    -240.80     0.021
    -239.51     0.033
    -238.22     0.258
    -236.93     0.269
    -235.65     0.348
    -234.36     0.160
    -233.07    -0.176
    -231.78    -0.059
    -230.49    -0.063
    -229.20     0.123
    -227.92     0.057
    -226.63     0.023
    -225.34     0.077
    -224.05    -0.036
    -222.76     0.058
    -221.48     0.105
    -220.19     0.207
    -218.90    -0.009
    -217.61     0.160
    -216.32    -0.025
    -215.03     0.024
    -213.75    -0.076
    -212.46     0.169
    -211.17     0.067
    -209.88    -0.101
    -208.59    -0.137
    -207.30     0.100
    -206.02     0.179
    -204.73     0.149
    -203.44    -0.065
    -202.15    -0.037
    -200.86     0.000
    -199.58     0.048
    -198.29    -0.022
    -197.00    -0.022
    -195.71     0.163
    -194.42     0.110
    -193.13    -0.001
    -191.85    -0.024
    -190.56     0.064
    -189.27     0.040
    -187.98     0.060
    -186.69     0.087
    -185.40     0.072
    -184.12    -0.174
    -182.83    -0.039
    -181.54    -0.148
    -180.25    -0.106
    -178.96    -0.071
    -177.68    -0.011
    -176.39     0.073
    -175.10    -0.006
    -173.81    -0.128
    -172.52     0.075
    -171.23     0.129
    -169.95    -0.205
    -168.66     0.040
    -167.37     0.090
    -166.08    -0.003
    -164.79    -0.114
    -163.50     0.152
    -162.22     0.233
    -160.93    -0.063
    -159.64    -0.162
    -158.35    -0.271
    -157.06    -0.174
    -155.78     0.022
    -154.49     0.166
    -153.20     0.221
    -151.91     0.227
    -150.62     0.124
    -149.33     0.042
    -148.05     0.061
    -146.76     0.152
    -145.47     0.053
    -144.18    -0.026
    -142.89    -0.046
    -141.60     0.364
    -140.32     0.324
    -139.03     0.269
    -137.74     0.357
    -136.45     0.281
    -135.16     0.306
    -133.88     0.234
    -132.59     0.191
    -131.30     0.333
    -130.01     0.384
    -128.72     0.270
    -127.43     0.319
    -126.15     0.341
    -124.86     0.388
    -123.57     0.275
    -122.28     0.207
    -120.99     0.302
    -119.70     0.384
    -118.42     0.550
    -117.13     0.455
    -115.84     0.570
    -114.55     0.493
    -113.26     0.421
    -111.98     0.612
    -110.69     0.625
    -109.40     0.553
    -108.11     0.935
    -106.82     1.229
    -105.53     1.277
    -104.25     1.411
    -102.96     1.965
    -101.67     2.403
    -100.38     3.063
     -99.09     3.668
     -97.80     4.451
     -96.52     5.108
     -95.23     6.294
     -93.94     8.072
     -92.65    10.778
     -91.36    13.488
     -90.08    14.343
     -88.79    13.618
     -87.50    12.967
     -86.21    12.865
     -84.92    13.663
     -83.63    14.622
     -82.35    15.111
     -81.06    15.583
     -79.77    16.355
     -78.48    16.799
     -77.19    17.783
     -75.90    19.417
     -74.62    21.346
     -73.33    23.843
     -72.04    25.879
     -70.75    28.239
     -69.46    29.800
     -68.18    30.217
     -66.89    29.838
     -65.60    29.411
     -64.31    27.614
     -63.02    23.848
     -61.73    19.623
     -60.45    17.044
     -59.16    15.584
     -57.87    15.076
     -56.58    15.731
     -55.29    17.179
     -54.00    20.578
     -52.72    26.341
     -51.43    33.635
     -50.14    40.971
     -48.85    45.487
     -47.56    46.499
     -46.28    46.692
     -44.99    48.754
     -43.70    50.468
     -42.41    46.003
     -41.12    38.425
     -39.83    31.892
     -38.55    27.736
     -37.26    24.996
     -35.97    22.462
     -34.68    20.641
     -33.39    19.702
     -32.10    18.865
     -30.82    18.269
     -29.53    18.461
     -28.24    18.165
     -26.95    17.792
     -25.66    17.591
     -24.38    16.944
     -23.09    16.359
     -21.80    15.936
     -20.51    15.424
     -19.22    16.113
     -17.93    18.254
     -16.65    21.782
     -15.36    26.946
     -14.07    33.228
     -12.78    40.721
     -11.49    49.873
     -10.20    60.693
      -8.92    73.116
      -7.63    85.304
      -6.34    92.384
      -5.05    91.034
      -3.76    87.911
      -2.48    85.999
      -1.19    85.947
       0.10    88.153
       1.39    88.130
       2.68    86.347
       3.97    85.072
       5.25    85.184
       6.54    90.879
       7.83    99.424
       9.12   101.370
      10.41    93.026
      11.70    85.806
      12.98    82.227
      14.27    72.554
      15.56    52.836
      16.85    36.942
      18.14    27.493
      19.42    20.183
      20.71    14.691
      22.00    11.007
      23.29     8.163
      24.58     6.251
      25.87     4.983
      27.15     4.140
      28.44     3.438
      29.73     2.810
      31.02     2.251
      32.31     1.773
      33.60     1.480
      34.88     1.137
      36.17     0.674
      37.46     0.515
      38.75     0.582
      40.04     0.479
      41.32     0.200
      42.61     0.286
      43.90     0.306
      45.19     0.306
      46.48     0.315
      47.77     0.236
      49.05     0.230
      50.34     0.173
      51.63    -0.062
      52.92    -0.014
      54.21     0.097
      55.50     0.116
      56.78     0.103
      58.07     0.034
      59.36    -0.001
      60.65    -0.131
      61.94     0.205
      63.22    -0.146
      64.51    -0.080
      65.80    -0.016
      67.09    -0.022
      68.38    -0.123
      69.67    -0.096
      70.95    -0.042
      72.24     0.004
      73.53    -0.093
      74.82    -0.023
      76.11     0.092
      77.40     0.181
      78.68     0.019
      79.97     0.047
      81.26    -0.014
      82.55     0.092
      83.84     0.087
      85.12     0.072
      86.41    -0.026
      87.70     0.008
      88.99     0.050
      90.28    -0.001
      91.57     0.068
      92.85     0.043
      94.14    -0.119
      95.43     0.100
      96.72    -0.131
      98.01     0.001
      99.30    -0.034
     100.58    -0.031
     101.87    -0.135
     103.16    -0.190
     104.45    -0.162
     105.74    -0.212
     107.02    -0.187
     108.31    -0.018
     109.60    -0.097
     110.89     0.059
     112.18     0.088
     113.47    -0.110
     114.75    -0.190
     116.04    -0.143
     117.33     0.063
     118.62     0.016
     119.91     0.095
     121.20    -0.094
     122.48     0.162
     123.77    -0.018
     125.06    -0.007
     126.35    -0.104
     127.64    -0.014
     128.92     0.006
     130.21    -0.096
     131.50    -0.143
     132.79    -0.040
     134.08     0.043
     135.37    -0.156
     136.65     0.015
     137.94     0.107
     139.23     0.052
     140.52     0.012
     141.81    -0.011
     143.09     0.005
     144.38    -0.125
     145.67    -0.147
     146.96    -0.226
     148.25    -0.117
     149.54    -0.123
     150.82    -0.042
     152.11    -0.147
     153.40    -0.003
     154.69    -0.139
     155.98     0.013
     157.27    -0.131
     158.55    -0.202
     159.84    -0.110
     161.13    -0.047
     162.42     0.099
     163.71     0.108
     164.99    -0.039
     166.28     0.021
     167.57     0.018
     168.86     0.026
     170.15     0.001
     171.44    -0.023
     172.72     0.002
     174.01    -0.041
     175.30     0.070
     176.59     0.109
     177.88    -0.051
     179.17    -0.003
     180.45     0.068
     181.74    -0.151
     183.03    -0.011
     184.32    -0.050
     185.61    -0.038
     186.89    -0.019
     188.18    -0.121
     189.47    -0.107
     190.76    -0.046
     192.05    -0.043
     193.34     0.034
     194.62    -0.083
     195.91    -0.018
     197.20    -0.131
     198.49    -0.035
     199.78    -0.034
     201.07     0.010
     202.35     0.083
     203.64    -0.065
     204.93     0.033
     206.22    -0.088
     207.51     0.011
     208.79     0.046
     210.08    -0.246
     211.37    -0.264
     212.66     0.059
     213.95    -0.193
     215.24    -0.044
     216.52     0.118
     217.81    -0.005
     219.10    -0.209
     220.39    -0.084
     221.68    -0.151
     222.97    -0.063
     224.25     0.138
     225.54    -0.003
     226.83     0.073
     228.12     0.214
     229.41     0.185
     230.69     0.102
     231.98    -0.167
     233.27     0.119
     234.56     0.055
     235.85    -0.001
     237.14     0.066
     238.42    -0.109
     239.71    -0.143
     241.00    -0.101
     242.29    -0.047
     243.58     0.072
     244.87    -0.104
     246.15     0.060
     247.44     0.065
     248.73    -0.007
     250.02    -0.047
     251.31    -0.073
     252.59    -0.126
     253.88     0.178
     255.17     0.056
     256.46    -0.028
     257.75    -0.089
     259.04     0.078
     260.32    -0.045
     261.61    -0.078
     262.90    -0.149
     264.19     0.056
     265.48    -0.035
     266.77     0.172
     268.05     0.149
     269.34     0.118
     270.63    -0.012
     271.92     0.052
     273.21     0.134
     274.49    -0.016
     275.78    -0.176
     277.07    -0.171
     278.36    -0.256
     279.65    -0.215
     280.94    -0.094
     282.22    -0.222
     283.51    -0.131
     284.80     0.219
     286.09     0.075
     287.38     0.159
     288.67     0.086
     289.95     0.206
     291.24     0.095
     292.53     0.054
     293.82     0.071
     295.11     0.039
     296.39     0.123
     297.68     0.114
     298.97    -0.128
     300.26    -0.160
     301.55     0.043
     302.84    -0.022
     304.12    -0.023
     305.41    -0.056
     306.70    -0.027
     307.99     0.129
     309.28     0.139
     310.57     0.070
     311.85    -0.007
     313.14    -0.040
     314.43    -0.073
     315.72     0.035
     317.01     0.259
     318.29     0.185
     319.58     0.098
     320.87    -0.037
     322.16     0.068
     323.45     0.022
     324.74     0.180
     326.02     0.158
     327.31    -0.008
     328.60    -0.035
     329.89    -0.160
     331.18    -0.017
     332.47     0.152
     333.75     0.063
     335.04    -0.052
     336.33     0.009
     337.62    -0.107
     338.91    -0.129
     340.19     0.109
     341.48     0.038
     342.77     0.127
     344.06    -0.019
     345.35    -0.042
     346.64     0.051
     347.92     0.093
     349.21    -0.018
     350.50     0.002
     351.79     0.031
     353.08    -0.005
     354.37    -0.014
     355.65     0.267
     356.94     0.272
     358.23     0.080
     359.52     0.110
     360.81     0.098
     362.09    -0.145
     363.38     0.015
     364.67     0.107
     365.96     0.114
     367.25     0.111
     368.54     0.018
     369.82     0.027
     371.11     0.159
     372.40     0.083
     373.69    -0.043
     374.98     0.099
     376.27     0.207
     377.55     0.126
     378.84    -0.030
     380.13     0.065
     381.42    -0.075
     382.71     0.014
     383.99    -0.031
     385.28    -0.217
     386.57    -0.051
     387.86     0.084
     389.15     0.154
     390.44    -0.096
     391.72    -0.290
     393.01    -0.256
     394.30    -0.039
     395.59    -0.177
     396.88    -0.041
     398.17    -0.034
     399.45     0.162
%%GASS      0  datapoints: v_lsr [km/s] and T_B [K]
%%LAB     777  datapoints: v_lsr [km/s] and T_B [K]
    -399.84     0.021
    -398.81    -0.188
    -397.78    -0.073
    -396.75    -0.081
    -395.71    -0.037
    -394.68    -0.096
    -393.65    -0.008
    -392.62    -0.198
    -391.59    -0.088
    -390.56    -0.067
    -389.53    -0.083
    -388.50     0.090
    -387.47     0.000
    -386.44    -0.010
    -385.41     0.056
    -384.38     0.095
    -383.35     0.024
    -382.32    -0.017
    -381.29    -0.159
    -380.26     0.075
    -379.23     0.273
    -378.20    -0.012
    -377.17     0.107
    -376.14    -0.005
    -375.10    -0.073
    -374.07    -0.112
    -373.04    -0.052
    -372.01    -0.066
    -370.98     0.016
    -369.95    -0.152
    -368.92     0.161
    -367.89    -0.044
    -366.86    -0.091
    -365.83    -0.166
    -364.80     0.127
    -363.77    -0.147
    -362.74     0.036
    -361.71     0.024
    -360.68    -0.003
    -359.65     0.122
    -358.62     0.204
    -357.59     0.017
    -356.56    -0.105
    -355.52    -0.261
    -354.49    -0.027
    -353.46    -0.051
    -352.43    -0.117
    -351.40    -0.029
    -350.37    -0.056
    -349.34     0.027
    -348.31    -0.291
    -347.28     0.163
    -346.25    -0.056
    -345.22     0.009
    -344.19     0.151
    -343.16     0.107
    -342.13     0.036
    -341.10     0.021
    -340.07    -0.020
    -339.04     0.141
    -338.01    -0.115
    -336.98     0.097
    -335.95     0.082
    -334.91     0.053
    -333.88     0.049
    -332.85    -0.132
    -331.82    -0.018
    -330.79    -0.027
    -329.76     0.168
    -328.73    -0.100
    -327.70     0.070
    -326.67    -0.117
    -325.64     0.038
    -324.61     0.253
    -323.58    -0.064
    -322.55     0.024
    -321.52     0.031
    -320.49     0.065
    -319.46     0.141
    -318.43    -0.073
    -317.40    -0.100
    -316.37    -0.057
    -315.34    -0.069
    -314.30     0.175
    -313.27    -0.003
    -312.24     0.017
    -311.21     0.099
    -310.18    -0.044
    -309.15     0.087
    -308.12    -0.018
    -307.09    -0.203
    -306.06     0.021
    -305.03     0.317
    -304.00    -0.035
    -302.97     0.017
    -301.94     0.004
    -300.91     0.124
    -299.88     0.110
    -298.85    -0.022
    -297.82    -0.313
    -296.79    -0.054
    -295.76     0.024
    -294.73     0.102
    -293.69    -0.123
    -292.66     0.183
    -291.63    -0.112
    -290.60     0.133
    -289.57     0.000
    -288.54    -0.081
    -287.51    -0.203
    -286.48    -0.032
    -285.45    -0.340
    -284.42     0.095
    -283.39    -0.118
    -282.36     0.024
    -281.33     0.170
    -280.30     0.043
    -279.27    -0.006
    -278.24     0.046
    -277.21    -0.105
    -276.18    -0.154
    -275.15    -0.128
    -274.11     0.097
    -273.08     0.129
    -272.05     0.019
    -271.02    -0.154
    -269.99    -0.071
    -268.96    -0.035
    -267.93    -0.001
    -266.90    -0.210
    -265.87     0.146
    -264.84     0.119
    -263.81    -0.034
    -262.78     0.005
    -261.75     0.214
    -260.72    -0.084
    -259.69    -0.067
    -258.66     0.187
    -257.63    -0.208
    -256.60    -0.091
    -255.57    -0.067
    -254.54     0.161
    -253.50     0.094
    -252.47     0.061
    -251.44    -0.067
    -250.41     0.094
    -249.38     0.036
    -248.35     0.134
    -247.32    -0.034
    -246.29    -0.067
    -245.26     0.187
    -244.23     0.163
    -243.20    -0.015
    -242.17     0.090
    -241.14    -0.145
    -240.11     0.066
    -239.08    -0.071
    -238.05    -0.181
    -237.02     0.117
    -235.99    -0.073
    -234.96     0.092
    -233.93    -0.108
    -232.89    -0.032
    -231.86     0.104
    -230.83     0.007
    -229.80     0.034
    -228.77     0.038
    -227.74     0.087
    -226.71     0.116
    -225.68    -0.008
    -224.65    -0.156
    -223.62    -0.047
    -222.59     0.012
    -221.56     0.078
    -220.53     0.165
    -219.50     0.058
    -218.47    -0.144
    -217.44    -0.059
    -216.41    -0.088
    -215.38     0.029
    -214.35     0.065
    -213.31    -0.027
    -212.28    -0.027
    -211.25    -0.064
    -210.22    -0.096
    -209.19     0.138
    -208.16    -0.012
    -207.13     0.012
    -206.10     0.216
    -205.07    -0.113
    -204.04    -0.066
    -203.01     0.053
    -201.98     0.292
    -200.95    -0.117
    -199.92     0.051
    -198.89     0.019
    -197.86     0.009
    -196.83     0.119
    -195.80     0.049
    -194.77    -0.003
    -193.74     0.080
    -192.70    -0.137
    -191.67     0.073
    -190.64    -0.213
    -189.61     0.085
    -188.58     0.063
    -187.55    -0.023
    -186.52    -0.161
    -185.49     0.014
    -184.46     0.053
    -183.43     0.058
    -182.40     0.027
    -181.37     0.066
    -180.34     0.053
    -179.31     0.080
    -178.28     0.116
    -177.25     0.210
    -176.22    -0.108
    -175.19     0.119
    -174.16    -0.105
    -173.13     0.061
    -172.09     0.004
    -171.06     0.031
    -170.03     0.007
    -169.00     0.209
    -167.97     0.070
    -166.94     0.149
    -165.91     0.110
    -164.88     0.080
    -163.85     0.049
    -162.82     0.126
    -161.79    -0.174
    -160.76     0.019
    -159.73     0.048
    -158.70     0.156
    -157.67    -0.039
    -156.64    -0.056
    -155.61    -0.139
    -154.58     0.073
    -153.55    -0.022
    -152.52     0.155
    -151.48     0.088
    -150.45     0.019
    -149.42    -0.052
    -148.39    -0.013
    -147.36     0.171
    -146.33     0.266
    -145.30     0.244
    -144.27     0.197
    -143.24     0.175
    -142.21     0.268
    -141.18     0.256
    -140.15     0.338
    -139.12     0.355
    -138.09     0.209
    -137.06     0.171
    -136.03     0.207
    -135.00     0.143
    -133.97     0.400
    -132.94     0.356
    -131.90     0.204
    -130.87     0.253
    -129.84     0.380
    -128.81     0.185
    -127.78     0.544
    -126.75     0.131
    -125.72     0.310
    -124.69     0.400
    -123.66     0.638
    -122.63     0.424
    -121.60     0.575
    -120.57     0.602
    -119.54     0.580
    -118.51     0.624
    -117.48     0.566
    -116.45     0.702
    -115.42     0.351
    -114.39     0.548
    -113.36     0.622
    -112.33     0.485
    -111.29     0.582
    -110.26     0.509
    -109.23     0.831
    -108.20     0.856
    -107.17     0.960
    -106.14     1.092
    -105.11     1.253
    -104.08     1.568
    -103.05     1.807
    -102.02     2.031
    -100.99     2.519
     -99.96     2.873
     -98.93     3.137
     -97.90     3.522
     -96.87     4.281
     -95.84     4.841
     -94.81     5.488
     -93.78     6.988
     -92.75     8.720
     -91.72    11.133
     -90.68    12.515
     -89.65    12.684
     -88.62    12.255
     -87.59    11.374
     -86.56    11.247
     -85.53    11.286
     -84.50    11.925
     -83.47    12.272
     -82.44    13.076
     -81.41    13.552
     -80.38    14.394
     -79.35    15.153
     -78.32    15.894
     -77.29    17.404
     -76.26    18.835
     -75.23    21.804
     -74.20    24.885
     -73.17    28.039
     -72.14    31.573
     -71.10    34.332
     -70.07    35.915
     -69.04    37.181
     -68.01    37.306
     -66.98    36.682
     -65.95    36.399
     -64.92    35.969
     -63.89    34.564
     -62.86    31.386
     -61.83    26.215
     -60.80    22.119
     -59.77    20.065
     -58.74    18.299
     -57.71    17.123
     -56.68    16.880
     -55.65    17.399
     -54.62    18.906
     -53.59    21.856
     -52.56    25.073
     -51.53    29.729
     -50.49    34.893
     -49.46    39.775
     -48.43    42.575
     -47.40    43.868
     -46.37    44.609
     -45.34    46.622
     -44.31    49.641
     -43.28    52.654
     -42.25    53.071
     -41.22    51.429
     -40.19    48.414
     -39.16    43.890
     -38.13    38.869
     -37.10    34.383
     -36.07    30.735
     -35.04    27.853
     -34.01    26.480
     -32.98    25.029
     -31.95    23.697
     -30.92    22.300
     -29.88    20.951
     -28.85    20.606
     -27.82    20.351
     -26.79    20.543
     -25.76    21.602
     -24.73    21.521
     -23.70    20.861
     -22.67    20.050
     -21.64    18.509
     -20.61    17.840
     -19.58    17.355
     -18.55    18.092
     -17.52    19.851
     -16.49    23.026
     -15.46    27.891
     -14.43    33.866
     -13.40    41.179
     -12.37    49.370
     -11.34    57.113
     -10.31    65.185
      -9.27    73.271
      -8.24    82.143
      -7.21    91.192
      -6.18    97.386
      -5.15    99.034
      -4.12    98.581
      -3.09    97.319
      -2.06    94.731
      -1.03    93.109
       0.00    93.868
       1.03    93.624
       2.06    93.499
       3.09    93.075
       4.12    95.022
       5.15    96.114
       6.18    97.929
       7.21   103.640
       8.24   109.643
       9.27   110.699
      10.31   105.937
      11.34   101.500
      12.37    96.492
      13.40    90.709
      14.43    79.847
      15.46    63.063
      16.49    48.214
      17.52    37.914
      18.55    30.493
      19.58    23.836
      20.61    18.485
      21.64    14.413
      22.67    11.040
      23.70     8.776
      24.73     7.069
      25.76     5.458
      26.79     4.347
      27.82     3.641
      28.85     2.844
      29.88     2.483
      30.92     2.043
      31.95     1.549
      32.98     1.251
      34.01     1.004
      35.04     0.763
      36.07     0.693
      37.10     0.851
      38.13     0.592
      39.16     0.561
      40.19     0.465
      41.22     0.341
      42.25     0.232
      43.28     0.363
      44.31     0.282
      45.34     0.349
      46.37     0.360
      47.40     0.226
      48.43     0.190
      49.46     0.127
      50.49    -0.010
      51.53     0.207
      52.56     0.134
      53.59    -0.059
      54.62     0.165
      55.65     0.110
      56.68    -0.034
      57.71    -0.159
      58.74    -0.132
      59.77     0.214
      60.80    -0.040
      61.83     0.097
      62.86     0.107
      63.89     0.097
      64.92     0.065
      65.95     0.022
      66.98     0.007
      68.01     0.087
      69.04     0.088
      70.07     0.046
      71.10     0.065
      72.14     0.310
      73.17     0.238
      74.20     0.060
      75.23    -0.140
      76.26     0.178
      77.29     0.149
      78.32     0.255
      79.35     0.104
      80.38    -0.069
      81.41     0.194
      82.44    -0.023
      83.47     0.024
      84.50     0.200
      85.53    -0.167
      86.56    -0.081
      87.59     0.019
      88.62     0.136
      89.65    -0.005
      90.68     0.036
      91.72     0.126
      92.75    -0.013
      93.78    -0.020
      94.81     0.165
      95.84     0.129
      96.87     0.175
      97.90     0.080
      98.93     0.070
      99.96    -0.025
     100.99     0.134
     102.02    -0.279
     103.05    -0.128
     104.08     0.024
     105.11    -0.125
     106.14     0.080
     107.17    -0.112
     108.20     0.090
     109.23     0.070
     110.26     0.012
     111.29     0.031
     112.33     0.043
     113.36     0.156
     114.39     0.022
     115.42    -0.029
     116.45    -0.071
     117.48     0.285
     118.51    -0.151
     119.54     0.049
     120.57     0.048
     121.60     0.097
     122.63    -0.069
     123.66     0.138
     124.69     0.083
     125.72     0.158
     126.75     0.143
     127.78    -0.018
     128.81    -0.113
     129.84    -0.059
     130.87    -0.173
     131.90    -0.044
     132.94    -0.062
     133.97     0.002
     135.00    -0.286
     136.03    -0.073
     137.06    -0.101
     138.09    -0.078
     139.12    -0.173
     140.15    -0.035
     141.18     0.119
     142.21    -0.101
     143.24    -0.152
     144.27    -0.027
     145.30    -0.037
     146.33    -0.159
     147.36     0.105
     148.39     0.033
     149.42     0.068
     150.45    -0.157
     151.48    -0.015
     152.52    -0.017
     153.55     0.097
     154.58     0.065
     155.61     0.188
     156.64    -0.008
     157.67    -0.037
     158.70    -0.045
     159.73    -0.108
     160.76     0.044
     161.79    -0.108
     162.82    -0.090
     163.85     0.075
     164.88     0.166
     165.91     0.068
     166.94     0.027
     167.97    -0.066
     169.00     0.146
     170.03    -0.023
     171.06    -0.057
     172.09     0.038
     173.13     0.004
     174.16    -0.010
     175.19    -0.145
     176.22     0.014
     177.25     0.177
     178.28    -0.088
     179.31    -0.008
     180.34    -0.084
     181.37    -0.137
     182.40     0.000
     183.43    -0.074
     184.46    -0.120
     185.49     0.000
     186.52    -0.052
     187.55    -0.140
     188.58    -0.056
     189.61    -0.020
     190.64     0.031
     191.67    -0.091
     192.70    -0.071
     193.74     0.053
     194.77    -0.005
     195.80     0.194
     196.83     0.049
     197.86     0.112
     198.89     0.126
     199.92     0.105
     200.95    -0.034
     201.98     0.033
     203.01    -0.017
     204.04     0.068
     205.07    -0.018
     206.10     0.100
     207.13     0.027
     208.16     0.056
     209.19    -0.035
     210.22     0.060
     211.25    -0.144
     212.28     0.029
     213.31    -0.067
     214.35     0.239
     215.38     0.016
     216.41    -0.059
     217.44    -0.293
     218.47     0.010
     219.50    -0.056
     220.53     0.261
     221.56     0.004
     222.59     0.104
     223.62    -0.066
     224.65     0.133
     225.68     0.055
     226.71     0.114
     227.74     0.060
     228.77     0.048
     229.80    -0.130
     230.83     0.100
     231.86    -0.042
     232.89     0.114
     233.93    -0.101
     234.96     0.102
     235.99     0.234
     237.02     0.044
     238.05     0.173
     239.08     0.066
     240.11    -0.190
     241.14     0.068
     242.17     0.022
     243.20     0.060
     244.23    -0.042
     245.26    -0.071
     246.29    -0.061
     247.32     0.031
     248.35    -0.127
     249.38    -0.125
     250.41     0.075
     251.44    -0.029
     252.47    -0.023
     253.50    -0.010
     254.54     0.029
     255.57     0.175
     256.60    -0.135
     257.63    -0.122
     258.66    -0.066
     259.69     0.027
     260.72     0.161
     261.75    -0.044
     262.78    -0.084
     263.81    -0.137
     264.84    -0.106
     265.87     0.056
     266.90     0.010
     267.93    -0.117
     268.96    -0.108
     269.99     0.131
     271.02     0.116
     272.05     0.188
     273.08     0.073
     274.11    -0.051
     275.15    -0.057
     276.18     0.170
     277.21    -0.047
     278.24    -0.040
     279.27    -0.035
     280.30     0.077
     281.33    -0.125
     282.36     0.253
     283.39     0.022
     284.42     0.149
     285.45     0.149
     286.48     0.071
     287.51     0.307
     288.54     0.124
     289.57    -0.162
     290.60     0.382
     291.63     0.031
     292.66     0.065
     293.69    -0.064
     294.73    -0.066
     295.76    -0.115
     296.79     0.004
     297.82     0.219
     298.85    -0.045
     299.88     0.000
     300.91    -0.101
     301.94    -0.093
     302.97     0.088
     304.00     0.019
     305.03     0.055
     306.06    -0.200
     307.09     0.114
     308.12    -0.078
     309.15     0.044
     310.18    -0.095
     311.21     0.063
     312.24     0.063
     313.27    -0.059
     314.30    -0.010
     315.34    -0.008
     316.37    -0.017
     317.40    -0.088
     318.43    -0.186
     319.46     0.148
     320.49     0.304
     321.52     0.021
     322.55    -0.156
     323.58     0.061
     324.61     0.024
     325.64     0.071
     326.67    -0.237
     327.70     0.056
     328.73     0.005
     329.76    -0.235
     330.79    -0.034
     331.82     0.017
     332.85    -0.161
     333.88     0.219
     334.91     0.199
     335.95     0.012
     336.98    -0.012
     338.01     0.027
     339.04     0.124
     340.07    -0.035
     341.10    -0.227
     342.13     0.185
     343.16    -0.183
     344.19     0.004
     345.22     0.021
     346.25     0.060
     347.28     0.061
     348.31     0.139
     349.34    -0.040
     350.37     0.171
     351.40     0.175
     352.43     0.044
     353.46    -0.067
     354.49     0.017
     355.52     0.051
     356.56     0.058
     357.59     0.014
     358.62    -0.101
     359.65     0.126
     360.68     0.212
     361.71     0.082
     362.74    -0.074
     363.77    -0.157
     364.80     0.000
     365.83    -0.367
     366.86     0.026
     367.89    -0.006
     368.92    -0.032
     369.95    -0.173
     370.98     0.070
     372.01    -0.166
     373.04     0.278
     374.07     0.026
     375.10     0.053
     376.14    -0.254
     377.17    -0.096
     378.20    -0.103
     379.23     0.065
     380.26     0.166
     381.29     0.063
     382.32     0.149
     383.35     0.171
     384.38    -0.122
     385.41     0.080
     386.44    -0.061
     387.47    -0.025
     388.50     0.088
     389.53    -0.074
     390.56    -0.134
     391.59     0.063
     392.62     0.085
     393.65    -0.020
     394.68     0.000
     395.71     0.331
     396.75    -0.127
     397.78    -0.015
     398.81     0.166
     399.84     0.180
