%%   95.00000  10.00000    0   0.20000
% LAB  survey ------------------
% wanted position:  l, b, RA, DEC, and interpolated  NH
% 95.00 ;  10.00 ; 310.56 ;  58.60 ;  0.209E+22
% nearest position: l, b, RA, DEC, and observed NH
% 95.00 ;  10.00 ; 310.56 ;  58.60 ;  0.209E+22
% GASS III survey --------------
% NH - median within 6 arcmin radius   0.00    
% NH - mean within specified beam      0.00    
% EBHIS survey -----------------
% NH  within specified beam           0.207E+22
%%EBHIS   621  datapoints: v_lsr [km/s] and T_B [K]
    -399.25     0.082
    -397.96     0.018
    -396.68     0.021
    -395.39     0.105
    -394.10     0.069
    -392.81     0.151
    -391.52     0.035
    -390.23    -0.081
    -388.95    -0.000
    -387.66    -0.001
    -386.37    -0.014
    -385.08     0.103
    -383.79     0.003
    -382.50    -0.169
    -381.22    -0.041
    -379.93     0.024
    -378.64     0.033
    -377.35    -0.010
    -376.06     0.062
    -374.78     0.034
    -373.49     0.049
    -372.20     0.010
    -370.91     0.149
    -369.62     0.020
    -368.33    -0.006
    -367.05     0.056
    -365.76     0.010
    -364.47     0.043
    -363.18     0.008
    -361.89     0.034
    -360.60    -0.033
    -359.32    -0.052
    -358.03     0.037
    -356.74     0.108
    -355.45    -0.123
    -354.16     0.039
    -352.88     0.023
    -351.59     0.124
    -350.30     0.011
    -349.01     0.009
    -347.72     0.002
    -346.43     0.036
    -345.15    -0.117
    -343.86    -0.053
    -342.57     0.034
    -341.28    -0.036
    -339.99    -0.025
    -338.70    -0.070
    -337.42    -0.037
    -336.13    -0.030
    -334.84     0.046
    -333.55    -0.136
    -332.26     0.035
    -330.98     0.004
    -329.69     0.066
    -328.40     0.055
    -327.11    -0.012
    -325.82    -0.054
    -324.53    -0.085
    -323.25     0.029
    -321.96    -0.020
    -320.67    -0.088
    -319.38    -0.003
    -318.09    -0.046
    -316.80     0.041
    -315.52     0.163
    -314.23    -0.016
    -312.94    -0.144
    -311.65     0.047
    -310.36     0.055
    -309.08    -0.049
    -307.79    -0.041
    -306.50     0.023
    -305.21     0.082
    -303.92     0.030
    -302.63     0.040
    -301.35     0.067
    -300.06    -0.033
    -298.77     0.102
    -297.48     0.189
    -296.19     0.177
    -294.90     0.020
    -293.62     0.042
    -292.33    -0.003
    -291.04    -0.042
    -289.75     0.028
    -288.46    -0.016
    -287.18    -0.057
    -285.89     0.010
    -284.60     0.016
    -283.31     0.041
    -282.02     0.074
    -280.73     0.051
    -279.45     0.060
    -278.16     0.096
    -276.87     0.147
    -275.58     0.099
    -274.29    -0.076
    -273.00    -0.132
    -271.72     0.018
    -270.43    -0.021
    -269.14    -0.007
    -267.85     0.021
    -266.56    -0.041
    -265.28    -0.040
    -263.99    -0.042
    -262.70     0.020
    -261.41     0.058
    -260.12     0.082
    -258.83    -0.113
    -257.55    -0.100
    -256.26    -0.103
    -254.97     0.042
    -253.68    -0.110
    -252.39    -0.061
    -251.10    -0.043
    -249.82    -0.017
    -248.53     0.066
    -247.24    -0.020
    -245.95    -0.071
    -244.66     0.002
    -243.38     0.013
    -242.09    -0.026
    -240.80    -0.090
    -239.51    -0.081
    -238.22    -0.086
    -236.93    -0.080
    -235.65    -0.130
    -234.36     0.051
    -233.07    -0.022
    -231.78    -0.025
    -230.49    -0.005
    -229.20    -0.085
    -227.92     0.070
    -226.63    -0.079
    -225.34    -0.073
    -224.05    -0.007
    -222.76    -0.087
    -221.48     0.065
    -220.19     0.122
    -218.90     0.062
    -217.61     0.087
    -216.32    -0.207
    -215.03    -0.124
    -213.75     0.063
    -212.46     0.129
    -211.17    -0.012
    -209.88    -0.015
    -208.59     0.076
    -207.30     0.011
    -206.02     0.111
    -204.73     0.017
    -203.44    -0.125
    -202.15     0.007
    -200.86    -0.054
    -199.58    -0.045
    -198.29     0.113
    -197.00     0.057
    -195.71     0.043
    -194.42    -0.009
    -193.13     0.080
    -191.85     0.010
    -190.56     0.028
    -189.27     0.019
    -187.98     0.082
    -186.69     0.108
    -185.40     0.015
    -184.12    -0.004
    -182.83     0.016
    -181.54     0.081
    -180.25     0.172
    -178.96     0.161
    -177.68    -0.052
    -176.39    -0.126
    -175.10    -0.101
    -173.81    -0.069
    -172.52     0.137
    -171.23     0.096
    -169.95    -0.084
    -168.66     0.043
    -167.37    -0.139
    -166.08     0.014
    -164.79     0.053
    -163.50    -0.082
    -162.22    -0.032
    -160.93     0.003
    -159.64     0.090
    -158.35     0.076
    -157.06     0.108
    -155.78     0.194
    -154.49     0.175
    -153.20     0.237
    -151.91     0.209
    -150.62     0.365
    -149.33     0.536
    -148.05     0.648
    -146.76     0.743
    -145.47     0.869
    -144.18     0.820
    -142.89     0.891
    -141.60     0.995
    -140.32     1.083
    -139.03     1.109
    -137.74     1.378
    -136.45     1.453
    -135.16     1.532
    -133.88     1.510
    -132.59     1.768
    -131.30     1.871
    -130.01     1.536
    -128.72     1.423
    -127.43     1.499
    -126.15     1.672
    -124.86     1.427
    -123.57     1.483
    -122.28     1.510
    -120.99     1.429
    -119.70     1.419
    -118.42     1.585
    -117.13     1.604
    -115.84     1.544
    -114.55     1.488
    -113.26     1.527
    -111.98     1.668
    -110.69     1.613
    -109.40     1.718
    -108.11     1.769
    -106.82     1.747
    -105.53     1.963
    -104.25     1.773
    -102.96     1.650
    -101.67     1.674
    -100.38     1.812
     -99.09     1.653
     -97.80     1.659
     -96.52     1.582
     -95.23     1.706
     -93.94     1.561
     -92.65     1.678
     -91.36     1.673
     -90.08     1.499
     -88.79     1.372
     -87.50     1.750
     -86.21     1.374
     -84.92     1.411
     -83.63     1.558
     -82.35     1.464
     -81.06     1.447
     -79.77     1.576
     -78.48     1.432
     -77.19     1.387
     -75.90     1.456
     -74.62     1.481
     -73.33     1.404
     -72.04     1.347
     -70.75     1.503
     -69.46     1.490
     -68.18     1.402
     -66.89     1.613
     -65.60     1.330
     -64.31     1.468
     -63.02     1.398
     -61.73     1.387
     -60.45     1.476
     -59.16     1.459
     -57.87     1.427
     -56.58     1.595
     -55.29     1.584
     -54.00     1.702
     -52.72     1.973
     -51.43     2.263
     -50.14     2.360
     -48.85     2.729
     -47.56     2.994
     -46.28     3.229
     -44.99     3.651
     -43.70     3.993
     -42.41     4.515
     -41.12     4.966
     -39.83     5.486
     -38.55     6.118
     -37.26     7.058
     -35.97     8.278
     -34.68     9.628
     -33.39    12.394
     -32.10    16.124
     -30.82    19.798
     -29.53    21.261
     -28.24    19.234
     -26.95    15.212
     -25.66    11.932
     -24.38     9.893
     -23.09     8.496
     -21.80     7.640
     -20.51     7.354
     -19.22     7.530
     -17.93     8.779
     -16.65    11.229
     -15.36    13.478
     -14.07    13.954
     -12.78    14.140
     -11.49    14.511
     -10.20    15.947
      -8.92    18.301
      -7.63    21.989
      -6.34    26.824
      -5.05    32.183
      -3.76    38.257
      -2.48    44.525
      -1.19    49.924
       0.10    48.813
       1.39    39.333
       2.68    32.823
       3.97    32.349
       5.25    25.969
       6.54    14.572
       7.83     7.429
       9.12     4.484
      10.41     3.063
      11.70     2.168
      12.98     1.811
      14.27     1.421
      15.56     1.047
      16.85     0.846
      18.14     0.762
      19.42     0.540
      20.71     0.299
      22.00     0.234
      23.29     0.207
      24.58     0.161
      25.87     0.051
      27.15     0.097
      28.44     0.027
      29.73     0.107
      31.02     0.038
      32.31    -0.056
      33.60    -0.079
      34.88    -0.082
      36.17    -0.081
      37.46    -0.077
      38.75    -0.101
      40.04    -0.071
      41.32    -0.067
      42.61    -0.066
      43.90    -0.068
      45.19    -0.188
      46.48    -0.021
      47.77    -0.090
      49.05    -0.093
      50.34    -0.111
      51.63    -0.046
      52.92    -0.124
      54.21    -0.023
      55.50    -0.051
      56.78     0.018
      58.07     0.006
      59.36     0.017
      60.65     0.079
      61.94     0.011
      63.22    -0.019
      64.51     0.188
      65.80     0.143
      67.09     0.060
      68.38     0.104
      69.67     0.044
      70.95     0.068
      72.24     0.108
      73.53     0.040
      74.82    -0.004
      76.11     0.075
      77.40     0.044
      78.68     0.013
      79.97     0.069
      81.26     0.056
      82.55     0.169
      83.84     0.008
      85.12     0.065
      86.41     0.037
      87.70     0.116
      88.99     0.079
      90.28     0.076
      91.57    -0.061
      92.85     0.002
      94.14    -0.119
      95.43    -0.113
      96.72    -0.206
      98.01    -0.160
      99.30    -0.032
     100.58    -0.029
     101.87    -0.029
     103.16    -0.013
     104.45    -0.230
     105.74    -0.170
     107.02    -0.015
     108.31     0.076
     109.60     0.051
     110.89     0.068
     112.18    -0.032
     113.47    -0.002
     114.75     0.099
     116.04    -0.050
     117.33    -0.041
     118.62    -0.026
     119.91     0.019
     121.20     0.036
     122.48     0.079
     123.77    -0.025
     125.06     0.005
     126.35    -0.075
     127.64    -0.038
     128.92     0.085
     130.21     0.003
     131.50     0.093
     132.79    -0.108
     134.08    -0.049
     135.37     0.088
     136.65     0.050
     137.94    -0.035
     139.23    -0.031
     140.52    -0.050
     141.81    -0.115
     143.09    -0.030
     144.38    -0.061
     145.67    -0.051
     146.96    -0.035
     148.25     0.077
     149.54    -0.016
     150.82     0.062
     152.11     0.009
     153.40    -0.009
     154.69     0.084
     155.98    -0.062
     157.27    -0.008
     158.55     0.005
     159.84     0.046
     161.13    -0.098
     162.42     0.025
     163.71    -0.005
     164.99    -0.049
     166.28     0.093
     167.57     0.050
     168.86    -0.086
     170.15    -0.037
     171.44     0.090
     172.72     0.010
     174.01     0.015
     175.30     0.119
     176.59    -0.177
     177.88    -0.028
     179.17     0.004
     180.45    -0.071
     181.74    -0.092
     183.03    -0.017
     184.32     0.040
     185.61    -0.001
     186.89    -0.066
     188.18    -0.053
     189.47    -0.137
     190.76     0.004
     192.05    -0.069
     193.34     0.007
     194.62     0.054
     195.91    -0.010
     197.20     0.112
     198.49    -0.030
     199.78    -0.068
     201.07    -0.037
     202.35    -0.094
     203.64    -0.099
     204.93    -0.014
     206.22     0.053
     207.51     0.044
     208.79     0.095
     210.08     0.024
     211.37     0.045
     212.66    -0.063
     213.95     0.047
     215.24     0.174
     216.52     0.012
     217.81     0.062
     219.10    -0.051
     220.39     0.067
     221.68    -0.030
     222.97    -0.026
     224.25     0.014
     225.54     0.050
     226.83     0.101
     228.12     0.020
     229.41     0.084
     230.69     0.050
     231.98     0.106
     233.27    -0.011
     234.56    -0.077
     235.85    -0.073
     237.14    -0.007
     238.42     0.020
     239.71     0.029
     241.00     0.025
     242.29     0.065
     243.58    -0.015
     244.87     0.018
     246.15    -0.048
     247.44    -0.039
     248.73     0.023
     250.02    -0.052
     251.31    -0.050
     252.59    -0.028
     253.88     0.036
     255.17     0.079
     256.46     0.073
     257.75     0.048
     259.04    -0.075
     260.32     0.055
     261.61     0.162
     262.90     0.147
     264.19     0.045
     265.48     0.044
     266.77     0.045
     268.05     0.000
     269.34     0.011
     270.63    -0.056
     271.92    -0.151
     273.21    -0.120
     274.49     0.030
     275.78    -0.121
     277.07    -0.007
     278.36    -0.057
     279.65    -0.063
     280.94     0.002
     282.22    -0.014
     283.51    -0.000
     284.80    -0.087
     286.09    -0.008
     287.38     0.020
     288.67    -0.010
     289.95    -0.041
     291.24     0.001
     292.53    -0.006
     293.82    -0.011
     295.11    -0.086
     296.39    -0.031
     297.68    -0.017
     298.97    -0.020
     300.26    -0.139
     301.55    -0.147
     302.84    -0.012
     304.12    -0.082
     305.41    -0.009
     306.70    -0.081
     307.99    -0.041
     309.28    -0.050
     310.57     0.024
     311.85    -0.019
     313.14     0.093
     314.43    -0.027
     315.72     0.100
     317.01    -0.030
     318.29     0.084
     319.58     0.033
     320.87    -0.053
     322.16    -0.126
     323.45     0.007
     324.74     0.048
     326.02     0.014
     327.31    -0.028
     328.60    -0.063
     329.89     0.045
     331.18     0.097
     332.47    -0.002
     333.75    -0.034
     335.04    -0.046
     336.33    -0.060
     337.62    -0.029
     338.91    -0.058
     340.19     0.048
     341.48    -0.000
     342.77     0.057
     344.06     0.012
     345.35    -0.072
     346.64    -0.040
     347.92     0.022
     349.21    -0.029
     350.50     0.035
     351.79     0.093
     353.08     0.094
     354.37    -0.034
     355.65    -0.066
     356.94     0.015
     358.23     0.029
     359.52     0.073
     360.81     0.088
     362.09     0.129
     363.38     0.120
     364.67    -0.074
     365.96     0.063
     367.25     0.126
     368.54     0.190
     369.82     0.077
     371.11     0.059
     372.40    -0.034
     373.69    -0.070
     374.98    -0.027
     376.27     0.045
     377.55     0.031
     378.84     0.008
     380.13    -0.041
     381.42    -0.141
     382.71    -0.010
     383.99     0.102
     385.28    -0.010
     386.57     0.025
     387.86    -0.028
     389.15     0.003
     390.44     0.042
     391.72     0.019
     393.01    -0.072
     394.30    -0.096
     395.59     0.038
     396.88    -0.055
     398.17     0.073
     399.45     0.049
%%GASS      0  datapoints: v_lsr [km/s] and T_B [K]
%%LAB     777  datapoints: v_lsr [km/s] and T_B [K]
    -399.83     0.057
    -398.80     0.100
    -397.77    -0.136
    -396.74     0.034
    -395.71    -0.013
    -394.68     0.062
    -393.65     0.137
    -392.62     0.083
    -391.59    -0.046
    -390.55    -0.030
    -389.52    -0.010
    -388.49    -0.046
    -387.46     0.131
    -386.43    -0.025
    -385.40    -0.007
    -384.37    -0.063
    -383.34    -0.160
    -382.31    -0.129
    -381.28     0.176
    -380.25    -0.077
    -379.22    -0.028
    -378.19     0.139
    -377.16    -0.048
    -376.13     0.044
    -375.10    -0.073
    -374.07     0.103
    -373.04     0.102
    -372.01     0.056
    -370.98    -0.019
    -369.95     0.066
    -368.91    -0.030
    -367.88    -0.070
    -366.85     0.050
    -365.82    -0.105
    -364.79    -0.079
    -363.76     0.119
    -362.73     0.138
    -361.70    -0.023
    -360.67    -0.019
    -359.64    -0.024
    -358.61     0.065
    -357.58     0.013
    -356.55     0.072
    -355.52     0.035
    -354.49    -0.015
    -353.46    -0.122
    -352.43     0.068
    -351.40    -0.176
    -350.37    -0.183
    -349.34     0.210
    -348.30     0.042
    -347.27     0.014
    -346.24    -0.011
    -345.21    -0.045
    -344.18     0.001
    -343.15     0.011
    -342.12    -0.025
    -341.09     0.031
    -340.06    -0.038
    -339.03     0.001
    -338.00    -0.024
    -336.97     0.001
    -335.94    -0.005
    -334.91     0.059
    -333.88     0.046
    -332.85     0.016
    -331.82     0.123
    -330.79    -0.048
    -329.76     0.195
    -328.73    -0.091
    -327.70     0.068
    -326.66    -0.096
    -325.63    -0.030
    -324.60    -0.054
    -323.57    -0.100
    -322.54    -0.142
    -321.51     0.028
    -320.48     0.013
    -319.45     0.003
    -318.42    -0.089
    -317.39     0.108
    -316.36    -0.002
    -315.33     0.133
    -314.30     0.078
    -313.27     0.182
    -312.24    -0.103
    -311.21    -0.034
    -310.18    -0.019
    -309.15    -0.067
    -308.12    -0.129
    -307.09     0.001
    -306.05     0.035
    -305.02     0.152
    -303.99     0.027
    -302.96    -0.009
    -301.93    -0.015
    -300.90     0.220
    -299.87    -0.059
    -298.84    -0.230
    -297.81     0.061
    -296.78     0.032
    -295.75     0.001
    -294.72    -0.014
    -293.69     0.039
    -292.66    -0.046
    -291.63     0.037
    -290.60    -0.001
    -289.57    -0.013
    -288.54    -0.029
    -287.51     0.002
    -286.48    -0.213
    -285.45    -0.076
    -284.41     0.053
    -283.38     0.092
    -282.35     0.016
    -281.32    -0.027
    -280.29     0.119
    -279.26     0.005
    -278.23    -0.035
    -277.20    -0.157
    -276.17     0.006
    -275.14    -0.179
    -274.11    -0.002
    -273.08    -0.054
    -272.05     0.041
    -271.02     0.102
    -269.99    -0.177
    -268.96    -0.047
    -267.93    -0.025
    -266.90     0.036
    -265.87     0.082
    -264.84    -0.071
    -263.80     0.039
    -262.77    -0.013
    -261.74     0.007
    -260.71     0.016
    -259.68     0.286
    -258.65    -0.073
    -257.62     0.068
    -256.59    -0.016
    -255.56    -0.012
    -254.53     0.053
    -253.50    -0.081
    -252.47     0.121
    -251.44     0.112
    -250.41     0.024
    -249.38     0.049
    -248.35    -0.117
    -247.32     0.188
    -246.29    -0.077
    -245.26     0.043
    -244.23    -0.047
    -243.20     0.076
    -242.16     0.082
    -241.13     0.078
    -240.10     0.182
    -239.07     0.120
    -238.04    -0.188
    -237.01     0.045
    -235.98    -0.011
    -234.95     0.196
    -233.92     0.036
    -232.89    -0.043
    -231.86     0.153
    -230.83     0.075
    -229.80     0.075
    -228.77     0.141
    -227.74     0.066
    -226.71    -0.015
    -225.68    -0.023
    -224.65     0.121
    -223.62    -0.130
    -222.59    -0.017
    -221.55    -0.042
    -220.52    -0.049
    -219.49    -0.030
    -218.46     0.064
    -217.43    -0.071
    -216.40    -0.117
    -215.37    -0.014
    -214.34    -0.048
    -213.31    -0.023
    -212.28     0.078
    -211.25     0.055
    -210.22    -0.094
    -209.19     0.091
    -208.16     0.089
    -207.13     0.013
    -206.10     0.099
    -205.07    -0.091
    -204.04    -0.108
    -203.01     0.090
    -201.98    -0.043
    -200.95    -0.007
    -199.91     0.027
    -198.88    -0.134
    -197.85     0.108
    -196.82     0.011
    -195.79    -0.179
    -194.76     0.050
    -193.73    -0.131
    -192.70     0.051
    -191.67     0.198
    -190.64     0.065
    -189.61     0.056
    -188.58    -0.026
    -187.55     0.012
    -186.52    -0.069
    -185.49     0.173
    -184.46     0.000
    -183.43     0.046
    -182.40     0.004
    -181.37    -0.092
    -180.34     0.130
    -179.30    -0.019
    -178.27     0.016
    -177.24    -0.021
    -176.21    -0.100
    -175.18     0.015
    -174.15    -0.118
    -173.12     0.064
    -172.09    -0.007
    -171.06    -0.009
    -170.03    -0.008
    -169.00    -0.106
    -167.97    -0.040
    -166.94     0.029
    -165.91     0.163
    -164.88     0.084
    -163.85    -0.045
    -162.82     0.133
    -161.79     0.110
    -160.76     0.097
    -159.73     0.023
    -158.70    -0.058
    -157.66     0.131
    -156.63     0.159
    -155.60     0.149
    -154.57     0.074
    -153.54     0.310
    -152.51     0.299
    -151.48     0.326
    -150.45     0.350
    -149.42     0.480
    -148.39     0.429
    -147.36     0.536
    -146.33     0.689
    -145.30     0.683
    -144.27     0.828
    -143.24     1.017
    -142.21     0.952
    -141.18     1.268
    -140.15     1.226
    -139.12     1.247
    -138.09     1.332
    -137.05     1.680
    -136.02     1.775
    -134.99     1.610
    -133.96     1.811
    -132.93     1.608
    -131.90     1.728
    -130.87     1.734
    -129.84     1.869
    -128.81     1.600
    -127.78     1.778
    -126.75     1.698
    -125.72     1.861
    -124.69     1.687
    -123.66     1.593
    -122.63     1.576
    -121.60     1.863
    -120.57     1.793
    -119.54     1.831
    -118.51     1.571
    -117.48     1.796
    -116.45     1.749
    -115.41     1.894
    -114.38     1.645
    -113.35     1.633
    -112.32     1.680
    -111.29     1.921
    -110.26     1.825
    -109.23     2.083
    -108.20     1.723
    -107.17     1.985
    -106.14     1.880
    -105.11     1.903
    -104.08     1.762
    -103.05     1.847
    -102.02     1.824
    -100.99     1.774
     -99.96     1.790
     -98.93     1.775
     -97.90     1.759
     -96.87     1.656
     -95.84     1.659
     -94.80     1.678
     -93.77     1.724
     -92.74     1.813
     -91.71     1.728
     -90.68     1.564
     -89.65     1.576
     -88.62     1.540
     -87.59     1.604
     -86.56     1.548
     -85.53     1.453
     -84.50     1.520
     -83.47     1.472
     -82.44     1.587
     -81.41     1.453
     -80.38     1.589
     -79.35     1.619
     -78.32     1.509
     -77.29     1.584
     -76.26     1.571
     -75.23     1.401
     -74.20     1.526
     -73.16     1.437
     -72.13     1.494
     -71.10     1.398
     -70.07     1.491
     -69.04     1.331
     -68.01     1.376
     -66.98     1.549
     -65.95     1.613
     -64.92     1.618
     -63.89     1.529
     -62.86     1.469
     -61.83     1.596
     -60.80     1.522
     -59.77     1.539
     -58.74     1.482
     -57.71     1.567
     -56.68     1.451
     -55.65     1.749
     -54.62     1.601
     -53.59     1.778
     -52.55     1.964
     -51.52     2.068
     -50.49     2.201
     -49.46     2.599
     -48.43     2.550
     -47.40     2.955
     -46.37     3.072
     -45.34     3.488
     -44.31     3.807
     -43.28     4.178
     -42.25     4.479
     -41.22     5.011
     -40.19     5.630
     -39.16     6.537
     -38.13     7.370
     -37.10     8.078
     -36.07     8.831
     -35.04     9.769
     -34.01    11.088
     -32.98    12.858
     -31.95    15.118
     -30.91    17.656
     -29.88    19.760
     -28.85    19.851
     -27.82    17.495
     -26.79    14.392
     -25.76    11.983
     -24.73    10.131
     -23.70     8.943
     -22.67     7.950
     -21.64     7.342
     -20.61     6.957
     -19.58     6.760
     -18.55     7.348
     -17.52     8.646
     -16.49    10.566
     -15.46    12.421
     -14.43    13.490
     -13.40    13.292
     -12.37    13.820
     -11.34    14.532
     -10.30    16.190
      -9.27    18.098
      -8.24    21.056
      -7.21    24.230
      -6.18    28.097
      -5.15    32.075
      -4.12    36.407
      -3.09    41.597
      -2.06    47.168
      -1.03    51.113
       0.00    50.559
       1.03    44.383
       2.06    35.802
       3.09    32.773
       4.12    32.251
       5.15    27.047
       6.18    17.518
       7.21    10.405
       8.24     6.439
       9.27     4.066
      10.30     3.161
      11.34     2.434
      12.37     1.904
      13.40     1.509
      14.43     1.197
      15.46     1.115
      16.49     0.841
      17.52     0.619
      18.55     0.529
      19.58     0.224
      20.61     0.404
      21.64     0.343
      22.67     0.459
      23.70     0.363
      24.73     0.231
      25.76     0.072
      26.79     0.047
      27.82    -0.084
      28.85     0.096
      29.88     0.013
      30.91     0.032
      31.95    -0.155
      32.98     0.145
      34.01    -0.016
      35.04     0.021
      36.07     0.046
      37.10    -0.074
      38.13    -0.194
      39.16     0.133
      40.19     0.083
      41.22    -0.056
      42.25    -0.198
      43.28    -0.022
      44.31     0.177
      45.34    -0.036
      46.37     0.050
      47.40     0.085
      48.43    -0.027
      49.46     0.191
      50.49     0.046
      51.52     0.082
      52.55    -0.010
      53.59    -0.027
      54.62     0.010
      55.65     0.191
      56.68     0.006
      57.71     0.259
      58.74    -0.022
      59.77     0.134
      60.80     0.011
      61.83     0.073
      62.86    -0.034
      63.89     0.002
      64.92     0.103
      65.95     0.124
      66.98    -0.075
      68.01     0.071
      69.04     0.000
      70.07    -0.070
      71.10    -0.009
      72.13    -0.030
      73.16     0.022
      74.20     0.065
      75.23     0.119
      76.26    -0.016
      77.29     0.004
      78.32    -0.041
      79.35     0.041
      80.38     0.021
      81.41     0.028
      82.44     0.020
      83.47     0.020
      84.50    -0.109
      85.53     0.005
      86.56     0.104
      87.59    -0.165
      88.62     0.204
      89.65     0.009
      90.68     0.003
      91.71    -0.023
      92.74     0.000
      93.77     0.057
      94.80     0.174
      95.84    -0.008
      96.87    -0.010
      97.90    -0.042
      98.93    -0.078
      99.96     0.076
     100.99     0.143
     102.02    -0.013
     103.05     0.068
     104.08    -0.059
     105.11     0.026
     106.14     0.096
     107.17    -0.039
     108.20     0.151
     109.23    -0.027
     110.26     0.079
     111.29    -0.026
     112.32    -0.265
     113.35    -0.107
     114.38    -0.012
     115.41    -0.167
     116.45    -0.057
     117.48     0.040
     118.51     0.013
     119.54     0.103
     120.57     0.107
     121.60     0.128
     122.63     0.021
     123.66     0.140
     124.69    -0.010
     125.72     0.044
     126.75     0.050
     127.78    -0.001
     128.81    -0.197
     129.84     0.017
     130.87    -0.019
     131.90     0.023
     132.93    -0.089
     133.96     0.075
     134.99     0.038
     136.02    -0.038
     137.05     0.005
     138.09    -0.096
     139.12     0.009
     140.15     0.006
     141.18     0.191
     142.21     0.062
     143.24    -0.023
     144.27    -0.094
     145.30     0.066
     146.33     0.050
     147.36     0.017
     148.39     0.184
     149.42    -0.157
     150.45    -0.039
     151.48     0.050
     152.51    -0.019
     153.54    -0.023
     154.57    -0.032
     155.60    -0.140
     156.63    -0.147
     157.66     0.050
     158.70     0.078
     159.73     0.030
     160.76     0.054
     161.79     0.038
     162.82    -0.056
     163.85    -0.101
     164.88     0.115
     165.91     0.023
     166.94     0.077
     167.97    -0.046
     169.00     0.031
     170.03     0.060
     171.06    -0.130
     172.09     0.022
     173.12    -0.019
     174.15     0.002
     175.18     0.151
     176.21     0.156
     177.24     0.106
     178.27     0.005
     179.30     0.144
     180.34    -0.084
     181.37    -0.054
     182.40     0.064
     183.43     0.034
     184.46     0.046
     185.49    -0.030
     186.52    -0.140
     187.55     0.155
     188.58    -0.170
     189.61    -0.079
     190.64    -0.008
     191.67     0.137
     192.70     0.068
     193.73     0.028
     194.76     0.012
     195.79     0.071
     196.82     0.057
     197.85     0.136
     198.88     0.016
     199.91     0.087
     200.95    -0.121
     201.98    -0.071
     203.01    -0.042
     204.04     0.111
     205.07    -0.135
     206.10    -0.202
     207.13     0.001
     208.16    -0.006
     209.19    -0.046
     210.22     0.058
     211.25     0.054
     212.28    -0.154
     213.31    -0.089
     214.34     0.130
     215.37     0.107
     216.40     0.209
     217.43     0.051
     218.46    -0.021
     219.49    -0.008
     220.52    -0.039
     221.55    -0.070
     222.59     0.038
     223.62     0.062
     224.65    -0.042
     225.68    -0.130
     226.71    -0.069
     227.74     0.006
     228.77     0.078
     229.80    -0.012
     230.83    -0.040
     231.86     0.049
     232.89    -0.008
     233.92     0.043
     234.95     0.028
     235.98    -0.017
     237.01    -0.060
     238.04    -0.036
     239.07    -0.080
     240.10     0.006
     241.13     0.031
     242.16    -0.136
     243.20     0.030
     244.23    -0.055
     245.26     0.036
     246.29     0.021
     247.32    -0.121
     248.35    -0.007
     249.38     0.128
     250.41     0.073
     251.44    -0.085
     252.47    -0.270
     253.50     0.073
     254.53     0.113
     255.56    -0.112
     256.59    -0.047
     257.62    -0.017
     258.65    -0.031
     259.68    -0.083
     260.71    -0.088
     261.74     0.086
     262.77     0.006
     263.80    -0.077
     264.84     0.087
     265.87     0.142
     266.90    -0.051
     267.93     0.036
     268.96     0.053
     269.99     0.016
     271.02     0.050
     272.05    -0.112
     273.08     0.020
     274.11     0.098
     275.14    -0.035
     276.17     0.068
     277.20     0.166
     278.23    -0.018
     279.26    -0.092
     280.29     0.119
     281.32    -0.112
     282.35    -0.121
     283.38    -0.135
     284.41     0.111
     285.45     0.045
     286.48     0.121
     287.51     0.059
     288.54    -0.231
     289.57    -0.075
     290.60    -0.070
     291.63    -0.114
     292.66     0.017
     293.69    -0.040
     294.72    -0.031
     295.75     0.030
     296.78     0.051
     297.81    -0.109
     298.84    -0.020
     299.87    -0.018
     300.90    -0.042
     301.93    -0.030
     302.96     0.190
     303.99     0.097
     305.02     0.040
     306.05    -0.045
     307.09     0.075
     308.12     0.009
     309.15     0.090
     310.18    -0.052
     311.21    -0.017
     312.24     0.061
     313.27     0.015
     314.30    -0.052
     315.33    -0.150
     316.36    -0.087
     317.39    -0.091
     318.42    -0.005
     319.45     0.043
     320.48     0.006
     321.51    -0.143
     322.54    -0.069
     323.57    -0.041
     324.60     0.009
     325.63    -0.025
     326.66    -0.057
     327.70     0.076
     328.73     0.018
     329.76     0.083
     330.79     0.034
     331.82     0.056
     332.85     0.051
     333.88     0.201
     334.91    -0.005
     335.94     0.037
     336.97    -0.023
     338.00    -0.246
     339.03    -0.128
     340.06     0.011
     341.09     0.189
     342.12    -0.090
     343.15    -0.042
     344.18     0.126
     345.21     0.096
     346.24    -0.034
     347.27    -0.187
     348.30     0.042
     349.34     0.069
     350.37     0.063
     351.40    -0.016
     352.43    -0.001
     353.46     0.010
     354.49    -0.108
     355.52     0.014
     356.55    -0.165
     357.58    -0.109
     358.61     0.029
     359.64     0.055
     360.67     0.137
     361.70    -0.018
     362.73     0.101
     363.76    -0.048
     364.79     0.128
     365.82    -0.011
     366.85    -0.044
     367.88     0.096
     368.91    -0.020
     369.95    -0.038
     370.98    -0.110
     372.01     0.103
     373.04     0.023
     374.07    -0.005
     375.10     0.104
     376.13    -0.128
     377.16     0.105
     378.19     0.031
     379.22     0.004
     380.25    -0.019
     381.28     0.068
     382.31     0.096
     383.34     0.013
     384.37     0.034
     385.40    -0.088
     386.43    -0.017
     387.46     0.153
     388.49    -0.040
     389.52     0.058
     390.55    -0.078
     391.59     0.076
     392.62     0.012
     393.65     0.076
     394.68    -0.150
     395.71     0.283
     396.74    -0.014
     397.77    -0.078
     398.80     0.077
     399.83     0.041
