%%   82.50000  -5.00000    0   0.20000
% LAB  survey ------------------
% wanted position:  l, b, RA, DEC, and interpolated  NH
% 82.50 ;  -5.00 ; 316.09 ;  39.43 ;  0.336E+22
% nearest position: l, b, RA, DEC, and observed NH
% 82.50 ;  -5.00 ; 316.09 ;  39.43 ;  0.336E+22
% GASS III survey --------------
% NH - median within 6 arcmin radius   0.00    
% NH - mean within specified beam      0.00    
% EBHIS survey -----------------
% NH  within specified beam           0.355E+22
%%EBHIS   621  datapoints: v_lsr [km/s] and T_B [K]
    -399.25     0.050
    -397.96     0.001
    -396.68    -0.085
    -395.39    -0.028
    -394.10     0.000
    -392.81    -0.003
    -391.52    -0.078
    -390.23     0.056
    -388.95     0.060
    -387.66     0.075
    -386.37    -0.000
    -385.08    -0.009
    -383.79    -0.044
    -382.50     0.024
    -381.22     0.003
    -379.93     0.011
    -378.64    -0.027
    -377.35     0.077
    -376.06    -0.024
    -374.78    -0.066
    -373.49    -0.003
    -372.20    -0.017
    -370.91     0.038
    -369.62     0.037
    -368.33     0.062
    -367.05     0.071
    -365.76     0.018
    -364.47     0.028
    -363.18    -0.091
    -361.89     0.008
    -360.60     0.068
    -359.32     0.008
    -358.03    -0.016
    -356.74     0.093
    -355.45     0.055
    -354.16     0.076
    -352.88    -0.028
    -351.59     0.064
    -350.30     0.032
    -349.01    -0.035
    -347.72    -0.061
    -346.43    -0.004
    -345.15    -0.150
    -343.86    -0.044
    -342.57     0.044
    -341.28    -0.012
    -339.99    -0.139
    -338.70    -0.012
    -337.42     0.053
    -336.13    -0.008
    -334.84     0.067
    -333.55     0.052
    -332.26     0.016
    -330.98    -0.032
    -329.69    -0.068
    -328.40     0.051
    -327.11     0.027
    -325.82     0.112
    -324.53     0.013
    -323.25     0.030
    -321.96    -0.053
    -320.67    -0.022
    -319.38    -0.022
    -318.09     0.060
    -316.80     0.084
    -315.52    -0.034
    -314.23    -0.125
    -312.94     0.022
    -311.65     0.013
    -310.36    -0.028
    -309.08     0.062
    -307.79     0.049
    -306.50     0.075
    -305.21    -0.024
    -303.92    -0.074
    -302.63    -0.138
    -301.35    -0.031
    -300.06     0.125
    -298.77     0.084
    -297.48     0.114
    -296.19    -0.055
    -294.90    -0.033
    -293.62    -0.011
    -292.33     0.008
    -291.04     0.094
    -289.75     0.028
    -288.46    -0.002
    -287.18     0.016
    -285.89    -0.049
    -284.60    -0.028
    -283.31    -0.055
    -282.02    -0.083
    -280.73    -0.110
    -279.45    -0.050
    -278.16    -0.106
    -276.87     0.009
    -275.58     0.033
    -274.29    -0.104
    -273.00     0.031
    -271.72     0.092
    -270.43    -0.108
    -269.14     0.023
    -267.85     0.020
    -266.56    -0.055
    -265.28     0.032
    -263.99     0.015
    -262.70     0.031
    -261.41     0.004
    -260.12    -0.030
    -258.83     0.112
    -257.55     0.119
    -256.26     0.013
    -254.97    -0.035
    -253.68     0.025
    -252.39    -0.006
    -251.10     0.124
    -249.82    -0.005
    -248.53     0.116
    -247.24    -0.033
    -245.95    -0.141
    -244.66    -0.123
    -243.38     0.084
    -242.09     0.024
    -240.80    -0.027
    -239.51    -0.013
    -238.22    -0.010
    -236.93    -0.120
    -235.65    -0.008
    -234.36    -0.007
    -233.07     0.028
    -231.78    -0.022
    -230.49    -0.036
    -229.20     0.003
    -227.92     0.086
    -226.63     0.019
    -225.34     0.023
    -224.05     0.037
    -222.76     0.077
    -221.48    -0.022
    -220.19     0.041
    -218.90    -0.047
    -217.61    -0.016
    -216.32    -0.072
    -215.03     0.053
    -213.75     0.048
    -212.46     0.098
    -211.17     0.080
    -209.88    -0.065
    -208.59    -0.050
    -207.30    -0.034
    -206.02    -0.017
    -204.73    -0.112
    -203.44    -0.039
    -202.15     0.049
    -200.86    -0.015
    -199.58     0.051
    -198.29     0.080
    -197.00    -0.013
    -195.71     0.003
    -194.42     0.033
    -193.13     0.084
    -191.85     0.144
    -190.56     0.037
    -189.27    -0.086
    -187.98     0.012
    -186.69     0.140
    -185.40     0.062
    -184.12    -0.093
    -182.83    -0.080
    -181.54     0.031
    -180.25     0.026
    -178.96    -0.059
    -177.68    -0.028
    -176.39    -0.001
    -175.10     0.079
    -173.81     0.015
    -172.52    -0.043
    -171.23    -0.089
    -169.95    -0.016
    -168.66    -0.003
    -167.37    -0.009
    -166.08     0.021
    -164.79    -0.050
    -163.50     0.015
    -162.22     0.037
    -160.93     0.062
    -159.64     0.037
    -158.35    -0.001
    -157.06     0.013
    -155.78     0.101
    -154.49    -0.014
    -153.20    -0.000
    -151.91     0.073
    -150.62     0.034
    -149.33     0.087
    -148.05    -0.033
    -146.76    -0.097
    -145.47    -0.060
    -144.18    -0.107
    -142.89     0.019
    -141.60     0.033
    -140.32     0.101
    -139.03     0.094
    -137.74    -0.042
    -136.45    -0.076
    -135.16     0.022
    -133.88     0.041
    -132.59     0.096
    -131.30     0.060
    -130.01     0.033
    -128.72     0.019
    -127.43    -0.005
    -126.15     0.023
    -124.86     0.072
    -123.57     0.015
    -122.28    -0.022
    -120.99    -0.012
    -119.70     0.063
    -118.42     0.134
    -117.13     0.148
    -115.84     0.102
    -114.55     0.140
    -113.26     0.156
    -111.98     0.226
    -110.69     0.137
    -109.40     0.173
    -108.11     0.144
    -106.82     0.184
    -105.53     0.206
    -104.25     0.214
    -102.96     0.075
    -101.67     0.134
    -100.38     0.233
     -99.09     0.351
     -97.80     0.390
     -96.52     0.416
     -95.23     0.584
     -93.94     0.657
     -92.65     0.657
     -91.36     0.928
     -90.08     1.091
     -88.79     1.126
     -87.50     1.247
     -86.21     1.309
     -84.92     1.453
     -83.63     1.709
     -82.35     1.892
     -81.06     2.105
     -79.77     2.323
     -78.48     2.513
     -77.19     2.875
     -75.90     2.978
     -74.62     3.115
     -73.33     3.536
     -72.04     3.829
     -70.75     3.857
     -69.46     3.861
     -68.18     3.804
     -66.89     3.606
     -65.60     3.534
     -64.31     3.297
     -63.02     3.170
     -61.73     3.172
     -60.45     3.052
     -59.16     3.041
     -57.87     2.972
     -56.58     2.968
     -55.29     2.786
     -54.00     2.751
     -52.72     2.758
     -51.43     2.858
     -50.14     2.931
     -48.85     2.940
     -47.56     2.735
     -46.28     2.616
     -44.99     2.564
     -43.70     2.530
     -42.41     2.463
     -41.12     2.618
     -39.83     2.677
     -38.55     2.803
     -37.26     3.047
     -35.97     3.234
     -34.68     3.506
     -33.39     3.741
     -32.10     4.053
     -30.82     4.246
     -29.53     4.520
     -28.24     4.963
     -26.95     5.473
     -25.66     6.319
     -24.38     7.684
     -23.09     9.689
     -21.80    12.463
     -20.51    16.016
     -19.22    20.515
     -17.93    26.960
     -16.65    34.256
     -15.36    39.542
     -14.07    41.037
     -12.78    39.460
     -11.49    36.627
     -10.20    33.836
      -8.92    32.308
      -7.63    31.683
      -6.34    31.996
      -5.05    32.866
      -3.76    34.360
      -2.48    36.246
      -1.19    39.529
       0.10    42.208
       1.39    45.765
       2.68    49.837
       3.97    54.816
       5.25    58.471
       6.54    61.068
       7.83    61.696
       9.12    57.418
      10.41    52.522
      11.70    49.045
      12.98    43.656
      14.27    36.027
      15.56    29.946
      16.85    25.466
      18.14    21.703
      19.42    16.836
      20.71    11.831
      22.00     8.430
      23.29     6.201
      24.58     4.505
      25.87     3.466
      27.15     2.703
      28.44     2.257
      29.73     1.770
      31.02     1.660
      32.31     1.627
      33.60     1.585
      34.88     1.752
      36.17     1.735
      37.46     1.965
      38.75     2.036
      40.04     2.037
      41.32     1.983
      42.61     1.927
      43.90     1.903
      45.19     1.771
      46.48     1.750
      47.77     1.401
      49.05     1.303
      50.34     1.110
      51.63     0.938
      52.92     0.911
      54.21     0.740
      55.50     0.615
      56.78     0.505
      58.07     0.448
      59.36     0.311
      60.65     0.423
      61.94     0.297
      63.22     0.395
      64.51     0.231
      65.80     0.261
      67.09     0.276
      68.38     0.192
      69.67     0.102
      70.95     0.202
      72.24     0.282
      73.53     0.210
      74.82     0.446
      76.11     0.502
      77.40     0.427
      78.68     0.888
      79.97     1.021
      81.26     1.176
      82.55     1.152
      83.84     1.069
      85.12     0.703
      86.41     0.373
      87.70     0.341
      88.99     0.174
      90.28     0.108
      91.57     0.145
      92.85    -0.019
      94.14     0.138
      95.43     0.163
      96.72     0.018
      98.01     0.081
      99.30     0.062
     100.58    -0.023
     101.87    -0.027
     103.16     0.038
     104.45     0.020
     105.74    -0.046
     107.02     0.027
     108.31     0.039
     109.60    -0.011
     110.89     0.023
     112.18     0.147
     113.47     0.078
     114.75    -0.016
     116.04    -0.037
     117.33     0.003
     118.62    -0.094
     119.91     0.012
     121.20     0.037
     122.48    -0.044
     123.77     0.058
     125.06    -0.046
     126.35    -0.029
     127.64    -0.010
     128.92    -0.039
     130.21     0.069
     131.50    -0.001
     132.79    -0.018
     134.08     0.004
     135.37    -0.109
     136.65    -0.033
     137.94     0.013
     139.23     0.124
     140.52     0.020
     141.81     0.146
     143.09     0.045
     144.38    -0.020
     145.67    -0.087
     146.96     0.055
     148.25    -0.066
     149.54    -0.012
     150.82    -0.121
     152.11    -0.135
     153.40    -0.172
     154.69    -0.060
     155.98    -0.005
     157.27     0.046
     158.55    -0.084
     159.84    -0.036
     161.13     0.071
     162.42     0.007
     163.71    -0.062
     164.99    -0.052
     166.28    -0.010
     167.57    -0.101
     168.86    -0.128
     170.15    -0.047
     171.44     0.005
     172.72    -0.066
     174.01    -0.022
     175.30    -0.043
     176.59    -0.011
     177.88    -0.008
     179.17     0.033
     180.45    -0.009
     181.74    -0.045
     183.03    -0.040
     184.32    -0.014
     185.61     0.009
     186.89    -0.022
     188.18    -0.028
     189.47    -0.070
     190.76    -0.061
     192.05     0.069
     193.34    -0.030
     194.62     0.092
     195.91     0.064
     197.20     0.058
     198.49    -0.004
     199.78     0.079
     201.07     0.043
     202.35     0.063
     203.64     0.065
     204.93     0.072
     206.22     0.101
     207.51    -0.052
     208.79    -0.093
     210.08    -0.001
     211.37    -0.040
     212.66     0.018
     213.95     0.098
     215.24     0.032
     216.52     0.063
     217.81     0.113
     219.10     0.004
     220.39     0.037
     221.68    -0.124
     222.97     0.049
     224.25     0.055
     225.54    -0.024
     226.83     0.007
     228.12     0.090
     229.41     0.125
     230.69     0.067
     231.98     0.051
     233.27     0.005
     234.56     0.023
     235.85    -0.013
     237.14     0.011
     238.42     0.057
     239.71     0.053
     241.00     0.072
     242.29    -0.024
     243.58     0.060
     244.87     0.060
     246.15     0.036
     247.44     0.111
     248.73     0.021
     250.02     0.015
     251.31     0.032
     252.59     0.062
     253.88     0.060
     255.17     0.053
     256.46     0.071
     257.75     0.023
     259.04    -0.005
     260.32    -0.053
     261.61     0.033
     262.90    -0.042
     264.19     0.028
     265.48    -0.032
     266.77    -0.021
     268.05    -0.113
     269.34    -0.012
     270.63    -0.043
     271.92    -0.052
     273.21    -0.029
     274.49    -0.085
     275.78    -0.021
     277.07    -0.020
     278.36     0.058
     279.65     0.018
     280.94    -0.110
     282.22    -0.109
     283.51    -0.059
     284.80     0.042
     286.09     0.137
     287.38    -0.024
     288.67     0.054
     289.95     0.010
     291.24    -0.001
     292.53    -0.010
     293.82    -0.006
     295.11     0.023
     296.39    -0.002
     297.68     0.021
     298.97    -0.034
     300.26     0.042
     301.55    -0.050
     302.84    -0.044
     304.12    -0.066
     305.41     0.013
     306.70     0.019
     307.99    -0.032
     309.28    -0.054
     310.57     0.065
     311.85    -0.101
     313.14     0.005
     314.43    -0.020
     315.72     0.029
     317.01     0.024
     318.29    -0.086
     319.58    -0.020
     320.87    -0.029
     322.16    -0.163
     323.45    -0.060
     324.74    -0.003
     326.02     0.050
     327.31     0.047
     328.60     0.055
     329.89    -0.014
     331.18    -0.011
     332.47    -0.108
     333.75     0.007
     335.04     0.018
     336.33    -0.015
     337.62    -0.087
     338.91     0.004
     340.19     0.079
     341.48    -0.067
     342.77    -0.015
     344.06     0.030
     345.35     0.043
     346.64    -0.086
     347.92     0.052
     349.21     0.049
     350.50    -0.074
     351.79    -0.036
     353.08     0.050
     354.37     0.042
     355.65    -0.073
     356.94    -0.107
     358.23     0.019
     359.52     0.065
     360.81     0.087
     362.09     0.041
     363.38     0.014
     364.67    -0.011
     365.96    -0.023
     367.25    -0.036
     368.54    -0.122
     369.82    -0.012
     371.11     0.020
     372.40     0.051
     373.69     0.081
     374.98     0.111
     376.27     0.076
     377.55    -0.054
     378.84     0.093
     380.13     0.054
     381.42     0.024
     382.71    -0.037
     383.99     0.027
     385.28     0.006
     386.57    -0.098
     387.86     0.041
     389.15     0.012
     390.44    -0.066
     391.72    -0.025
     393.01     0.018
     394.30     0.023
     395.59    -0.048
     396.88    -0.113
     398.17    -0.057
     399.45    -0.108
%%GASS      0  datapoints: v_lsr [km/s] and T_B [K]
%%LAB     777  datapoints: v_lsr [km/s] and T_B [K]
    -399.84    -0.004
    -398.81    -0.068
    -397.78     0.104
    -396.75    -0.045
    -395.72     0.022
    -394.69     0.102
    -393.66     0.004
    -392.63     0.018
    -391.60    -0.019
    -390.57    -0.133
    -389.54    -0.109
    -388.51    -0.168
    -387.48    -0.046
    -386.45    -0.052
    -385.41     0.094
    -384.38     0.040
    -383.35     0.052
    -382.32    -0.039
    -381.29    -0.010
    -380.26     0.010
    -379.23     0.169
    -378.20     0.048
    -377.17     0.146
    -376.14     0.110
    -375.11     0.115
    -374.08     0.054
    -373.05     0.014
    -372.02     0.157
    -370.99     0.079
    -369.96     0.022
    -368.93     0.016
    -367.90    -0.091
    -366.87     0.167
    -365.83    -0.133
    -364.80     0.045
    -363.77     0.033
    -362.74     0.027
    -361.71     0.094
    -360.68    -0.128
    -359.65     0.068
    -358.62    -0.028
    -357.59     0.055
    -356.56     0.077
    -355.53     0.104
    -354.50    -0.074
    -353.47    -0.080
    -352.44    -0.075
    -351.41    -0.135
    -350.38     0.062
    -349.35     0.090
    -348.32    -0.065
    -347.29    -0.016
    -346.25     0.042
    -345.22    -0.178
    -344.19     0.066
    -343.16    -0.010
    -342.13     0.013
    -341.10     0.006
    -340.07    -0.012
    -339.04     0.087
    -338.01    -0.159
    -336.98    -0.186
    -335.95     0.042
    -334.92    -0.104
    -333.89    -0.098
    -332.86    -0.082
    -331.83    -0.018
    -330.80    -0.000
    -329.77     0.068
    -328.74     0.129
    -327.71     0.201
    -326.67     0.002
    -325.64     0.104
    -324.61    -0.191
    -323.58     0.034
    -322.55     0.093
    -321.52    -0.000
    -320.49    -0.098
    -319.46     0.174
    -318.43    -0.055
    -317.40     0.090
    -316.37     0.027
    -315.34    -0.009
    -314.31    -0.016
    -313.28     0.071
    -312.25     0.041
    -311.22    -0.045
    -310.19    -0.064
    -309.16     0.046
    -308.13     0.066
    -307.10     0.054
    -306.06    -0.114
    -305.03    -0.057
    -304.00    -0.075
    -302.97    -0.011
    -301.94    -0.033
    -300.91     0.089
    -299.88    -0.092
    -298.85     0.052
    -297.82     0.106
    -296.79    -0.023
    -295.76     0.088
    -294.73    -0.027
    -293.70    -0.072
    -292.67    -0.007
    -291.64    -0.012
    -290.61    -0.109
    -289.58    -0.171
    -288.55    -0.052
    -287.52     0.066
    -286.48     0.052
    -285.45    -0.291
    -284.42    -0.121
    -283.39     0.050
    -282.36    -0.000
    -281.33    -0.031
    -280.30     0.186
    -279.27    -0.025
    -278.24    -0.072
    -277.21     0.025
    -276.18     0.072
    -275.15     0.071
    -274.12     0.090
    -273.09     0.026
    -272.06    -0.068
    -271.03     0.011
    -270.00     0.030
    -268.97    -0.032
    -267.94     0.058
    -266.90     0.043
    -265.87    -0.033
    -264.84     0.092
    -263.81    -0.049
    -262.78     0.130
    -261.75    -0.060
    -260.72     0.061
    -259.69     0.078
    -258.66    -0.034
    -257.63     0.002
    -256.60     0.115
    -255.57    -0.023
    -254.54     0.077
    -253.51     0.065
    -252.48    -0.037
    -251.45     0.020
    -250.42    -0.161
    -249.39    -0.003
    -248.36     0.143
    -247.32     0.104
    -246.29     0.013
    -245.26    -0.022
    -244.23     0.030
    -243.20    -0.046
    -242.17    -0.025
    -241.14     0.023
    -240.11    -0.111
    -239.08    -0.007
    -238.05    -0.001
    -237.02    -0.172
    -235.99    -0.000
    -234.96    -0.144
    -233.93    -0.060
    -232.90     0.025
    -231.87     0.015
    -230.84     0.060
    -229.81     0.009
    -228.78     0.133
    -227.75     0.084
    -226.71     0.043
    -225.68     0.033
    -224.65     0.081
    -223.62    -0.108
    -222.59     0.092
    -221.56    -0.076
    -220.53     0.058
    -219.50     0.040
    -218.47     0.040
    -217.44     0.073
    -216.41    -0.052
    -215.38    -0.013
    -214.35    -0.127
    -213.32     0.081
    -212.29    -0.061
    -211.26    -0.033
    -210.23     0.063
    -209.20    -0.135
    -208.17     0.174
    -207.13    -0.118
    -206.10     0.060
    -205.07     0.064
    -204.04     0.068
    -203.01     0.085
    -201.98     0.082
    -200.95     0.029
    -199.92    -0.023
    -198.89     0.027
    -197.86     0.018
    -196.83    -0.117
    -195.80    -0.027
    -194.77    -0.048
    -193.74    -0.041
    -192.71    -0.105
    -191.68     0.023
    -190.65     0.033
    -189.62     0.061
    -188.59     0.091
    -187.55     0.013
    -186.52    -0.044
    -185.49     0.134
    -184.46     0.064
    -183.43    -0.165
    -182.40    -0.042
    -181.37     0.018
    -180.34    -0.172
    -179.31     0.037
    -178.28     0.021
    -177.25     0.086
    -176.22    -0.091
    -175.19     0.066
    -174.16     0.069
    -173.13    -0.094
    -172.10     0.078
    -171.07    -0.124
    -170.04    -0.030
    -169.01    -0.006
    -167.97    -0.021
    -166.94    -0.031
    -165.91     0.021
    -164.88     0.060
    -163.85     0.106
    -162.82     0.058
    -161.79    -0.017
    -160.76    -0.061
    -159.73     0.017
    -158.70     0.069
    -157.67     0.119
    -156.64     0.059
    -155.61    -0.066
    -154.58     0.110
    -153.55     0.080
    -152.52    -0.073
    -151.49     0.009
    -150.46     0.034
    -149.43    -0.040
    -148.39     0.053
    -147.36     0.060
    -146.33     0.062
    -145.30    -0.070
    -144.27    -0.079
    -143.24     0.037
    -142.21     0.027
    -141.18    -0.050
    -140.15     0.007
    -139.12    -0.103
    -138.09    -0.093
    -137.06     0.076
    -136.03     0.001
    -135.00     0.081
    -133.97     0.029
    -132.94     0.001
    -131.91    -0.044
    -130.88     0.026
    -129.85     0.076
    -128.82    -0.075
    -127.78     0.066
    -126.75    -0.034
    -125.72     0.096
    -124.69     0.039
    -123.66     0.141
    -122.63     0.181
    -121.60     0.101
    -120.57     0.235
    -119.54     0.259
    -118.51     0.038
    -117.48    -0.011
    -116.45     0.176
    -115.42     0.250
    -114.39     0.156
    -113.36     0.153
    -112.33     0.012
    -111.30     0.256
    -110.27     0.215
    -109.24     0.287
    -108.20     0.163
    -107.17     0.297
    -106.14     0.254
    -105.11     0.102
    -104.08     0.152
    -103.05     0.257
    -102.02     0.333
    -100.99     0.389
     -99.96     0.386
     -98.93     0.484
     -97.90     0.417
     -96.87     0.517
     -95.84     0.518
     -94.81     0.706
     -93.78     0.639
     -92.75     0.737
     -91.72     0.795
     -90.69     0.843
     -89.66     0.955
     -88.62     1.140
     -87.59     1.118
     -86.56     1.219
     -85.53     1.143
     -84.50     1.569
     -83.47     1.669
     -82.44     1.613
     -81.41     1.780
     -80.38     2.043
     -79.35     2.249
     -78.32     2.590
     -77.29     2.587
     -76.26     2.801
     -75.23     3.003
     -74.20     3.481
     -73.17     3.867
     -72.14     4.273
     -71.11     4.338
     -70.08     4.283
     -69.04     4.091
     -68.01     4.123
     -66.98     3.990
     -65.95     4.104
     -64.92     3.826
     -63.89     3.839
     -62.86     3.520
     -61.83     3.482
     -60.80     3.455
     -59.77     3.251
     -58.74     3.055
     -57.71     3.142
     -56.68     2.977
     -55.65     2.777
     -54.62     2.567
     -53.59     2.536
     -52.56     2.354
     -51.53     2.248
     -50.50     2.151
     -49.46     2.207
     -48.43     1.983
     -47.40     1.914
     -46.37     1.853
     -45.34     1.739
     -44.31     1.748
     -43.28     1.564
     -42.25     1.852
     -41.22     1.857
     -40.19     1.902
     -39.16     2.124
     -38.13     2.249
     -37.10     2.244
     -36.07     2.447
     -35.04     2.951
     -34.01     3.038
     -32.98     3.414
     -31.95     3.489
     -30.92     3.990
     -29.89     4.092
     -28.85     4.495
     -27.82     5.136
     -26.79     5.965
     -25.76     6.700
     -24.73     8.078
     -23.70     9.616
     -22.67    11.829
     -21.64    14.090
     -20.61    16.456
     -19.58    19.083
     -18.55    22.040
     -17.52    24.949
     -16.49    27.570
     -15.46    29.865
     -14.43    30.424
     -13.40    30.534
     -12.37    30.840
     -11.34    31.310
     -10.31    31.118
      -9.27    30.682
      -8.24    30.059
      -7.21    29.296
      -6.18    28.673
      -5.15    28.705
      -4.12    28.985
      -3.09    30.238
      -2.06    32.060
      -1.03    34.911
       0.00    37.912
       1.03    41.138
       2.06    45.641
       3.09    51.057
       4.12    56.955
       5.15    61.334
       6.18    63.324
       7.21    63.546
       8.24    60.988
       9.27    56.895
      10.31    53.441
      11.34    50.997
      12.37    47.659
      13.40    42.697
      14.43    36.375
      15.46    30.046
      16.49    25.333
      17.52    21.686
      18.55    18.243
      19.58    14.915
      20.61    12.145
      21.64     9.580
      22.67     7.711
      23.70     6.045
      24.73     4.982
      25.76     4.085
      26.79     3.302
      27.82     2.891
      28.85     2.491
      29.89     2.298
      30.92     2.106
      31.95     2.081
      32.98     1.934
      34.01     2.007
      35.04     2.028
      36.07     2.053
      37.10     1.799
      38.13     2.017
      39.16     2.128
      40.19     1.937
      41.22     1.859
      42.25     2.009
      43.28     1.606
      44.31     1.567
      45.34     1.436
      46.37     1.303
      47.40     1.144
      48.43     1.199
      49.46     0.959
      50.50     0.907
      51.53     0.902
      52.56     0.929
      53.59     0.919
      54.62     0.592
      55.65     0.618
      56.68     0.438
      57.71     0.557
      58.74     0.276
      59.77     0.357
      60.80     0.234
      61.83     0.276
      62.86     0.269
      63.89     0.308
      64.92     0.165
      65.95     0.246
      66.98     0.190
      68.01     0.228
      69.04    -0.043
      70.08     0.084
      71.11     0.022
      72.14     0.201
      73.17     0.043
      74.20     0.303
      75.23     0.063
      76.26     0.241
      77.29     0.334
      78.32     0.296
      79.35     0.269
      80.38     0.397
      81.41     0.221
      82.44     0.522
      83.47     0.325
      84.50     0.339
      85.53     0.257
      86.56     0.296
      87.59     0.017
      88.62     0.047
      89.66    -0.005
      90.69     0.121
      91.72    -0.003
      92.75    -0.051
      93.78     0.176
      94.81    -0.103
      95.84     0.016
      96.87     0.214
      97.90     0.007
      98.93     0.089
      99.96    -0.098
     100.99     0.096
     102.02    -0.038
     103.05     0.016
     104.08     0.124
     105.11    -0.100
     106.14    -0.009
     107.17     0.063
     108.20    -0.166
     109.24     0.027
     110.27    -0.004
     111.30    -0.092
     112.33     0.175
     113.36     0.082
     114.39     0.053
     115.42     0.116
     116.45     0.096
     117.48    -0.087
     118.51     0.015
     119.54    -0.105
     120.57     0.103
     121.60     0.044
     122.63    -0.006
     123.66     0.068
     124.69    -0.005
     125.72    -0.116
     126.75    -0.182
     127.78     0.042
     128.82     0.033
     129.85     0.043
     130.88     0.019
     131.91    -0.005
     132.94     0.065
     133.97    -0.064
     135.00    -0.048
     136.03    -0.027
     137.06    -0.168
     138.09     0.008
     139.12    -0.080
     140.15    -0.058
     141.18    -0.101
     142.21     0.145
     143.24     0.027
     144.27     0.082
     145.30     0.085
     146.33     0.045
     147.36     0.075
     148.39    -0.019
     149.43     0.124
     150.46     0.054
     151.49    -0.030
     152.52     0.048
     153.55    -0.034
     154.58     0.147
     155.61     0.053
     156.64    -0.055
     157.67     0.110
     158.70     0.029
     159.73    -0.040
     160.76     0.121
     161.79     0.045
     162.82     0.122
     163.85    -0.033
     164.88     0.060
     165.91     0.052
     166.94    -0.141
     167.97     0.115
     169.01     0.024
     170.04     0.002
     171.07     0.160
     172.10     0.076
     173.13     0.070
     174.16     0.032
     175.19     0.041
     176.22    -0.094
     177.25     0.039
     178.28     0.052
     179.31     0.032
     180.34    -0.074
     181.37    -0.046
     182.40     0.001
     183.43    -0.052
     184.46    -0.097
     185.49     0.095
     186.52    -0.029
     187.55     0.106
     188.59    -0.122
     189.62    -0.060
     190.65    -0.016
     191.68    -0.126
     192.71    -0.081
     193.74     0.015
     194.77    -0.169
     195.80    -0.112
     196.83    -0.123
     197.86    -0.046
     198.89    -0.070
     199.92     0.167
     200.95     0.128
     201.98     0.117
     203.01     0.068
     204.04     0.056
     205.07     0.015
     206.10     0.037
     207.13     0.007
     208.17    -0.069
     209.20     0.153
     210.23     0.055
     211.26     0.052
     212.29     0.092
     213.32    -0.125
     214.35     0.103
     215.38     0.030
     216.41    -0.004
     217.44     0.054
     218.47     0.057
     219.50    -0.013
     220.53     0.010
     221.56    -0.001
     222.59    -0.051
     223.62     0.186
     224.65     0.090
     225.68     0.024
     226.71     0.079
     227.74    -0.097
     228.78     0.020
     229.81    -0.125
     230.84     0.053
     231.87     0.081
     232.90     0.090
     233.93    -0.072
     234.96     0.036
     235.99    -0.078
     237.02     0.001
     238.05     0.015
     239.08    -0.090
     240.11    -0.063
     241.14     0.050
     242.17    -0.074
     243.20    -0.024
     244.23    -0.013
     245.26    -0.034
     246.29    -0.112
     247.32    -0.040
     248.36    -0.048
     249.39     0.080
     250.42    -0.071
     251.45    -0.120
     252.48     0.124
     253.51     0.073
     254.54    -0.134
     255.57    -0.020
     256.60    -0.116
     257.63    -0.011
     258.66    -0.213
     259.69     0.112
     260.72     0.005
     261.75     0.014
     262.78     0.060
     263.81    -0.133
     264.84     0.017
     265.87    -0.022
     266.90     0.002
     267.94     0.124
     268.97    -0.101
     270.00    -0.036
     271.03    -0.135
     272.06     0.152
     273.09    -0.050
     274.12     0.013
     275.15    -0.084
     276.18    -0.110
     277.21     0.006
     278.24     0.103
     279.27    -0.049
     280.30     0.076
     281.33     0.152
     282.36     0.096
     283.39    -0.011
     284.42    -0.005
     285.45     0.027
     286.48     0.039
     287.52    -0.079
     288.55     0.040
     289.58     0.070
     290.61     0.193
     291.64     0.011
     292.67    -0.052
     293.70    -0.150
     294.73    -0.093
     295.76     0.092
     296.79     0.012
     297.82    -0.051
     298.85    -0.091
     299.88    -0.004
     300.91     0.142
     301.94    -0.085
     302.97    -0.049
     304.00    -0.060
     305.03     0.073
     306.06    -0.016
     307.10     0.133
     308.13    -0.075
     309.16     0.018
     310.19    -0.038
     311.22     0.007
     312.25    -0.113
     313.28     0.145
     314.31    -0.054
     315.34     0.005
     316.37    -0.138
     317.40     0.071
     318.43     0.061
     319.46     0.103
     320.49    -0.098
     321.52    -0.003
     322.55     0.043
     323.58     0.068
     324.61     0.033
     325.64     0.086
     326.67    -0.253
     327.71    -0.030
     328.74    -0.071
     329.77     0.040
     330.80    -0.076
     331.83    -0.165
     332.86    -0.077
     333.89    -0.016
     334.92     0.004
     335.95     0.055
     336.98     0.112
     338.01     0.123
     339.04    -0.049
     340.07     0.111
     341.10     0.026
     342.13    -0.156
     343.16    -0.083
     344.19     0.001
     345.22     0.067
     346.25     0.114
     347.29    -0.154
     348.32    -0.069
     349.35     0.015
     350.38     0.014
     351.41    -0.052
     352.44    -0.056
     353.47     0.003
     354.50    -0.005
     355.53     0.129
     356.56    -0.004
     357.59    -0.014
     358.62    -0.039
     359.65     0.114
     360.68     0.062
     361.71     0.011
     362.74    -0.065
     363.77     0.065
     364.80     0.024
     365.83     0.021
     366.87    -0.022
     367.90     0.083
     368.93    -0.089
     369.96     0.085
     370.99     0.066
     372.02    -0.051
     373.05     0.094
     374.08    -0.095
     375.11    -0.033
     376.14     0.122
     377.17     0.057
     378.20    -0.118
     379.23    -0.034
     380.26    -0.171
     381.29    -0.129
     382.32     0.026
     383.35     0.001
     384.38     0.108
     385.41     0.015
     386.45    -0.033
     387.48     0.038
     388.51    -0.048
     389.54    -0.000
     390.57    -0.035
     391.60     0.064
     392.63     0.117
     393.66     0.164
     394.69     0.002
     395.72     0.079
     396.75    -0.006
     397.78    -0.038
     398.81     0.211
     399.84     0.029
